building_id,date,load_0,load_1,load_2,load_3,load_4,load_5,load_6,load_7,load_8,load_9,load_10,load_11,load_12,load_13,load_14,load_15,load_16,load_17,load_18,load_19,load_20,load_21,load_22,load_23,category,month,season,is_weekend,floor,area,total_floor_area,cluster
1,2021-01-01,0.0024616412433824,0.0021175427989912,0.0019039186742143,0.0018650844392536,0.0021094256647089,0.008297130670514,0.0233048358316774,0.0252149326461713,0.0242303134403706,0.0215444770762378,0.1255860309054162,0.1135429768276725,0.1100139064769398,0.0564165193035895,0.0119269980149551,0.0133962137766855,0.0158490911986898,0.0207271191042612,0.0237654187170123,0.0227543069327901,0.0210770197668479,0.017586696242317,0.0150069499224428,0.0090856158112191,residential,1,winter,0,1,0.23549869,0.23549869,0
1,2021-01-02,0.0024775814758395,0.0021160710042546,0.001899392528729,0.0018614025093727,0.0021557172556824,0.0082091453702922,0.0233087782450865,0.0252200531234852,0.0242352343621732,0.0215487734617884,0.1160858299991916,0.096433663500564,0.0754144351490321,0.0132840344983287,0.0119290974570959,0.0133986122264102,0.015851897269865,0.0207308388097215,0.0237698016810267,0.0227584961454906,0.0210808576765433,0.0175898230441086,0.0150096639912845,0.0090871134171863,residential,1,winter,1,1,0.23549869,0.23549869,0
1,2021-01-03,0.002449132739427,0.0021481031183883,0.0019061487563102,0.0018673693550493,0.0044194637977232,0.0082681749880633,0.0233133305388709,0.0252249539895499,0.0242399452716284,0.0215528864406308,0.0197740495747527,0.0165351315497034,0.0147213098714444,0.0132863379185533,0.0119311072921617,0.0134009083070058,0.0158545835740674,0.0207343997530427,0.0237739966318882,0.0227625064031926,0.0210845317669766,0.0175928163894563,0.0150122622199396,0.0090885463848937,residential,1,winter,1,1,0.23549869,0.23549869,0
1,2021-01-04,0.0024492116656047,0.0021358821810565,0.0019013657548193,0.0018633190179183,0.0064527275242371,0.0082645440104961,0.0233176785260062,0.0252478143484848,0.0244691939533807,0.0217815633751571,0.0200023550107297,0.016762740058159,0.0149235309634953,0.013513286881839,0.0121577758465178,0.013627850260068,0.0160818982373324,0.0207559800638831,0.0237780034879667,0.0227663369588148,0.0210880409753094,0.0175956753921679,0.0150147438389665,0.0090899157588766,residential,1,winter,0,1,0.23549869,0.23549869,0
1,2021-01-05,0.002449286858992,0.0021481940366801,0.0019069438999639,0.001868736849973,0.0021248533375496,0.0082724841510417,0.0233224114119449,0.0252522744931009,0.0244734807126102,0.0217853058711277,0.0200057433644475,0.0167654644281303,0.014925895237987,0.0135153828935468,0.0121596047085658,0.0136299395930346,0.0160843426567221,0.0207592203666355,0.0237818213495475,0.0227699863110091,0.0210913842281228,0.0175983992052324,0.0150171081134582,0.0090912200309229,residential,1,winter,0,1,0.23549869,0.23549869,0
1,2021-01-06,0.002449358295193,0.0021482361802365,0.0019069538214295,0.0018687464865542,0.0021248886529873,0.0082736284513408,0.0233263470984823,0.0252565119542494,0.0244775534444216,0.0217888615083038,0.0200089625192492,0.0167680527743788,0.0149281414677856,0.0135173742545217,0.0121613422582643,0.0136319246087275,0.0160866650299039,0.0207622988859122,0.023785448140511,0.0227734532381682,0.0210945605645343,0.0176009870226887,0.0150193543432568,0.0090924591824243,residential,1,winter,0,1,0.23549869,0.23549869,0
1,2021-01-07,0.002449425953762,0.0021482760965408,0.0019069632185537,0.0018687556138498,0.0021249221020325,0.0082747122768325,0.0233300747881522,0.0252605254758491,0.0244814109420871,0.0217922292339587,0.0200120115883039,0.0167705043303909,0.0149302689876915,0.0135192603750411,0.0121629879810536,0.0136338047193039,0.0160888646691286,0.0207652147100397,0.0237888832595289,0.0227767371035868,0.021097569040871,0.0176034380778538,0.0150214818631627,0.0090936328464472,residential,1,winter,0,1,0.23549869,0.23549869,0
1,2021-01-08,0.0024494898146625,0.0021483137737721,0.0019069720885535,0.001868764229157,0.0021249536747797,0.008275735306601,0.0233335933773138,0.0252643138686889,0.0244850520626492,0.021795408051001,0.0200148896013879,0.0167728183701611,0.0149322771676602,0.0135210406965482,0.0121645413895699,0.0136355793679858,0.016090940922994,0.0207679669755232,0.0237921254019973,0.0227798367592503,0.0211004087613824,0.0176057516448719,0.0150234900431314,0.0090947406754496,residential,1,winter,0,1,0.23549869,0.23549869,0
1,2021-01-09,0.0024495498589828,0.0021483492007726,0.0019069804288022,0.0018687723299243,0.0021249833618788,0.0082766972377306,0.0233369018242347,0.0252496968260617,0.0242637265522419,0.0215736481760626,0.0197928468228449,0.0165502452868508,0.0147344259399631,0.0132979657702585,0.0119412531022263,0.0134124991076701,0.0158681442550788,0.0207523756831084,0.023795173993975,0.0227827514602191,0.021103078889936,0.0176079270386017,0.0150253782884583,0.0090957823413854,residential,1,winter,1,1,0.23549869,0.23549869,0
1,2021-01-10,0.0024496060689412,0.0021483823670511,0.0019069882368299,0.0018687799137527,0.0021250111545384,0.0082775977853957,0.0233399991493994,0.0252530316608924,0.0242669319999355,0.0215764465540056,0.0197953802570835,0.0165522822792217,0.0147361936914635,0.0132995329435515,0.0119426205295873,0.0134140612873149,0.0158699719303584,0.0207547984348116,0.0237980284114501,0.0227854800136484,0.0211055786261519,0.0176099636148204,0.0150271460399588,0.0090967575357998,residential,1,winter,1,1,0.23549869,0.23549869,0
1,2021-01-11,0.0024496584278918,0.0021484132627856,0.0019069955103244,0.0018687869783964,0.0021250370445278,0.0082784366829492,0.0233428844357991,0.0252743173850567,0.024494666371539,0.0218038019822593,0.020022489194457,0.0167789287440392,0.0149375798986575,0.0135257417523239,0.0121686432667022,0.0136402654442956,0.0160964234075849,0.0207752345131571,0.0238006875327815,0.0227880216168862,0.0211079072426245,0.0176118607708598,0.0150287927741287,0.0090976655977564,residential,1,winter,0,1,0.23549869,0.23549869,0
1,2021-01-12,0.0024497069196218,0.0021484418788181,0.0019062274658935,0.0018674447317219,0.0021201182198688,0.0082888679689822,0.0233456289946402,0.0252771950585648,0.0244974318290288,0.0218062162261908,0.0200246750676277,0.0167806862762463,0.0149391051278331,0.013527093921127,0.0121698230932252,0.0136416133045419,0.0160980003394447,0.0207773248813918,0.023803149541092,0.0227903760003318,0.0211100640434381,0.0176136179440203,0.0150303180033043,0.0090985073747497,residential,1,winter,0,1,0.23549869,0.23549869,0
1,2021-01-13,0.0024497515318918,0.0021484682066998,0.0019070084452565,0.0018687995419156,0.0021250830863936,0.0082799285524713,0.0233480155384137,0.0252798419663892,0.0244999762124162,0.0218084376918168,0.0560673723159461,0.0749749817083759,0.0822135165473833,0.0135283379710871,0.0121709085813211,0.0136428533904553,0.0160994511805024,0.0207792481046701,0.0238054149769597,0.0227925417985963,0.0211120483763684,0.0176152346143615,0.0150317212758036,0.0090992814501257,residential,1,winter,0,1,0.23549869,0.23549869,0
1,2021-01-14,0.002449792248663,0.0021484922385999,0.0019070141028616,0.0018688050370685,0.0021251032246278,0.0082805810827176,0.023350259835495,0.0252822583707942,0.0245022986444314,0.0218104653265484,0.020028521879193,0.0349673704425603,0.0538788041360866,0.0135294735337911,0.0121718994095325,0.0136439853347969,0.0161007755011065,0.0207810036134489,0.0238074834277578,0.022794519060376,0.0211138596656944,0.0176167103031218,0.0150330021760591,0.0090999881198294,residential,1,winter,0,1,0.23549869,0.23549869,0
1,2021-01-15,0.0024498290607037,0.0021485139674356,0.0019070192182775,0.0018688100056007,0.002125121432941,0.0082811710794819,0.0233522890560274,0.0252844437186779,0.0245043985646276,0.0218122985352567,0.0200301816683574,0.0167851138100169,0.0149429474492749,0.0135305002729513,0.0121727952844348,0.0136450088023508,0.0161019729090709,0.0207825908878499,0.0238093527994813,0.0227963066330495,0.0211154973628706,0.0176180445728007,0.0150341603247461,0.0091006270216093,residential,1,winter,0,1,0.23549869,0.23549869,0
1,2021-01-16,0.0024625712183136,0.0021002305012414,0.0019097842467468,0.0018706860706885,0.0021274731115458,0.0082508780930577,0.0233538812517279,0.0252682169649015,0.0242815263337876,0.0215891877635439,0.0318065047657434,0.0471558736071586,0.0565165915678781,0.0133066689629519,0.0119488470191648,0.0134211745684695,0.015878294128236,0.0207658302736193,0.0238110241455423,0.0227979042889673,0.0211169610282438,0.0176192370297341,0.0150351953788893,0.0091011979656978,residential,1,winter,1,1,0.23549869,0.23549869,0
1,2021-01-17,0.0024784871240208,0.0042956080840608,0.0019064580456024,0.0018670270222011,0.002135351259392,0.0082681505442017,0.0233551083604248,0.0252699368238892,0.0242831796482952,0.0215906309665758,0.0198082225759355,0.0165626080927534,0.014745154683472,0.013307477175167,0.0119495522197331,0.0134219802053938,0.0158792366848078,0.0207670797190565,0.0238124971931881,0.0227993112808172,0.0211182501513732,0.0176202873188147,0.0150361070319673,0.0091017009377597,residential,1,winter,1,1,0.23549869,0.23549869,0
1,2021-01-18,0.0024499159546353,0.0021485652745022,0.0019070312970163,0.0018688217375112,0.0021251644271883,0.0082825642150297,0.0233570805701245,0.0252896021757984,0.0245093572936086,0.0218166272086298,0.0200341008483647,0.0167882650115008,0.0149456821385307,0.0135329246702531,0.0121749106773005,0.0136474254745416,0.0161048002996572,0.0207863388541507,0.023813769474414,0.0228005275416958,0.0211193644184122,0.0176211951305023,0.0150368950140019,0.0091021356341268,residential,1,winter,0,1,0.23549869,0.23549869,0
1,2021-01-19,0.0024499370439965,0.0021485777335036,0.0019070342301204,0.0018688245863944,0.0021251748675668,0.0082829025169443,0.0233582441159387,0.0252908549537867,0.0245105610317403,0.0218176786032856,0.0200350525993953,0.016789030232791,0.0149463462161691,0.0135335133982158,0.0121754243682425,0.0136480123265789,0.0161054868884017,0.0207872489906886,0.0238148410547132,0.0228015526761345,0.0211203034799607,0.0176219601954596,0.0150375590916403,0.0091025019776602,residential,1,winter,0,1,0.23549869,0.23549869,0
1,2021-01-20,0.0024499541843347,0.0021485878641051,0.0019070366150708,0.0018688269028635,0.0021251833567932,0.0082831775980273,0.0233591902212988,0.0252918736162442,0.0245115400938306,0.0218185333478062,0.0200358264598384,0.0167896524515694,0.0149468861927511,0.0135339921062685,0.0121758420619923,0.013648489509274,0.016106045169275,0.020787989043339,0.0238157132566176,0.0228023860099072,0.0211210670434361,0.0176225822871205,0.0150380990682223,0.0091027998598799,residential,1,winter,0,1,0.23549869,0.23549869,0
1,2021-01-21,0.002449967370574,0.0021485956633066,0.0019070384511612,0.0018688286862325,0.0021251898923534,0.0082833893768669,0.0233599186060987,0.0252926578613332,0.0245122941898118,0.0218191911905021,0.0200364220692046,0.0167901314806298,0.0149473019083681,0.0135343606526464,0.0121761636348537,0.0136488568813138,0.0161064749769461,0.0207885587929435,0.02381638476535,0.0228030276776876,0.0211216548972051,0.0176230612212568,0.0150385147838393,0.0091030291925781,residential,1,winter,0,1,0.23549869,0.23549869,0
1,2021-01-22,0.0024499765988093,0.0021486011287985,0.0019070397378491,0.0018688299359745,0.0021251944723166,0.0082835377907095,0.0233604290546902,0.0252932074566758,0.0245128224197064,0.0218196523477824,0.0200368397520363,0.0167904671869354,0.0149475932399084,0.0135346189282071,0.0121763889915964,0.0136491143339043,0.0161067761841324,0.0207889580707756,0.0238168546691495,0.0228034773463121,0.0211220668623502,0.017623396856038,0.0150388061153796,0.0091031899078466,residential,1,winter,0,1,0.23549869,0.23549869,0
1,2021-01-23,0.0024499818663081,0.0021486042589622,0.00190704047475,0.0018688306517147,0.0021251970953165,0.0082836227956414,0.0233607214159496,0.0252753430552233,0.0242883760437533,0.0215951675557071,0.0198123298040462,0.0165659105377437,0.0147480206280745,0.0133100179349071,0.0119517691439244,0.0134245128692447,0.0158821997800751,0.0207710075743949,0.0238171245661701,0.0228037349040416,0.0211223028168721,0.0176235890920683,0.0150389729765698,0.0091032819580941,residential,1,winter,1,1,0.23549869,0.23549869,0
1,2021-01-24,0.0024499831715097,0.0021486050528707,0.0019070406616485,0.0018688308332462,0.0021251977605781,0.0082836443665023,0.0233607956033198,0.0252754229320995,0.0242884528154258,0.021595234579192,0.0198123906456097,0.0165659593310079,0.0147480629694994,0.0133100554720548,0.0119518018967308,0.0134245502867845,0.0158822435568023,0.020771065604474,0.0238171929308935,0.0228038002585704,0.0211223626908943,0.0176236378724199,0.0150390153179947,0.0091033053251565,residential,1,winter,1,1,0.23549869,0.23549869,0
1,2021-01-25,0.0024499805140283,0.0021486035102889,0.0019070402984894,0.0018688304805156,0.0021251964679051,0.0082836024823462,0.0233606515948292,0.025293447063635,0.0245130527119755,0.0218198536110196,0.0200370217923148,0.0203810565079656,0.0149477202516438,0.0135347315285354,0.0121764872403162,0.0136492265754424,0.0161069075013503,0.0207891321438271,0.02381705958048,0.0228036733905483,0.0211222464666864,0.0176235431826456,0.015038933127115,0.0091032599748389,residential,1,winter,0,1,0.23549869,0.23549869,0
1,2021-01-26,0.002449973894651,0.0021485996316736,0.0019070393853773,0.0018688295936217,0.0021251932176869,0.0082834971991648,0.0233602894331339,0.0252930571273793,0.0245126775881118,0.0218195264119553,0.0308674905704893,0.0490778187363411,0.0406314432710236,0.0135345482828095,0.0121763273503915,0.0136490439136111,0.0161066937957667,0.0207888488574178,0.0238167258433479,0.0228033544753925,0.0211219541988059,0.0176233050513155,0.0150387264282713,0.0091031459478454,residential,1,winter,0,1,0.23549869,0.23549869,0
1,2021-01-27,0.002449963315337,0.0021485934181735,0.0019070379225881,0.0018688281728369,0.002125188010904,0.0082833285045143,0.0233597092254359,0.0252924324230703,0.0245120775154311,0.0218190020866281,0.0200362509836402,0.0167899937815479,0.0278608439386528,0.0135342547107017,0.0121760711958652,0.0136487512769433,0.0161063514248966,0.0207883950133361,0.0238161915262717,0.0228028433942982,0.021121485933452,0.0176229235478914,0.0150383952826756,0.0091029632688487,residential,1,winter,0,1,0.23549869,0.23549869,0
1,2021-01-28,0.0024499487792204,0.0021485848716286,0.0019070359105502,0.0018688262185739,0.002125180849059,0.0082830964629475,0.0233589111435196,0.025291573135814,0.0245112513348273,0.0218182812173455,0.0348300574307427,0.0411126607201797,0.0455199164395024,0.013533850899151,0.0121757188525952,0.0136483487520996,0.0161058804901296,0.0207877707459841,0.0238154560824286,0.0228021403329572,0.0211208418346984,0.0176223987858811,0.0150379397883936,0.0091027119919427,residential,1,winter,0,1,0.23549869,0.23549869,0
1,2021-01-29,0.0024499302906055,0.0021485739945699,0.0019070333498599,0.0018688237314097,0.0021251717342818,0.0082828011431519,0.0233578954236679,0.0252904795202236,0.0245102002333732,0.0218173635808326,0.0735360309372124,0.0626215149886909,0.0825852499324891,0.0135333369677423,0.0121752704249241,0.0136478364582842,0.0161052811309298,0.0207869762402321,0.0238145192862686,0.0228012454995286,0.021120022062681,0.0176217309201728,0.015037360080315,0.0091023921915344,residential,1,winter,0,1,0.23549869,0.23549869,0
1,2021-01-30,0.0024499078549676,0.0021485607902186,0.0019070302412786,0.0018688207120881,0.0021251606692927,0.0082824426325296,0.0233566623665961,0.0252709727161488,0.0242841752626959,0.0215915004293138,0.0663154056004207,0.0915353443095799,0.0531217025395658,0.0133079641471128,0.0119499771240915,0.0134224656256499,0.0158798046032323,0.0207678325471682,0.0238133830068693,0.0228001593162012,0.0211190269283752,0.0176209201500967,0.015036656330115,0.0091020039623222,residential,1,winter,1,1,0.23549869,0.23549869,0
1,2021-01-31,0.0024498814789507,0.0021485452624849,0.0019070265857223,0.0018688171614973,0.0021251476573472,0.0082820210430291,0.0233552123373675,0.0252694114853691,0.0242826750253846,0.0705862287437562,0.1094120618891096,0.1117523593108005,0.0809229030381877,0.0648946925671286,0.061242234005002,0.0134217342814866,0.0158789489656281,0.0207666983208178,0.0238120463689092,0.0227988819111422,0.021117856658417,0.0176199667142054,0.0150358287462031,0.0091015474192663,residential,1,winter,1,1,0.23549869,0.23549869,0
1,2021-02-01,0.0024498511703659,0.0021485274159673,0.0019070223842774,0.0018688130806924,0.0021251327023123,0.0082815364821952,0.0233535457652817,0.0252857962904893,0.0245056993614265,0.0218134338992687,0.0200312095851713,0.0167859403009375,0.0149436646981887,0.013531136139102,0.0121733501055109,0.0136456426423747,0.0161027144715067,0.0207835738970717,0.0238105113065732,0.022797413757403,0.021116511607853,0.0176188708948711,0.0150348775736599,0.0091010226975568,residential,2,winter,0,1,0.23549869,0.23549869,0
1,2021-02-02,0.0024498169381887,0.0021485072559509,0.0019070176381867,0.0018688084708807,0.0021251158086116,0.0082809891107729,0.0233516631437677,0.0252837692948007,0.024503750818573,0.0218117328809306,0.0200296697022518,0.0167847021707296,0.014942590218695,0.013530183575596,0.0121725189521172,0.0136446931141213,0.0161016035689794,0.0207821012935846,0.0238087763063208,0.0227957552779524,0.0211149922328217,0.0176176330180965,0.0150338030941662,0.0091004299525717,residential,2,winter,0,1,0.23549869,0.23549869,0
1,2021-02-03,0.0024497787925568,0.0021484847884058,0.0019070123488558,0.0018688033334274,0.0021250969812486,0.0082803790850814,0.02334956503036,0.0252815106340837,0.0245015796426361,0.0218098363691419,0.0223439172424789,0.0799656449956888,0.0817953092799263,0.0694290922325779,0.0633101092967064,0.0136436348994794,0.0161003655085881,0.0207804601306529,0.0238068430175581,0.0227939069794761,0.0211132989132813,0.0176162534489813,0.0150326056259191,0.009099769308681,residential,2,winter,0,1,0.23549869,0.23549869,0
1,2021-02-04,0.00244973674406,0.0021484600199771,0.0019070065178491,0.0018687976698518,0.0021250762257914,0.0082797065857614,0.023347252046075,0.0252790199247952,0.0244991864254492,0.0218077472372313,0.0200260616512206,0.016781801156552,0.014940072648066,0.0135279516615217,0.0121705715093,0.0136424683118283,0.0160990006569734,0.0207786508942907,0.0238047111233667,0.0227918693355665,0.0211114321734502,0.0176147325961022,0.0150312855235372,0.0090990411149505,residential,2,winter,0,1,0.23549869,0.23549869,0
1,2021-02-05,0.0024496908072699,0.0021484329580253,0.0019070001468994,0.0018687914818373,0.0021250535484085,0.0082789718118936,0.0233447248757026,0.0252762989577419,0.0244965712352756,0.0218054646383038,0.0200239944047773,0.0167801391288235,0.0149386303024857,0.0135266729719137,0.0121694557965935,0.013641193696643,0.0160975094183224,0.0207766741202865,0.0238023835244055,0.0227896429314973,0.0211093925813383,0.0176130709107871,0.0150298431779569,0.0090982454335724,residential,2,winter,0,1,0.23549869,0.23549869,0
1,2021-02-06,0.002449640993671,0.0021484036105389,0.0019069932378874,0.0018687847712102,0.0021250289557936,0.0082781749810849,0.023341984267447,0.0252551690039969,0.024268985915378,0.0215782394277732,0.0197970039507541,0.0165535878157714,0.0147373266678189,0.0133005373665638,0.0119434969326722,0.0134150625098287,0.0158711433126927,0.0207563512098453,0.0237998580145914,0.0227872286236109,0.0211071807367981,0.0176112688846523,0.0150282790163142,0.0090973825513105,residential,2,winter,1,1,0.23549869,0.23549869,0
1,2021-02-07,0.0024495873187216,0.0021483719862175,0.0019069857928611,0.00186877753996,0.002125002455237,0.0082773163292585,0.0233390310327042,0.0252519893062844,0.024265930166524,0.0215755716983998,0.0197945882276832,0.0165516455828392,0.0147356411533271,0.0132990430992433,0.0119421931189665,0.0134135730038489,0.0158694006621157,0.0207540411662073,0.0237971365664895,0.0227846270049234,0.0211047972900184,0.0176093270513504,0.0150265935018224,0.0090964527236797,residential,2,winter,1,1,0.23549869,0.23549869,0
1,2021-02-08,0.002449529798317,0.0021483380944263,0.0019069778140252,0.001868769790228,0.0021249740545864,0.0082763961106577,0.0233358660458217,0.0252667608067543,0.0244874036772543,0.0217974601437162,0.0220414652059598,0.0524894069838044,0.0394454636955699,0.0135221906124645,0.0121655447415881,0.0136367256198048,0.0160922819826615,0.0207697446734696,0.0237942190588983,0.022781839002847,0.0211022429709256,0.0176072459863474,0.0150247871336286,0.0090954562260159,residential,2,winter,0,1,0.23549869,0.23549869,0
1,2021-02-09,0.0024494684494914,0.002148301945202,0.0019069693037427,0.0018687615243093,0.0021249437622524,0.0082754145977563,0.0233324902438403,0.0252631261467258,0.0244839103755358,0.0360627239303245,0.061351881046931,0.0685350371674636,0.0514812118208181,0.0495293781303513,0.0121640543712174,0.0136350229873116,0.0160902899842835,0.0207671040963853,0.0237911082102706,0.0227788651368327,0.0210995184858365,0.0176050263050953,0.0150228604466733,0.0090943933533995,residential,2,winter,0,1,0.23549869,0.23549869,0
1,2021-02-10,0.0024494032904125,0.0021482635492499,0.0019069602645339,0.0018687527446518,0.0021249115872059,0.0082743720811758,0.023328904626218,0.0252592655873546,0.0244801999216173,0.0368109448141244,0.0708533423456159,0.080060485769697,0.0424895207610793,0.013518668301297,0.0121624713707714,0.0136332145321461,0.0160881741784529,0.0207642994011333,0.0237878038608456,0.0227757064280323,0.0210966246631605,0.017602668665356,0.0150208140115254,0.0090932644205638,residential,2,winter,0,1,0.23549869,0.23549869,0
1,2021-02-11,0.0024493343403768,0.0021482229179405,0.0019069506990754,0.0018687434538554,0.0021248775389753,0.0082732688696025,0.0233251102545317,0.0252370010883308,0.0242515243815394,0.0215629939045352,0.0197832018095906,0.0165424904261473,0.0147276960857231,0.0132919995200068,0.0119360472874823,0.0134065518683063,0.0158611862701864,0.0207431522341002,0.0237843078970489,0.0227723636493527,0.0210935623653855,0.0176001737653228,0.0150186484342184,0.0090920697618046,residential,2,winter,0,1,0.23549869,0.23549869,0
1,2021-02-12,0.002449261619803,0.0021481800633066,0.0019069406102002,0.0018687336546716,0.0021248416276434,0.008272105289693,0.023321108252166,0.0252326922285354,0.0242473831818962,0.0377741321769405,0.0781984585281439,0.1196285154377357,0.0684935234664258,0.0500928787099895,0.0756529964535604,0.013404533405646,0.0158588247656566,0.0207400218426225,0.0237806189794656,0.0227688382938371,0.0210903325130177,0.0175975423438363,0.0150163643560666,0.0090908093633709,residential,2,winter,0,1,0.23549869,0.23549869,0
1,2021-02-13,0.0024491851495179,0.0021481349980304,0.0019069300008938,0.0018687233500002,0.0021248038638379,0.0082708816859953,0.023316899803978,0.025228161692569,0.024243028214322,0.075495071941616,0.0958035359643866,0.1112363282443653,0.0656015575388641,0.0594479977779232,0.0691668649025985,0.0134024108203548,0.0158563414426423,0.0207367299695365,0.0237767408522034,0.0227651309101697,0.0210869360328534,0.0175947751801672,0.0150139624534785,0.0090894839407883,residential,2,winter,1,1,0.23549869,0.23549869,0
1,2021-02-14,0.002461788208087,0.0020998861519539,0.0019061396680067,0.001866728310923,0.0021362320186198,0.0082117733312911,0.0233120689555644,0.0252234100497535,0.0242384608685487,0.0878016945089428,0.1109270547058063,0.1481873418235729,0.1437434179961287,0.12499858885264,0.059802995070351,0.0134001847410174,0.0158537370365546,0.0207332775897007,0.0237726748015179,0.0227612427583053,0.0210833739552338,0.0175918730937848,0.0150114434377545,0.0090880950166215,residential,2,winter,1,1,0.23549869,0.23549869,0
1,2021-02-15,0.0024490210550435,0.0021480382896276,0.0019054883722196,0.0018648288989856,0.00210641397651,0.0083040179267085,0.0233081238454468,0.0252184379252168,0.0242336824284003,0.0215474178750329,0.019769099242246,0.0165311512912349,0.014717855706383,0.0132832756808835,0.0119284353556291,0.0133978558268646,0.015851012318665,0.020729665725504,0.0237684196731399,0.0227571748137549,0.021079647303821,0.0175888369438407,0.0150088080548783,0.0090866411852142,residential,2,winter,0,1,0.23549869,0.23549869,0
1,2021-02-16,0.0024616108511957,0.0020998080813831,0.0019096476540257,0.0018705551690803,0.0021291924305786,0.0082580399128958,0.0233029826614071,0.0252132485273586,0.0242286944857786,0.0215430627093137,0.1213678438008298,0.1349160815248218,0.0771479003612369,0.036908694851904,0.0119263073692687,0.0133954247675835,0.015848168095873,0.0207258954465657,0.0237639771281343,0.0227529288189534,0.0210757572266316,0.0175856676300326,0.015006057085292,0.0090851236358788,residential,2,winter,0,1,0.23549869,0.23549869,0
1,2021-02-17,0.0024615164946074,0.0020997665452711,0.0019087306135317,0.0018690552488747,0.0035443151666968,0.0082435758505908,0.0232978817629201,0.0252078424774799,0.0242234985895237,0.0627380559908449,0.1255440031795325,0.1538138769884335,0.13732212812063,0.0923238315002641,0.0687072255770685,0.013392892283109,0.0158452052104671,0.0207219678694182,0.023759349515238,0.0227485054709802,0.021071704854745,0.0175823660908542,0.0150031913436707,0.0090835423589426,residential,2,winter,0,1,0.23549869,0.23549869,0
1,2021-02-18,0.0024487473976709,0.0021478770019718,0.001906869263241,0.0018686643563652,0.0042618976710354,0.0082567465572287,0.0232922170494531,0.0252204008765946,0.0244428450886579,0.0957352486303184,0.1290136371816666,0.1343857948180904,0.1151469215165897,0.0878562362804213,0.0121465346321301,0.0136150080449704,0.0160668734614379,0.0207360633413748,0.0237545396354684,0.0227439062529281,0.0210674913831898,0.0175789333035457,0.0150002116786751,0.0090818986007756,residential,2,winter,0,1,0.23549869,0.23549869,0
1,2021-02-19,0.0024613165610064,0.00209967853254,0.0019060771036175,0.0018659457421941,0.0021125376634082,0.0082865164068109,0.0232867938583135,0.025214565912843,0.0244372374093982,0.0217536631603215,0.0599491568788373,0.0667100458510877,0.0480853210570737,0.0363008929155783,0.0121441422988407,0.013612274989837,0.0160636759179781,0.0207318247033913,0.0237495465612139,0.0227391326374099,0.0210631180575636,0.0175753702849459,0.0149971189727059,0.0090801928004104,residential,2,winter,0,1,0.23549869,0.23549869,0
1,2021-02-20,0.0024485469307833,0.0021477588459004,0.0019048535969001,0.0018649852081938,0.0021270805748889,0.0082257089065781,0.0232811748187507,0.0251903409470731,0.0242066777879307,0.0215238413375001,0.0341292810169586,0.0558961840559199,0.0583753317306221,0.0480759166566592,0.0677164620585542,0.0133846939270761,0.0158356135270106,0.020709253210701,0.0237443716985091,0.0227341858961257,0.0210585861794139,0.0175716780902084,0.0149939141416382,0.0090784248263376,residential,2,winter,1,1,0.23549869,0.23549869,0
1,2021-02-21,0.0024611018698733,0.0020995840205038,0.0019060486228587,0.0018653196737487,0.0021081640128771,0.0082916012628252,0.0232753733296163,0.0251840857241549,0.0242006654196695,0.0229552566838939,0.153855052196048,0.1636045496367726,0.1037228278050091,0.0661299129137684,0.0908165773046671,0.0133817635385168,0.0158321851129052,0.0207047085324406,0.0237390168240557,0.0227290675402533,0.0210538970880015,0.0175678578127419,0.0149905981345526,0.0090765955206111,residential,2,winter,1,1,0.23549869,0.23549869,0
1,2021-02-22,0.002460989068737,0.0021172241494271,0.0019030972070244,0.0018631767395227,0.0067321343215203,0.0082554255968013,0.0232693658210412,0.0251958015071815,0.0244192022804092,0.0450006429486316,0.0923927851579263,0.1336902554983753,0.0866156005044902,0.0670257110200183,0.0819004209743828,0.0136034846919661,0.0160533916909541,0.0207181920144723,0.0237334849586827,0.0227237789440641,0.0210490521685432,0.0175639105837942,0.0149871719334531,0.0090747051078212,residential,2,winter,0,1,0.23549869,0.23549869,0
1,2021-02-23,0.0024766870483899,0.0035395532227678,0.0019015899837436,0.001862326605006,0.0021552632863302,0.0081959434779815,0.0232631715353409,0.0251891316357852,0.024412792263638,0.0217323222177791,0.019957773773457,0.0442934487187703,0.0466409844907973,0.0134857091890336,0.0121337131012821,0.0136003604409523,0.016049736467072,0.0207133466789891,0.0237277772823593,0.0227183219849817,0.0210440528723773,0.0175598375725741,0.0149836365529769,0.009072754393063,residential,2,winter,0,1,0.23549869,0.23549869,0
1,2021-02-24,0.0024481038061046,0.0021474976547164,0.0019060080788599,0.0018665029724585,0.002114551028132,0.0082732905541321,0.0232567877846228,0.0251822586487992,0.0244061861730589,0.0217265545178548,0.0199525520853351,0.0281126221829573,0.0550341779309617,0.0747619875971921,0.0738847218872329,0.0214193408717576,0.0160459694452771,0.0207083531450887,0.0237218941965362,0.0227126982433252,0.0210389006690571,0.0175556399849913,0.0149799930400933,0.0090707448039401,residential,2,winter,0,1,0.23549869,0.23549869,0
1,2021-02-25,0.0024764335383483,0.00211554001159,0.0018992674895565,0.0018612810599633,0.0021550903190884,0.008192314209938,0.02325022096808,0.0251751838354433,0.0243993859397667,0.0998221656975492,0.1639460074356574,0.1277217099701862,0.1926604737469006,0.1383542455755868,0.0762745598529303,0.0579956727196329,0.0424109871044305,0.0207032128915587,0.0237158384392685,0.0227069090027905,0.0210335970789773,0.0175513190642121,0.0149762424737937,0.0090686753796099,residential,2,winter,0,1,0.23549869,0.23549869,0
1,2021-02-26,0.0024605022854911,0.0020993200588844,0.0019085888876398,0.0018682854181036,0.0021187395355009,0.0082609383853935,0.0232434556158235,0.0251679086441716,0.0243923936424796,0.0890673016405832,0.1766318774797336,0.2036230294211788,0.1530703847012778,0.1314880946409786,0.2024491053265327,0.0922725016726992,0.0614902559331429,0.0768244626226553,0.0237096116196671,0.0227009515430599,0.0210281436774505,0.0175468760898372,0.0149723859647736,0.0090665486028809,residential,2,winter,0,1,0.23549869,0.23549869,2
1,2021-02-27,0.0024603718752055,0.0020992626453027,0.0019076559636789,0.001866797761572,0.0021134346941791,0.008269239583832,0.0232365150447159,0.0251422566289591,0.0241604624503193,0.0214834936725254,0.0197112239869968,0.0164846172182806,0.0146774723066057,0.0132474743900267,0.0118972012602318,0.0133621686141888,0.0158092599900818,0.0206743191733609,0.0237032160356275,0.0226948332942301,0.0210225420797096,0.0175423123776106,0.014968424655101,0.0090643629918251,residential,2,winter,1,1,0.23549869,0.23549869,0
1,2021-02-28,0.0024602380548312,0.002099203729918,0.0019076375969364,0.0018667808396253,0.0021133743498958,0.0082671632446307,0.0232293929028288,0.0251345881570224,0.0241530923613009,0.0214770588752902,0.0447743631964778,0.0164799331627965,0.0517440434978349,0.0840949553787511,0.053081116536667,0.013358576389793,0.0158050572583791,0.0206687480658991,0.0236966522180997,0.0226885544236946,0.0210167939446146,0.0175376292790328,0.0149643597178803,0.0090621197248167,residential,2,winter,1,1,0.23549869,0.23549869,0
1,2021-03-01,0.0024601008639979,0.0020991433301773,0.0019094326527534,0.0018711426544928,0.0021336697028516,0.0082245210866824,0.0232225452067953,0.0251449056491014,0.0243702857307681,0.0216952112843098,0.0199241748324077,0.0166998800052645,0.0148689794814331,0.0134649250924214,0.0121155821661695,0.0135796425719696,0.0160254975524886,0.0206812157680817,0.0236899239241861,0.0226821238987057,0.0210109009697607,0.0175328281809596,0.0149601923569043,0.0090598219147244,residential,3,spring,0,1,0.23549869,0.23549869,0
1,2021-03-02,0.0024473377005559,0.002147046062292,0.0019066736427286,0.0018684743528896,0.0021238913574477,0.0082413148816564,0.023215207842399,0.0251368533438865,0.0243625461154017,0.021688453756318,0.0199180573885158,0.0199867818610652,0.0148647109308263,0.0134611408735925,0.0121122811536734,0.0135758704109703,0.016021084305251,0.0206753656029139,0.0236830308990181,0.0226755282756243,0.0210048649142761,0.01752791050519,0.0149559238062975,0.0090574667714453,residential,3,spring,0,1,0.23549869,0.23549869,0
1,2021-03-03,0.0024755871639106,0.0021151478059767,0.0018979679447264,0.0018658508709786,0.0021246754020762,0.0082379983088245,0.0232069622901175,0.0251286130885245,0.0243546257816202,0.0216815391644946,0.0199117967332552,0.1056281528846559,0.0517254522164742,0.0609186616670691,0.1353109044414819,0.0724310463356785,0.0160165677452872,0.0307284724367376,0.02367597699537,0.0226687728171328,0.0209986875517026,0.017522877708047,0.014951555330151,0.0090550564696321,residential,3,spring,0,1,0.23549869,0.23549869,0
1,2021-03-04,0.002459669479939,0.0021165784578881,0.0019029327061518,0.0018625174490587,0.0021545317846489,0.0081775158828883,0.0231992847189778,0.0251201860926665,0.0243465264118339,0.0216744675329548,0.0199053946913717,0.0166847800194743,0.0394413823788925,0.0568041290460651,0.0121054505706001,0.0135680623184281,0.0160119492097734,0.0206632561935626,0.0236687651121218,0.0226618721186444,0.0209923707160672,0.0175177312799467,0.0149470882221471,0.009052591293529,residential,3,spring,0,1,0.23549869,0.23549869,0
1,2021-03-05,0.0024752775382701,0.0021150043219144,0.001897455322059,0.0018674891954207,0.0021137006140687,0.008254720216151,0.0231911305632137,0.0251115760166831,0.0243382507424121,0.0216672422617828,0.019898853231344,0.0166795204099958,0.0616602603345801,0.0958360561605769,0.0502698084091151,0.013564028698537,0.016007230066805,0.0206570005354653,0.0236613947964801,0.0226548226278634,0.0209859162780412,0.0175124727449545,0.0149425238051778,0.0090500745181631,residential,3,spring,0,1,0.23549869,0.23549869,0
1,2021-03-06,0.002459365809169,0.0020988197072601,0.0019084300603691,0.0018675758753289,0.0021141254644135,0.0082513649357403,0.0231829688355302,0.0250846053047199,0.0241050522117884,0.084266458614679,0.0847744698238352,0.1605161969424014,0.1274696477844753,0.1289459376382137,0.1069545035814782,0.1013097272451753,0.0734065255590843,0.0206324341811302,0.0236538704328002,0.0226476213000246,0.0209793261445831,0.0175071036603353,0.0149378634309515,0.0090475031866805,residential,3,spring,1,1,0.23549869,0.23549869,0
1,2021-03-07,0.0024592092828402,0.0021163532655347,0.0019017234761241,0.0018603734524244,0.0021439791377694,0.0081908346375,0.023174646018875,0.0250756355397993,0.0387683815285876,0.0980833949502756,0.1754714694846715,0.1771385270116251,0.1692971593456801,0.1687257209600229,0.1417161736941531,0.1584044925759692,0.1320464823891801,0.0797200308743755,0.0646145804124914,0.0226402741392611,0.0209726022806831,0.0175016256160931,0.0149331084795949,0.0090448804496139,residential,3,spring,1,1,0.23549869,0.23549869,2
1,2021-03-08,0.0024590496907134,0.0020986805265468,0.0019065994462897,0.0018652584601155,0.002122256520431,0.0082364392755492,0.0231661395478059,0.0250846688984273,0.0243124270243995,0.0216446644171132,0.0198784116370404,0.0166630845418553,0.077747932076549,0.0823203743838774,0.012090888074582,0.0135514239504253,0.0159924831142262,0.0206374520933177,0.0236383651175362,0.0226327826604368,0.0209657466597894,0.0174960402344989,0.014928260359241,0.0090422051319852,residential,3,spring,0,1,0.23549869,0.23549869,0
1,2021-03-09,0.0024463000197276,0.0021234385335217,0.0018963150911807,0.0040357176373472,0.0021312687681331,0.0082092933276515,0.0231579620289191,0.0250753501071024,0.0243034959261263,0.0216368447794218,0.0198713320970192,0.0166573923141011,0.0148321076301438,0.0134322369116405,0.0120870679825658,0.0135470585514696,0.015987375807935,0.0206306818890308,0.0236303890260251,0.0226251496124096,0.0209587613253861,0.0174903491696106,0.014923320505615,0.0090394811451486,residential,3,spring,0,1,0.23549869,0.23549869,0
1,2021-03-10,0.0024461399288999,0.0021463399763049,0.0019065074153868,0.0018683128985906,0.0021232996715475,0.0082221430561188,0.0231492680710817,0.0250658613401895,0.0242943767458727,0.0216288822871243,0.0198641231268012,0.0166515960652596,0.0148270775061359,0.0134277775314588,0.0120831790460311,0.0135426133924838,0.0159821751715106,0.0206237879667215,0.0236222674304085,0.0226173770831302,0.0209516483416939,0.0174845541067828,0.0149182903816071,0.009036706217049,residential,3,spring,0,1,0.23549869,0.23549869,0
1,2021-03-11,0.0024459770128071,0.0021462439344303,0.0019064848051304,0.0018682909375639,0.0021232191903838,0.0082195352942336,0.0231402988921237,0.0250562050887675,0.0242851306636605,0.0216207792411494,0.0198567869966541,0.0166456975156744,0.0148219586013709,0.0134232394440423,0.0120792214854307,0.0135380897665285,0.0159768827445714,0.0206167723679587,0.0236140022179855,0.0226094673657381,0.0209444098151564,0.0174786567621683,0.0149131714768421,0.0090338823110273,residential,3,spring,0,1,0.23549869,0.23549869,0
1,2021-03-12,0.0024458113204169,0.0021461462552882,0.0019064618094272,0.0018682686021581,0.0021231373372231,0.0082168830746663,0.0231311768006734,0.0250463842446214,0.0242757269896821,0.0216125380498973,0.0198493258033791,0.0166396984102047,0.0148167524317633,0.0134186239933024,0.012075196456142,0.013533489023783,0.0159715000946603,0.0206096371703468,0.0236055960954347,0.022601422806954,0.0209370478893945,0.0174726588822111,0.0149079653072345,0.0090310102633063,residential,3,spring,0,1,0.23549869,0.23549869,0
1,2021-03-13,0.0024456429007977,0.0021460469678055,0.0019064384350874,0.0018682458989878,0.0021230541363057,0.0082141871827617,0.0231219044976581,0.0250182225330497,0.0240414195242898,0.0213794122319531,0.0196169928349789,0.0164088516038685,0.0146117210660468,0.0131891836245031,0.0118463562284836,0.0133040636051554,0.0157412798942384,0.0205842053027084,0.0235970515517274,0.0225932457890979,0.0209295647445724,0.0174665622431253,0.014902673414542,0.009028090924366,residential,3,spring,1,1,0.23549869,0.23549869,0
1,2021-03-14,0.0024454718038254,0.0021459461013851,0.0019064146890327,0.001868222834776,0.0021229696122703,0.0082114484167987,0.0231124847284865,0.0250080812798227,0.0240317089615355,0.0213709021107647,0.0196092881805148,0.0164026567456147,0.0146063450174136,0.0131844175700885,0.0118421998570787,0.0132993127386619,0.0157357216066908,0.0205768372812527,0.0235883711168269,0.0225849387337169,0.0209219625967532,0.0174603686503729,0.0148972973659088,0.0090251251586919,residential,3,spring,1,1,0.23549869,0.23549869,0
1,2021-03-15,0.0024452980801686,0.0021458436858978,0.0019063905782956,0.0018681994163536,0.0021228837901455,0.008208667587758,0.0231029202822405,0.0250159634893191,0.0242465981765826,0.0215870105077416,0.0198262142177164,0.0166211156716603,0.0148006258779294,0.013404327241481,0.0120627285726994,0.0135192378148132,0.0159548268776798,0.0205875352879499,0.0235795567841255,0.0225765042751562,0.0209142437012935,0.0174540799381282,0.0148918387534006,0.0090221138167201,residential,3,spring,0,1,0.23549869,0.23549869,0
1,2021-03-16,0.0024451217805467,0.0021457397516641,0.001906366110014,0.0018681756506526,0.0021227966953475,0.0082058455190697,0.0230932139908493,0.0250055143939322,0.0242365918178062,0.0215782405707759,0.0198182752279823,0.0166147323982264,0.0147950863180631,0.0133994162286609,0.0120584457819068,0.01351434244827,0.0159490995361226,0.0205799431698842,0.0235706126447136,0.0225679445405351,0.0209064103359169,0.0174476979687338,0.0148862991935343,0.0090190578735673,residential,3,spring,0,1,0.23549869,0.23549869,0
1,2021-03-17,0.0024574834879139,0.0021155087319312,0.0019026601730192,0.0018633382222138,0.0063973819448481,0.0081963670027781,0.0230827858811129,0.0249949151751383,0.0242264502802006,0.0215693461472723,0.089848222858105,0.1051475024037717,0.1107803887385262,0.0904910166493507,0.1353883424810456,0.0933617843198443,0.06448716921599,0.0205722423595867,0.0235615392326623,0.0225592622418578,0.0208984648245019,0.0174412246321492,0.0148806803267966,0.0090159581248345,residential,3,spring,0,1,0.23549869,0.23549869,0
1,2021-03-18,0.0024729622059232,0.0021139313138452,0.0018988886703206,0.0018609131162893,0.002153190862554,0.0081411699768813,0.0230729483762367,0.0249841693378289,0.0242161532322357,0.0215603291049495,0.0577587570458255,0.1221703686657483,0.1416111748909554,0.1256623188407162,0.1448574911057759,0.1484142310293619,0.1341918355200327,0.0750390050260041,0.0235523420394792,0.0225504600486499,0.0208904095200367,0.0174346618453919,0.0148749838171634,0.0090128155690721,residential,3,spring,0,1,0.23549869,0.23549869,0
1,2021-03-19,0.002457105971849,0.0020978247161445,0.0062498063789536,0.001869614154714,0.0021257153409542,0.0081909147112257,0.0230632264550813,0.0249732809235363,0.1029938005634697,0.1790680309322008,0.2737207855161542,0.270767168280886,0.195675698672463,0.1997954756392087,0.2062244415172287,0.2300410424468726,0.1799387755066089,0.1310846442820679,0.0318162726466598,0.022541540448985,0.0208822468080238,0.0174280115519682,0.0148692113516011,0.0090096311340449,residential,3,spring,0,1,0.23549869,0.23549869,2
1,2021-03-20,0.0024725639074694,0.0021137467201195,0.0018981867564134,0.0018591094751423,0.0021427282228515,0.0081553006429665,0.0230527427923539,0.0249440724970113,0.0265893948513214,0.0913979260625587,0.1133789256564876,0.1057738452871008,0.1536009687675015,0.1335363399220994,0.1101253235527384,0.1734509632985295,0.1439291117491128,0.0483486769518853,0.0478348995020608,0.0225325061276599,0.020873979105772,0.0174212757213009,0.0148633646395709,0.0090064050090486,residential,3,spring,1,1,0.23549869,0.23549869,0
1,2021-03-21,0.002472361000188,0.0021136526814383,0.0018993648212602,0.0018682566146375,0.002118637927879,0.0081990188290898,0.023042067081272,0.0249329069102443,0.0239597259737257,0.1319937458085051,0.1839872195790028,0.1452662326899034,0.1250906115990158,0.1223574384278831,0.1199140222794888,0.0904977560386556,0.0600072382236609,0.0205222190908993,0.0235240232031685,0.0225233597487051,0.0208656088616836,0.0174144563481418,0.0148574454125213,0.0090031402659836,residential,3,spring,1,1,0.23549869,0.23549869,0
1,2021-03-22,0.0024565215212889,0.0020975673775598,0.0019062583859182,0.0018655423646066,0.0021314550547868,0.008131698243388,0.0230315800597799,0.024939786970868,0.0241736604816845,0.0741417009739191,0.1324656971224778,0.1148770097357186,0.077749629512162,0.061348477270237,0.0536280056503664,0.0474819666560161,0.0159130746217568,0.0205321888314045,0.0235143518226695,0.0225141040616841,0.0208571385545273,0.0174075554519835,0.0148514554233757,0.0089998355008246,residential,3,spring,0,1,0.23549869,0.23549869,0
1,2021-03-23,0.0024563220871285,0.002097479564323,0.0019062314804061,0.0018649235991569,0.0021067515441821,0.0082158983758253,0.0230209556743869,0.0249283577397347,0.0241627165362953,0.1286942059047555,0.1805236899867646,0.2169859480083073,0.1683048183654435,0.1270337918732362,0.1714247396744996,0.1498886023796624,0.1268660238188602,0.0543256557042533,0.0235045684448698,0.0225047416787222,0.0208485706927044,0.0174005750764613,0.0148453964460116,0.0089964929789928,residential,3,spring,0,1,0.23549869,0.23549869,2
1,2021-03-24,0.0024561204421858,0.0020973907773257,0.0019070724015814,0.0018668708922425,0.0036330344750325,0.0081618962514623,0.0230102300059949,0.0249168016789044,0.1069911241079217,0.1631827831863552,0.1892905577703247,0.203514148696689,0.1682817095763313,0.0792048435654694,0.0491010172013712,0.0134727825270764,0.0159004764166904,0.0205154887524579,0.0234946764393058,0.0224952755344052,0.0208399078135058,0.017393517288747,0.0148392702747386,0.0089931133873037,residential,3,spring,0,1,0.23549869,0.23549869,0
1,2021-03-25,0.0024434280585352,0.0021447412200879,0.0019061310349047,0.0018679473254772,0.0021219599459566,0.00817873282925,0.0229999617147237,0.0249051222198985,0.0241404642985427,0.0214939928174449,0.0645831120738293,0.0613070334166537,0.0531868352173882,0.0471945817971759,0.0431579355633247,0.0617157242397343,0.0405483577659654,0.0205070030627753,0.0234846792612378,0.0224857084185036,0.0208311524823611,0.0173863841789382,0.0148330787237644,0.0089896969466615,residential,3,spring,0,1,0.23549869,0.23549869,0
1,2021-03-26,0.0024557107594513,0.0021146411913204,0.0019031695699288,0.001865070982714,0.0021114192442788,0.0081959428936258,0.022989154004939,0.0248933233521876,0.0241291750491809,0.090883455332326,0.1334225430604832,0.1095171986632354,0.1084805739898926,0.1002338261352799,0.0928426524789636,0.088735616237483,0.0640236861919307,0.0204984302813828,0.0234745790559246,0.0224760430053423,0.0208223072920787,0.0173791778594373,0.0148268236266579,0.0089862466337057,residential,3,spring,0,1,0.23549869,0.23549869,0
1,2021-03-27,0.0024430279725271,0.0021445053442881,0.0019041150059856,0.0018642956130819,0.0021292319098451,0.0081588956205297,0.0229778262904264,0.0248632292279744,0.0464598334881696,0.118009725258048,0.1573289379539348,0.1521802930138844,0.1054170453059655,0.0939908320510174,0.1148992983018671,0.1082520181209975,0.083508242832642,0.0204715937628306,0.0234643800982888,0.0224662823503302,0.0208133748620771,0.0173719004643273,0.0148205068358065,0.008982761880199,residential,3,spring,1,1,0.23549869,0.23549869,0
1,2021-03-28,0.0024552929583441,0.0032338864631083,0.0019064380783101,0.0018657354754253,0.0021210163975249,0.0081779340258478,0.0229661691900583,0.0248512008341273,0.050947458356364,0.1176319985413283,0.1733311171678064,0.156128007339156,0.1452848323194122,0.110699307580599,0.098785657671487,0.1142368714087691,0.0907158630665321,0.0370926998492097,0.0234540839377925,0.0224564292220729,0.0208043578376125,0.0173645541487406,0.0148141302218682,0.0089792441228896,residential,3,spring,1,1,0.23549869,0.23549869,0
1,2021-03-29,0.0024426202752139,0.0021442649792191,0.0019046222122452,0.0018653205494353,0.002112333795865,0.008184538319464,0.0229549067152861,0.0248572424000689,0.0998843117788582,0.166164155823059,0.2159355909537801,0.1716391131007093,0.1351308287398502,0.1170753270537865,0.1384792212375932,0.1288266951008092,0.1019307936078867,0.0377927682241149,0.0234436942186501,0.0224464864443096,0.0207952588856846,0.0173571410882179,0.014807695673217,0.0089756940008834,residential,3,spring,0,1,0.23549869,0.23549869,2
1,2021-03-30,0.0024548675337389,0.0020968390980005,0.0019069004106606,0.0018661016431741,0.0021298949453459,0.0081493087377551,0.0229435298586666,0.024844998892316,0.1441670001372406,0.194225140351531,0.237734749415761,0.219381371850493,0.1948030701315369,0.1563196861143171,0.151032279910875,0.1234843786385032,0.1359356008292941,0.0678569838672584,0.0561887677588728,0.0224364573482493,0.020786080710778,0.0173496634780681,0.0148012050953837,0.0089721137731679,residential,3,spring,0,1,0.23549869,0.23549869,2
1,2021-03-31,0.0024422054495027,0.0021440204095871,0.0019045660715197,0.0018645620409879,0.0021075380088533,0.0081869311848596,0.022932066933917,0.0248326536804429,0.1222284504850561,0.2064917229224264,0.2009017881807766,0.1918664963961909,0.1747504436533676,0.1684994818541954,0.1535831348246323,0.1546275047362458,0.1333508429146119,0.0651446815403664,0.0506390823820998,0.0224263445171639,0.0207768260210067,0.0173421235327138,0.0147946604104909,0.0089685036662802,residential,3,spring,0,1,0.23549869,0.23549869,2
1,2021-04-01,0.0024544349895403,0.0020966486381022,0.0062172316233159,0.0018709838110755,0.0021330432224265,0.0081327681284846,0.0229209136904264,0.0248202096577662,0.0240591503359733,0.0214227356421948,0.0196774893146632,0.016501534789382,0.0146968506812143,0.0133123269140728,0.0119824965862225,0.0134275306450816,0.015847533877686,0.0204453085470661,0.0234119946071746,0.0224161509526744,0.0207674975572326,0.0173345234850388,0.0147880635566855,0.0089648647069867,residential,4,spring,0,1,0.23549869,0.23549869,0
1,2021-04-02,0.0024417839874865,0.0021437719250874,0.0019059028426991,0.0018677256855702,0.0021211476962406,0.0081529910508597,0.0229088571226901,0.0248076715279434,0.024047143676524,0.0214122131514208,0.0196679631019344,0.0164938753253153,0.0146902036120918,0.0133064340557125,0.0119773575493701,0.013421656561681,0.0158406614841865,0.0204361985573227,0.0234012616816148,0.0224058799200305,0.0207580980883141,0.0173268655857253,0.014781416487563,0.0089611974341589,residential,4,spring,0,1,0.23549869,0.23549869,0
1,2021-04-03,0.0024539958380859,0.0021114683077073,0.0018976301302217,0.0018596907304965,0.0021285123077612,0.0081733802563045,0.0228978836516958,0.0247768632505505,0.0238103006855235,0.0211768655801004,0.0194336188229222,0.0162614113445087,0.0144837688230955,0.0130757495032797,0.0117474322369794,0.013190990925546,0.0156089902867917,0.0204088432597556,0.0233904506780856,0.0223955343364882,0.0207486303946238,0.017319152102587,0.0147747211715907,0.0089575038496745,residential,4,spring,1,1,0.23549869,0.23549869,0
1,2021-04-04,0.0024413563861493,0.0021435198200169,0.001905083844526,0.001865629272905,0.0021113940865255,0.0081649235307835,0.022885313497162,0.0247641469651011,0.1069395077307788,0.1050042136723802,0.1311610118286252,0.0769359297936295,0.0592820890157887,0.0461541509891432,0.0822667773368974,0.0401596396623929,0.0156020201785852,0.0203996037401787,0.0233795654951897,0.0223851173839183,0.0207390972828833,0.0173113853199,0.0147679795915216,0.0089537847408696,residential,4,spring,1,1,0.23549869,0.23549869,0
1,2021-04-05,0.0024411404421716,0.0021433925029371,0.001905054262904,0.0018656013087307,0.002111293043478,0.0081607393648274,0.0228741433009274,0.0247513471671043,0.0870624450067611,0.1317874867513387,0.1716839969455199,0.1508762798717667,0.0912526934091528,0.0758032910714494,0.1536875980097198,0.0448170125542447,0.0155950043030659,0.0203903035505921,0.0233686075155279,0.0223746317928647,0.0207295015673747,0.0173035675377221,0.0147611937438122,0.0089500412090207,residential,4,spring,0,1,0.23549869,0.23549869,0
1,2021-04-06,0.002440923154201,0.0021432643930143,0.0019050244970678,0.0018655731704146,0.0021111913712038,0.0081579649281165,0.0228614595708701,0.0247566465146744,0.0239982811181603,0.0213693912955502,0.0444427367170662,0.0537559458803044,0.0436109714691181,0.0132824525351486,0.0119564455267067,0.0133977515023229,0.0158126936576542,0.0203991246293552,0.0233575829267631,0.0223640810228735,0.0207198460986368,0.0172957010712165,0.0147543656380262,0.0089462746615991,residential,4,spring,0,1,0.23549869,0.23549869,0
1,2021-04-07,0.0024407045873329,0.0021431355281961,0.0019049945558349,0.0018662640285132,0.002115791261692,0.0081445547983243,0.0228500708992227,0.024743691095051,0.0239858745135082,0.0361425391431901,0.0603608507838709,0.0323482425395915,0.0264805673127935,0.0132763635108645,0.0119511333402461,0.0133916818818821,0.0158055924907547,0.0203897113793876,0.0233464926427832,0.0223534680803315,0.020710133733092,0.0172877882499617,0.0147474972962426,0.0089424853222257,residential,4,spring,0,1,0.23549869,0.23549869,0
1,2021-04-08,0.0024528724838693,0.0020959606187672,0.0019066265353196,0.001866455172599,0.003617807957659,0.0081114213095584,0.0228377709514379,0.0247306637916622,0.0239733991243139,0.0322982966624115,0.058515930599371,0.0621186392321103,0.0146493778769847,0.0132702406191745,0.0374708502890453,0.0133855784624334,0.0157984518258555,0.0203802457725314,0.0233353403601378,0.0223427961867469,0.0207003673496748,0.017279831417266,0.0147405907524559,0.0089386754905082,residential,4,spring,0,1,0.23549869,0.23549869,0
1,2021-04-09,0.0024681175087629,0.0021116859166896,0.0018967013063789,0.0018694626608186,0.0021228251179189,0.008123873657729,0.0228251587615098,0.0247175681191521,0.023960858388844,0.0213365950296793,0.0735869663517053,0.1744532921422318,0.1217962757345405,0.1049793518175969,0.199816562875796,0.0577486615851217,0.0320158010504363,0.0599437120450797,0.0233241301269212,0.0223320682667656,0.0206905498324797,0.0172718329294693,0.0147336480519734,0.0089348451313245,residential,4,spring,0,1,0.23549869,0.23549869,0
1,2021-04-10,0.0024400418549141,0.0021307899148844,0.0018995630491969,0.0018604104463234,0.0021503798628665,0.0093750011091793,0.0228129384616236,0.0246862291284796,0.0823412409642359,0.1324994038332478,0.1471960567234783,0.1313972669478799,0.1263530827444269,0.1280092605859291,0.1290074043707625,0.1061040005095896,0.0931236170802384,0.0515697361036644,0.0551925234269404,0.0223212878106794,0.0206806840995849,0.0172637951552477,0.0147266712508107,0.0089309965373658,residential,4,spring,1,1,0.23549869,0.23549869,0
1,2021-04-11,0.0024398188194864,0.0021426132861912,0.0019048732149631,0.001866147825749,0.0043535446617368,0.0081192555109868,0.02280065772351,0.0246730088802102,0.1150818898401532,0.1810749290148116,0.1680391554620008,0.1817565690153305,0.1228890438036234,0.1134474030765225,0.217371444518877,0.0840685344325422,0.0661600610619056,0.072789142581523,0.0233015478227551,0.0223104577022215,0.0206707730621668,0.017255720474913,0.0147196624150809,0.0089271296913511,residential,4,spring,1,1,0.23549869,0.23549869,2
1,2021-04-12,0.0024519520004412,0.0020955552951843,0.0019056418893299,0.0018649746130748,0.0021090286409222,0.0081396615745131,0.0227883164119473,0.0246779113030046,0.1680100007255976,0.225618780845428,0.2234018189709496,0.2510976386007569,0.1637912548487989,0.1503517200171558,0.283412009549817,0.1139063333823143,0.0781670553981939,0.1084219971147388,0.0232901820301781,0.0222995813737906,0.0206608196630426,0.0172476112797043,0.014712623620384,0.0089232468907627,residential,4,spring,0,1,0.23549869,0.23549869,2
1,2021-04-13,0.0024517194168826,0.0020954528791594,0.0061841100869315,0.0018713392977277,0.0021343439217033,0.0080856603751973,0.0227763009561598,0.0246645819273176,0.2202367933017003,0.2686010446438007,0.2689574638148424,0.2819535738829561,0.2203198550745309,0.2022346425170063,0.2781823402245197,0.1446708395205612,0.127866615717805,0.1187271863003466,0.0645772696564693,0.0592611840734086,0.0545937672157963,0.0474537570556697,0.0147055569511927,0.0089193484230014,residential,4,spring,0,1,0.23549869,0.23549869,2
1,2021-04-14,0.0024391442639074,0.0021422155680046,0.0019055364438764,0.0018666354162681,0.0043490192529121,0.0081084750213705,0.0227635150035356,0.0246512040523447,0.1074991913549743,0.1587348957192105,0.1402347320727583,0.0831459260166482,0.1353037958756755,0.1067367608638132,0.0853484131506497,0.0822420560582884,0.0739641743999322,0.0203225105935213,0.0232673191544126,0.0222777028319702,0.0206407975763478,0.0172312989600217,0.0146984645002343,0.0089154354487063,residential,4,spring,0,1,0.23549869,0.23549869,0
1,2021-04-15,0.0024512517756585,0.0020952469568191,0.0029830978710795,0.0018652538992117,0.0021120894913453,0.0081221399496018,0.0227510381583803,0.024637781651928,0.0993031587530928,0.1527156192502649,0.1730187876702646,0.1343563853800532,0.105811899410693,0.1357204907526177,0.127249738794854,0.093459425527637,0.0657494839682594,0.0451056781163092,0.0232558286391885,0.0222667070016512,0.020630734815729,0.0172231006662868,0.0146913483678711,0.008911509691966,residential,4,spring,0,1,0.23549869,0.23549869,0
1,2021-04-16,0.0024510168564804,0.0020951435114856,0.0033441503252384,0.0018659883725829,0.0021126915096753,0.0081170977366111,0.0227385279569686,0.0246243185624132,0.1159434879223332,0.1722623435246743,0.1730907925021981,0.1466179030459625,0.1181537389511533,0.1213483518495435,0.167343086425721,0.1054373822419122,0.0709933378071907,0.0559103657853234,0.0484860471051634,0.0222556778351942,0.0206206415477669,0.0172148775177254,0.0146842106614775,0.00890757203161,residential,4,spring,0,1,0.23549869,0.23549869,2
1,2021-04-17,0.0024507812976139,0.0020950397841915,0.0029816320091744,0.0018644913493872,0.0021072825103328,0.0081238744504225,0.0227259907510538,0.024592639646206,0.1728804251456272,0.2574027731181177,0.2388680067701159,0.2562727977806659,0.1596592260240073,0.1563576167157033,0.2581263485725205,0.1124220458510286,0.0973638160882835,0.1231986748954242,0.0570599876002694,0.0522797082851318,0.0206105207614861,0.0172066319495454,0.0146770534948185,0.0089036239097207,residential,4,spring,1,1,0.23549869,0.23549869,2
1,2021-04-18,0.002438234631114,0.0021297860098747,0.0019000125242573,0.0018620046395828,0.0021001821938316,0.008133969759689,0.0227134195861526,0.0245791071323988,0.154443106873298,0.2142337944284243,0.2360604525475247,0.270810337248367,0.1682252048779079,0.161643107075504,0.2230947923479707,0.1356391383584761,0.1004912942245185,0.1178202130093593,0.0581702513906314,0.0534334099007433,0.0206003754540621,0.0171983664035939,0.014669878987421,0.0088996659416237,residential,4,spring,1,1,0.23549869,0.23549869,2
1,2021-04-19,0.0024380058454402,0.0021415443482763,0.0019039976940495,0.0018647302991035,0.0021101706862667,0.0081104275670692,0.0227008217411417,0.0245837251690813,0.2169042869595919,0.3135577003519433,0.2481929887269822,0.2522056730566623,0.1742293591271984,0.1696977662425042,0.2537967681349127,0.1393259747939765,0.106855950538118,0.1318956904527129,0.0618154410864323,0.056633707411636,0.0486281706756385,0.0171900833276333,0.0146626892639478,0.0088956995773598,residential,4,spring,0,1,0.23549869,0.23549869,2
1,2021-04-20,0.0024377766440548,0.002141409208219,0.0019053466100178,0.0018671854245238,0.0021191677870919,0.0080882587539679,0.0226887791229887,0.0245701393603569,0.0920624415370458,0.1110967813342787,0.1457140034768991,0.1689974842676223,0.1314818751659841,0.1417515124612382,0.2334934851917111,0.1278705105593682,0.0959846646579277,0.1165891503830959,0.0717424419808334,0.0501934184315827,0.0493375397301615,0.0254068232143608,0.0146554864535662,0.008891726002407,residential,4,spring,0,1,0.23549869,0.23549869,2
1,2021-04-21,0.0024498340628402,0.0021117650584318,0.001901706390942,0.0018624365884504,0.0020998583294565,0.0081229301693176,0.0303263150488932,0.0574111745948318,0.1831321050753105,0.228480873405491,0.2463048617129555,0.189326275089939,0.2000233712708329,0.1694009651219545,0.1815845978070522,0.1563163385567502,0.1180322650976376,0.0761033907191491,0.0761408895495758,0.0717126057806699,0.0205698224783759,0.0421095570121599,0.0383512780337622,0.0088877460926262,residential,4,spring,0,1,0.23549869,0.23549869,2
1,2021-04-22,0.0024373172649921,0.0021411383516494,0.0019045305197455,0.0018651062025145,0.002128723296542,0.0086379961061209,0.0226629054624435,0.0584714644232632,0.111933409308822,0.1743997615522952,0.1741777379167913,0.1874312182403506,0.164023429373548,0.1456416535612388,0.1465334324652183,0.093530443034514,0.0830619291039121,0.0761735413707039,0.0698508301856362,0.0498913698420572,0.0436812154533678,0.0330824254625076,0.0255087382194104,0.021521296628484,residential,4,spring,0,1,0.23549869,0.23549869,2
1,2021-04-23,0.0024493584280865,0.0020944132241511,0.0061553113215489,0.0061330997327497,0.002140321006182,0.0088862159281365,0.0226502461995482,0.0245292745443755,0.049974614144262,0.1025974711551376,0.1369822380847493,0.1052616501802209,0.1041495231641594,0.0896538346514428,0.0385729281430694,0.0553762806444655,0.0156880626015745,0.0202339147015462,0.0231629377690486,0.0221778155502057,0.0205493864576002,0.017156824845401,0.0146338208470038,0.0088797734161489,residential,4,spring,0,1,0.23549869,0.23549869,0
1,2021-04-24,0.0024491203526387,0.00209430838676,0.0040505753612909,0.0018673008172095,0.0021174338044945,0.0080766223543799,0.0226375595735746,0.0244974513384863,0.0677357198222919,0.116190016123348,0.1313833416406517,0.0980843662204194,0.1193468519634191,0.088450057114593,0.0567175111561246,0.065607590380543,0.0547339562948553,0.0202058213992502,0.0231512571085265,0.0221666379052163,0.0205391573083314,0.0171484909920908,0.0146265870487075,0.0088757827294296,residential,4,spring,1,1,0.23549869,0.23549869,0
1,2021-04-25,0.0024641999059398,0.0021098700834811,0.0018962887085739,0.0061508384451868,0.0021288098577786,0.0080709333497523,0.0226248837089021,0.02448380291589,0.0702103654049056,0.138247262477022,0.1948312209738174,0.1536282612371819,0.1570275364128197,0.1539696623605754,0.1958498733723649,0.1418360482343001,0.1115945844769811,0.0751601835732512,0.0668895413599383,0.0623000251788669,0.0205289247715296,0.017140154378902,0.0146193508548323,0.0088717907192099,residential,4,spring,1,1,0.23549869,0.23549869,2
1,2021-04-26,0.0024639518794153,0.0021097551185353,0.001896729173504,0.0018578608136637,0.0021382580401502,0.0088788627159573,0.0226122038629573,0.024488333100201,0.0896803931957213,0.1504649890570137,0.1604726260350623,0.1276800068270358,0.1836502261580826,0.1121320807919644,0.0118464630135954,0.0132720426617642,0.0156656203513985,0.0202041654345788,0.0231278875939143,0.0221442748215639,0.0205186918774639,0.0171318174746449,0.0146121144083094,0.0088677988261132,residential,4,spring,0,1,0.23549869,0.23549869,0
1,2021-04-27,0.0024361663064427,0.0021404597208814,0.0019043728425711,0.0018656686413308,0.0021136093285702,0.0080717803455279,0.0226001679241005,0.0244746879640421,0.1737823949597664,0.2679957053132826,0.2730224915347367,0.260536708929689,0.1911047661365016,0.1806875314901411,0.2135329292031258,0.1668070971782734,0.1342505621551113,0.1350501655367934,0.0911594921882855,0.0715051569992945,0.0699135726753456,0.0586949344917939,0.054223899011191,0.0167640755008223,residential,4,spring,0,1,0.23549869,0.23549869,2
1,2021-04-28,0.0024359362282381,0.0021403240609301,0.0019043413225181,0.0018656384559758,0.0035685269041505,0.0080387182613329,0.0225873008416275,0.0244610501834515,0.1742768861297397,0.2072191709027917,0.2317251358736776,0.2036982102057819,0.172875464693384,0.1634400691619634,0.2113805003724139,0.141382912270148,0.1307914113224854,0.1236283790801731,0.0904786156253964,0.0870517179916142,0.0501881097380112,0.0432539133091865,0.0415224487778194,0.0088598188238907,residential,4,spring,0,1,0.23549869,0.23549869,2
1,2021-04-29,0.0024479302158277,0.0020937843012841,0.002972748543339,0.0018641393090072,0.0021060104810748,0.0080795592376131,0.0225741990907392,0.024447424118599,0.2129470397328795,0.2746161338898972,0.2565161727598998,0.2313686577139553,0.1603664651877307,0.1499859902850011,0.1550709061645433,0.1011892428077803,0.0895329506471351,0.0554562647167102,0.0715322421784507,0.0532817681291152,0.0204880213519488,0.0171068297004568,0.0145904249794675,0.0088558333601087,residential,4,spring,0,1,0.23549869,0.23549869,2
1,2021-04-30,0.0024354767330004,0.0021177481583333,0.0040203913972369,0.0018638412322141,0.0021204086859537,0.0080668148050534,0.0225615585775317,0.024433813921243,0.1086280237856804,0.1487876923760653,0.1840683961262951,0.154018532199238,0.0973001828335736,0.0763317162755312,0.0930333072146884,0.049432449813559,0.0413791058240272,0.020164549705918,0.0230812122252896,0.0220996102147506,0.0204778173201069,0.0170985163107726,0.0145832089436318,0.0088518524372348,residential,4,spring,0,1,0.23549869,0.23549869,0
1,2021-05-01,0.0024352474520469,0.0021399179367098,0.0019049955337054,0.0018668444289975,0.0021179181316402,0.0080477655862153,0.0225494984921452,0.0244020441880606,0.0234513465797202,0.0516853400167123,0.0813402697231022,0.0637830813694871,0.0826532228653107,0.0796100932055891,0.0371883526957353,0.0486570272725656,0.0414382344074665,0.0201364950701678,0.0230695772806557,0.0220884761749396,0.0204676280659892,0.0170902149607392,0.014576003358233,0.0088478767001799,residential,5,spring,1,1,0.23549869,0.23549869,0
1,2021-05-02,0.0024624676659834,0.0021090671501364,0.0018961062642094,0.0033040992089596,0.0021192848047106,0.0080417540622832,0.0225363288655409,0.0243884775407837,0.023438353237147,0.1019510755946576,0.1459182296687435,0.1336115046139276,0.0971371363733634,0.105635772029273,0.1017128666169856,0.1261581786162576,0.0733988191048417,0.0484404797025048,0.0749627568454015,0.0531923547274568,0.0204574566058626,0.0170819281087219,0.0145688103571365,0.0088439085047619,residential,5,spring,1,1,0.23549869,0.23549869,0
1,2021-05-03,0.0024622216384871,0.0021084679752229,0.0019014909475261,0.0018634405795057,0.0021258950453368,0.0085940853418848,0.0225237436733579,0.0243749385517583,0.0682684910814238,0.1931323435373348,0.2180210999757231,0.2195327034801218,0.1696334135662705,0.1897975443770198,0.184975345735474,0.1506299070622082,0.1379454759542959,0.1541261653387302,0.0935391380121914,0.0695767703905019,0.0793090077819566,0.0593791821446017,0.0563263204812225,0.0444980517161038,residential,5,spring,0,1,0.23549869,0.23549869,2
1,2021-05-04,0.0412822406689808,0.041057265948329,0.0319251934309147,0.0379662534405741,0.0021081957559875,0.0314898690814165,0.0706199154899769,0.1166458403820827,0.1359056228189621,0.277466765665035,0.2651672399386503,0.2513208793916099,0.1961529323519945,0.1929535238837856,0.21959830873752,0.0716664241751845,0.0410845513179053,0.0446201447160096,0.0230348072099003,0.047997163590515,0.0204371791172498,0.0170654077100093,0.0145544706240488,0.0088359982274814,residential,5,spring,0,1,0.23549869,0.23549869,2
1,2021-05-05,0.0024343350138437,0.0021393799290101,0.0019035008537588,0.0018642607208779,0.0021084498076633,0.0080507711034337,0.0224993790832904,0.050547257227396,0.0525571315404369,0.1653634809238159,0.2360397674064617,0.2131466822010451,0.1562380328194391,0.1625681641061117,0.1693551693029359,0.16667099335267,0.1594551845699179,0.162687278589953,0.1172623519284824,0.0923150580111935,0.08536913206469,0.0625246687287466,0.0801336801556768,0.0541182663249222,residential,5,spring,0,1,0.23549869,0.23549869,2
1,2021-05-06,0.0645830527778728,0.0436197589180688,0.0414166865799093,0.0402788438127833,0.0392343383454032,0.0358660128213205,0.0714469341403886,0.1114010841013493,0.1517955755503221,0.2564782323124523,0.2787647015924992,0.282339656276949,0.1931426140176151,0.209872848700802,0.2311818636228638,0.1795007403001417,0.1730310095123424,0.1633438658539645,0.1296275121642986,0.1030831593953974,0.1075069060622685,0.0933004546956269,0.1117627013813791,0.0855421702399253,residential,5,spring,0,1,0.23549869,0.23549869,2
1,2021-05-07,0.0737814929997168,0.0732182937437421,0.064176952345017,0.0693201587365525,0.0698696696352809,0.0615104020012327,0.1007930736047032,0.1245367075971594,0.1856788476089352,0.2887389060411533,0.2940655537872282,0.3021328851175133,0.2466693399175498,0.2300322806648104,0.2227655159082264,0.1887952108798426,0.1768745389741279,0.1625128959503753,0.1319456408990899,0.1287537742471165,0.1099403151370803,0.0281821361309147,0.014533108505333,0.0088242132629744,residential,5,spring,0,1,0.23549869,0.23549869,2
1,2021-05-08,0.0498199005988982,0.0487311931645025,0.0130685639172177,0.0430671491265966,0.0436441420608461,0.0425997800412193,0.076943207014813,0.1226582128300683,0.1641487144367439,0.2914184859880471,0.285296742508581,0.2619920113818808,0.241881020850046,0.2415460683381208,0.2148793122826205,0.2127946203283903,0.202899893888819,0.1965615678750726,0.151396771009513,0.1283020603838076,0.1140248788445867,0.1178238858763014,0.093022121691242,0.0979616419984905,residential,5,spring,1,1,0.23549869,0.23549869,2
1,2021-05-09,0.0755429495343203,0.0753923004757736,0.0753963222240726,0.0926898289293601,0.0714585911890308,0.0694976127983187,0.1020834607625201,0.1481781280828296,0.1768645450136206,0.223618960781128,0.2424384237124874,0.2709277065427792,0.2049574501006138,0.2063927126325455,0.2349653250925066,0.2118284831339451,0.1747577705995922,0.1658439740193331,0.1286637485328096,0.123698765852263,0.1187769526970183,0.1150419327599478,0.1142564333271564,0.0919195011924779,residential,5,spring,1,1,0.23549869,0.23549869,2
1,2021-05-10,0.0972433723479503,0.0953786905021884,0.0744189846583212,0.0701955659019449,0.0702071422695714,0.0658133950399923,0.1011120117268605,0.1477116626866348,0.1702911797604342,0.3298994861996807,0.2932107984509,0.2935804224457745,0.209907410247535,0.2304571015541937,0.2493595556539574,0.1914834047893022,0.1806288266010086,0.1787372432529785,0.1331706812040936,0.1310859657160742,0.1210502831060457,0.1194286834298912,0.1181886996469776,0.09128023015087,residential,5,spring,0,1,0.23549869,0.23549869,2
1,2021-05-11,0.0789313711013588,0.0786582950140168,0.0789090061424478,0.0744982062333543,0.0759658355656752,0.0775925544497279,0.022425064510901,0.0586293481256167,0.0347493009722525,0.0661154583477444,0.0192718029954098,0.0533127787451356,0.0747533222813052,0.0917489885250342,0.0761979138797956,0.0886370399075451,0.0765372454521317,0.0682854040333591,0.0666962669339336,0.0629588174693425,0.0286578705217153,0.0170084017824463,0.0145049893857387,0.032652671128219,residential,5,spring,0,1,0.23549869,0.23549869,0
1,2021-05-12,0.0024448897536579,0.0021070673238178,0.0018959885672018,0.0018576396197152,0.0021362545498984,0.0092652317953424,0.0224123228720218,0.0242732108922694,0.0235352593386463,0.1518011965365671,0.2116217100560108,0.2105037794415603,0.14863541773529,0.1369940723067414,0.1817253948931269,0.1598503096288577,0.1485119483585471,0.1052974022293554,0.069969015188518,0.0653990591332512,0.0203573796785196,0.0510298923481607,0.0226911767376154,0.0088048657022733,residential,5,spring,0,1,0.23549869,0.23549869,2
1,2021-05-13,0.002432546621404,0.0021383254061423,0.0019038769430041,0.0018651937403382,0.0021118689447733,0.0080137319903889,0.0224008242728058,0.0242601700127673,0.0695249705168291,0.253826451100285,0.244181740296805,0.213993703078059,0.1794098692199782,0.1735200459265101,0.1956258092388984,0.1392761562455455,0.0905768854907498,0.103419934151327,0.072520930660455,0.0681720760753471,0.0485920569798485,0.075013968969553,0.0725928614963399,0.0088010509771995,residential,5,spring,0,1,0.23549869,0.23549869,2
1,2021-05-14,0.0358359666676896,0.0400008377761637,0.0018996003393835,0.0018673926524948,0.0021199271813089,0.0079947860595215,0.0491998385910299,0.0959222280407712,0.1000348404182129,0.2524454156852757,0.2450447968090518,0.1995342588391124,0.1838314228947324,0.1832174075254494,0.1860378257735895,0.1641478663157246,0.1781063383028749,0.114960130381853,0.1319691046950103,0.107131985278577,0.0690072313277254,0.0800007277858305,0.0769225678188311,0.0395561094761542,residential,5,spring,0,1,0.23549869,0.23549869,2
1,2021-05-15,0.0630898962071953,0.0432836755263337,0.0274649641757491,0.0396300249345038,0.0402162264325639,0.0059021419188904,0.0666525252180379,0.0899280389071106,0.0834494139256689,0.1970303316421353,0.218529283477267,0.1838639409038786,0.2263633259644817,0.1946845683724199,0.1848241360999041,0.2005122125791972,0.1425403444847242,0.1366202388055533,0.1396723331427448,0.133663348699185,0.0747285280710406,0.0833590282442479,0.0813182842967266,0.0456901374403471,residential,5,spring,1,1,0.23549869,0.23549869,2
1,2021-05-16,0.0453635660088221,0.0445486762151653,0.0286051966014732,0.0097868000060205,0.0369614349225559,0.0175486848356881,0.0503262419912662,0.1202546261469815,0.1245667803233541,0.2774421232011904,0.2912348603993485,0.2929054706131174,0.2170311720152156,0.2132889760940824,0.2647508989180573,0.1821173036950591,0.1744039732976242,0.1788203833280104,0.1266558784177045,0.0466585073818197,0.0203185964133719,0.0169687964643335,0.0144706119048755,0.0087897353028974,residential,5,spring,1,1,0.23549869,0.23549869,2
1,2021-05-17,0.0024437649597634,0.0021065236714913,0.0018964854784791,0.001858578940252,0.0021233181555664,0.0080145245968255,0.0223531573581899,0.0242088582713385,0.023473517752181,0.1038782603670797,0.1288706198936375,0.1202661110933797,0.1354425509735497,0.1438289186926911,0.1309776196023323,0.1320951534622553,0.1345700276595393,0.0886371323282103,0.092722729642837,0.0702721340101696,0.0514070509902025,0.0633556422501708,0.0458094399591402,0.0087860103019082,residential,5,spring,0,1,0.23549869,0.23549869,2
1,2021-05-18,0.0328295098674376,0.0021086864991524,0.0019003344463139,0.0018600775173285,0.0021453345952684,0.0091639098755534,0.0223406732655862,0.024196257303148,0.0234614031942342,0.084038673865497,0.1080704744414938,0.1200941786657042,0.1047448645922908,0.0768750461316897,0.0820351720818425,0.0985104224226907,0.0727165099280352,0.0199917870091374,0.0564678755842157,0.0219048293613662,0.0202995649120752,0.0169532911925925,0.0144571533036591,0.0087823105233422,residential,5,spring,0,1,0.23549869,0.23549869,0
1,2021-05-19,0.0024433251326591,0.0020917563529837,0.0018994661321279,0.001866493149726,0.0021145154636236,0.0066175209922101,0.0223315778357038,0.0241837460932678,0.0234493748443088,0.1342403388068226,0.1846120421100019,0.1701108910661294,0.1369020796837519,0.1302370016502753,0.1332513273630905,0.1363893361801927,0.1258941756440776,0.0757480955401692,0.0975135991007962,0.0775786485376584,0.0202901491053177,0.0462742939088633,0.048100409249893,0.008778637055198,residential,5,spring,0,1,0.23549869,0.23549869,2
1,2021-05-20,0.002443107645161,0.0020916605743907,0.0018994398526937,0.0018664644287768,0.0021144116861816,0.0066149687781205,0.0223199924004731,0.0528313249420342,0.069733404672397,0.1416780491788293,0.2061285248051604,0.1887559349276175,0.161049963828174,0.1591688694375692,0.1612726410061707,0.164527652598988,0.1568163368246549,0.1204570171605115,0.1123830318884448,0.0889782929452677,0.047812139017093,0.0584233516047872,0.0552459217091848,0.0162761963510536,residential,5,spring,0,1,0.23549869,0.23549869,2
1,2021-05-21,0.0368784186711815,0.0412903567205002,0.0250097887131596,0.0373509218811636,0.0375659538241497,0.0092505995033284,0.0604810757475835,0.0786304141425847,0.0825923008017262,0.1494875215885595,0.1527032115180512,0.1230236284028742,0.1452488399238301,0.0960870955756624,0.0566050080453967,0.0541125978762191,0.0478034636401985,0.0424676422323741,0.0339816604597074,0.0218741963547767,0.0202715313214179,0.0169304517731491,0.0144373286502476,0.0087713734127387,residential,5,spring,0,1,0.23549869,0.23549869,0
1,2021-05-22,0.0024426778391415,0.002091471293545,0.0018993879184001,0.0018664076694788,0.0021142065977422,0.0092337408528998,0.0223441501828031,0.0241286089696668,0.0231890938835506,0.0586806338898757,0.131226954593545,0.1245570929660285,0.1310183852651619,0.1496332803056252,0.1617978079468864,0.1951384886639143,0.1541974808364249,0.1206717654578091,0.1096967843573532,0.1052407974086203,0.0764472555963559,0.0762362487172552,0.0703675206931902,0.0172710167114466,residential,5,spring,1,1,0.23549869,0.23549869,2
1,2021-05-23,0.032807908081012,0.0377575854463999,0.001899362278941,0.0018671289707045,0.0021189608599654,0.0092698901709975,0.0222832478654488,0.0861649024256406,0.0976193805091845,0.2349483330304628,0.2560530731877112,0.2189163897647546,0.2106147043578396,0.2253251832372937,0.1742438671791577,0.208546798437505,0.197672279750708,0.1438680050891208,0.1592791648002504,0.1290505805552837,0.0960291822895443,0.1016908329358133,0.0995020963423588,0.0554811046013033,residential,5,spring,1,1,0.23549869,0.23549869,2
1,2021-05-24,0.0618889387756748,0.0600128531133156,0.0294983793758928,0.0389369315807691,0.0383844496494513,0.0092769632937656,0.0502744565590801,0.0891208407168502,0.1330330140781716,0.2679456695753645,0.2953295458950284,0.261892931197393,0.2026108815812329,0.2199950713961609,0.2142774748698295,0.2276812017591804,0.2155823607515901,0.1647660982657176,0.1654572652810064,0.0979775006691769,0.0903799080484923,0.0914868436166077,0.0911374698703296,0.0612745576959302,residential,5,spring,0,1,0.23549869,0.23549869,2
1,2021-05-25,0.0515868927048028,0.0515165061424822,0.0348405152370459,0.0461161152828572,0.0479328587044583,0.0334281819073451,0.07815095765684,0.1027787872708731,0.1448961488607515,0.2580364380939804,0.281360590484589,0.2839917121477902,0.2161500323763087,0.2398106048228645,0.2407746621256958,0.2135021788905975,0.18044709050279,0.1537031338484676,0.1311556536074115,0.1274250188380623,0.1016364800628139,0.0946592789121149,0.0922861705851182,0.0792678789753875,residential,5,spring,0,1,0.23549869,0.23549869,2
1,2021-05-26,0.0746192519420605,0.0738996662012573,0.0522728095210986,0.0691683492871154,0.0492167664933033,0.0570634504844145,0.0832724402665178,0.1321243633176456,0.1778560272568165,0.3021267867294917,0.3098978271008627,0.2710348281329008,0.2221718906348748,0.2249178431720158,0.285183750475,0.2180061173961689,0.2070104428602545,0.1920756172759495,0.1994572340156019,0.1466024805598103,0.1047502645403551,0.1150087939739231,0.1112827426802076,0.0791410094651991,residential,5,spring,0,1,0.23549869,0.23549869,2
1,2021-05-27,0.0765864169209724,0.0760978331140464,0.0622892927596895,0.0710489532474981,0.0708035620088402,0.0592838378494202,0.1049468150939442,0.1510369297640504,0.1554472401054315,0.3252371588212014,0.3443798948172275,0.265167619903748,0.2589845862805877,0.2322858877365334,0.2156919305944278,0.2656506464766211,0.2561568855034454,0.1903711508283497,0.2032860741713429,0.1759860016521382,0.1268927377598728,0.1450618680878823,0.1406255977208182,0.1052615640469218,residential,5,spring,0,1,0.23549869,0.23549869,1
1,2021-05-28,0.1264839798093169,0.1040040380648049,0.0941883667246357,0.1253548056618213,0.1012848823353167,0.0834080378966116,0.1116441731018223,0.1558646724416721,0.1389631517297191,0.251309263967126,0.2950763135923825,0.2787008422243749,0.2632087927482946,0.2736211228754109,0.1681915723640483,0.1771323958839515,0.2194084244332071,0.1544816047796634,0.1564518748279126,0.1545530000487976,0.0991059779611665,0.1511951480754932,0.1196563818527419,0.0821435562731559,residential,5,spring,0,1,0.23549869,0.23549869,3
1,2021-05-29,0.0813464198894542,0.0812297018387578,0.0735511072191137,0.0350970802773182,0.0524413400299816,0.0877974992732812,0.1237687626432622,0.1092952464859205,0.1396133087086968,0.1268676998025468,0.1624963922870048,0.2838024207264059,0.1628735819935008,0.1272086621421755,0.2129158399018641,0.1129557192247306,0.0847593667816007,0.061655163007871,0.0783676154938589,0.0731903026882174,0.0483943514736395,0.0645966213089626,0.0599028601471748,0.0461520318290106,residential,5,spring,1,1,0.23549869,0.23549869,2
1,2021-05-30,0.0666972237973677,0.066658443432933,0.0425743630045956,0.0648367291084162,0.066182113234399,0.0547964823555268,0.0981570041473202,0.1457403469363812,0.1865280088705906,0.2112455096506432,0.2625291862651071,0.2962485504211172,0.2608054796069241,0.2366071195149673,0.2652353836669781,0.2143815772237632,0.2078246051356,0.1791693609563203,0.1342253707680131,0.1285078987879792,0.1369102576658116,0.1188773963054197,0.1173546979358844,0.1163295870318578,residential,5,spring,1,1,0.23549869,0.23549869,2
1,2021-05-31,0.1013671601287506,0.1023453313339501,0.0878674748585843,0.0984339967662744,0.0995092572242647,0.0954467744508922,0.1335988519131838,0.1575349812185494,0.1960813920998647,0.2140093211321825,0.2473913086053845,0.2427087572832192,0.2389939694668997,0.2352810394620181,0.2971435546270041,0.2145250752077541,0.2060296506490162,0.2264828891079988,0.1592647589060508,0.1550767942090004,0.1471292979925314,0.1445673798273522,0.1399477924345341,0.1161173501410899,residential,5,spring,0,1,0.23549869,0.23549869,3
1,2021-06-01,0.1046237279516108,0.0980742526022073,0.0838476491740105,0.0951109127326706,0.1019095784695241,0.1105009238883404,0.1598193322672295,0.1811911639128654,0.1815513202515363,0.2666916896203049,0.2798892191753669,0.2431913638796159,0.2737987967103124,0.2981111369358449,0.2867995585919387,0.2448588333394384,0.2277175644943073,0.2332601205250466,0.1841283200751222,0.1811511486789004,0.1500905324719831,0.1464125787003294,0.1451772755107321,0.14194840090203,residential,6,summer,0,1,0.23549869,0.23549869,1
1,2021-06-02,0.1279069202923571,0.1327308112200655,0.1237528760540233,0.1271263190314564,0.1070887008481854,0.0923580269642917,0.1568497670344688,0.1584095689800269,0.1706271602211247,0.2611577272484912,0.2677642843771338,0.2796275399947766,0.2157216558557199,0.223353048265572,0.228100379865676,0.1661554187546461,0.1561002461177639,0.1547875571615824,0.1787738158086284,0.1517118188721575,0.1530774319725094,0.1422894344955808,0.1456451953617283,0.125177007165495,residential,6,summer,0,1,0.23549869,0.23549869,3
1,2021-06-03,0.1267351584668121,0.1196178993708782,0.1109977724333034,0.102461300225164,0.1280004283188085,0.1157936321127093,0.1357578566196087,0.1881532328874185,0.2159182638944165,0.2637215878296554,0.2764862798720234,0.2707879505833322,0.298179346039786,0.2966341858854709,0.2836923429661677,0.2727436956986868,0.26075337114138,0.2281183738918304,0.1838250387274226,0.1816977251012223,0.1674834792899365,0.1720636455985597,0.1499175061776355,0.1305372904581273,residential,6,summer,0,1,0.23549869,0.23549869,1
1,2021-06-04,0.129617416672764,0.1341512697527213,0.1204331072244252,0.1256079527563988,0.1263184089887566,0.122934437712988,0.1628336236331012,0.191011228268879,0.2195835596003862,0.2702198814150617,0.2768734773058244,0.2755047250848708,0.2592654656239017,0.26565293576799,0.264359651994456,0.2353543031682273,0.2338125962672021,0.2029966956983577,0.183813690995011,0.1863061624902694,0.1665372660760613,0.1734166342912574,0.1745752250006162,0.1314641809846641,residential,6,summer,0,1,0.23549869,0.23549869,1
1,2021-06-05,0.1312182426164677,0.1321280218055756,0.1241362537055369,0.1271614432271247,0.1039090936499095,0.1105990111934384,0.1603309665052497,0.1865305113689396,0.1885361976695865,0.2668341339485728,0.2768738720989906,0.2774298499465671,0.3010479192910425,0.2983407625270932,0.2842051824798267,0.241014978477208,0.2293809880655365,0.195187095125862,0.1548616476464153,0.1675289768538907,0.1468440449154612,0.1702517233838434,0.1702761190566291,0.1377227401623779,residential,6,summer,1,1,0.23549869,0.23549869,1
1,2021-06-06,0.131063422814712,0.1510477485500668,0.1135906233438447,0.1252249025016504,0.1236269671565651,0.1132760093587637,0.16345531858215,0.1852898289786528,0.17914733985516,0.2466865572493041,0.2791664753932832,0.2378714873194523,0.3035898579906684,0.2613250924564325,0.2329031967103045,0.2455596070017497,0.1784961456263692,0.1728176348745332,0.1876383868204973,0.1849586501022145,0.1606605930403752,0.1483777375952226,0.1490952576754936,0.1312663890263236,residential,6,summer,1,1,0.23549869,0.23549869,3
1,2021-06-07,0.1562447544148819,0.1425070205476289,0.1236209036966102,0.1271620372971471,0.1042887347132488,0.0559743798106303,0.1318132755378367,0.1829424713122149,0.1667478377751162,0.2247618554625866,0.1777854682241841,0.1499509166566858,0.2391235946447752,0.2302987222783807,0.194728726565791,0.2444242528140423,0.2010522088696675,0.1724962162015665,0.1824804788243879,0.1804373878960549,0.1480687190345486,0.1005959797248413,0.0863121675958575,0.0701895659711351,residential,6,summer,0,1,0.23549869,0.23549869,3
1,2021-06-08,0.0952918489883614,0.1186305503347384,0.1175826545838178,0.1256303374315288,0.12728190486387,0.1206409888622381,0.1527964012834491,0.1612617459191832,0.1645842600294056,0.1469573223957079,0.0808429008329307,0.0827648048837116,0.1145635460223821,0.16130619139298,0.1670982139657994,0.1144409531121505,0.1031773270949634,0.060894034336669,0.0939274854134869,0.0896818463281986,0.0719375757351872,0.0824610131586311,0.0790614764933142,0.0627542513995419,residential,6,summer,0,1,0.23549869,0.23549869,3
1,2021-06-09,0.0861435315576165,0.0753012524032145,0.0542471962000096,0.1116987814484184,0.092509434232262,0.099040657055854,0.1188344469646293,0.1602612428760762,0.1575987940082073,0.1938527325464187,0.2099751066390347,0.2238962196477992,0.2219519881965351,0.2177213783348624,0.177066220882353,0.1195642023746161,0.0906076561404494,0.0576993367259516,0.0760805171622767,0.0910371797077376,0.0629740839378146,0.1058235092011416,0.1287380674278633,0.0634907066410683,residential,6,summer,0,1,0.23549869,0.23549869,2
1,2021-06-10,0.1179968027400991,0.1264648170788745,0.073630029116339,0.0478924302689193,0.0261740531636651,0.0065913217290868,0.0444198591661108,0.071031178770912,0.0486499522503177,0.0757777290855991,0.0842082530270605,0.0596859831833879,0.1159243198861335,0.1092204256988083,0.0607651932497734,0.0774552204814654,0.0790394751461402,0.0600544524556174,0.0863721497384197,0.0842611997341836,0.06204925093349,0.0753569491017249,0.0728466720110158,0.0532761108369346,residential,6,summer,0,1,0.23549869,0.23549869,0
1,2021-06-11,0.057062386816799,0.0419695844632894,0.0322115524456602,0.0540855745721041,0.0559167371072925,0.0416167304503778,0.0937441663791055,0.1226440615763272,0.1312364275779639,0.1549955029588308,0.1656484755159024,0.2106479278332562,0.2092257952256685,0.2327801279547482,0.2586047977163855,0.2284607571674262,0.1901860674721829,0.1677445849619706,0.1428120105869399,0.1448322532476736,0.1107892144101828,0.1358970662868434,0.1325706046908655,0.0991311594147479,residential,6,summer,0,1,0.23549869,0.23549869,2
1,2021-06-12,0.073023768305243,0.073105604049478,0.067433552196524,0.0678182987921671,0.0671019735798514,0.0650127976532981,0.1005948186223162,0.1474015967043302,0.1714407447211429,0.1879812170527319,0.2010474121069545,0.1647699946279749,0.1800574018163032,0.2298227275204169,0.1916700796157649,0.1805412683386713,0.1693092993860491,0.1516773803138955,0.148888938968804,0.1124550595427744,0.074085156792664,0.0684662670929532,0.064551894151733,0.0425019306005154,residential,6,summer,1,1,0.23549869,0.23549869,2
1,2021-06-13,0.0696543780378155,0.0985216841394908,0.0770433261350326,0.0930189872796279,0.0935320365057176,0.0830336674465539,0.1274915353717835,0.1505390714205717,0.1748647368895779,0.2181376284357684,0.2259045723860053,0.2206793955263226,0.173147418862215,0.1917972394915896,0.216414808518983,0.1811094422810818,0.1757970705425337,0.1799989325072164,0.1528515500387917,0.0825854480854058,0.0582091788506181,0.0662161151453797,0.0639919066403018,0.0455717224284661,residential,6,summer,1,1,0.23549869,0.23549869,2
1,2021-06-14,0.0693101679950918,0.0752918843461681,0.0436673875782614,0.0439515225321808,0.0428833468098936,0.0091877835004831,0.0460862723690912,0.0855745227670828,0.0897549614157347,0.1231227823028503,0.1399276743038661,0.0981169357004412,0.0945519810697819,0.0844535062574846,0.0910647700291374,0.1090431006422069,0.0771313467284484,0.0743342113141558,0.0475191097928854,0.0216623744894652,0.0200776839797503,0.0167725212104385,0.0143002446636526,0.0086957468148115,residential,6,summer,0,1,0.23549869,0.23549869,0
1,2021-06-15,0.0339908604208029,0.0357065694839759,0.0018995230945749,0.0018678668413004,0.0021216648203743,0.0104576503547225,0.0459109774348515,0.0631369759799223,0.0907266860447096,0.1377617072998788,0.1662141578554402,0.1628204047753785,0.2023224604684305,0.19568386843102,0.2009468592297561,0.1891412239491055,0.1603613698926099,0.1542588720843792,0.1160662317024404,0.0908873228581024,0.0821107444870716,0.0799532893973091,0.079483271238383,0.0679211361401866,residential,6,summer,0,1,0.23549869,0.23549869,2
1,2021-06-16,0.0624188717457395,0.0682855276747141,0.0485712446019771,0.0419508844469195,0.039587629441207,0.047382579589804,0.0983993553541057,0.1477324733304452,0.1701452557497894,0.169794332503447,0.199415348670863,0.2138095602104304,0.2195354680962415,0.2187588543585205,0.2736111308758002,0.1746527526472338,0.1712596115148274,0.1681151436207381,0.1249053043014536,0.1222162166772077,0.1093665398825207,0.1107272565076841,0.1104800163281031,0.0937868494165534,residential,6,summer,0,1,0.23549869,0.23549869,2
1,2021-06-17,0.071108471730057,0.0957312936428906,0.0754018340067111,0.066535745945048,0.0672357325181933,0.0695749515058975,0.1005377657672778,0.1466163265217169,0.1663354521619483,0.2242661047345469,0.2126941637209904,0.2590554297445471,0.2008738188101873,0.1768330064374459,0.1626425706604932,0.1471632137082995,0.1457481712459529,0.1466372819131906,0.1233589946475667,0.1202225801872884,0.1079391265995564,0.1094342157604889,0.1088821148479666,0.0686284824940121,residential,6,summer,0,1,0.23549869,0.23549869,2
1,2021-06-18,0.0695888494381454,0.0734538256433067,0.0498297008037134,0.0654501450653575,0.064054587376926,0.0521695984472172,0.0766928862385132,0.1179797661462345,0.1675442380701098,0.2193596794966965,0.2489820283312161,0.2745376519604681,0.2573261665546037,0.2517508666360653,0.2874648507342401,0.1892971034156733,0.2344808811998563,0.1926380769683546,0.1517235248989805,0.1497158955326608,0.1285653727856303,0.1131685851771353,0.1139861484636801,0.087033666201857,residential,6,summer,0,1,0.23549869,0.23549869,2
1,2021-06-19,0.0952444234225677,0.1003816154232582,0.0715183481105894,0.0702690854386752,0.0686841940430296,0.0641423033844446,0.1052895167408637,0.1329473769661253,0.1850836502309358,0.2600229009015988,0.2935876088587488,0.2830756049913838,0.2646418428565264,0.2684591050855283,0.2373597223302339,0.2363395924864426,0.2350185622959039,0.2474727593628244,0.1584329358694551,0.1533158033769024,0.1449568928544128,0.1176496243675074,0.1189549675443926,0.1150047350554051,residential,6,summer,1,1,0.23549869,0.23549869,1
1,2021-06-20,0.1221388956077716,0.1040942590297787,0.0849008057775425,0.0953429183400857,0.0716638086230786,0.07388483194815,0.1102140317053172,0.1617124173404353,0.2060293557043535,0.231101457182897,0.2463309688573819,0.296350246420331,0.2903566500602757,0.2917997570948592,0.239339350262165,0.2467816562692653,0.2380993607687124,0.2523428126117622,0.1796396499244365,0.1553530733639247,0.1483771755949045,0.1191167866867356,0.1202409062927564,0.1192429896289588,residential,6,summer,1,1,0.23549869,0.23549869,1
1,2021-06-21,0.0997257647556663,0.1326977748895544,0.0911911232655804,0.0973937572664563,0.0972298807563911,0.0881160895777284,0.1330445961969673,0.1772732473253838,0.1922260972470406,0.2062355028656672,0.2416873415697046,0.3062414886638306,0.2828890891202154,0.286873867906807,0.3176135977986161,0.264980110094231,0.2565123335295202,0.2342735448052975,0.1837999415847586,0.1807465084022297,0.1531852341272933,0.1460732169617783,0.1468634466288461,0.123345938328668,residential,6,summer,0,1,0.23549869,0.23549869,1
1,2021-06-22,0.1263051532544221,0.134655877223719,0.0989892262241121,0.0986751219347552,0.1005599791283839,0.1003503995510411,0.1329515197805554,0.2030336912763798,0.218235246837438,0.2320197344908877,0.2706904831547037,0.3170207875711711,0.2930299205965252,0.2982172076644213,0.2921531093588898,0.2669510422963291,0.2660967728591861,0.2376922505973505,0.1851421744962385,0.1828437680181982,0.1608420904835979,0.1458088896833379,0.1477934512255876,0.1284795555479646,residential,6,summer,0,1,0.23549869,0.23549869,1
1,2021-06-23,0.128714177791807,0.1353885053493178,0.1050183839042173,0.1004469371884823,0.1248090788072946,0.0959867751347584,0.1366928028484378,0.1893307731628829,0.2254345466219348,0.2289886509029162,0.2715516174918755,0.3218089911933161,0.2887192931565436,0.2982179200891551,0.3166570498015563,0.2627164085195148,0.2670253941151477,0.2344853759433714,0.2125706893816046,0.1883731667133909,0.1742506204528865,0.173268423205881,0.1777011082069696,0.1442615269585707,residential,6,summer,0,1,0.23549869,0.23549869,1
1,2021-06-24,0.1346569960978198,0.1429265895751593,0.1233606778536687,0.1262768182362105,0.1321069669754949,0.1320402037810655,0.1650208041178742,0.1900651447590383,0.2348610821165357,0.2484628013078662,0.2784473979253217,0.3152920355681642,0.3020762399283332,0.315782151958988,0.2947798547065353,0.2944410384823159,0.2668086186413652,0.2324688326162879,0.2166407792145118,0.1898666671679005,0.1758662425785301,0.1786378140503761,0.1754401684555837,0.1551562937242206,residential,6,summer,0,1,0.23549869,0.23549869,1
1,2021-06-25,0.1343133547015896,0.1686911241761963,0.1367592912388945,0.129453023530661,0.1298572281677321,0.1338033444542705,0.1644248480578108,0.1843257237439664,0.1943122399560608,0.268248818095501,0.2733071667529008,0.3037787037507936,0.2919410166817696,0.2976391434266474,0.3101458767336756,0.2705083657889689,0.2676605117960019,0.2353805533389344,0.2134737326812527,0.185090022554367,0.1752275030736162,0.1728634527634773,0.1742712889885952,0.1414613031040754,residential,6,summer,0,1,0.23549869,0.23549869,1
1,2021-06-26,0.1351607288098778,0.1388444089226556,0.1233161358077887,0.1301157724237218,0.1263157961925495,0.0914237384159143,0.1617546225128219,0.1849191337250342,0.2372144936671031,0.2607056489035902,0.2661550727455254,0.3264683303643547,0.2901709424910174,0.2999853897429431,0.2321703182308731,0.2678836133817768,0.2678224233301599,0.2657106710014429,0.2119364270894925,0.1845463963688761,0.1664188558033311,0.1731912687080568,0.1728531807882981,0.1274608963963294,residential,6,summer,1,1,0.23549869,0.23549869,1
1,2021-06-27,0.1327782922230493,0.139144511586281,0.111401752113068,0.1296407168827094,0.1306175397069894,0.1165258539870913,0.1629050926205967,0.1838061971265716,0.2136740988108171,0.2291406377298431,0.2064197400411405,0.2367523995805218,0.2717959620639063,0.2512782510969969,0.2472540501084751,0.2671232897450253,0.2310149440286507,0.2268936478144612,0.2053129979028447,0.1994154007013868,0.1373380917397264,0.1662582533928923,0.1421656641405567,0.1229095764444019,residential,6,summer,1,1,0.23549869,0.23549869,1
1,2021-06-28,0.0449960018953358,0.0647842799380501,0.0514194634137298,0.0750313702148428,0.0767624351810009,0.0385671422556201,0.0829328666519299,0.0771024601606921,0.1163994601060285,0.1298827263719275,0.1379599670214746,0.1416359330156948,0.1656602785309658,0.1551513948478039,0.1017031199785174,0.140081952242175,0.1558055466170983,0.1032340901519791,0.1213127134589606,0.1153838086668311,0.0850066380381729,0.1074058083846207,0.1037588738145647,0.0778275125063417,residential,6,summer,0,1,0.23549869,0.23549869,2
1,2021-06-29,0.0906071774947283,0.0745443862993555,0.0547004468888931,0.0664388270219634,0.0670191438706386,0.0379878112618209,0.0702488643210991,0.0602550766148983,0.0816178100625238,0.1743079363373464,0.2085782254572337,0.1673912805963833,0.1318353358213274,0.159569805781542,0.1228569078630165,0.1384578287565463,0.1316675889818253,0.1232919935270582,0.1169736452355755,0.1140363965338978,0.0882851079739466,0.0822979500252858,0.0792557464153829,0.0660064271627281,residential,6,summer,0,1,0.23549869,0.23549869,2
1,2021-06-30,0.0634867342934086,0.0683477026842128,0.0445464119210338,0.0597023346127009,0.0609513758227641,0.0419147509252305,0.0694577915039688,0.1095801060295957,0.1119060551127163,0.1771154336740658,0.2061761601837041,0.2222983724911382,0.1057494451673658,0.1333166140357761,0.1222361910043745,0.1714607190160624,0.1592031082923446,0.0724672223218175,0.0892558052839219,0.082171472022902,0.0702765654128033,0.0838449976597478,0.0921483193490078,0.0883221881169925,residential,6,summer,0,1,0.23549869,0.23549869,2
1,2021-07-01,0.1015213291896088,0.1058948343679662,0.0905263913299584,0.0994750397968936,0.0995666344528832,0.1090621377416039,0.1409246173370331,0.1620857230021682,0.1890861127880549,0.2287168959981696,0.2415579835264072,0.2587917644787004,0.2674879982459609,0.2721001076459036,0.2462338988949033,0.2556884276720486,0.25026221873171,0.2126725943999976,0.1991497658653876,0.1729942678011711,0.1469546453396402,0.1660156501460113,0.1644052687102666,0.1197527359246359,residential,7,summer,0,1,0.23549869,0.23549869,1
1,2021-07-02,0.12468576487549,0.1338042747102943,0.1095542286005148,0.1215113967717014,0.1219143113820784,0.1086950347525754,0.1546859623543395,0.1722333778812883,0.1804466659384257,0.2528670056718247,0.2847536444132346,0.2541081424384237,0.2839456113331832,0.2874498675532292,0.2493567164718406,0.2592881257428238,0.233111178783014,0.1857919823151028,0.1811097151023582,0.1784046101911394,0.1467880197405573,0.1675792877020886,0.1674426195349596,0.128536229515286,residential,7,summer,0,1,0.23549869,0.23549869,1
1,2021-07-03,0.1262370579251613,0.1572463712870391,0.1121944625501394,0.1216745331853942,0.124058015902294,0.1165075393506999,0.1582074448614945,0.1794648831351078,0.1846529699019646,0.1975300865024312,0.2621822496556492,0.2229613157277784,0.2741059044586861,0.2769556538907419,0.2139229392925597,0.2327049900345869,0.2253094838833786,0.1743271550384581,0.1771181800661616,0.177003883750315,0.1402362448695552,0.1679592079681992,0.1670594366549639,0.1225425857899065,residential,7,summer,1,1,0.23549869,0.23549869,3
1,2021-07-04,0.1279884387773998,0.1330113878633497,0.1085397264816804,0.1247584614523,0.1251508908693019,0.091202571445726,0.1535891823608708,0.1662273315100669,0.1444488701943925,0.1450941337546953,0.1514089367906795,0.1870134378937315,0.1617078059646779,0.1859968973806488,0.1563175326816596,0.1978105533406987,0.1909721711386924,0.1146657572655983,0.1487333940724408,0.149736467484084,0.0888178530770497,0.0725731549540402,0.0478192591476767,0.0086548769431159,residential,7,summer,1,1,0.23549869,0.23549869,3
1,2021-07-05,0.0283049268999066,0.0020884684133636,0.001899232430849,0.0095194939090616,0.0021111438387362,0.0070361826676589,0.0556310484655171,0.0991945962693452,0.0876590783220759,0.158513445213617,0.2092426998003351,0.1862110050984992,0.2419223166245069,0.2046717626941325,0.1699949714570938,0.0686602279644149,0.0718157350862044,0.052699830795519,0.074209302592799,0.0501890672533439,0.0199693256913182,0.0766934858747018,0.0580848587807787,0.0162961660564113,residential,7,summer,0,1,0.23549869,0.23549869,2
1,2021-07-06,0.0388954474105838,0.0137579801220804,0.0019006508828598,0.0345536186164804,0.0387858928282916,0.0104744358878794,0.0683149620785601,0.1115304379589308,0.1145598603646461,0.1855738924197654,0.2130327916671353,0.2425771767791582,0.231631169250718,0.2564042659292431,0.2748633982855776,0.2348133312029471,0.212014428284201,0.1884966476158677,0.1630449182279387,0.1657250727083342,0.1230154976084601,0.132051228140421,0.1281105293928008,0.1011884564248828,residential,7,summer,0,1,0.23549869,0.23549869,2
1,2021-07-07,0.1162425569883013,0.0987541250642574,0.0793707859150073,0.0917371278451743,0.0922403242213105,0.0780110479691347,0.1052413508415333,0.1514153958689667,0.158750933012282,0.2320419130772777,0.2636253608526671,0.3046481527250163,0.2797357430229862,0.2820989937048737,0.2787403060977502,0.2565212818235239,0.2567586736375785,0.2186443212364747,0.1960608658697952,0.1731636231058083,0.138524141504348,0.1655523271892866,0.1403516011584102,0.1104921727260674,residential,7,summer,0,1,0.23549869,0.23549869,1
1,2021-07-08,0.12659509167566,0.1299339583424392,0.0827598117922703,0.0988889726336422,0.0987700313401498,0.0774306202808078,0.1315437096887345,0.1791902446785516,0.1951722769312156,0.2518849980410917,0.2609828052818255,0.2985737853981123,0.2886820902733391,0.2880966163851013,0.2805624852754989,0.2798649400945805,0.2471773797251219,0.2068882917366609,0.1913515684251173,0.1716112250478479,0.1394523973737097,0.1413750967578082,0.1430699795890617,0.1092337783000062,residential,7,summer,0,1,0.23549869,0.23549869,1
1,2021-07-09,0.1254097251222495,0.1302858404600504,0.0895602898853044,0.0992223338906976,0.0985277768712437,0.0870524880442608,0.1315588587608937,0.1794846986998708,0.1913063437439549,0.2320733787910976,0.2663713055426834,0.3222446075139033,0.2949967577547581,0.3153962904829488,0.2933601686046478,0.3194999870702112,0.2817990337337553,0.2348839533709048,0.2055459141371448,0.1791495662738275,0.1540660329189707,0.1761628759278346,0.1495505977234497,0.1272041664582762,residential,7,summer,0,1,0.23549869,0.23549869,1
1,2021-07-10,0.1299159147689771,0.1352824661905689,0.1058764018722499,0.1246077093093845,0.1011352393683247,0.0953753874191949,0.1352203352605774,0.1586902851779667,0.2035536466799105,0.2368285955489732,0.2705808538208962,0.356372969656169,0.3317793293510815,0.3274434174326781,0.3181385676077206,0.327837687926642,0.3179148980247286,0.3001109596740041,0.2765548594467268,0.2214128643447655,0.1970503737220249,0.1774074903488256,0.2006596695272648,0.1774572421850906,residential,7,summer,1,1,0.23549869,0.23549869,1
1,2021-07-11,0.2148650940057078,0.1927302661936444,0.1316553261535028,0.121721868665075,0.1228241839932716,0.1342405846500695,0.1534874199481406,0.1982514079223047,0.2050100105168834,0.2443555369105142,0.2564094490986321,0.2637444236957141,0.2906433022882129,0.2833989291322509,0.2525121993053253,0.3105402677164144,0.27107838112781,0.1201230779228321,0.1638772309375138,0.1558402404293059,0.1224414891389544,0.1475242809551462,0.1427492510858548,0.1153376670849311,residential,7,summer,1,1,0.23549869,0.23549869,1
1,2021-07-12,0.1038679474450941,0.1065372430892792,0.0942118025393958,0.1204761204988274,0.1186543953393067,0.1011536569215021,0.1501063430058251,0.1684033034286458,0.1777294090751005,0.2708893805165901,0.3028889464542766,0.3139448075346057,0.2513381130120557,0.3455663392539067,0.2808917774919122,0.3348687070072287,0.3048174843830651,0.223551160882308,0.2230238305648706,0.1793308457606544,0.1543303545584346,0.1679292748567238,0.1640508113313266,0.1143242984803648,residential,7,summer,0,1,0.23549869,0.23549869,1
1,2021-07-13,0.127894406425104,0.1314128480386598,0.0997393238614961,0.099793167132847,0.1013818165121715,0.0926629808429753,0.1330630853557274,0.1785070858486579,0.2258625278127894,0.2355802608440016,0.2715555216471242,0.3568117775081619,0.3150170397776837,0.3080429211504701,0.3151962341501934,0.3489293844695306,0.2987504163430832,0.2435900809464383,0.2256583646105092,0.2054804682055075,0.1622976501848353,0.1747733071335075,0.1729864497908382,0.135750088601686,residential,7,summer,0,1,0.23549869,0.23549869,1
1,2021-07-14,0.1339711800900123,0.1414198234202259,0.114203798686769,0.1032864592216751,0.1047812896667783,0.1041155487699498,0.1406509843090664,0.1624908134394768,0.1922832516883592,0.2493884098531817,0.2466013421665466,0.3027335502618939,0.28567209818491,0.2811057443344248,0.2503586084284812,0.2655706213250153,0.2331566299763964,0.2015059320848009,0.1828362723840123,0.1792958032879413,0.1540563324612144,0.169953839437579,0.1685840913379968,0.1286962154907443,residential,7,summer,0,1,0.23549869,0.23549869,1
1,2021-07-15,0.149404938985245,0.1284170836946816,0.1053266012688619,0.1217397666143721,0.121033443139798,0.1005852429508138,0.1532898130569553,0.1727373889529367,0.1671778297936047,0.1510068511274287,0.204264197949453,0.2386932390611484,0.3115432201751088,0.3023708048133868,0.2574635300837006,0.286144470893506,0.3016628760644761,0.2165797050372818,0.2413126504021882,0.2166785443813665,0.1408899853272716,0.1956292880538014,0.1646254342244519,0.1247896799795222,residential,7,summer,0,1,0.23549869,0.23549869,1
1,2021-07-16,0.1528304985774785,0.1345244634012907,0.1041298155129871,0.1243168225773622,0.1219583222200319,0.1015765742271742,0.1564211590056725,0.1523513376431435,0.1843681671626092,0.2824911343732234,0.2827836892681457,0.3069363992978134,0.3312548152577375,0.3281309341759778,0.2721216974724496,0.2822612751414774,0.2966682890867252,0.2043585576406335,0.2274254659796913,0.2007238760746154,0.1439316562590237,0.1711841093530159,0.1648460736453764,0.1258635172921836,residential,7,summer,0,1,0.23549869,0.23549869,1
1,2021-07-17,0.1282849267407631,0.1319195067272583,0.1002859515172459,0.1009612168652091,0.1007123813157956,0.0981088901532572,0.1339793119798793,0.1815735436945024,0.1950446528080078,0.2852572654864183,0.2981624553026929,0.3523755122944821,0.3146203183105118,0.3188945663165126,0.2923905045328798,0.2946906496744487,0.2718634436277934,0.2313167062414835,0.2451655337944558,0.195076079354339,0.1807717258774156,0.1871932165570937,0.1677282962814378,0.1507505699669717,residential,7,summer,1,1,0.23549869,0.23549869,1
1,2021-07-18,0.1508211425905011,0.1652554247420487,0.1338498706842245,0.1530686993684683,0.1514057694234854,0.1241761748036593,0.1617134699018537,0.2151099010186515,0.2188203009365558,0.2933018012703002,0.3267144849276845,0.3717910349331138,0.356865915787916,0.4142584800549058,0.3501556309023819,0.3747067093301924,0.3389396469697746,0.1819310337472887,0.1578728761113762,0.1179031131256041,0.1085902039523875,0.1298468379140529,0.1494675180390387,0.0925895043215858,residential,7,summer,1,1,0.23549869,0.23549869,1
1,2021-07-19,0.1095400068430688,0.0922053208198768,0.0403455751073775,0.0402431176185843,0.0390192139172037,0.0528858907046344,0.1006570134666706,0.0852786564264603,0.1120454649036616,0.1226652352736318,0.1381364978245339,0.1178556199470306,0.1113722478812832,0.1468707722258322,0.130191888278829,0.19922466323604,0.2192252237107458,0.1495855035807048,0.1618081842821558,0.1334994832236111,0.0780356107406142,0.1047903111652039,0.0811185826092255,0.0607955456643151,residential,7,summer,0,1,0.23549869,0.23549869,2
1,2021-07-20,0.0892276569903583,0.092300561316367,0.0388752312666498,0.0453563912120885,0.0663958222151234,0.0624635343833411,0.0973180148453861,0.1399577847025284,0.1738574437173025,0.2172987612720859,0.2206318128599776,0.2718125796423347,0.267134722967887,0.2818469842798654,0.2532934444529529,0.2865179291166884,0.2503883960402866,0.1927652539430384,0.222207240502491,0.1671820613651068,0.131796399960826,0.1396884633094697,0.1582931567639038,0.1100754174873036,residential,7,summer,0,1,0.23549869,0.23549869,1
1,2021-07-21,0.1199832953052557,0.1221136648255901,0.0892362542404746,0.0942171755911649,0.0948340720610602,0.0845556219497118,0.1054794881550614,0.1710357627159424,0.2018829408845581,0.2495504598026179,0.2363256681411399,0.3088061174233937,0.2916656403805604,0.2910114833438037,0.2718633203293414,0.2643378182196329,0.2594496873661602,0.2409120301678994,0.2008079993612652,0.1762295384346952,0.1497198383474035,0.1422447957949069,0.1382600618421044,0.1117713780209389,residential,7,summer,0,1,0.23549869,0.23549869,1
1,2021-07-22,0.1222444354943512,0.1260886762160092,0.0907809145437088,0.0989049163591608,0.097651309478867,0.0822516009769179,0.1294452191170294,0.1745905031995196,0.1878265995878681,0.22650784017793,0.2368330142820458,0.3059535720076001,0.2913834961004862,0.2881593366689377,0.2599448587176191,0.2617654060222653,0.2592757464864165,0.238849462609428,0.1990133363669636,0.1771332343819427,0.1349058123165619,0.1434669371229835,0.1401503523248494,0.1066142264068263,residential,7,summer,0,1,0.23549869,0.23549869,1
1,2021-07-23,0.1241358179548231,0.1063123192404188,0.0873787571866206,0.0963945691880564,0.0985700272176241,0.0806227549910574,0.1288798242718967,0.1716046114875517,0.1743284977750503,0.2242427943565519,0.2147337007613273,0.2728105730642344,0.260631632720215,0.2677260432381271,0.2681809017786964,0.2570156247928152,0.2223533852179011,0.2213198025496604,0.2041795837116732,0.1801868117503383,0.1312252039441221,0.1461392398307183,0.1443031310031278,0.1150487611448692,residential,7,summer,0,1,0.23549869,0.23549869,1
1,2021-07-24,0.1317252977776025,0.1338522756522263,0.1031346791735026,0.1244841305220159,0.079306793351345,0.105940096561633,0.1556826580776381,0.1534136066347523,0.2124599299457716,0.2317951684747882,0.2142423095004474,0.2644096337998153,0.291253566971743,0.2912635248793492,0.2138808948040358,0.218081116125952,0.240323936949084,0.1947493387375576,0.1839077241057582,0.1800577266436224,0.1489974002641831,0.1489118515183799,0.1460081509759918,0.1225756734583929,residential,7,summer,1,1,0.23549869,0.23549869,1
1,2021-07-25,0.1311189585651738,0.1338920760490605,0.1071775636966769,0.1263456703181888,0.1267425464986614,0.104422221819151,0.1577206610756135,0.1760349476441027,0.1721921291376643,0.2298481005878739,0.269024761577282,0.2871192986786909,0.3002341469393322,0.2685741834698283,0.2765541034567973,0.146566900780763,0.1616829810894055,0.1910659038934602,0.1846063529155312,0.1843202989963858,0.1503941245866989,0.147872676477827,0.1458465684724318,0.1267203106857681,residential,7,summer,1,1,0.23549869,0.23549869,3
1,2021-07-26,0.1294723760393071,0.1344711683359317,0.1192898445419919,0.12473069838518,0.1030288999174692,0.1127821616471785,0.1290309814878876,0.1821915639888179,0.1968924512800983,0.260604474485937,0.2653183579965191,0.2962477340488769,0.2934077392244313,0.2891551383194156,0.3147981794809686,0.2673656567422388,0.235452461184209,0.1967943759611082,0.2045732241260114,0.1773285844895429,0.147239739681785,0.1726731400233741,0.1671137709205622,0.1280970701545949,residential,7,summer,0,1,0.23549869,0.23549869,1
1,2021-07-27,0.1599393889099105,0.1624494417063257,0.1102109618361845,0.1282177223796675,0.1306013393097065,0.1185572399166305,0.1356797674076534,0.1612347438390684,0.1691414191947173,0.2096950644218334,0.2440528814142663,0.2811556846017007,0.2710279410537621,0.2669793003332001,0.2504171598572832,0.2500538254922003,0.2382131155694457,0.2096160975102374,0.1816423267613153,0.1801252639382086,0.1407276107216595,0.1714033290749756,0.1427095073579937,0.1169476164729922,residential,7,summer,0,1,0.23549869,0.23549869,1
1,2021-07-28,0.1271198421026191,0.1335811312546652,0.1048734726151516,0.1231539406096013,0.1226208217542472,0.0750873124617342,0.1274953239299933,0.127040931854899,0.1067311889593088,0.1974631939787571,0.1754968839942714,0.2592885968479123,0.2622095477656733,0.2505595074340523,0.2307436847048392,0.2473719253289234,0.2651106265079584,0.2209247427513544,0.2026497531620621,0.1772946205780978,0.1507393200538507,0.1445076689463342,0.1688543629093949,0.128114156871014,residential,7,summer,0,1,0.23549869,0.23549869,3
1,2021-07-29,0.1248459208480193,0.1291792237266557,0.1083783298794331,0.123482241592859,0.1224379838180152,0.1021374302349342,0.1325189260747742,0.1753030925988241,0.183721355247644,0.2534966230416898,0.2873357785810463,0.315718777567042,0.2897091719939563,0.2426057773817416,0.2490517568401904,0.2462387523282286,0.2561694634056677,0.2227020255060844,0.222535873267213,0.1713144314947046,0.1515763936119232,0.1693031882017657,0.1668195865975415,0.1205690282057997,residential,7,summer,0,1,0.23549869,0.23549869,1
1,2021-07-30,0.129647839696581,0.1318511714466485,0.1085803319543026,0.1222429207454706,0.100679365738535,0.1060242336021346,0.1317094260767514,0.1524975487732283,0.169471870546093,0.363653044045059,0.2672720094946268,0.3124662204473438,0.2965367662149449,0.3264720509344331,0.231000004561063,0.2959283488062264,0.2298655333572865,0.1717078081544045,0.2095087711979594,0.2043134955468482,0.1346523461858033,0.1281698147208164,0.1483890671375878,0.1207262099585692,residential,7,summer,0,1,0.23549869,0.23549869,1
1,2021-07-31,0.1305815790216441,0.1292152271661996,0.0955833537589664,0.1033731939135849,0.1045292774633681,0.0951454558945869,0.1332309386566294,0.1512818280018873,0.1707573083467151,0.3684726970347411,0.4017088167648892,0.338935412500764,0.3248574289745418,0.3308272273598279,0.2897174188204708,0.2913368091938732,0.2808523228139022,0.2172816577717586,0.1966953978166404,0.175472910500995,0.1603926626355611,0.1686347665344982,0.1709650416028135,0.1651899100922034,residential,7,summer,1,1,0.23549869,0.23549869,1
1,2021-08-01,0.1708846261155355,0.1755233209183246,0.1549582202062684,0.1567755705189309,0.1530663034638954,0.1556417588132519,0.1878092362211202,0.2030669865014828,0.2350771647445354,0.445813415460957,0.4494056537889172,0.3971832115481413,0.3407151698653323,0.3687908018252286,0.3717474474087514,0.323530640022099,0.3198274274718274,0.2969588703518075,0.2929127219844352,0.2167630882726293,0.1362631332475161,0.0940052449510326,0.090142726456677,0.0744307395667959,residential,8,summer,1,1,0.23549869,0.23549869,1
1,2021-08-02,0.097277291819353,0.1216406799278313,0.0685664043702597,0.1117243972535836,0.1062466848103982,0.0760260353365999,0.1176931887924323,0.1585747243068727,0.190378857124476,0.3780521345449212,0.3618798003477543,0.3476733844764329,0.3048620003007902,0.3408362589466077,0.3308525159918265,0.3217782413727482,0.3092983871224094,0.2950205841270344,0.2471083529791749,0.2286847942519302,0.2036445193566273,0.2179656964328454,0.0959976636598147,0.1013524652734475,residential,8,summer,0,1,0.23549869,0.23549869,1
1,2021-08-03,0.0916624142277037,0.0768887960143673,0.0600290584029293,0.0859912125302663,0.1074998562153867,0.0736851695864006,0.1371980833772964,0.1599048299922041,0.1781198207788484,0.3619472929360983,0.3737000406677565,0.3637442213883257,0.3049054740700417,0.3394095992163209,0.2748457162106893,0.2867637849503799,0.2719025613261148,0.2443755525696358,0.220904173015539,0.2176114152923317,0.1794755224004353,0.1837241795456365,0.1860004385838944,0.1549074702053424,residential,8,summer,0,1,0.23549869,0.23549869,1
1,2021-08-04,0.145786420163185,0.1664070014130694,0.1257881233457531,0.1162199769649044,0.112958960608797,0.1021447863726396,0.1378947248001578,0.1832724576859662,0.1969567744101824,0.3774352527665827,0.3606974150987259,0.3677409673672244,0.3155563855036866,0.3310169364342396,0.2978131215298438,0.2587347519673816,0.23938887590362,0.2260645505632871,0.2144331659293144,0.2153622756544989,0.1830245351679208,0.205600909446351,0.1785793784539879,0.1507816632137465,residential,8,summer,0,1,0.23549869,0.23549869,1
1,2021-08-05,0.1629430852460961,0.1645367310365044,0.1245346014924178,0.1333672679047295,0.135337598646893,0.1177352756441922,0.1433248895220282,0.1916861077523624,0.2112028006719463,0.444339724585352,0.4204171992217561,0.3587554091003006,0.3149230028802126,0.311032109987557,0.239376639164292,0.2809422970887371,0.2715119569555529,0.2604203485954451,0.2195596879267667,0.2224714401660263,0.1754012188612428,0.1825531619098789,0.1811467143960006,0.1461362424639054,residential,8,summer,0,1,0.23549869,0.23549869,1
1,2021-08-06,0.1634257488395692,0.1683133926453238,0.1355371456262467,0.1587296825063568,0.1134361264180427,0.0884509710613574,0.1430701581866348,0.1878317271316757,0.2119376506822526,0.3901726084185168,0.3054131111364291,0.2324626388749406,0.213397797215708,0.2073235899188097,0.2259709298825274,0.2412413550575045,0.2242911230509991,0.1951647482348516,0.1857992654449933,0.1846366941848779,0.1470040597040649,0.1770736211812596,0.179063543140276,0.1356250380506005,residential,8,summer,0,1,0.23549869,0.23549869,1
1,2021-08-07,0.164675247743057,0.1419087840778228,0.1096487031114317,0.1341542246144524,0.1301468567137294,0.1114169294334235,0.1600108984728823,0.1770134702167944,0.1396844202160886,0.269632906060571,0.2806096695470006,0.2690497884224114,0.2598717459174156,0.2938180549909485,0.2116477414303278,0.224920723342052,0.2087062569952681,0.1724335874950883,0.1903003160470527,0.1822723681922166,0.1412102370169612,0.1790096636142213,0.1715268045298247,0.1255936462109267,residential,8,summer,1,1,0.23549869,0.23549869,3
1,2021-08-08,0.1593025157900357,0.160404813136668,0.1059422118602972,0.1295206236478837,0.128193048864858,0.1055141275134489,0.1627900320194651,0.1819156396977235,0.2115777364878984,0.4191942036967069,0.3753012127483403,0.3453474662759658,0.3053678966678079,0.3127773540433849,0.2931100787550684,0.2499758846786119,0.2441532128207698,0.217262349944344,0.2215146807115895,0.1945907615877166,0.1692694003574528,0.1787404785486631,0.1779998708572883,0.1405301082781445,residential,8,summer,1,1,0.23549869,0.23549869,1
1,2021-08-09,0.157815519804303,0.1642115746332585,0.131274613427799,0.1346715198448732,0.1575635297485655,0.1300433753142032,0.1636499359230082,0.211511398373001,0.2316935910319347,0.3733010684896247,0.3457519989113272,0.3405712137797168,0.2788558985855883,0.3174029136711266,0.2876628879656626,0.1956580091214536,0.1941113086069832,0.1992877695740897,0.1953944133317883,0.1953889661870288,0.1842743662030319,0.1726720411444904,0.1818826422325197,0.1559501127507482,residential,8,summer,0,1,0.23549869,0.23549869,1
1,2021-08-10,0.1360852470673805,0.145018737294257,0.1326124017179732,0.1343921852096508,0.1336104448244659,0.1336440697342549,0.1643385375552487,0.1813568037355884,0.1983784069210873,0.4001466169006188,0.3820588099272998,0.3084839943005704,0.2771014039041979,0.3173663599268552,0.2938477083209002,0.2565142161386689,0.2486958913722033,0.2330345703039884,0.2199756418414828,0.1995119282706531,0.177197828941318,0.1822996146581537,0.1840478563318661,0.154575142019561,residential,8,summer,0,1,0.23549869,0.23549869,1
1,2021-08-11,0.1644196246784141,0.1749478722010824,0.1409487487947303,0.1595094669176681,0.1567662054142342,0.1301888868282396,0.1678724806186471,0.2147803355777265,0.2265455491274201,0.3726844379297103,0.3903121746273487,0.4035132080450289,0.3229271936654921,0.2975694515561025,0.2888523216388201,0.2770157382095658,0.2529713885523023,0.2185043281276136,0.2219926445218098,0.1965363852072297,0.1771811568658385,0.1845424574980021,0.1860047455551187,0.1615964590188208,residential,8,summer,0,1,0.23549869,0.23549869,1
1,2021-08-12,0.1418668366707509,0.1796180247419967,0.1370239604481978,0.1381284216375057,0.1433981533077123,0.1459912567979617,0.1950207201042166,0.2160775088165313,0.2128853731822401,0.2938241607298626,0.3096726563805395,0.287389016391562,0.2902752946838935,0.2642294009591029,0.2289113780217388,0.1497025416968378,0.1610864717283497,0.1557836966454483,0.159325939999664,0.1581966720832221,0.1211537093250378,0.1287981218901578,0.1489611216887537,0.0933119426173559,residential,8,summer,0,1,0.23549869,0.23549869,3
1,2021-08-13,0.1360098486155795,0.1425072541517533,0.1196176989961718,0.0860902816559473,0.0390627276244912,0.0578444521707581,0.0794871695362598,0.1094562712372556,0.1059519289219565,0.1792898491443136,0.1362076095713011,0.126225278397546,0.1222977179855785,0.1159094119472885,0.0824248165518818,0.082794386716371,0.1045438334594064,0.0727047853793929,0.0946627883261919,0.0916065591163296,0.0617281849015414,0.0829520994436771,0.0801340624480483,0.058590902685189,residential,8,summer,0,1,0.23549869,0.23549869,2
1,2021-08-14,0.0658955666126919,0.0922688699006808,0.0451971791003952,0.087734521751149,0.0902705819335732,0.0679225548140161,0.1166266785139428,0.1593216927263777,0.1701979958609722,0.2958640837792292,0.326336137735247,0.2980820425540611,0.2456966564839738,0.2139950579732669,0.205967595110874,0.2090058974923834,0.1828912895374147,0.1492734214042209,0.1770269223596313,0.1766061236193215,0.1250222355817495,0.1439428235781132,0.1445659541178836,0.1121074737667619,residential,8,summer,1,1,0.23549869,0.23549869,1
1,2021-08-15,0.1265935740725834,0.1304706237098161,0.0906107983987828,0.1206197726913932,0.1233278904088867,0.0785248884691184,0.1036781650141085,0.1509594221653912,0.2131385805127102,0.3636051549985158,0.3732740699493689,0.3427412609741181,0.2822767797554583,0.2990972218829737,0.2969550600556863,0.245309820957973,0.2428536860483545,0.232141897558774,0.1888942975272261,0.1929300882874269,0.1638771572785257,0.1758228587039579,0.178107308662195,0.1352714889122559,residential,8,summer,1,1,0.23549869,0.23549869,1
1,2021-08-16,0.1104090320352419,0.1081183674087911,0.1132363637077712,0.1049323829155476,0.1054567955073148,0.1095882289357214,0.1365373668812747,0.183357380181606,0.1977741498286996,0.3872349982894945,0.3890058763046345,0.3636158301154705,0.301507027174462,0.3307214310908124,0.3068304302150682,0.2829852344296875,0.2442857998017461,0.2072184114898557,0.2130117262847219,0.219727663442152,0.1640033775545044,0.1810967197343798,0.1741052814711873,0.1260688939342308,residential,8,summer,0,1,0.23549869,0.23549869,1
1,2021-08-17,0.1346938566891544,0.1367247288355335,0.1031964458670587,0.1282069086906774,0.1245665816186354,0.0953509104420924,0.1341554517187695,0.1789797249920349,0.2003769852374461,0.3981716810513124,0.3633102069770493,0.3200368057543682,0.2933806534067225,0.2982139264756063,0.3009183716600975,0.2841795053384317,0.2733650822459339,0.2498140115950665,0.2198478614296546,0.1959004163469044,0.1771868374886229,0.1808680905794736,0.179537546422676,0.1356676321715776,residential,8,summer,0,1,0.23549869,0.23549869,1
1,2021-08-18,0.1631427414290654,0.1426670043720569,0.1150622303697498,0.1336083106485639,0.1309146649720982,0.1112522783240938,0.1590462209121387,0.1811624698583325,0.2005791916326727,0.3965957782812366,0.3849953773510012,0.3445396490548052,0.3000258121535101,0.3124514785676803,0.3112434756983964,0.2607897647611007,0.2756053822096407,0.2509648319875056,0.2151231041968988,0.1928610531577274,0.1752262991345492,0.1845853474437823,0.187068328043144,0.1579803436475086,residential,8,summer,0,1,0.23549869,0.23549869,1
1,2021-08-19,0.1639016827262378,0.1693097403608083,0.1357120901286832,0.1636538672265647,0.1611795136469259,0.1370774632653315,0.1660451505906885,0.17920087641374,0.1576018341948988,0.3362052398485244,0.3400135760802711,0.2805066751059936,0.3040175594458185,0.2670924338223524,0.2482261217990613,0.1623505200772678,0.1448746541800767,0.1219035588137776,0.1145461254461317,0.1119950599280713,0.0827633182643639,0.1023791708009411,0.0988059715254419,0.0529593950682023,residential,8,summer,0,1,0.23549869,0.23549869,3
1,2021-08-20,0.0595169964923122,0.0622978548115471,0.0455157693099522,0.0535851930647511,0.0733850416988465,0.0544339531581007,0.0731875289953994,0.0605035870522612,0.0500114822089128,0.0980839320597447,0.0963831245549055,0.0980611632041158,0.1148329193340951,0.0924614056400767,0.0998281241683331,0.115793833588946,0.082677032200723,0.0553198874060619,0.05047959651422,0.0643015178616313,0.0199898684171537,0.0519506013703532,0.0547636244953251,0.008661494131169,residential,8,summer,0,1,0.23549869,0.23549869,0
1,2021-08-21,0.0344051024829102,0.03885541632175,0.0018993038437976,0.0320840531780443,0.0357118894027757,0.0091555411232567,0.0219624090701786,0.1019416214473103,0.106391610318687,0.2749552823093311,0.272155684494587,0.2891610083446567,0.2313781522163971,0.2698697232559155,0.2526063463380307,0.1994092573542492,0.1978304458260845,0.1781002470378165,0.1462743530942936,0.1449442142205695,0.1119632403587726,0.1140455249674573,0.1142217633040574,0.1048551357752436,residential,8,summer,1,1,0.23549869,0.23549869,2
1,2021-08-22,0.096942772778694,0.1000840463785806,0.0931244548481902,0.0705993678091823,0.0709705113231562,0.0572681012617428,0.0568753195547732,0.1197525197150862,0.1820552635112436,0.329765912922926,0.3559859791817832,0.2783188432701084,0.2464777729303646,0.260903667028401,0.2623513138043593,0.2250774889421168,0.2107946163000757,0.1970597392571954,0.1607235984194158,0.1590885723836072,0.1558780575821189,0.1512810475435862,0.1465609429552762,0.1403773765590496,residential,8,summer,1,1,0.23549869,0.23549869,1
1,2021-08-23,0.1083234919811828,0.1086260800864311,0.1014665030638167,0.1010194472950415,0.0773154409759744,0.0759742424812668,0.1035052417339505,0.1480237036633957,0.1660509865499149,0.3316387043695771,0.3563171362756229,0.3265324730079207,0.2765868394143941,0.3000603225279601,0.2768405206093481,0.2560183488457251,0.2188623998466135,0.2033214889263217,0.1921537710541115,0.1625002449901678,0.134729151169299,0.1500741545427029,0.1503100672653125,0.1081114463831038,residential,8,summer,0,1,0.23549869,0.23549869,1
1,2021-08-24,0.1299103777131076,0.1331643696698015,0.0918306020538828,0.09823305819097,0.0784879344948417,0.0756645126412961,0.1044244228065977,0.148191021050156,0.1964755242230506,0.3684374112363533,0.3757131297565476,0.3746394247618498,0.2720357050351868,0.3037210703768831,0.3016270306928237,0.2665188653159701,0.2389509310979763,0.2424943866120825,0.1824154392263035,0.1838186813039481,0.1471586771399224,0.149460037441429,0.1488778726568873,0.1153602134390896,residential,8,summer,0,1,0.23549869,0.23549869,1
1,2021-08-25,0.1302113559142987,0.1307317005501351,0.0863560159596189,0.1008097192260142,0.0797028392404655,0.0811037324841479,0.1108419052152765,0.1346451831859136,0.2161277153240792,0.4243358545196509,0.3551111152851048,0.3611021057890122,0.2876413671907113,0.313595527222635,0.3201798324962381,0.2860258005697174,0.2419906900562919,0.2601174071323381,0.2111152064261971,0.2146214399171094,0.1709902952465318,0.1705357639765511,0.1709721119067901,0.129667040010279,residential,8,summer,0,1,0.23549869,0.23549869,1
1,2021-08-26,0.1326373433803772,0.1335577214973536,0.1047094946654341,0.1053700288903208,0.1062753048827573,0.0999788436944901,0.1131084738597399,0.1826977501871186,0.2124005160027399,0.431431712608741,0.4124447678650674,0.375901326090438,0.2932218079178546,0.3035453901707389,0.322887116488726,0.2664760665701185,0.2740124948178611,0.2631078121843399,0.2283143860861306,0.2246696253276788,0.1656116498382971,0.1706223805885518,0.1708616346959012,0.1304370333103572,residential,8,summer,0,1,0.23549869,0.23549869,1
1,2021-08-27,0.133447762254807,0.1362312319604514,0.1298209375466025,0.129541071323859,0.1085003265262034,0.1094681715991774,0.1326238096623908,0.1788751027676259,0.206735589305712,0.3224447209729794,0.3468205744262636,0.3021752983312306,0.3018046012822626,0.306290644269258,0.2449576774868836,0.2729066424138257,0.2720863737026507,0.2138967838976819,0.2294491485246261,0.2031357045564978,0.1557119055192658,0.1756936582476046,0.169904287668077,0.1249408422632975,residential,8,summer,0,1,0.23549869,0.23549869,1
1,2021-08-28,0.1100021878227523,0.1425296380117762,0.1059286644753805,0.107343793367032,0.1074139894835793,0.1210173835864428,0.1307052251692011,0.1664188393446337,0.1986852538091209,0.3582472744022565,0.334952801749573,0.3301087076882506,0.3241375515586853,0.2995404176241407,0.277901976110418,0.2633833777910747,0.2808042820139287,0.2259257069226685,0.2272840476953026,0.178348733775575,0.1655377482305017,0.1482438292192771,0.1481194945469624,0.1278625186324989,residential,8,summer,1,1,0.23549869,0.23549869,1
1,2021-08-29,0.1297838905449482,0.133874731723166,0.1079977396832181,0.1018838273088004,0.1049680857325284,0.0954795081027342,0.1314157274073426,0.153883971908332,0.4061795011984215,0.4613748010778295,0.4556776621832544,0.4300066424058102,0.3379372474566879,0.321636498817349,0.3996662533681858,0.3908266385745708,0.2905058362646734,0.2730065030314601,0.2199791174551297,0.2018208410819698,0.2052398277110895,0.1755786303327355,0.1616839027523723,0.1626028202794113,residential,8,summer,1,1,0.23549869,0.23549869,1
1,2021-08-30,0.1331824591401842,0.1470003581618638,0.1419976410263785,0.1281319580604111,0.1146619168740551,0.1196634982410152,0.1370977949853886,0.179396352792849,0.3975975449025466,0.4516140681164018,0.4380051525311949,0.4148735015652787,0.3403344036846387,0.3381537338019081,0.4280164953009178,0.3694605615988292,0.282710838722688,0.2689513905095343,0.2176483773210632,0.2054868203419101,0.1915989644895043,0.1866762528655178,0.1763666721001415,0.1426201841784521,residential,8,summer,0,1,0.23549869,0.23549869,1
1,2021-08-31,0.1418327182663197,0.1440215388162318,0.1228970381789566,0.1151148243701302,0.1378012860172799,0.1169596034127977,0.1413641956102842,0.1824362449502529,0.4102796663715717,0.4330019340846719,0.4589741826573056,0.4099674448990055,0.2890630288822018,0.2327526134507427,0.3163197492501061,0.2451035487587297,0.1867787485243076,0.1925730816403661,0.1571641262411582,0.1530096243421255,0.1505259521511537,0.1482580332653327,0.1439036745598032,0.131859731159437,residential,8,summer,0,1,0.23549869,0.23549869,1
1,2021-09-01,0.1187696869393993,0.113035343266364,0.1005798934290934,0.0994475820206147,0.0975460402483929,0.1032918610182238,0.1256995023352392,0.1394173902767836,0.2712862103569803,0.332726522201405,0.2691991953571817,0.2711180157696053,0.1851923107130221,0.1830387760875127,0.1605689975172502,0.2152924084173125,0.1736161596916691,0.1183996860150708,0.1422185967327707,0.1517771157369388,0.1089489542078603,0.1036902036605948,0.0974510435831795,0.0753372868838187,residential,9,autumn,0,1,0.23549869,0.23549869,3
1,2021-09-02,0.0826060190030057,0.0831536532624089,0.0513248860758967,0.0783956745677224,0.0544358394555223,0.0609237140462797,0.1048418924289913,0.1268449626576321,0.3234100231911991,0.3452638205334437,0.3372206717646233,0.3056580036252969,0.2962192667125367,0.3034045992640986,0.2764411683951703,0.2914543150669228,0.242395448903308,0.1785228056994613,0.1663198781800514,0.1558802554439673,0.1356681016062828,0.1303142638414485,0.1495841408517995,0.1110034488441039,residential,9,autumn,0,1,0.23549869,0.23549869,1
1,2021-09-03,0.1107888554451084,0.130858783396101,0.0892074754371261,0.1035330386463966,0.0999361446773236,0.0566670811706506,0.1107411799306182,0.1252408452958306,0.2590594146968732,0.3688785149194473,0.2517147502829582,0.2693349183277355,0.2372354571133834,0.219404934972236,0.2558746667076512,0.3826068690691659,0.2477739473340165,0.2202252096363044,0.186308197393619,0.1540202624071713,0.1328447390495292,0.1544373507649235,0.1494272260879616,0.1026878833009945,residential,9,autumn,0,1,0.23549869,0.23549869,1
1,2021-09-04,0.1104386039069767,0.1102762899752168,0.0841690402202556,0.1048779705248389,0.0789344058097009,0.0872265551654834,0.1097769564120564,0.1479260914151912,0.3228467493388005,0.4225256586923015,0.4038354802513714,0.3748218638183676,0.3646568473302545,0.3558404926515516,0.338630195264643,0.3634616254243486,0.2588973450809547,0.1241180088197781,0.2008768628215553,0.1884900095431613,0.1308790638032652,0.139505590762746,0.1517984574853345,0.1114074266770299,residential,9,autumn,1,1,0.23549869,0.23549869,1
1,2021-09-05,0.1417107885583743,0.1403794863947066,0.1005301595492884,0.1359998754883048,0.1078225994510384,0.0939800477520345,0.1180252140207972,0.1562084941588991,0.3949031233103598,0.4991060024555888,0.4235007393064146,0.3870377900774503,0.3536756776586122,0.3392340978340242,0.2864757652974016,0.3852095002635709,0.2756461680486582,0.2154627678695418,0.2226033924169505,0.2192741012531096,0.1530951935444217,0.164336888336203,0.1732219591535519,0.1252122052556075,residential,9,autumn,1,1,0.23549869,0.23549869,1
1,2021-09-06,0.1421104311381792,0.1180813246849167,0.0985424877222054,0.1135123207631604,0.1087567613240652,0.0943654897406312,0.1420328690945681,0.177694502110308,0.3963186477933592,0.4840908221845373,0.4367855802987668,0.2905801323272311,0.3752683911762396,0.3235744924436441,0.3052939640898368,0.3698832709963723,0.2997525821806184,0.2080152883804843,0.2462130676142312,0.2110710591515298,0.1504834430661571,0.1838601663983829,0.1560193064521967,0.1189246800302583,residential,9,autumn,0,1,0.23549869,0.23549869,1
1,2021-09-07,0.1390041641083683,0.115958441424588,0.0961431881774785,0.110766508431932,0.1090047431517503,0.0966680915620583,0.1625707404705702,0.1783396904396554,0.3957778033390177,0.4650850539681057,0.4236873324131929,0.3762422224783207,0.3569089571132068,0.3581686187880161,0.3444822537805917,0.4268440681449484,0.298916787944513,0.2219874456837725,0.2435850703207151,0.2102128582400644,0.158401418753449,0.183145721120286,0.1762432657577402,0.12813039520171,residential,9,autumn,0,1,0.23549869,0.23549869,1
1,2021-09-08,0.1434502202286232,0.1404877969715158,0.1088782873481784,0.1140118720598486,0.1110114096267784,0.1052431444137361,0.1413066074365071,0.1582286725004665,0.3857660304981619,0.4351343771945771,0.4219944235800339,0.3864963662954465,0.3867601857892979,0.324115065075891,0.3465194666331286,0.3905225026411781,0.205659390409423,0.2152117203440468,0.1958329109094126,0.1881105245930645,0.1547797468959304,0.1630541593725603,0.1556277865285089,0.1336390637974177,residential,9,autumn,0,1,0.23549869,0.23549869,1
1,2021-09-09,0.1410914494002753,0.1404944693536929,0.11014250275797,0.1100492068651688,0.1060852955479774,0.1019267740046698,0.1333055992095055,0.1496582804979055,0.3995294721063968,0.4842269134350836,0.4369376366714599,0.4044459895608326,0.3911101836558538,0.3645459920285654,0.3586979830003504,0.4480021968004368,0.329666679978537,0.2115668003625327,0.2350426232733629,0.2060619366796757,0.1663509194699587,0.2142517220089724,0.1812254053494136,0.1380900426766068,residential,9,autumn,0,1,0.23549869,0.23549869,1
1,2021-09-10,0.1680075980134649,0.1653154938211906,0.1203223100203117,0.1393880096231222,0.1358269395133563,0.1185153951227562,0.1395478015858873,0.1749154171568452,0.3498490892504485,0.4208933611057084,0.4308877183700682,0.4037897031646684,0.4014019075976524,0.3854998371743048,0.33179404907212,0.4292526806282005,0.3252732793480507,0.1916388745892513,0.2399994628244084,0.2139556330971199,0.1534460028005008,0.1864628711304695,0.1752953004585651,0.1349963938371861,residential,9,autumn,0,1,0.23549869,0.23549869,1
1,2021-09-11,0.1422316310784598,0.1145272964041568,0.1046676410748063,0.1125950934903293,0.0875974491602847,0.0992096239743838,0.1126374890704359,0.1491659281866246,0.3008822954159507,0.3791287190837385,0.3999187167938265,0.3401312266444893,0.3886175876547939,0.3538596113900211,0.2479249430235108,0.3440826318760304,0.2558832938116916,0.2014628386348284,0.2317599743729546,0.1985152749442525,0.1443556529583119,0.1790750165702739,0.173754954260509,0.1311941293769863,residential,9,autumn,1,1,0.23549869,0.23549869,1
1,2021-09-12,0.1635764931696625,0.1313579098988811,0.1125528085103508,0.1305650531607366,0.1063193467878713,0.1045274924953454,0.1336154125420086,0.145322226077105,0.3158448779482242,0.3843448439379384,0.4170640657514937,0.3412463415753868,0.3670648682641085,0.3382938504806601,0.3679713011655952,0.4182492528010975,0.2882369586935426,0.2203600703136233,0.210849527375517,0.2113791364624426,0.1400265855890335,0.1600770052821159,0.1543217284020267,0.1247565544581874,residential,9,autumn,1,1,0.23549869,0.23549869,1
1,2021-09-13,0.1386579272265193,0.1336262541919994,0.1071076084252274,0.1102918684230383,0.1053475970249811,0.0956460865717949,0.11200941986389,0.1517309647506217,0.382861371722675,0.4701887925437669,0.4462940687085384,0.3591011485564199,0.3381168035644393,0.3162691675768676,0.3778460863377036,0.3836995513844191,0.2647175784514941,0.2407630776826405,0.2037057041704847,0.1849089460026698,0.1559766418804936,0.1818209002021645,0.1721872842410231,0.1245213662617048,residential,9,autumn,0,1,0.23549869,0.23549869,1
1,2021-09-14,0.1360732174705435,0.1306710596970231,0.0973599967767858,0.1084456094583015,0.1041609969704844,0.0902712120719694,0.1136068721100809,0.1554401457251948,0.4137987227738039,0.486234657964555,0.4655234569485197,0.3816206828611789,0.3446939585523761,0.3468165097271815,0.3237511221827977,0.3874796155423891,0.2672053740646833,0.1440765415717976,0.188441605877721,0.1831956247135475,0.1508580543350321,0.1588774640380763,0.1503929460989009,0.1218726840480564,residential,9,autumn,0,1,0.23549869,0.23549869,1
1,2021-09-15,0.135594696945715,0.1303757046652946,0.1035228140481504,0.1306484292103949,0.1280248954227137,0.0690699036951224,0.113912775463931,0.1546071787926802,0.3290139453995047,0.4624441602552858,0.4573092825060363,0.3752488723902756,0.3737102502237578,0.3632570239354813,0.3004372256252839,0.3190935995810529,0.263061478968119,0.2091431308232244,0.2377605405888903,0.2056231403180951,0.1467134410401016,0.1830716479686256,0.1527540266467736,0.1232348534143035,residential,9,autumn,0,1,0.23549869,0.23549869,1
1,2021-09-16,0.1423771423713301,0.1326481264947357,0.1073538017939151,0.1133077281960224,0.1104744324744847,0.103993945228105,0.1160144110627965,0.1555841611213756,0.3986243058315139,0.4569502306815833,0.4525673430638738,0.382461090152543,0.3759127928962542,0.3562886574390307,0.204700271867623,0.3828852655787385,0.2704213667536736,0.1902937366428891,0.2249210409436714,0.1908596151316484,0.1355664480852398,0.1601947619954581,0.1510049951309541,0.1136763533990244,residential,9,autumn,0,1,0.23549869,0.23549869,1
1,2021-09-17,0.1180584880518694,0.1111755459382521,0.0989431739186723,0.1106971974435802,0.108670953231635,0.0860716888611876,0.1152762324652697,0.1545169378938239,0.3552485592912129,0.3866167183523007,0.3913447976011195,0.3464607229773562,0.3662973532105367,0.3572852679824932,0.3374433070917493,0.4116852517963649,0.1955097033748429,0.2346434083455015,0.2129314267072589,0.2125116627044421,0.1570704772872974,0.1847151473028006,0.1769364406804376,0.1290124312981724,residential,9,autumn,0,1,0.23549869,0.23549869,1
1,2021-09-18,0.1402689530183109,0.1321212878814222,0.1084321350318969,0.1094262723904341,0.1087375042019036,0.1022107276383362,0.1146122528037913,0.1507432845570711,0.3661258534744885,0.4467421231255016,0.4460396417899239,0.3858364243913584,0.4098799442129791,0.4203040279558928,0.3280502537515781,0.4033081623562751,0.3009194775382516,0.1806584664996399,0.2068650420428618,0.1670133049997237,0.1298212323964812,0.1764857559724943,0.14319611788884,0.1118380518307299,residential,9,autumn,1,1,0.23549869,0.23549869,1
1,2021-09-19,0.1374742742720883,0.1295277128243869,0.1025052363188386,0.1088633278392506,0.1040122638693504,0.1038514806904585,0.1139110899006749,0.1534581911875119,0.3409629048445572,0.4306661678430179,0.4080617082825464,0.351334144666021,0.3246033535219547,0.3267871586118348,0.3230288414400434,0.347756652706432,0.2504763551954678,0.1896423237677185,0.093738585982496,0.0886831630477009,0.0752796486934564,0.1185009237526429,0.1078726486800563,0.066104278872465,residential,9,autumn,1,1,0.23549869,0.23549869,1
1,2021-09-20,0.0679800124290488,0.0600608269452047,0.0345390518801241,0.0371799777209787,0.0335460756701422,0.0096088229881176,0.0222578549872977,0.0481039420536389,0.1144583081757214,0.1525944465868903,0.1957849540282866,0.1397669562454433,0.1600812746896364,0.1306307425400113,0.1027970911626563,0.1594844584061443,0.1079024367765519,0.0691862900844118,0.0933382561072615,0.0874229087995321,0.0554999878614432,0.0602339426533276,0.0561323343503867,0.0166781365812191,residential,9,autumn,0,1,0.23549869,0.23549869,2
1,2021-09-21,0.0024412803386333,0.0020908542966796,0.0019003425663032,0.0018651498684932,0.0021117081196771,0.0065969955970344,0.0222224490117583,0.0240485607564109,0.1367209077273588,0.1856725945050137,0.1768231377921708,0.1575254310879314,0.1523172338045006,0.1454575087362127,0.1513138558736498,0.2047084275459438,0.1219266338594329,0.0968920187381165,0.1050391383919957,0.100305919643209,0.0736576053476522,0.0917765296416,0.0717981132015914,0.0465605727964435,residential,9,autumn,0,1,0.23549869,0.23549869,2
1,2021-09-22,0.0024564917963497,0.0021062949649484,0.0018959343307202,0.0018565089931724,0.0021341721810788,0.0092015826152404,0.0222305649699677,0.024078181159896,0.1773068810671851,0.2154611500756721,0.25194912214029,0.2343871148855842,0.2151685732707778,0.1791522900749154,0.18937816118855,0.2573215393994021,0.174026803506622,0.0998469971881809,0.1306850242876667,0.1065481949976163,0.0779347547352369,0.1016106876659491,0.0935399111022744,0.0490210611650689,residential,9,autumn,0,1,0.23549869,0.23549869,2
1,2021-09-23,0.0644828355488105,0.0435995809048445,0.0190019434643246,0.0018629781224676,0.0021018148252605,0.0092384783494604,0.0479259226658322,0.0605957824842023,0.1321105457917621,0.1874597972335416,0.2092937313938747,0.1586852424466921,0.1595620813798046,0.16580758950084,0.0883999543225522,0.1397032994678207,0.1141171828862126,0.0750371866228087,0.1046947430132613,0.1010117795977951,0.0632453963580459,0.0955088156106621,0.0565869444658872,0.0371448065665906,residential,9,autumn,0,1,0.23549869,0.23549869,2
1,2021-09-24,0.0404282706873139,0.0101720203566865,0.0018956564666945,0.00185671753006,0.0021344244504362,0.0092091626012883,0.0222522504709282,0.0241014346456419,0.140934033584844,0.2086431516864373,0.1616358728586825,0.1333365743943692,0.1324516237556042,0.1495292294553684,0.1012635509203902,0.0986740870239256,0.0613379065471574,0.0199226224001925,0.022796071886049,0.0466856214444865,0.0202282025269957,0.0507872148686125,0.0673263453690158,0.0342844712448727,residential,9,autumn,0,1,0.23549869,0.23549869,2
1,2021-09-25,0.0353772478304388,0.0331892224202115,0.0019059925544468,0.0283128099511834,0.0306396692443926,0.0059327642275292,0.0222453811000396,0.0240950602564442,0.0231568400824072,0.0683929797770919,0.0682508458124329,0.0610200844864289,0.086976738634632,0.0794435878545423,0.0400839832258164,0.0772518140769674,0.049881688853126,0.0199130538723238,0.0493908965045699,0.0520622768746424,0.0202370867957299,0.0169023892612803,0.0144129703440732,0.0087579356310249,residential,9,autumn,1,1,0.23549869,0.23549869,0
1,2021-09-26,0.0024423036975311,0.0021058153069962,0.0018957023709443,0.001857365540636,0.0021445182754533,0.0091852218019212,0.022274375537528,0.0241069795264138,0.0583728005046966,0.1605461083473837,0.1948358053459755,0.2010143718563765,0.2390051417173969,0.2470883383990927,0.2644411481905587,0.2788852579233349,0.1977929296277384,0.1499713670233587,0.1536648627641869,0.1326833284940684,0.0901931018006732,0.1076315843966919,0.1032888080112181,0.0641801888971887,residential,9,autumn,1,1,0.23549869,0.23549869,2
1,2021-09-27,0.0683346916294152,0.0467956856827612,0.0398000197287483,0.0440864200615506,0.0417736073620823,0.0418511530434198,0.0699316375519065,0.085187229695402,0.3492227724378574,0.3945566036145894,0.3935168769141212,0.3556777450324933,0.3658222768777418,0.3051156120501277,0.2861268676414509,0.3350921240369103,0.2839342951189524,0.1652973501192218,0.157271158288046,0.160416910439297,0.1226941758141911,0.1289003194065401,0.1233598010884569,0.0935914934707802,residential,9,autumn,0,1,0.23549869,0.23549869,1
1,2021-09-28,0.0839002789077034,0.082807210890892,0.0659706178642037,0.077030923718174,0.0582171414238148,0.0612216081934612,0.1026910669639809,0.1168657193882415,0.3301207561962352,0.4273652171697052,0.4269764247751908,0.3669583481076951,0.3682875995735016,0.3301165430019763,0.2789781222304701,0.3055505333688518,0.2480193591033397,0.2130901449892047,0.2475924362746416,0.2164104890398289,0.1571304683271171,0.2186497880984879,0.1855741616918866,0.0912237066009394,residential,9,autumn,0,1,0.23549869,0.23549869,1
1,2021-09-29,0.1192535953857163,0.1354969720855518,0.0637641121185511,0.1422030673781188,0.13096694650225,0.1163117507735189,0.1083064139142043,0.1102804225830983,0.1137588667676987,0.1713672236585855,0.1851545017176426,0.1972986056389374,0.2143670468807299,0.2185255483056019,0.1722947573973115,0.137485160558755,0.1442419303384145,0.0991766309480681,0.1074608378346579,0.1231020747130011,0.1172074096994925,0.1364279212122631,0.1281151815576536,0.0776532857309749,residential,9,autumn,0,1,0.23549869,0.23549869,3
1,2021-09-30,0.0999680735818211,0.0971725017438155,0.0762236052850384,0.0920991828893735,0.0896759195216953,0.0740053817714009,0.1213385524498556,0.1346974572176749,0.2746103951504672,0.3406791622083877,0.3642579393192645,0.3127381571787498,0.3155397001972822,0.277576606618387,0.2282899349656988,0.2334077687690071,0.1132227655159588,0.1324890519531034,0.132768443298859,0.1257015395796901,0.1134119099826011,0.1267333523197729,0.1308711916774594,0.1205681769448836,residential,9,autumn,0,1,0.23549869,0.23549869,1
1,2021-10-01,0.1203550540771137,0.1044631086211561,0.0891196354704917,0.0884359751224625,0.0828938859676359,0.0927656545169817,0.1125766432601866,0.1311639847791055,0.4461162291310871,0.4891335441991403,0.4764116406989862,0.4611213668364824,0.3986171100292122,0.3872150780445005,0.3747833468454523,0.3765697731454833,0.2625061879200117,0.2361154608907394,0.1867431171768968,0.1984557845671582,0.1670792224273408,0.1601033418154338,0.1600251406126538,0.1370493936011576,residential,10,autumn,0,1,0.23549869,0.23549869,1
1,2021-10-02,0.1144703071048005,0.1410715450735872,0.104780104875108,0.134030264952611,0.1070459801282571,0.0973944737855815,0.1385654809769896,0.1509440611449986,0.4646772957329957,0.521760224535634,0.5034845869999601,0.4054129051760536,0.3930833674074303,0.354876698901138,0.3825661792581391,0.3480534592916975,0.2452520095239284,0.2210825188921683,0.2008138152176065,0.1800796655023197,0.1569960544514922,0.1689984682814213,0.1600083402303116,0.1126130085899297,residential,10,autumn,1,1,0.23549869,0.23549869,1
1,2021-10-03,0.1440294457429509,0.1358347158789228,0.1230371397100563,0.1131495237811078,0.1097942035072581,0.0772018125333792,0.1129008009246496,0.1509029818341999,0.4306804741132529,0.4650297755450777,0.4614468387149786,0.3958763100964572,0.3837676567506586,0.3495517564718557,0.3455598830452969,0.3356339924478047,0.2494568101286031,0.2032374924338283,0.1911468452264209,0.1658009513311479,0.1340218423365029,0.1570809387729336,0.153862218999281,0.093408754974392,residential,10,autumn,1,1,0.23549869,0.23549869,1
1,2021-10-04,0.1142126403183665,0.1107159145120807,0.0700354101429046,0.1047876767373023,0.1027085570067327,0.0624156176856295,0.1083706031260874,0.130338183555559,0.4055684960674519,0.4514547632900494,0.4268077241773143,0.4414813875624851,0.3763079525406067,0.3263804208251487,0.3288164618979797,0.3390375279150406,0.2296007378832888,0.1894687621310772,0.1685103386997812,0.1684571691317832,0.129294545208544,0.1577218060099684,0.1521520759289263,0.0937542399833659,residential,10,autumn,0,1,0.23549869,0.23549869,1
1,2021-10-05,0.1127106843313966,0.1095922859759892,0.0674289953778672,0.1027778950615987,0.0819068488868226,0.0549616971905435,0.1083807170656783,0.1300202691623736,0.4253757661165953,0.4770263507801433,0.4594439116707411,0.4255914153307844,0.3620135279407157,0.3487881636018147,0.3381335587365889,0.373436194644349,0.2738733719504316,0.1770122442422545,0.1997151373643823,0.1800426986252704,0.1535490552984408,0.1513154216127256,0.1728775313148144,0.1182155194351943,residential,10,autumn,0,1,0.23549869,0.23549869,1
1,2021-10-06,0.12806055166969,0.105951454667494,0.0956905984985932,0.1076673957516246,0.1031737581562774,0.089187483160874,0.1258055020760259,0.1458187254022041,0.3683348635636236,0.3561189360778815,0.3460408198350468,0.2908862322481571,0.2964319645911879,0.2527191208247932,0.198916665276097,0.1920148132548197,0.1379612780935082,0.0620168478442342,0.0984809912289868,0.0898554326292693,0.0559472553124651,0.0792578534274415,0.0729373074128212,0.025741850698037,residential,10,autumn,0,1,0.23549869,0.23549869,2
1,2021-10-07,0.0397211202922406,0.0021092571121408,0.0019004780029746,0.0018607480973488,0.0065149750873477,0.0080036717617932,0.0522429628046546,0.0634457996638953,0.1917797020275526,0.2644542133482502,0.2773433335694205,0.3028626087731551,0.3077450903195285,0.2760614916177459,0.2270451003756455,0.2679844869351213,0.2091226089843734,0.1359723279462403,0.1483751765252621,0.1423515292876783,0.0987669933587553,0.1145499264781676,0.1108929407213598,0.0743462133976677,residential,10,autumn,0,1,0.23549869,0.23549869,2
1,2021-10-08,0.0750643318585171,0.0734575402106594,0.0510583889709592,0.0719607407256095,0.0689415481294953,0.0441055438296887,0.0752214685613028,0.1144111108385358,0.3266399585563376,0.3923957126373178,0.4219124707637769,0.3547172575572237,0.3575952944721624,0.3474742418450166,0.3033392627653567,0.276451450608447,0.2078060381635561,0.1728685373832257,0.1589788188180261,0.1616350117309981,0.1235253354558681,0.1287457463707462,0.1237180803780827,0.0878420380471382,residential,10,autumn,0,1,0.23549869,0.23549869,1
1,2021-10-09,0.1066975327323721,0.1034957268232063,0.0687653412884414,0.0782147974781419,0.0581044484847235,0.0559248388242231,0.0791627004631533,0.0985868031723186,0.3232028446371578,0.40834761287629,0.4089105177161042,0.3761875906654714,0.3607875256170739,0.3218925687946304,0.267912251792216,0.3191152585227451,0.1993158373882214,0.1619550349623103,0.1580954557032763,0.1542882360004044,0.1088493676741704,0.1288545041127396,0.1019649002542412,0.0814065003560843,residential,10,autumn,1,1,0.23549869,0.23549869,1
1,2021-10-10,0.0855509768112445,0.08251812643753,0.0630007575957747,0.0584819155509574,0.074848071815355,0.0585120231094355,0.0799257140043428,0.0988380547876949,0.361830352126593,0.4117722366330302,0.4105724125963386,0.3813139636452549,0.3328711812899123,0.2987437884317026,0.304383380675832,0.2871369281078718,0.2080741406423618,0.1575570909989074,0.168077071365498,0.143387062838152,0.110765231362041,0.1300262479075076,0.1269623480213668,0.0836793959789046,residential,10,autumn,1,1,0.23549869,0.23549869,1
1,2021-10-11,0.1071512543960971,0.085531528198563,0.0541072259597977,0.0793883763446881,0.0787126887683423,0.0479821112770478,0.1032178772559273,0.1206459337254257,0.4024720338476807,0.4385768249129576,0.4182990420382133,0.3890649591941444,0.3459186049571256,0.333513458864096,0.3372353485728034,0.3529535586248471,0.2641832723180107,0.1965310651705938,0.1891105343995098,0.1944366647965633,0.1476327538911927,0.161806424526271,0.1569655112477644,0.1089580050606043,residential,10,autumn,0,1,0.23549869,0.23549869,1
1,2021-10-12,0.1178405765410549,0.1154972845983386,0.08494511721931,0.1109176338228179,0.1059091009699876,0.0736113257700817,0.1302540586916334,0.1493141826292511,0.3874273091343688,0.4459137177024661,0.4502712934479893,0.3890497257591763,0.3852061815484344,0.3380650766550352,0.3324854339994625,0.353660074860486,0.2716812642319466,0.2046812093807137,0.2023898170536668,0.1948663012691488,0.1463685133166421,0.1675236760312729,0.1617344620294524,0.1198463025621768,residential,10,autumn,0,1,0.23549869,0.23549869,1
1,2021-10-13,0.1435410229705975,0.140860866355807,0.0963606421652045,0.0349669193127472,0.0449691877029547,0.0080266650103429,0.0473368574957707,0.0620864196210955,0.2423363135239083,0.2664957114420853,0.2452841483653789,0.2348064475153657,0.2228920471433093,0.2132226500525327,0.190744043903769,0.1908642228293515,0.1615794738665696,0.1373439361311627,0.1294033504532814,0.12554519646079,0.0842923969328105,0.0975191047771484,0.0919720379890766,0.0667524924173353,residential,10,autumn,0,1,0.23549869,0.23549869,2
1,2021-10-14,0.0756200107957513,0.0742085569556933,0.0405879244679863,0.0507256596544973,0.048167443428107,0.0080302838304938,0.0515373901228244,0.0598531498401621,0.0787899150507754,0.146136685665569,0.1282560830467018,0.1526888450121513,0.1920724543448449,0.1954705069779538,0.1507974800003842,0.1912334530576216,0.1221427296218951,0.0877760598923938,0.1106675886444977,0.0885312465019919,0.0690001272341773,0.0801315516737222,0.0771198315023543,0.0419475647924895,residential,10,autumn,0,1,0.23549869,0.23549869,2
1,2021-10-15,0.0406869678069568,0.040222284710994,0.0019041284542304,0.001865434601468,0.0021127516357204,0.0080438049415697,0.022501288953279,0.0534642546186226,0.236187575245145,0.3567256746532988,0.352147912882114,0.2844392968423139,0.2730256611137514,0.2430757168599068,0.2360797853015109,0.2430805260278114,0.1385345646807423,0.1188958441736053,0.117647847018819,0.1167503747216576,0.0824179575135504,0.0895041075870922,0.084903268063066,0.0440178407913963,residential,10,autumn,0,1,0.23549869,0.23549869,2
1,2021-10-16,0.0523133449767986,0.0502542883820514,0.0290752790379697,0.0268107573852739,0.0262301760858354,0.008055879478518,0.0225138151833451,0.0243642440143543,0.2897432582516747,0.3297207846792635,0.3291327407038283,0.2981920114437177,0.2618460041333785,0.2397051224019744,0.1975032678437036,0.2146771988171262,0.1550386706862096,0.1178597349914026,0.1337520639552117,0.1163079726415883,0.0729731007465421,0.087085963584394,0.0685138935006589,0.0390085182649699,residential,10,autumn,1,1,0.23549869,0.23549869,2
1,2021-10-17,0.0336013610887227,0.030307911365076,0.0019013569711125,0.0181341903734009,0.0043312516129741,0.0088761749417183,0.0225263665952396,0.0243777581552011,0.2369892403663781,0.3035225314444498,0.3167067280724501,0.2824567888328493,0.2862299017890037,0.2471904703684846,0.2177926368484586,0.2546095917999534,0.1776301643522156,0.120520106246196,0.1126920705641491,0.0932108612572158,0.0764496947067989,0.0827377124049641,0.0633458173177642,0.0437114996048232,residential,10,autumn,1,1,0.23549869,0.23549869,2
1,2021-10-18,0.0504959052785679,0.0328493959634518,0.011254535796129,0.0149966189295934,0.0145505381889083,0.008069150032181,0.0225389581934073,0.024409482347182,0.2325444780376366,0.304912578427736,0.3357775170156067,0.2775179139438643,0.278879307574955,0.2484442413599921,0.2114982918270092,0.2513261002577011,0.1577879581894871,0.1217193895468258,0.1155604732291219,0.0946498382555715,0.0788136361047995,0.0832671295152418,0.051168256070835,0.0357285487828679,residential,10,autumn,0,1,0.23549869,0.23549869,2
1,2021-10-19,0.0490363572696589,0.0447278575353345,0.0040348028759324,0.0143369833364564,0.0021159767912817,0.0080719636581167,0.0225515627249497,0.0244230543760047,0.1973526154977816,0.2733002512131277,0.2909444381528568,0.2658357965958013,0.2753180949044128,0.2674241092782821,0.231207156635354,0.2331050386219404,0.1600850678322108,0.1261328192140669,0.1153387500236811,0.0941989028627458,0.0671947065235513,0.0895378397564126,0.0658218868801796,0.0414419892115676,residential,10,autumn,0,1,0.23549869,0.23549869,2
1,2021-10-20,0.051501298453246,0.0336411729636998,0.0040362566490672,0.0280943561493255,0.0021160904965673,0.0080749146112944,0.0225649300333228,0.0244366492969123,0.2751859026872442,0.3462681869477375,0.3473310150407872,0.2875568604733651,0.2921135134626672,0.2802046251768368,0.2197378546608704,0.2441612407359017,0.1605203698945802,0.0979509562594127,0.1072343198038757,0.1034697824858923,0.0582515093342022,0.0568254906115137,0.0519542500643778,0.0088526817952231,residential,10,autumn,0,1,0.23549869,0.23549869,2
1,2021-10-21,0.0024357591302689,0.0021402168166073,0.0019043164055608,0.0018656145941105,0.0021134112601124,0.0080658085045296,0.0225768402378339,0.0244502631490684,0.2884749405699517,0.3918063179401758,0.3500357502504366,0.2859259194085592,0.2788321218029208,0.2394886854461754,0.2504040108294618,0.2125522921438008,0.1417108998612667,0.0936762375513859,0.0877535060747709,0.0836717577876577,0.0501889658352472,0.0529794546229543,0.0481332254684354,0.0088566637265315,residential,10,autumn,0,1,0.23549869,0.23549869,2
1,2021-10-22,0.0024359890626091,0.0021403523882265,0.0019037240819964,0.0018644717003821,0.0021092229911159,0.0080779558395645,0.0225894978412885,0.0244638918727267,0.2677326281745805,0.333584360700169,0.345678754289541,0.2995754854858083,0.2696219200580474,0.2359685762596058,0.1910437509288997,0.2066900768528329,0.1320905838206955,0.0809639056281195,0.0777705489103234,0.0613974813500834,0.0205003676981013,0.0461963147569223,0.0443248465141797,0.0088606497683821,residential,10,autumn,0,1,0.23549869,0.23549869,2
1,2021-10-23,0.0024362191749454,0.0021404880672854,0.00190375522699,0.0018645011364224,0.0021093308663309,0.0080816520939173,0.0226021727891165,0.0244593522808385,0.2279239636186208,0.2953925918560457,0.32200674216845,0.2784197004118785,0.2598881609289739,0.2177911284584421,0.2405043651034612,0.2029784919768691,0.1398598876208104,0.0993897760284759,0.0986552066081445,0.0801964187021125,0.0565846084330307,0.0679113057645101,0.0642731907881262,0.0172871975535463,residential,10,autumn,1,1,0.23549869,0.23549869,2
1,2021-10-24,0.0292255628377703,0.0294994205287823,0.0040420876096926,0.0018697956077393,0.0021263664361415,0.0080520366470152,0.034891747293218,0.0570554508896032,0.1770758224453324,0.2505570208415925,0.2880290115485459,0.2752103931942217,0.2732993363136,0.2374068197923591,0.1942864083227619,0.2212493454334581,0.1656609513957491,0.0991137023761923,0.1184600003392489,0.0917310725338773,0.0599117602008431,0.086990454418588,0.0622536675778302,0.0400687035995563,residential,10,autumn,1,1,0.23549869,0.23549869,2
1,2021-10-25,0.030980706154439,0.0276972914064512,0.0018972911735088,0.0018588870626862,0.0021483510656789,0.0093097156952193,0.0226275346382873,0.0245048270946067,0.2455613286724231,0.2877815826404027,0.2990986949865092,0.2589654085873182,0.2400597597904544,0.2226799771410413,0.2059525160663797,0.2021539168323407,0.138794019187851,0.1062380053402751,0.1135791151735527,0.0929610888035482,0.0545737695830524,0.0678215169283888,0.0634339539934854,0.0171408460103571,residential,10,autumn,0,1,0.23549869,0.23549869,2
1,2021-10-26,0.0297093842168898,0.0303115610802743,0.0040508633704974,0.001867307384793,0.0021080834150323,0.0081139655524181,0.0226402092435248,0.0587275435212199,0.2736084277618652,0.345150570769087,0.3517350734241947,0.2754802384940565,0.2397615104822051,0.2023415508967072,0.1799673382936672,0.1668146321883539,0.1379335419254174,0.0888735303802713,0.0991046477937804,0.0976643172426338,0.0583008814490411,0.0520698924495252,0.0453853389137136,0.0088766149675248,residential,10,autumn,0,1,0.23549869,0.23549869,2
1,2021-10-27,0.0024371400794754,0.0021410310543109,0.001903879869123,0.001863921831196,0.0021259120628933,0.0080649552368138,0.022653348287632,0.0245321175056773,0.1796530543327595,0.26276677026215,0.2940685989893191,0.2535885368406316,0.2449956220420542,0.2066096379226155,0.2112558414094489,0.1892168518762983,0.1340625775406699,0.0931137442614517,0.1020262127214928,0.0794005102988653,0.0676487364635921,0.0675839557537101,0.0613600416222794,0.0264851521484408,residential,10,autumn,0,1,0.23549869,0.23549869,2
1,2021-10-28,0.0449434950860306,0.0279324914123897,0.0018959996173562,0.0040207921363408,0.0021265330850766,0.0080673447798282,0.0467288557468973,0.0605200885016999,0.1464063621434182,0.3024976372882409,0.3124810710626258,0.2847848105257922,0.241631478481811,0.1276853625645386,0.121225803132132,0.0824315486280861,0.0156970940604068,0.0202458867290981,0.0231770426783316,0.0221913133776688,0.0205617389084847,0.0171668885868706,0.0146425561910505,0.00888459246162,residential,10,autumn,0,1,0.23549869,0.23549869,2
1,2021-10-29,0.0024375998485404,0.0021188620660175,0.0040337712418044,0.0018710766807792,0.002133381584872,0.0089172575878468,0.022678204957174,0.0245593711664786,0.0254534349703005,0.1456752759340932,0.2026854177272679,0.1895276092294559,0.1875382346014646,0.1110339210018259,0.0438164761471237,0.0867800641201413,0.0553011088899988,0.0202557831975154,0.0231887026519387,0.0222024711235106,0.020571949847236,0.0171752076037781,0.0146497771113248,0.008888576039651,residential,10,autumn,0,1,0.23549869,0.23549869,0
1,2021-10-30,0.0024378293238757,0.002118982722923,0.0033286544817699,0.0018678479900591,0.0021215959286458,0.0080848623318447,0.0226908370059298,0.0245547942470057,0.0367212878213491,0.1311011353502957,0.1786628476131936,0.177733755965691,0.1940003842202554,0.1193549871116843,0.0857032196904646,0.1026405290171987,0.0630468055399322,0.0202474877864093,0.0232003473587287,0.0222136146327658,0.0205821476892223,0.0171835159489362,0.014656988768503,0.0088925547870054,residential,10,autumn,1,1,0.23549869,0.23549869,0
1,2021-10-31,0.0024503631705761,0.0020948538263541,0.0033414203041949,0.0018666270177343,0.0021171214361171,0.0080975591703541,0.0227034533206494,0.0245683748038258,0.0236106427908193,0.0788531543222195,0.1037403513226805,0.0810086208994297,0.1174677628164256,0.0868122430052067,0.0743870937270022,0.1232366275516432,0.0858425323878773,0.0541645301127169,0.0232119737899709,0.0222247404341471,0.0205923294105784,0.017191811161907,0.0146641890269215,0.0088965269634243,residential,10,autumn,1,1,0.23549869,0.23549869,0
1,2021-11-01,0.0024505996902389,0.0020949579809528,0.0040596164397314,0.0018682600704372,0.0021231060254461,0.0080891489099692,0.0227165674487844,0.0246001095819802,0.0973296617790429,0.2747561787699438,0.3045220961222722,0.2473004562954778,0.2058655554784503,0.1723352238702456,0.1396728049064955,0.1251961612013748,0.0950531226014326,0.069333954387057,0.0514000831519461,0.0639874224188393,0.0206024919979872,0.0511878544082686,0.0227278154203909,0.0089004916732505,residential,11,autumn,0,1,0.23549869,0.23549869,2
1,2021-11-02,0.002450835693753,0.0020950619085303,0.0040610667234446,0.0018675268633141,0.0021178928790611,0.0080722585066519,0.0227286110656033,0.0246136353346135,0.1506703854263762,0.3344696608713619,0.3274802050646255,0.2489138586223735,0.2210864157659301,0.1478976586346547,0.1313062984846272,0.1416960047987922,0.103185827148235,0.0778114763998631,0.0896564630074171,0.087690288969967,0.0291096492057675,0.0568484077071468,0.0427796387381551,0.0089044474586516,residential,11,autumn,0,1,0.23549869,0.23549869,2
1,2021-11-03,0.0024387429130163,0.0021419761388488,0.0019047251771191,0.0018660060564784,0.0021148458638992,0.0081130211514254,0.022741791267201,0.0246271278388813,0.1027881591278426,0.2435117068822687,0.3088518502481079,0.3246676646795907,0.2755604531455822,0.1486449975840871,0.1156654596552231,0.1079261452712012,0.0841388877556732,0.0707151399859896,0.0723301576135204,0.0547431696797183,0.0206227477393058,0.0413066181421607,0.0389121172491965,0.0089083937147871,residential,11,autumn,0,1,0.23549869,0.23549869,2
1,2021-11-04,0.0024667238916185,0.002110558071552,0.001901308161736,0.0018627338923386,0.0021177935668255,0.0081162521728625,0.0227542816596227,0.0246405828711135,0.1419347739589773,0.3098717305987017,0.3059722514142239,0.2575979391233352,0.2335100617020786,0.1496394418749865,0.1736897012495937,0.1713990167501266,0.1261664802238852,0.0962539339114794,0.0752704631933999,0.0731293744029964,0.0326350403127477,0.0558801419294518,0.0414135377016062,0.0089123292753237,residential,11,autumn,0,1,0.23549869,0.23549869,2
1,2021-11-05,0.0024515399093895,0.0020953720217917,0.0061818238370848,0.0018713128754575,0.0021342471165803,0.0080831799317482,0.0227661088807593,0.024653996319523,0.1732239582796082,0.3189600624493295,0.3222513596631993,0.3410369699479865,0.2731597948602928,0.1990779289485346,0.187408519644262,0.1746433771795779,0.1321250997209771,0.1064860490183104,0.0993821820317165,0.0771651719541798,0.0549520167088797,0.0471694977801048,0.0605219832769341,0.0089162524051199,residential,11,autumn,0,1,0.23549869,0.23549869,2
1,2021-11-06,0.0024394216854984,0.0021304428697832,0.0018984473464997,0.0018583797460105,0.0021399025135314,0.0080766684135401,0.0227785227766226,0.0246491851528035,0.1321355382493129,0.3394779719299174,0.3209398795253266,0.2990870854971569,0.2704255202369131,0.1781798771071671,0.1901764060475196,0.1837624302908835,0.1272414198635902,0.1198391258035507,0.0953026058348833,0.09503810517143,0.0738229275693694,0.0636210205593848,0.0634157113238676,0.037329201102142,residential,11,autumn,1,1,0.23549869,0.23549869,2
1,2021-11-07,0.0445551257787114,0.0431006543334182,0.0040682556200399,0.0018684484057192,0.0021237962225103,0.0081113942847375,0.022790895016931,0.0547208743968184,0.1697134929279083,0.3282090813952503,0.3319566280919229,0.3266247300659666,0.2753644253250884,0.1590696173507277,0.1890364079646674,0.1749221681131809,0.1324867912512625,0.1059543948086403,0.0982744390588359,0.0980793217963794,0.0562745104091873,0.0656444173798159,0.044884584590132,0.0089240572952694,residential,11,autumn,1,1,0.23549869,0.23549869,2
1,2021-11-08,0.0024523432337161,0.0032332690635408,0.0019002457773683,0.0018629765606157,0.002118236126327,0.0080939483188479,0.022803221954601,0.0246939485727937,0.0239382391229963,0.0538470276535457,0.0889848243108243,0.0996209787333398,0.0882524679450297,0.0132529843176863,0.0119307445262913,0.0133683771591939,0.0157783271110029,0.0203535686118138,0.0233039108627814,0.0223127191315382,0.0206728424949123,0.0172574064731659,0.01472112586432,0.0089279370310208,residential,11,autumn,0,1,0.23549869,0.23549869,0
1,2021-11-09,0.0024524674198747,0.002095780470593,0.006193138477532,0.001871445565348,0.0021347332635573,0.0080970920787278,0.0228158549847058,0.0247071565069822,0.0239508876636404,0.0213278561347066,0.0468645171142208,0.0512451914007593,0.067797208299621,0.0132591921266844,0.0119361583537105,0.0133745651706881,0.0157855668075291,0.0203631654955056,0.023315217195693,0.0223235390726249,0.0206827443293913,0.017265473657774,0.0147281281937466,0.008931799633116,residential,11,autumn,0,1,0.23549869,0.23549869,0
1,2021-11-10,0.0024403147179589,0.0021429029484416,0.0019043095605414,0.0018643227226147,0.0021066732781415,0.008156443102514,0.0228276994262901,0.0247203034949514,0.0239634775103721,0.0213388895640056,0.047590124592972,0.043152593559697,0.0663643585044268,0.0132653711534178,0.0119415470303482,0.0270817202536336,0.015792772937485,0.0203727178836208,0.0233264718103119,0.0223343089171518,0.0206926002544013,0.0172735034391957,0.0147350980571471,0.0089356453453252,residential,11,autumn,0,1,0.23549869,0.23549869,0
1,2021-11-11,0.0024405353927364,0.002143033069877,0.0019043394297852,0.0018650532834952,0.0021305992619724,0.0086943159391417,0.0228398513505408,0.0247333856303331,0.0239760049281649,0.0803534143928749,0.1104394770369512,0.1182453891003784,0.0923261053467392,0.042783837413653,0.0119469089842197,0.0252089615707785,0.0157999433668437,0.020382222947311,0.0233376699285927,0.022345025374561,0.0207024073512043,0.0172814934394874,0.0147420333904608,0.0089394713514032,residential,11,autumn,0,1,0.23549869,0.23549869,0
1,2021-11-12,0.0024407549019493,0.0021431625049031,0.0019050008245627,0.0018655507922601,0.0021111105121391,0.008155187563952,0.0228519391532028,0.0247463980544906,0.0239884663331205,0.0875865840752731,0.1427393874469937,0.1462046808557571,0.1217784809789196,0.0653585254521011,0.0464968303852267,0.054881246241993,0.0158070759721503,0.0203916778717405,0.0233488094802412,0.022355685196676,0.0207121627127364,0.0172894412924861,0.0147489321398556,0.0089432768780115,residential,11,autumn,0,1,0.23549869,0.23549869,0
1,2021-11-13,0.002440973180595,0.0021432912151889,0.0019043986867789,0.0018644058751801,0.0021069737338732,0.0081670358078509,0.0228639592586365,0.0247411589131404,0.0237761089258457,0.1305282113170546,0.1538307729889331,0.1613851807866606,0.1503793501175133,0.074007451994829,0.0511191008667162,0.0663449296914428,0.027326505594448,0.0203829006727255,0.0233598867019111,0.0223662855525595,0.0207218634583916,0.0172973446445107,0.0147557922623318,0.0089470616811694,residential,11,autumn,1,1,0.23549869,0.23549869,0
1,2021-11-14,0.0024536022519614,0.0020962802238648,0.0019076237869724,0.0018680094005808,0.0021195089074127,0.0081147069434135,0.0228759081218366,0.0247540224692217,0.0237884270267337,0.1287150320112487,0.1681656829869882,0.1637468159758219,0.1604245966097617,0.0831513461300006,0.0506850435616429,0.0866060827621792,0.0282914310018683,0.0203922469343531,0.0233708976738761,0.022376822855491,0.0207315067041281,0.0173052011550573,0.0147626117263301,0.0089508234648587,residential,11,autumn,1,1,0.23549869,0.23549869,0
1,2021-11-15,0.0024414057917477,0.0021435463093454,0.0019044572433822,0.0018644605070362,0.0021071711355313,0.0081739949442665,0.0228877865127512,0.0247849841723174,0.0240254170267545,0.0947574706489793,0.1182986861664219,0.0972073529114441,0.0969542866538098,0.0442661855272702,0.0119680582845687,0.0134110273366225,0.0158282257809781,0.0204197138888165,0.0233818402502858,0.0223872944419495,0.0207410896056911,0.017313008497496,0.0147693885123288,0.0089545619966709,residential,11,autumn,0,1,0.23549869,0.23549869,0
1,2021-11-16,0.0024540468143341,0.0021114907632985,0.0018969995730456,0.0018586078208812,0.0021283970750634,0.0081564049740301,0.022899577899615,0.0247976827887313,0.0240375772904676,0.0671783506060279,0.1103618909164441,0.1134531894582011,0.1326305223073058,0.0775953413602699,0.0888662488563617,0.0851650858183533,0.0632102265175682,0.0204289404172341,0.0233927103403674,0.0223976967501389,0.0207506093134534,0.0173207643597562,0.0147761206134483,0.0089582761698322,residential,11,autumn,0,1,0.23549869,0.23549869,0
1,2021-11-17,0.0024698074978613,0.0021124669437352,0.0018978892580225,0.0018628633020353,0.0021330844512081,0.0081302489346607,0.022911288058105,0.0248102929905834,0.0704331078438452,0.1852753645124883,0.2480324373573763,0.2227812010253347,0.2165676077294573,0.1227353661634121,0.068191969696608,0.090538712404111,0.0617500643896048,0.0204381029714551,0.0234035050529647,0.0224080271667642,0.0207600630202244,0.0173284664450116,0.0147828060360403,0.0089619640019105,residential,11,autumn,0,1,0.23549869,0.23549869,2
1,2021-11-18,0.00244204388166,0.0021439225697646,0.0019051774226112,0.0018664391519012,0.0021164330415792,0.0081666066336007,0.0229229248638019,0.0248228122077642,0.0240616412412705,0.1289033148592864,0.1412578961734835,0.1393310314196817,0.1429222849669621,0.0802163532223261,0.0588798514395137,0.0587673679352254,0.0158489598753011,0.0204471988380767,0.0234142214878116,0.0224182822786317,0.020769447917303,0.0173361124723636,0.0147894428002809,0.0089656255899164,residential,11,autumn,0,1,0.23549869,0.23549869,0
1,2021-11-19,0.0024422534394978,0.002121308973257,0.0018958678118983,0.0040041286484007,0.0036133863385757,0.008157829469149,0.0229344604444249,0.024835235472979,0.0240735378155661,0.1668689403725655,0.2047316081028573,0.2006923915892516,0.166204638376356,0.0961647205398789,0.0556251409950781,0.0582839881035095,0.041314613751879,0.0204562253234427,0.0234248564021604,0.0224284590450931,0.0207787612252645,0.0173437001775134,0.0147960289407541,0.0089692586357907,residential,11,autumn,0,1,0.23549869,0.23549869,0
1,2021-11-20,0.002470484586299,0.0021123060645724,0.0019011493598278,0.0018613745185958,0.0021291897024322,0.0081879728075399,0.0229459082504152,0.0248293801291735,0.0993450995635775,0.2216747377532691,0.2927509451700799,0.2711181301247617,0.2409270725964799,0.1704769988308318,0.1106985886619065,0.1161528144958801,0.0764403320536831,0.0441206760227328,0.0320864838598175,0.0224385546902646,0.0207880001924057,0.0173512273134338,0.0148025625070372,0.0089728632802802,residential,11,autumn,1,1,0.23549869,0.23549869,2
1,2021-11-21,0.0024426674705941,0.002144290283516,0.0019046280218908,0.0018646198391424,0.002121005885866,0.0081746650275485,0.0229578987392647,0.0248416015950648,0.0928615103504639,0.2812556347248234,0.3025962373978986,0.2613380584370351,0.2191358277779525,0.1114774721832301,0.0994652415234995,0.095521544220516,0.0615603377233652,0.0601712346685511,0.0234458670879701,0.0224485661114165,0.0207971620795512,0.017358691651035,0.014809041564277,0.0089764368854671,residential,11,autumn,1,1,0.23549869,0.23549869,2
1,2021-11-22,0.002455341549775,0.0020970461851759,0.0019078669440234,0.0018682391614297,0.0021249334896228,0.0081568207053737,0.0229689667729115,0.0248718952677252,0.0241086439920158,0.0214661105554952,0.0197167583716754,0.0165331087344111,0.0147242513182896,0.0133366185334763,0.0120036810121125,0.0134517448631815,0.0158758633499162,0.0204828618684061,0.0234562380993779,0.022458490343933,0.0208062441734936,0.017366090979824,0.0148154641937608,0.0089799807162273,residential,11,autumn,0,1,0.23549869,0.23549869,0
1,2021-11-23,0.0024430743188717,0.0021445301929786,0.0019060813551178,0.0018678990721924,0.002121783110844,0.0081730013907164,0.0229802490608822,0.0248839003260421,0.0241201399832079,0.0214761851867642,0.0197258793035752,0.0165404423602729,0.014730615618018,0.0133422607069172,0.0120086014850719,0.013457369083918,0.0158824433892884,0.0204915843149734,0.023466514375564,0.0224683244421546,0.0208152437846583,0.0173734231085599,0.0148218284934892,0.0089834916822314,residential,11,autumn,0,1,0.23549869,0.23549869,0
1,2021-11-24,0.0024432748975859,0.0021446484707475,0.0019061092001612,0.0018679261176945,0.0021218822252214,0.0081762129421241,0.0229912950846095,0.0248957922108432,0.024131526642608,0.0214861637555308,0.0476011329532643,0.0633668025498056,0.0769038517618636,0.0133478494981203,0.0120134753587278,0.0134629400370867,0.0158889611716684,0.020500224235947,0.023476693179697,0.0224780656575456,0.0208241582513825,0.0173806858659018,0.014828132578734,0.0089869691114035,residential,11,autumn,0,1,0.23549869,0.23549869,0
1,2021-11-25,0.0024434734994719,0.0021447655837216,0.0019061367709884,0.0018679528968547,0.0021219803635253,0.0081793929097121,0.0230022323149215,0.0249075672261896,0.0241428086559241,0.1108842777016827,0.1293527273435053,0.1351831671163613,0.1456512140329476,0.0620843779622603,0.0120183012537296,0.0418756011288227,0.0158954147688863,0.0205087790726962,0.0234867721959017,0.0224877107906362,0.0208329849268125,0.017387877101053,0.0148343745826008,0.0089904126063745,residential,11,autumn,0,1,0.23549869,0.23549869,0
1,2021-11-26,0.0024436700671899,0.0021269355144581,0.0019047792726718,0.0018647479504652,0.0021231025577506,0.0081487054991914,0.0230124769177913,0.0249192213261725,0.0241539771212162,0.1251882101420453,0.1375291895478713,0.1470463335305851,0.1455970894501314,0.0710236680272781,0.0521189985569248,0.075325521607397,0.044753075173472,0.0205172462917878,0.0234967477416226,0.0224972571359267,0.0208417212004435,0.0173949946843979,0.0148405526565786,0.00899382112983,residential,11,autumn,0,1,0.23549869,0.23549869,0
1,2021-11-27,0.002471996023141,0.0021134814639759,0.0018987827388074,0.0018608102259749,0.0021298813742879,0.0082098389396152,0.0230239425355588,0.0249125716547556,0.0239402525220195,0.0212907523564493,0.0195367247240489,0.1038420243760495,0.1362130021468876,0.0609496653033591,0.0197941912518997,0.0420142144324857,0.0156833728591555,0.0205074442015358,0.0235066168578733,0.0225067018369766,0.0208503644851115,0.0174020365081312,0.0148466649710896,0.0089971927822316,residential,11,autumn,1,1,0.23549869,0.23549869,0
1,2021-11-28,0.0024440568656815,0.0021451095889218,0.0019054532217822,0.0018667032725203,0.003607455472106,0.0081684709712558,0.0230337777313903,0.024923974125898,0.0239511710369454,0.0213003209192927,0.0195453877171598,0.1407489555326474,0.1526632621105838,0.0602098765019165,0.0376718922285938,0.0440456793688826,0.0156896225107039,0.0205157286895404,0.0235163770964818,0.0225160421620705,0.0208589122211889,0.0174090004868829,0.0148527097160302,0.0090005277516851,residential,11,autumn,1,1,0.23549869,0.23549869,0
1,2021-11-29,0.0024724079570707,0.0021136724264086,0.0018988277070087,0.0018602035013666,0.0021528110852201,0.0081333162760081,0.02304424300431,0.0249534249848654,0.0241867131762078,0.0215345286756061,0.0197787002270746,0.1620572726384171,0.1663495420500844,0.0799431171934556,0.0621890164991002,0.0613364151350319,0.0501295771153958,0.0205420973024286,0.0235260251613378,0.0225252753428504,0.020867361877345,0.0174158845583374,0.014858685101306,0.0090038241577904,residential,11,autumn,0,1,0.23549869,0.23549869,0
1,2021-11-30,0.0024569581334198,0.0020977581237921,0.001908092952918,0.0018678223672847,0.0021170882811999,0.0082059291919593,0.0230545924545694,0.0249645624413281,0.0241973778986103,0.0215438751905167,0.0197871618815114,0.1283078767110105,0.1350421215703471,0.05873387970196,0.0120416612567394,0.0134951572752633,0.0159266537737903,0.0205501892465821,0.0235355583839187,0.0225343985547957,0.0208757109512935,0.0174226866838418,0.0148645893573628,0.0090070813231636,residential,11,autumn,0,1,0.23549869,0.23549869,0
1,2021-12-01,0.0024728101373578,0.0042613318068284,0.0019084905656183,0.0018694457389685,0.0021154228594544,0.0082304720394686,0.0230656336904973,0.024975562041441,0.0242079110599413,0.0215531063384993,0.0197955191005295,0.1181210422445844,0.1341170700185966,0.0453240414128927,0.012046169645361,0.0135003105075849,0.0159326828254929,0.0205581813098467,0.0235449740733759,0.0225434091477243,0.0208839569705364,0.0174294048490116,0.0148704207357119,0.0090102979788711,residential,12,winter,0,1,0.23549869,0.23549869,0
1,2021-12-02,0.0024730074205523,0.0021139503262126,0.0018988931473886,0.0018597321805953,0.002142971624192,0.0081620434661712,0.023074896381032,0.0249864209071926,0.0242183095067105,0.0215622191398707,0.019803769393259,0.0498884992254903,0.0694985815964423,0.0133904430030782,0.0120506203997435,0.0135053978186468,0.0159386347440989,0.0205660711254486,0.0235542694429229,0.0225523044999026,0.0208920974930921,0.0174360370643254,0.0148761775094455,0.0090134741117307,residential,12,winter,0,1,0.23549869,0.23549869,0
1,2021-12-03,0.0024449842550392,0.0021227449537782,0.0018961694166116,0.0061415466730569,0.0021231024775283,0.0082415457890601,0.0230848448283189,0.0249971369061305,0.0242285697554448,0.0215712111060689,0.0198119103231618,0.050080636054955,0.0420710144191379,0.0133954789325906,0.0120550156029903,0.0135104176985943,0.0159445077665149,0.0205738563568939,0.0235634416099966,0.0225610818239701,0.0209001301042582,0.0174425813657154,0.0148818579737496,0.0090166078155326,residential,12,winter,0,1,0.23549869,0.23549869,0
1,2021-12-04,0.0024451625020831,0.0021228386868962,0.0018961891037506,0.006143795232377,0.0021449099984824,0.0081643783799968,0.0230946654847243,0.0249895258343084,0.0240139404352448,0.0213553308251695,0.0195951905551722,0.0510528242175595,0.0192018409265042,0.0131756967982337,0.0118345946410845,0.0132906197462083,0.0157255512319427,0.0205633555144616,0.023572487665668,0.0225697389056363,0.0209080524371451,0.0174490358151486,0.0148874604464083,0.0090196984940599,residential,12,winter,1,1,0.23549869,0.23549869,0
1,2021-12-05,0.0024453382140394,0.0021458652040918,0.0019063956444591,0.0018674591815728,0.0021180059288968,0.0082188135200254,0.0231049971565395,0.0249999437694217,0.0240239162134137,0.0213640733000253,0.0196031055609075,0.0297494695840657,0.0275934716066231,0.0131805929722583,0.0118388644654441,0.0132955003183159,0.0157312612681386,0.0205709246926791,0.0235814051032869,0.0225782727565172,0.0209158621337366,0.0174553985012013,0.014892983268303,0.0090227452310541,residential,12,winter,1,1,0.23549869,0.23549869,0
1,2021-12-06,0.0024455113388726,0.0021459672985136,0.0019064196796058,0.0018682276820484,0.002122987376198,0.0082120227213981,0.0231144601956218,0.0250283879984542,0.0242585167747556,0.0215974360595784,0.0198356529943028,0.0769406256841262,0.0869196854959039,0.0134101660047072,0.0120678208052426,0.013525057971085,0.0159616361841299,0.020596561650007,0.0235901911156944,0.0225866810245704,0.0209235568852293,0.017461667539624,0.0148984248039018,0.0090257467879766,residential,12,winter,0,1,0.23549869,0.23549869,0
1,2021-12-07,0.0024456818245872,0.0021460678375824,0.0019064433485901,0.0018682506714039,0.0021230716259059,0.0082147526000759,0.0231238494558805,0.0250384964224208,0.0242681915026792,0.0216059185719215,0.0198433326976998,0.0166348796192704,0.014812570566274,0.0134149166238508,0.012071963342416,0.0135297934592039,0.015967176470714,0.0206039058094997,0.0235988432732975,0.0225949611165046,0.0209311344128958,0.0174678410739002,0.0149037834417452,0.0090287032550979,residential,12,winter,0,1,0.23549869,0.23549869,0
1,2021-12-08,0.0024584214105943,0.002115966038673,0.0019035115688034,0.0018654031620831,0.0021126365931591,0.0082379835036236,0.0231332442398014,0.0250484455610075,0.0242777339999729,0.0216142674279886,0.019850891323778,0.0309404702087195,0.0364899793555399,0.0134195923443943,0.0120760452318316,0.0135344542806399,0.0159726294087465,0.0206111341804525,0.0236073597544261,0.0226031107708934,0.0209385924727224,0.0174739172757971,0.0149090575949241,0.0090316128373741,residential,12,winter,0,1,0.23549869,0.23549869,0
1,2021-12-09,0.0024460146818627,0.0021462641310879,0.0019064895601566,0.001868295556054,0.0021232361158873,0.0082200824740217,0.023142181114077,0.025058231493804,0.0242870710120072,0.0216224797016823,0.0198583266164669,0.0166469353541414,0.0148230328260764,0.0134241917816693,0.0120800519971053,0.0135390390585055,0.0159779933833907,0.0206182446222511,0.0236157362722089,0.0226111273738248,0.0209459288560764,0.0174798943459039,0.0149142457015476,0.0090344749202201,residential,12,winter,0,1,0.23549869,0.23549869,0
1,2021-12-10,0.0024461769533987,0.0021463598273766,0.0019065120890493,0.0018683174380526,0.0021233163074346,0.0082226808701716,0.0231511180842873,0.0250678535998887,0.0242963160526799,0.0216305536403289,0.0198656364103095,0.0647396789620595,0.0662128828343329,0.0134287135735952,0.0120839953253569,0.0135435464419971,0.0159832668061571,0.0206252350292058,0.0236239715202152,0.0226190086900563,0.0209531413903563,0.0174857705141688,0.0149193462252069,0.0090372886858822,residential,12,winter,0,1,0.23549869,0.23549869,0
1,2021-12-11,0.002446336389427,0.0021464538520774,0.0019051246667853,0.0018657954338492,0.0021140741202287,0.008243439898252,0.0231600350274508,0.0250591284664279,0.0240806334507291,0.0214137379290812,0.0196480696088646,0.0742799428455981,0.0673951174657669,0.0132084074595274,0.0118631248893483,0.0133232261690185,0.0157636991938124,0.0206139241469763,0.0236320639112777,0.0226267522177507,0.0209602279352967,0.0174915440404194,0.0149243576554302,0.0090400529577026,residential,12,winter,1,1,0.23549869,0.23549869,0
1,2021-12-12,0.0024464929420095,0.0021465461773369,0.0019057870073513,0.0018670229241365,0.0021185724090603,0.0082379689840011,0.0231679355025549,0.0250684103839855,0.0240895084089418,0.0214215274396135,0.0196551218503624,0.0164395088403563,0.0146383261596348,0.0132127699668883,0.0118669300172826,0.0133275747792566,0.0157687868550788,0.0206206683099752,0.0236400093229082,0.0226343560766902,0.0209671864053099,0.0174972132148815,0.01492927850813,0.0090427676025399,residential,12,winter,1,1,0.23549869,0.23549869,0
1,2021-12-13,0.0024466465662302,0.0021466367758313,0.0019065772884641,0.0018683807653356,0.0021235483846273,0.0082302007240829,0.0231769819470337,0.0250956984085868,0.0243229913420413,0.0216539202349498,0.0198867911669155,0.0166698220424431,0.014842894450572,0.0134417998037623,0.0120954075320265,0.0135565909802015,0.0159985282834872,0.0206454655209831,0.0236478058615438,0.02264181737721,0.0209740147222563,0.017502776358682,0.0149341073260432,0.0090454317857814,residential,12,winter,0,1,0.23549869,0.23549869,0
1,2021-12-14,0.0024467972158714,0.0021236983442647,0.0018963696609905,0.0018713169423857,0.0021325639649902,0.0081775732162845,0.0231848893456086,0.0251046317847491,0.0243315766574841,0.0216614160514298,0.0198935776642939,0.0166752786228356,0.0148476298036884,0.0134459978592797,0.0120990685516505,0.0135607756527855,0.016003424156854,0.0206519554517381,0.0236554515601097,0.0226491344316207,0.0209807108771513,0.0175082318243493,0.0149388426791596,0.0090480440964792,residential,12,winter,0,1,0.23549869,0.23549869,0
1,2021-12-15,0.0024469448463198,0.0021468126856985,0.0019066187012978,0.0018684209890443,0.0021229476339236,0.0082056661614096,0.0231932052434779,0.0251133857676019,0.0243399901628666,0.0216687617794761,0.0199002281551489,0.0309856747119191,0.0483959697394864,0.0134501118117849,0.01210265622557,0.0135648764936683,0.0160082219474553,0.0206583153645058,0.0236629442607327,0.0226563050735819,0.0209872728871179,0.0175135779962979,0.0149434831651509,0.0090506040718625,residential,12,winter,0,1,0.23549869,0.23549869,0
1,2021-12-16,0.0024754695929676,0.0021150917956916,0.0018991619428149,0.0018611785433741,0.0021545610484802,0.0081779543123504,0.0232009382332211,0.0251219579189327,0.0243482292350959,0.0216759548116186,0.0199067406865099,0.0166858622519275,0.0148568145343084,0.0134541404429693,0.0121061779141964,0.0135688922937957,0.0160129202344097,0.020664543375859,0.0236702820029779,0.0226633266562752,0.0209936987953444,0.0175188132913104,0.0149480274097796,0.0090531109909711,residential,12,winter,0,1,0.23549869,0.23549869,0
1,2021-12-17,0.0024472308763866,0.0021469813733182,0.0019066584138647,0.001868459561306,0.0021238371503334,0.0082395574033906,0.0232091633698484,0.025130345677674,0.0243562917569146,0.0216829936849533,0.0199131132880403,0.0166909861641913,0.0148612611918401,0.0134580825597925,0.0121096076568616,0.0135728218481936,0.0160175176260763,0.0206706376414314,0.023677461726928,0.0226701976191145,0.0209999867123939,0.017523936159004,0.0149524740673113,0.0090555640379936,residential,12,winter,0,1,0.23549869,0.23549869,0
1,2021-12-18,0.0024473691905805,0.0021470629459976,0.0019066776177655,0.0018684782137886,0.0021239055065871,0.0082417723025834,0.0232167813006479,0.0251203681965699,0.0241394257095421,0.0214651270666399,0.0196945954239364,0.0164712471915951,0.0146658694724154,0.0132371880732752,0.0118882282961932,0.0133519150788982,0.0157972638395767,0.0206584171722653,0.0236844817512525,0.0226769157558723,0.0210061347716473,0.0175289450822893,0.0149568218209107,0.0090579625228828,residential,12,winter,1,1,0.23549869,0.23549869,0
1,2021-12-19,0.0024475043161969,0.0021471426388669,0.0019066963791207,0.00186849643643,0.00212397228759,0.0082439361595972,0.0232242236739274,0.0251283809019192,0.0241471269417621,0.0214718507541784,0.0197006827845782,0.0164761416870235,0.0146701170345365,0.0132409536850801,0.0118915138254783,0.0133556686908584,0.0158016553868362,0.0206642385721397,0.0236913399974449,0.0226834790770364,0.0210121411524144,0.0175338385778209,0.0149610693830317,0.0090603057353975,residential,12,winter,1,1,0.23549869,0.23549869,0
1,2021-12-20,0.0024476362132195,0.0021472204283261,0.0019067146923732,0.0018685142238365,0.0021240374735754,0.0082460483336879,0.0232314882789428,0.0251543814488819,0.024379393171919,0.0217031627742281,0.019931373717055,0.0167056682032137,0.0148740026203274,0.013469378280057,0.0121194682551911,0.0135840815701696,0.0160306909672775,0.0206881001171029,0.0236980341637038,0.0226898856342364,0.0210180040759636,0.0175386151964373,0.0149652154957986,0.0090625929816654,residential,12,winter,0,1,0.23549869,0.23549869,0
1,2021-12-21,0.0024477648425884,0.0021472962913384,0.0019067325520987,0.0018685315707388,0.0021241010452335,0.0082481081975729,0.0232385729864615,0.0251620091226252,0.0243867243297195,0.0217095633346452,0.0199371685512258,0.0167103274822088,0.0148780460559088,0.0134729629265729,0.0121225943881725,0.0135876547939654,0.0160348714684718,0.0206936417559812,0.0237045626269364,0.0226961296852742,0.0210237218060444,0.0175432735235877,0.01496925893138,0.0090648235843855,residential,12,winter,0,1,0.23549869,0.23549869,0
1,2021-12-22,0.0024478901662111,0.0021473702054378,0.0019067499530123,0.0018685484720044,0.0021241629837562,0.0082501151469016,0.0232454756772328,0.0251694408571333,0.0243938671948111,0.0217157994619005,0.0199428145163342,0.0167148670657653,0.0148819856168791,0.0134764554846266,0.0121256402403138,0.0135911362231916,0.0160389445738814,0.0206990410318681,0.0237109229571391,0.0227022067179256,0.021029292654182,0.0175478121797522,0.0149731984923503,0.0090669968830323,residential,12,winter,0,1,0.23549869,0.23549869,0
1,2021-12-23,0.0024480121469744,0.0021474421487353,0.0019067668899575,0.0018685649226222,0.0021242232707754,0.0082520685818468,0.0232521943147581,0.0251766748935133,0.0244008193037523,0.0217218695341358,0.0199483099499529,0.0167192856095296,0.0148858201365748,0.0134798549199313,0.0121286055998977,0.0135945248260803,0.0160429090772958,0.0207042963458199,0.0237171147039153,0.022708129224464,0.0210347149559744,0.0175522298208461,0.014977033012046,0.0090691121921353,residential,12,winter,0,1,0.23549869,0.23549869,0
1,2021-12-24,0.0024607807090722,0.0021171210206459,0.0019038097654001,0.0018634026844452,0.0021551808994471,0.0081944266515473,0.0232582915066779,0.0251837087780785,0.0244075791685944,0.0217277709376998,0.019953653204008,0.0923737832388995,0.1082286121507087,0.0134831602257757,0.0121314890191613,0.0135978195997225,0.016046763804664,0.0207094061415254,0.0237231349196774,0.0227138841952092,0.02103998712531,0.0175565251386434,0.0149807613549098,0.0090711686521084,residential,12,winter,0,1,0.23549869,0.23549869,0
1,2021-12-25,0.0024608998436676,0.0021148033790742,0.0018984021539118,0.0018597955074023,0.0021449385846703,0.0082163476153094,0.0232647857024592,0.0251723602179221,0.0241893956024646,0.0215087543572477,0.019734093792169,0.0408231226112622,0.0537781354908391,0.0132616215017664,0.0119095411356128,0.013376270646725,0.0158257586928861,0.0206961897215682,0.0237289812285087,0.0227194734200087,0.0210451075848396,0.017560696861109,0.0149843824168295,0.0090731666049577,residential,12,winter,1,1,0.23549869,0.23549869,0
1,2021-12-26,0.0024483576758857,0.0021476459437188,0.0019068148675225,0.001868611522562,0.0021243940468247,0.0082576021075845,0.023271226291713,0.0251789866894482,0.0241957645831778,0.021514314793341,0.0197391280086048,0.0289389144590793,0.0828396626034036,0.0132647356403504,0.0119122583579681,0.0133793748624036,0.0158293904763864,0.0207010039846688,0.0237346529134505,0.0227248953727313,0.0210500748266098,0.0175647437528322,0.0149878951254611,0.0090751043805513,residential,12,winter,1,1,0.23549869,0.23549869,0
1,2021-12-27,0.0024484659333218,0.0021477097966767,0.001906829899832,0.0018686261232346,0.0021244475542995,0.0082593358692542,0.0232771893778088,0.0252035860719976,0.0244266840858078,0.0217444509169434,0.0199687543688285,0.0955468885146451,0.0757905006404073,0.0134925017193059,0.0121396398815462,0.0136071313274744,0.016057658079647,0.02072384750513,0.0237401475722773,0.0227301484458439,0.0210548873758316,0.0175686646153657,0.0149912984405492,0.0090769818508718,residential,12,winter,0,1,0.23549869,0.23549869,0
1,2021-12-28,0.0024485706781035,0.0021477715782746,0.0019060717243166,0.0018672955849299,0.0021195716371827,0.0082712995688701,0.0232823697982604,0.0252097978430295,0.0244326546235772,0.0217496633174065,0.0199734735798793,0.0167395182095798,0.014903378478763,0.0134954210020127,0.0121421870836104,0.0136100413081652,0.0160610626175245,0.0207283605332547,0.0237454654188475,0.0227352310217725,0.0210595438046402,0.0175724582875823,0.0149945913542342,0.0090787984168289,residential,12,winter,0,1,0.23549869,0.23549869,0
1,2021-12-29,0.0024486718784982,0.0021478312702078,0.0019068584972202,0.0018686538994784,0.002124549346649,0.0082626341674532,0.023288533513366,0.0252158000187215,0.0244384230741075,0.0217546995935369,0.0199780331973638,0.1312342193688342,0.1287392276344224,0.0547966573435134,0.0248807264442239,0.013612852864271,0.0160643520033576,0.0207327209167519,0.0237506011906167,0.0227401419256552,0.0210640427480254,0.0175761236460219,0.0149977728913515,0.009080553540505,residential,12,winter,0,1,0.23549869,0.23549869,0
1,2021-12-30,0.0024487695045365,0.0021478888547991,0.0019060989730401,0.0018673216798223,0.0021196672679113,0.0082738277052971,0.0232939787072042,0.0252215897196289,0.0244439879548297,0.0217595578133648,0.0199824318103599,0.0167467209986798,0.0436162251171719,0.0135009625145252,0.0121470222960683,0.013615565163176,0.0160675252630254,0.0207369273643351,0.0237555577264246,0.0227448793735344,0.0210683828571631,0.0175796596052236,0.0150008421097187,0.0090822463835832,residential,12,winter,0,1,0.23549869,0.23549869,0
1,2021-12-31,0.0024773805155332,0.0021159778142557,0.0018987053992952,0.0018602414118466,0.0021454487196086,0.0082257976365519,0.0232988008935832,0.0252271661936063,0.0244493475419438,0.02176423718098,0.0199866681732653,0.0319563454711047,0.0444725572621494,0.0135035831032647,0.0121493088745593,0.0136181774016593,0.016070581456797,0.0207409786303044,0.0237603303345432,0.0227494419786113,0.0210725628589542,0.0175830651180462,0.0150037981004157,0.009083877446827,residential,12,winter,0,1,0.23549869,0.23549869,0
2,2021-01-01,0.0017357490107064,0.0009772162165456,0.0004457674696777,0.0004322205098346,0.0009590755549314,0.0049298762181592,0.0164385199353386,0.0177019665445243,0.0170198075112906,0.0149634538305212,0.0227962839374255,0.0201886333737342,0.0096030493479055,0.008546466099838,0.00750597949023,0.0085346031757507,0.0100095995059264,0.013223837703987,0.0155038908801581,0.0148355897228587,0.0136149633828164,0.011156555938064,0.0096446139690656,0.0054493177857297,residential,1,winter,0,7,41.30299413,289.12095891,0
2,2021-01-02,0.0017360653624212,0.0009773795532303,0.0004458093964139,0.0004322607055601,0.0009592347269035,0.0049309427033929,0.0164422455891351,0.0177059916940688,0.0170236769585591,0.0149668302757626,0.0219644011496245,0.0188123203557944,0.0096051829258299,0.0085483574414598,0.0075076298733593,0.0085364868505113,0.0100118031808668,0.013226757865354,0.0155073318956159,0.014838880798327,0.0136179798431007,0.0111590146276678,0.0096467475469901,0.0054504973984463,residential,1,winter,1,7,41.30299413,289.12095891,0
2,2021-01-03,0.0017363860524699,0.0009775356164133,0.000445849710556,0.0004322991925855,0.0009593865843184,0.0049319684605235,0.01644581233248,0.0177098441489339,0.0170273816593829,0.0149700624103977,0.0135772351679704,0.0110126243034598,0.0096072254397174,0.0085501680580228,0.0075092098158693,0.0085382901274453,0.0100139127999334,0.013229553390222,0.0155106250240252,0.0148420313011478,0.0136208675447122,0.0111613683767737,0.0096487900608776,0.0054516262958093,residential,1,winter,1,7,41.30299413,289.12095891,0
2,2021-01-04,0.0017366937688218,0.0009776852658462,0.0004458884291718,0.000432335959518,0.0009595318399772,0.0049329458427891,0.0164492189437739,0.0177161209919308,0.0170630267530772,0.0150052564169674,0.0136121375881182,0.0110469799882243,0.0096377104950921,0.0085840044020828,0.0075428258386278,0.0085721194612822,0.0100480347271351,0.0132348204770336,0.0155137706243799,0.0148450405322692,0.0136236256528742,0.0111636164886002,0.0096507409058569,0.0054527051980762,residential,1,winter,0,7,41.30299413,289.12095891,0
2,2021-01-05,0.0017369862990091,0.0009778275513087,0.0004459249270761,0.0004323709738055,0.0009596704510169,0.0049338770159347,0.0164524644697312,0.0177196271287081,0.0170663975706109,0.0150081972287087,0.0136148008129393,0.011049122353576,0.0096395690934391,0.0085856519840022,0.0075442635172431,0.00857376036446,0.0100499543882615,0.0132373642824544,0.0155167677675034,0.0148479076009242,0.0136262533445075,0.01116575829739,0.009652599504204,0.0054537327787977,residential,1,winter,0,7,41.30299413,289.12095891,0
2,2021-01-06,0.0017372635713534,0.0009779624305163,0.0004459597782885,0.0004324042467429,0.0009598019287596,0.0049347616898354,0.0164555479495261,0.0177229582137096,0.0170696000923265,0.0150109914320514,0.0136173310516791,0.0110511577538264,0.0096413348947475,0.0085872173046179,0.007545629414713,0.0085753193397938,0.0100517782035759,0.013239781079471,0.0155196149952567,0.0148506312672175,0.013628749815832,0.0111677931685031,0.0096543653055123,0.0054547091031175,residential,1,winter,0,7,41.30299413,289.12095891,0
2,2021-01-07,0.0017375268834613,0.0009780904676867,0.0004459927967902,0.0004324357612549,0.0009599264580937,0.0049355996097602,0.0164584684703082,0.017726113259789,0.0170726333692012,0.0150136381972401,0.0136197276264306,0.0110530855862111,0.0096430073760919,0.008588699900375,0.0075469231265401,0.0085767959256077,0.0100535056329727,0.0132420701523719,0.0155223117498159,0.0148532112376941,0.0136311143744992,0.0111697205000412,0.0096560377868567,0.0054556337837764,residential,1,winter,0,7,41.30299413,289.12095891,0
2,2021-01-08,0.0017377754887553,0.0009782113228043,0.0004460239631697,0.0004324655080088,0.0009600440021419,0.0049363905276121,0.0164612251674716,0.0177290913319646,0.0170754965023626,0.0150161362704203,0.0136219897327256,0.0110549052798207,0.0096445860421827,0.0085900993322169,0.0075481442696037,0.0085781896846248,0.0100551361648899,0.0132442308232699,0.0155248567569027,0.0148556462354701,0.0136333462875307,0.0111715397208985,0.0096576164529476,0.0054565065957517,residential,1,winter,0,7,41.30299413,289.12095891,0
2,2021-01-09,0.001738009299307,0.00097832496008,0.0004460532681975,0.0004324934781953,0.0009601545260957,0.0049371342092143,0.016463817224911,0.0177292945213861,0.0170460816546022,0.0149863779265639,0.0135920097536749,0.0110245093070175,0.0096175362151178,0.0085593081969622,0.0075171854935212,0.0085473932153438,0.0100245623277084,0.0132436654259921,0.0155272504025225,0.0148579360933493,0.0136354449132588,0.0111732502923298,0.009659100836278,0.0054573272805948,residential,1,winter,1,7,41.30299413,289.12095891,0
2,2021-01-10,0.00173822824588,0.0009784313458753,0.0004460807031954,0.0004325196635315,0.0009602579972253,0.0049378304343708,0.016466243875263,0.0177319160508394,0.0170486020056391,0.0149885771588861,0.01359400101812,0.0110261111386058,0.0096189258761016,0.008560540082439,0.0075182604357658,0.0085486201071723,0.0100259976449052,0.0132455674115122,0.0155294914146742,0.0148600796464363,0.0136374096157253,0.0111748517077659,0.0096604904972618,0.0054580955441133,residential,1,winter,1,7,41.30299413,289.12095891,0
2,2021-01-11,0.0017384322779179,0.0009785307024773,0.0004461062696812,0.0004325440570807,0.00096035438491,0.0049384789969411,0.0164685044001331,0.0177369554910105,0.0170830565650914,0.0150227325322889,0.0136279629670101,0.0110597103002185,0.0096487546135993,0.0085937946238362,0.0075513687780035,0.0085818699967781,0.0100594416914249,0.013249936216575,0.0155315787416075,0.0148620763556406,0.0136392398131001,0.0111763434929625,0.0096617850243641,0.0054588112618232,residential,1,winter,0,7,41.30299413,289.12095891,0
2,2021-01-12,0.0017386213064451,0.0009786222390852,0.0004461301263632,0.0004325666563974,0.0009604436605451,0.0049390797048946,0.0164705981303079,0.0177392175300163,0.0170852310761095,0.0150246297432822,0.0136296810552881,0.011061092372457,0.0096499536234581,0.0085948575038112,0.0075522962461875,0.0085829285681961,0.0100606800938048,0.0132515772638639,0.0155335117639806,0.0148639260109198,0.0136409349911078,0.0111777252065983,0.009662984034223,0.0054594741690351,residential,1,winter,0,7,41.30299413,289.12095891,0
2,2021-01-13,0.0017387959856946,0.0009787067385165,0.0004461517095456,0.0004325874355495,0.0009605257977543,0.004939629918987,0.0164725243906191,0.0177412985539559,0.0170872317587481,0.0150263753403128,0.013631261777402,0.0110623639347866,0.0096510567609981,0.008595835396355,0.0075531495544095,0.0085839024966933,0.0100618194740566,0.0132530870937088,0.0155352901366829,0.0148656274609245,0.0136424946022948,0.0111789964385907,0.009664087171763,0.005460083748423,residential,1,winter,0,7,41.30299413,289.12095891,0
2,2021-01-14,0.0017389548721763,0.000978784078807,0.0004461717936433,0.0004326064164919,0.0009606007721939,0.0049401343979856,0.0164742827214582,0.0177431981038629,0.0170890580004572,0.015027968807048,0.0136327046381405,0.011063524610646,0.0096520636995356,0.008596728011874,0.0075539284499705,0.00858479149385,0.0100628594947636,0.013254465258988,0.015536913908628,0.0148671808463849,0.0136439182030694,0.0111801568124405,0.0096650941103004,0.0054606408365149,residential,1,winter,0,7,41.30299413,289.12095891,0
2,2021-01-15,0.0017390986002367,0.0009788535239053,0.0004461895635054,0.0004326235652495,0.0009606685616759,0.0049405929936116,0.0164758726023031,0.0177449157246943,0.0170907093096713,0.0150294095412925,0.0136340092155861,0.0110645740563122,0.0096529741408751,0.0085975350860286,0.0075546327022079,0.0085855952963981,0.0100637998479336,0.0132557113515708,0.0155383817616353,0.0148685851847468,0.013645205384883,0.011181205985463,0.0096660045516399,0.0054611442003121,residential,1,winter,0,7,41.30299413,289.12095891,0
2,2021-01-16,0.0017392271570231,0.0009789158149173,0.0004462056266296,0.0004326388967155,0.0009607289218417,0.0049410006397316,0.0164772889040219,0.0177438533657149,0.0170600780441136,0.0149985899712779,0.0136030681666739,0.0110334049722489,0.0096252536050028,0.0085661493910585,0.0075231551138112,0.0085542066775463,0.010032533266337,0.0132542279761281,0.0155396937475437,0.0148698403288001,0.0136463557722292,0.011182143646985,0.009666818226163,0.0054615940637375,residential,1,winter,1,7,41.30299413,289.12095891,0
2,2021-01-17,0.0017393404886218,0.0009789709334097,0.0004462199803934,0.0004326524085312,0.0009607822832228,0.0049413558205221,0.0164785448493382,0.0177452050095007,0.0170613778193162,0.0149997239359527,0.0136040950174214,0.0110342310582102,0.0096259702717473,0.0085667846908652,0.0075237094758952,0.0085548394020618,0.0100332734786008,0.0132552088554841,0.0155408499590073,0.0148709456436814,0.0136473689909476,0.0111829695183387,0.0096675348929075,0.0054619902935824,residential,1,winter,1,7,41.30299413,289.12095891,0
2,2021-01-18,0.0017394378676017,0.0009790180528096,0.0004462320049002,0.0004326640730564,0.0009608286301592,0.0049416700436136,0.0164796265904668,0.017748970599503,0.017094608524244,0.0150328111422664,0.0136370896691456,0.0110670520695586,0.0096551239288746,0.0085994407973105,0.0075562956242907,0.0085874932825691,0.0100660202655183,0.0132586536991606,0.0155418487678551,0.0148719011518278,0.0136482447648269,0.0111836833554394,0.0096681543396395,0.0054623327725195,residential,1,winter,0,7,41.30299413,289.12095891,0
2,2021-01-19,0.0017395206547012,0.0009790580179294,0.00044624231155,0.0004326739102301,0.0009608675003629,0.0049419315887351,0.016480538188908,0.0177499554155331,0.0170955549916028,0.0150336373644991,0.0136378377574926,0.0110676538173373,0.0096556459721507,0.0085999035702728,0.0075566994395935,0.008587954179606,0.0100665594601136,0.0132593682034631,0.0155426900397581,0.0148727064078475,0.0136489828296862,0.011184284946891,0.0096686763829156,0.0054626210245535,residential,1,winter,0,7,41.30299413,289.12095891,0
2,2021-01-20,0.0017395881445244,0.0009790907684864,0.0004462507007054,0.0004326819090591,0.0009608991066062,0.0049421417937899,0.0164812793747818,0.0177507565479065,0.0170963248650846,0.0150343091255847,0.0136384460046127,0.0110681431120973,0.0096560704573729,0.0086002798614592,0.0075570277909704,0.0085883289454348,0.0100669978914621,0.0132599491831088,0.0155433746781324,0.0148733611840157,0.0136495829517999,0.0111847741140153,0.0096691008681377,0.0054628560359065,residential,1,winter,0,7,41.30299413,289.12095891,0
2,2021-01-21,0.0017396402885897,0.0009791157884936,0.0004462571527359,0.0004326880671748,0.0009609234395296,0.0049423079854114,0.0164818500947447,0.0177513726917348,0.0170969179067056,0.0150348260496149,0.0136389141229085,0.0110685198059976,0.0096563972588337,0.0086005695594346,0.0075572805811832,0.0085886174690722,0.0100673354297266,0.0132603964660459,0.0155439019110644,0.0148738652864986,0.0136500449836505,0.0111851507129916,0.0096694276695986,0.0054630367695284,residential,1,winter,0,7,41.30299413,289.12095891,0
2,2021-01-22,0.0017396770714608,0.0009791330655576,0.0004462616646017,0.0004326923818027,0.0009609404919036,0.004942422725479,0.0164822500137618,0.0177518047318912,0.01709733327208,0.015035188665311,0.0136392424594586,0.011068783796306,0.0096566262797541,0.0086007725784076,0.0075574577353706,0.0085888196650747,0.0100675719749483,0.0132607099198159,0.0155442708971178,0.0148742186771648,0.0136503687782194,0.0111854146317756,0.009669656690519,0.0054631633903062,residential,1,winter,0,7,41.30299413,289.12095891,0
2,2021-01-23,0.0017396985107295,0.0009791431088764,0.0004462642543372,0.0004326948535658,0.0009609502600123,0.0049424884432838,0.0164824790688065,0.0177494551581697,0.0170654641853724,0.0150032890280553,0.0136073232633253,0.0110368280043243,0.0096282232419164,0.0085687818695032,0.007525452212317,0.0085568284848111,0.0100356004683237,0.0132582924252817,0.0155444824023175,0.0148744210131692,0.0136505542453287,0.0111855657927404,0.0096697878630765,0.0054632359128117,residential,1,winter,1,7,41.30299413,289.12095891,0
2,2021-01-24,0.00173970458753,0.0009791456573924,0.0004462649114888,0.0004326954807816,0.0009609527386932,0.0049425051193221,0.0164825371920684,0.017749517949858,0.0170655245535871,0.0150033419132079,0.0136073711217356,0.0110368663745578,0.0096282565272656,0.008568811375792,0.0075254779594801,0.0085568578714914,0.0100356348472368,0.013258337981898,0.0155445358821887,0.0148744722292566,0.0136506012839504,0.0111856041495311,0.0096698211484258,0.0054632543246628,residential,1,winter,1,7,41.30299413,289.12095891,0
2,2021-01-25,0.0017396952940276,0.0009791407103504,0.0004462636358618,0.0004326942632643,0.0009609479272122,0.0049424727346633,0.0164824243663282,0.0177519930883472,0.0170975143588342,0.0150353465159668,0.013639385534264,0.0110688988868093,0.0096567261259447,0.0086008610885359,0.0075575349692351,0.0085889078164129,0.0100676751015065,0.0132608465761737,0.0155444315384548,0.0148743726916915,0.013650509940747,0.0111855296923787,0.0096697565367096,0.0054632185931326,residential,1,winter,0,7,41.30299413,289.12095891,0
2,2021-01-26,0.0017396706389905,0.0009791282692404,0.0004462604278344,0.0004326912013745,0.0009609358269942,0.0049423913409376,0.0164821406250255,0.0177516865571387,0.0170972193339761,0.0150350893843627,0.0136391527021203,0.0110687115885738,0.0096565636362971,0.0086007170471911,0.0075574092788772,0.0085887643589631,0.01006750727339,0.0132606241816758,0.0155441696995345,0.0148741219213627,0.0136502802313074,0.0111853424433307,0.009669594047062,0.0054631287560765,residential,1,winter,0,7,41.30299413,289.12095891,0
2,2021-01-27,0.0017396306280239,0.000979108340082,0.0004462552883905,0.0004326862969695,0.0009609164438923,0.0049422609202153,0.0164816860521209,0.0177511954733843,0.0170967475281754,0.0150346773657182,0.0136387796815436,0.0110684115240706,0.009656303316838,0.0086004862831668,0.0075572079143811,0.0085885345303784,0.0100672384013409,0.0132602678905749,0.0155437501359962,0.0148737205010851,0.013649912193781,0.0111850424567809,0.0096693337276029,0.0054629848310035,residential,1,winter,0,7,41.30299413,289.12095891,0
2,2021-01-28,0.0017395752729631,0.0009790809274864,0.0004462482190096,0.0004326795496013,0.0009608897823128,0.004942081525094,0.0164810607821988,0.0177505199826189,0.0170960977689743,0.0150341107462315,0.0136382665954991,0.0110679987821611,0.0096559452446585,0.0086001688648016,0.0075569309353791,0.0085882183987202,0.010066868564983,0.0132597778083832,0.0155431727826571,0.0148731681682816,0.013649405951243,0.0111846298220969,0.0096689756554234,0.005462786485842,residential,1,winter,0,7,41.30299413,289.12095891,0
2,2021-01-29,0.0017395046088458,0.0009790460395002,0.0004462392228348,0.0004326709622177,0.0009608558501746,0.0049418532086746,0.0164802650003644,0.0177496602850269,0.0170952712578077,0.0150333897099509,0.01376443254748,0.0110674734850748,0.0096554895257982,0.008599764886096,0.007556578423896,0.008587816057608,0.0100663978738398,0.0132591540802341,0.0155424376200872,0.0148724652600179,0.0136487616506399,0.0111841046614767,0.0096685199365631,0.0054625348513379,residential,1,winter,0,7,41.30299413,289.12095891,0
2,2021-01-30,0.0017394186201936,0.0009790036884752,0.0004462283004554,0.0004326605373836,0.0009608146593663,0.0049415760386136,0.0164792989422027,0.0177460196090721,0.0170621608864767,0.0150004070107738,0.0136047138615008,0.0110347287996207,0.0096264020848187,0.0085671674779317,0.0075240434955717,0.0085552206374386,0.0100337194785494,0.0132557998645279,0.0155415454281675,0.0148716118964763,0.0136479794982658,0.0111834671304416,0.0096679667059789,0.0054622289820324,residential,1,winter,1,7,41.30299413,289.12095891,0
2,2021-01-31,0.0017393178189355,0.0009789539295755,0.000446215456634,0.0004326482789682,0.0009607662165867,0.0049412500905127,0.0164781628937062,0.0177447923166649,0.0170609810101671,0.0149993774334217,0.0136037816207397,0.0110339788921522,0.0096257515063447,0.0085665907630472,0.0075235402546422,0.0085546462603617,0.0100330475258338,0.0132549094381205,0.0155404962840489,0.0148706083510962,0.0136470597052186,0.0111827174177904,0.0096673161275049,0.0054618692911464,residential,1,winter,1,7,41.30299413,289.12095891,0
2,2021-02-01,0.0017392015244332,0.0009788966863563,0.0004462006942135,0.0004326341889749,0.0009607105416594,0.0049408754802094,0.0164768571911926,0.0177459787715169,0.0170917321670164,0.0150303015528979,0.0136348171316491,0.0110652239847473,0.0096535379830387,0.0085980349122312,0.0075550688501375,0.0085860930964739,0.0100643822146857,0.0132564830647032,0.0155392910749052,0.0148694549261305,0.013646002544842,0.0111818557450482,0.0096665683938035,0.0054614558851878,residential,2,winter,0,7,41.30299413,289.12095891,0
2,2021-02-02,0.0017390690908679,0.0009788319767402,0.0004461840191807,0.0004326182734895,0.0009606476520327,0.0049404522992594,0.0164753822212031,0.0177443853390332,0.017090199980003,0.0150289649469655,0.0136336067972789,0.0110642503551428,0.0096526933155443,0.0085972861442719,0.0075544154758377,0.0085853473637674,0.0100635097963086,0.0132553269947249,0.0155379291150921,0.0148681520061741,0.013644808373039,0.0111808823688767,0.0096657237263092,0.0054609888865699,residential,2,winter,0,7,41.30299413,289.12095891,0
2,2021-02-03,0.0017389221749746,0.0009787599114208,0.0004461656297489,0.0004326005429165,0.000960577561089,0.0049399806794636,0.0164737384203918,0.017742610027649,0.0170884927072838,0.015027475245805,0.0136322579255906,0.0110631652804227,0.0096517519643973,0.0085964516696625,0.0075536873139861,0.0085845162718366,0.0100625375178138,0.0132540385968553,0.0155364112600775,0.0148666999886943,0.0136434774719831,0.0111797975755704,0.0096647823751622,0.0054604684335752,residential,2,winter,0,7,41.30299413,289.12095891,0
2,2021-02-04,0.0017387601247836,0.0009786804658049,0.0004461451996696,0.0004325809878575,0.0009605002920295,0.0049394582991371,0.0164719262200592,0.0177406523422263,0.0170866108344123,0.0150258333917972,0.0136307708929816,0.0110619690819216,0.0096507142083698,0.0085955317355248,0.0075528845802212,0.0085836000668017,0.0100614656671324,0.0132526182526414,0.0155347377971898,0.0148650992289252,0.0136420102926849,0.011178601687839,0.0096637446191346,0.0054598946803148,residential,2,winter,0,7,41.30299413,289.12095891,0
2,2021-02-05,0.0017385829882817,0.0009785936634187,0.0004461225625664,0.0004325596154407,0.0009604158677692,0.0049388926960537,0.0164699463226749,0.0177385128676952,0.0170845544120911,0.015024039024848,0.0136291460309195,0.0110606621110165,0.0096495803547833,0.0085945266142886,0.0075520075122647,0.008582599019988,0.0100602945616827,0.0132510663827045,0.0155329101862999,0.0148633500789913,0.0136404072458476,0.0111772950593471,0.0096626107655482,0.0054592678473739,residential,2,winter,0,7,41.30299413,289.12095891,0
2,2021-02-06,0.0017383908036503,0.0009784995299673,0.0004460982872699,0.0004325364466377,0.0009603243133134,0.0049382766784142,0.016467799148392,0.0177335962266742,0.0170502173347244,0.0149899862983003,0.013595277181936,0.0110271377745982,0.0096198165290227,0.0085613296148582,0.0075189493810994,0.0085494064390933,0.0100269175595239,0.0132467864203057,0.0155309275251619,0.0148614533710052,0.0136386688158504,0.0111758780770405,0.0096613811501829,0.0054585880187356,residential,2,winter,1,7,41.30299413,289.12095891,0
2,2021-02-07,0.0017381836563361,0.0009783980933266,0.0004460721286111,0.0004325114795022,0.0009602256557351,0.0049376128184252,0.0164654853881988,0.0177310966508854,0.0170478142305865,0.0149878896028854,0.0135933784588966,0.0110256104584724,0.0096184915160175,0.0085601550375355,0.0075179244459026,0.008548236623111,0.0100255490142639,0.0132449729164518,0.0155287907533028,0.0148594095128049,0.0136367955126846,0.0111743511605448,0.0096600561371777,0.0054578554466352,residential,2,winter,1,7,41.30299413,289.12095891,0
2,2021-02-08,0.0017379615934119,0.0009782893835352,0.0004460440943369,0.0004324847221854,0.0009601199242689,0.0049369013841042,0.0164630057270688,0.0177310148810661,0.0170773454658027,0.0150177497779836,0.0136234508223027,0.0110560806263169,0.0096456057081577,0.0085910032301606,0.0075489330101992,0.0085790899184711,0.0100561893311844,0.0132456264081947,0.0155265008921257,0.0148572190938511,0.0136347879070989,0.011172714762452,0.0096586361189225,0.0054570702977681,residential,2,winter,0,7,41.30299413,289.12095891,0
2,2021-02-09,0.0017377246949227,0.0009781734327856,0.0004460141927494,0.0004324561826113,0.0009600071502252,0.0049361425622745,0.0164603608990906,0.0177281576584578,0.0170745985250921,0.0150153527480705,0.013621280513562,0.0110543347768432,0.0096440911051776,0.0085896605880083,0.0075477614217715,0.0085777527189373,0.0100546249671208,0.0132435534184726,0.0155240588960249,0.0148548829105004,0.0136326465678147,0.0111709693665299,0.0096571215159425,0.0054562329055477,residential,2,winter,0,7,41.30299413,289.12095891,0
2,2021-02-10,0.0017374730024559,0.0009780502754145,0.0004459824319235,0.0004324258692314,0.0009598873670001,0.0049353365776123,0.0164575516872501,0.0177251228560968,0.0170716808522044,0.0150128071839562,0.013618975314954,0.0110524804186585,0.009642482366008,0.0085882344974422,0.0075465170163272,0.0085763324092614,0.0100529633740975,0.0132413515874924,0.0155214647345363,0.0148524014270496,0.0136303721300021,0.011169115490086,0.0096555127767729,0.0054553434672889,residential,2,winter,0,7,41.30299413,289.12095891,0
2,2021-02-11,0.0017372066048248,0.0009779199478927,0.0004459488224045,0.0004323937902584,0.0009597606100462,0.0049344836687569,0.0164545789231999,0.0177193148401239,0.0170364863518592,0.0149780063151887,0.0135844289065441,0.0110184111121606,0.0096122457566663,0.0085546183920327,0.0075130931736324,0.0085427224213019,0.0100190980554268,0.0132364245409948,0.0155187202143999,0.0148497752773654,0.0136279652695408,0.0111671536821284,0.0096538103778265,0.0054544022949361,residential,2,winter,0,7,41.30299413,289.12095891,0
2,2021-02-12,0.0017369255666095,0.0009777824888145,0.0004459133741424,0.000432359956312,0.0009596269169283,0.0049335840882458,0.0164514434870127,0.0177159274720644,0.017033229876298,0.0149751650332095,0.0135818560297775,0.0110163414159769,0.0096104502020925,0.008553026696196,0.0075117042611665,0.0085411371776634,0.010017243509327,0.0132339670216145,0.0155158242261975,0.0148470057102736,0.0136254267224307,0.0111650845236279,0.0096520148232527,0.0054534092006273,residential,2,winter,0,7,41.30299413,289.12095891,0
2,2021-02-13,0.0017366307110339,0.0009776379873932,0.0004458762924545,0.0004323243846278,0.0009594861034347,0.0049326380952215,0.016448146306921,0.0177123658616718,0.0170298054126435,0.0149721769893766,0.0135791504202044,0.0110141649542755,0.0096085620236278,0.008551352892545,0.00751024370149,0.008539470159048,0.0100152932962516,0.013231382730812,0.0155127796872293,0.0148440931450668,0.0136227572028309,0.0111629086270279,0.009650126644788,0.0054523652656491,residential,2,winter,1,7,41.30299413,289.12095891,0
2,2021-02-14,0.0017363199914418,0.0009774863409129,0.000445837255675,0.0004322870709477,0.0009593386588465,0.0049316459841966,0.0164446838288088,0.0177086305141975,0.0170262139821904,0.0149690438245611,0.0135763128812177,0.0176883791352765,0.0222954479998534,0.0117038023455842,0.0075087119271337,0.0085377218591274,0.0100132479937376,0.0132286724339005,0.0155095874524534,0.01484103844403,0.0136199575420989,0.0111606266376542,0.0096481464015986,0.0054512707495043,residential,2,winter,1,7,41.30299413,289.12095891,0
2,2021-02-15,0.0017359956052065,0.0009773277397884,0.0004457962977691,0.0004322480339689,0.0009591846266824,0.0049306080489175,0.0164410661388053,0.0177047217232049,0.0170224566286634,0.0149657655781856,0.0135733442111525,0.0110094943439005,0.0096045100589544,0.0085477609686931,0.0075071093917182,0.0085358927956441,0.0100111082074821,0.0132258369335087,0.0155062469437086,0.0148378427415653,0.0136170285310355,0.0111582392300673,0.0096460746801146,0.0054501253365952,residential,2,winter,0,7,41.30299413,289.12095891,0
2,2021-02-16,0.0017356576490111,0.0009771622309771,0.000445753408631,0.0004322072767618,0.0009590236051408,0.0049295245822938,0.0164372943020811,0.0177006425209786,0.0170185345207216,0.0149623432795353,0.0135702454409185,0.0190182295693772,0.0141722545769055,0.0085458439122064,0.0075054365698191,0.0085339835102579,0.0100088745711625,0.0132228770693433,0.0155027592900576,0.0148345070595714,0.0136139710717636,0.0111557471121657,0.0096439120938568,0.0054489297328545,residential,2,winter,0,7,41.30299413,289.12095891,0
2,2021-02-17,0.0017353041156592,0.0009769897180129,0.00044570912792,0.000432164834778,0.0009588556421124,0.004928395905132,0.016433360381992,0.0176963926643132,0.0170144487566695,0.0149587782255329,0.0135670173378908,0.0206708540364436,0.0234692164163479,0.0090433794164874,0.0075036939568268,0.0085319945683856,0.010006547746249,0.01321979371794,0.0154991264926275,0.0148310320309909,0.0136107860485111,0.0111531510216698,0.0096416592832547,0.005447683833269,residential,2,winter,0,7,41.30299413,289.12095891,0
2,2021-02-18,0.0017349379439732,0.0009768104459491,0.0004456626895793,0.0004321206903976,0.0009586814579989,0.0049272185190284,0.0164292700162729,0.0176945712813044,0.017042307586185,0.0149871790104407,0.0135957679003115,0.0192360256194147,0.0201248401482809,0.0089933537631579,0.0075339890575525,0.0085620335477863,0.0100362354105616,0.0132191848187148,0.0154953504967616,0.0148274186981577,0.013607474413372,0.0111504517275889,0.0096393169154568,0.0054463891034128,residential,2,winter,0,7,41.30299413,289.12095891,0
2,2021-02-19,0.0017345564073252,0.0009766242739266,0.0004456149440297,0.0004320748859896,0.0009585004336975,0.0049260004597109,0.0164250245262442,0.0176899843976223,0.017037898596405,0.0149833317476066,0.0135922841289976,0.0119516351670262,0.0104851455625456,0.0085717222364188,0.007532108431064,0.0085598870833758,0.0100337243030548,0.0132158572684507,0.0154914302919736,0.0148236684449402,0.0136040371369042,0.0111476500288637,0.009636885684133,0.0054450449234809,residential,2,winter,0,7,41.30299413,289.12095891,0
2,2021-02-20,0.0017341617273621,0.0009764314025268,0.0004455652058974,0.0004320274134816,0.0009583126230043,0.0049247396327514,0.0164206205962854,0.0176826347392145,0.0170012221111631,0.0149472379819532,0.0135565670712863,0.0109959983628764,0.0108951354949419,0.0085373819106571,0.007498052634291,0.0085255558108092,0.0099990151673691,0.0132098120525704,0.0154873676789586,0.0148197823816144,0.013600475248898,0.0111447467554178,0.0096343663092696,0.0054436520103502,residential,2,winter,1,7,41.30299413,289.12095891,0
2,2021-02-21,0.0017337533227825,0.0009762318403737,0.0004455136846864,0.0004319782941451,0.0009581187516651,0.0049234336317754,0.0164160730807447,0.0176777175582575,0.016996494437974,0.0149431130849114,0.0139307315851184,0.0242268279811725,0.0181390006145442,0.0085350710988889,0.0118493133094915,0.0085232543662927,0.0099963227516114,0.0135378758544659,0.0154831640759155,0.0148157613446249,0.0135967897888486,0.0111417427669079,0.0096317595369555,0.0054422108206474,residential,2,winter,1,7,41.30299413,289.12095891,0
2,2021-02-22,0.0017333319993498,0.0009760259480666,0.0004454603260317,0.0004319275353211,0.0009579182069627,0.0049220866717938,0.0164113698304858,0.0176752336212582,0.017023716642437,0.0149709579401545,0.0135810793194859,0.0237562782871676,0.0180052109465944,0.0108103802525141,0.0129149464897763,0.0085529834313773,0.0100256478531151,0.0132051549018434,0.0154788211355755,0.0148116066462307,0.0135929818634981,0.0111386389532061,0.0096290661391617,0.005440721331536,residential,2,winter,0,7,41.30299413,289.12095891,0
2,2021-02-23,0.0017328958275566,0.0009758128821799,0.0004454056427981,0.0004318751736542,0.0009577112716834,0.0049206918132735,0.0164065120801398,0.0176699906870186,0.0170186763208485,0.014966560230449,0.0135770969119732,0.012472238566548,0.01379291888066,0.0085623267998684,0.0075239099809287,0.0085505297327569,0.0100227773182042,0.0132013510626312,0.0154743401418606,0.0148073194604264,0.0135890525926326,0.0111354362333906,0.0096262869135124,0.0054391847510548,residential,2,winter,0,7,41.30299413,289.12095891,0
2,2021-02-24,0.0017324469908359,0.0009755936101995,0.0004453490964486,0.0004318212030378,0.0009574980071076,0.0049192568147699,0.0164015149610461,0.017664587618279,0.0170134820046196,0.0149620277584334,0.0135729926916608,0.012259466944569,0.0162227140535697,0.0127704117403409,0.012416454038047,0.0108132633468032,0.0100198189857132,0.0131974308799888,0.0154697220108476,0.014802901279258,0.0135850031427263,0.0111321355557629,0.0096234226830489,0.0054376011725637,residential,2,winter,0,7,41.30299413,289.12095891,0
2,2021-02-25,0.0017319849372747,0.0009753678955671,0.0004452906942892,0.0004317656394615,0.00095727847639,0.0049177796524147,0.0163963663696689,0.0176590260993395,0.0170081344753063,0.0150985914984388,0.0204707675474088,0.0220850180666332,0.0350538060901787,0.0177126339887339,0.0095495568189403,0.0135926373684782,0.0142086741622347,0.0142276159181499,0.0169830917799863,0.0147983532783775,0.0135808347169781,0.0111287378978788,0.009620474295986,0.0054359710649809,residential,2,winter,0,7,41.30299413,289.12095891,0
2,2021-02-26,0.0017315098036986,0.0009751358051243,0.0004452310366618,0.0004317085209724,0.000957052744541,0.00491625936721,0.0163910678385637,0.0176533070463794,0.0170026362749098,0.0162882574851684,0.0256548131469024,0.0346221133485086,0.0308610450740332,0.0193812673758425,0.0281124057183073,0.0195093293179596,0.0169786947105396,0.0257538828020433,0.0192635910796047,0.0156118836669919,0.014759341429981,0.0135106656764521,0.0112245362718945,0.0054342952264897,residential,2,winter,0,7,41.30299413,289.12095891,0
2,2021-02-27,0.0017310217308067,0.0009748974076008,0.0004451695581865,0.0004316498428929,0.0009568208784073,0.0049147005980068,0.016385629940843,0.0176448354472854,0.016964881675867,0.0149155302369841,0.0151187430933433,0.0109729013016084,0.0125117811665298,0.0110695025907517,0.0074825564620453,0.0085078650663403,0.0105710124932576,0.0131823870246168,0.015455058246313,0.0147888667405761,0.013572145885607,0.0111216556944997,0.0096143285692732,0.0054325732069638,residential,2,winter,1,7,41.30299413,289.12095891,0
2,2021-02-28,0.0017305208631298,0.000974652773594,0.0004451065289952,0.000431589629798,0.0009565829466522,0.0049130982228124,0.0163800497821608,0.017638807454182,0.0169590863659873,0.014910473541256,0.0135232756183823,0.0111184967812832,0.0149379161654297,0.0126460684771032,0.0074800842839079,0.0088265570120203,0.009975018597409,0.0131780134168259,0.0154499056344886,0.0147839397053124,0.0135676280536957,0.0111179732463323,0.0096111330496221,0.0054308060753151,residential,2,winter,1,7,41.30299413,289.12095891,0
2,2021-03-01,0.0017300073699534,0.0009744022764782,0.0004450418046839,0.0004315278995193,0.0009563390197353,0.0049114607376427,0.0163743290695657,0.0176352246153007,0.0169852522845746,0.0149373964753111,0.0135506882856024,0.0109975486698803,0.0095948266020652,0.0085459893425644,0.0075096539292459,0.0085342585036679,0.0100037419177049,0.0131761266340536,0.0154446227364984,0.0147788793359431,0.0135629963913466,0.0111141980119421,0.0096078570128301,0.0054289955545958,residential,3,spring,0,7,41.30299413,289.12095891,0
2,2021-03-02,0.0017294813259642,0.0009741450877329,0.0004449753542661,0.0004314646631518,0.0009560891698916,0.0049097795605485,0.0163684738760395,0.0176288947408912,0.0169791663391577,0.0149320864328463,0.0135458799830697,0.0109936807624297,0.0095914710182996,0.0085430147358399,0.0075070632739143,0.0085312959546455,0.0100002760888874,0.013171533951516,0.0154392120200265,0.0147736962322548,0.0135582522700714,0.0111103311093292,0.0096045014290644,0.0054271402729029,residential,3,spring,0,7,41.30299413,289.12095891,0
2,2021-03-03,0.0017289436953334,0.0009738824869721,0.000444907760301,0.000431399960977,0.0009558334711099,0.004908056587764,0.0163624685818933,0.0176224168470312,0.0169729382848567,0.0149266522841826,0.0135409591486288,0.0111813717842908,0.0095880368812847,0.0085399704944289,0.0122315518818486,0.0085282640547646,0.0099967291260157,0.0140256892097866,0.0154336743441935,0.0147683863550653,0.0135533970855143,0.0111063736836402,0.0096010672920495,0.0054252412857276,residential,3,spring,0,7,41.30299413,289.12095891,0
2,2021-03-04,0.0017283924668727,0.0009736136714133,0.0004448382380406,0.0004313337834209,0.0009555719991114,0.0049062996447764,0.0163563402552455,0.0176157923207544,0.0169665697124024,0.0149210951464931,0.013535927154273,0.0109856744799898,0.0098265822195856,0.0085368575198548,0.0075016957266106,0.0085251637009279,0.0099931020794894,0.0131620274382341,0.0154280123986377,0.0147629671793135,0.0135484322756087,0.0111023269068291,0.0095975556187725,0.0054232989339084,residential,3,spring,0,7,41.30299413,289.12095891,0
2,2021-03-05,0.0017278299242758,0.0009733386552831,0.0004447676413065,0.0004312661788051,0.0009553048313267,0.0049044981097335,0.0163500743426611,0.0176090239445395,0.0169600625919508,0.0149154172167026,0.0135307856176245,0.0109815384759852,0.0140371496329299,0.0157833492940771,0.0082291554481905,0.0085219958071243,0.0099893960234238,0.0131571164227535,0.0154222262940311,0.0147574248060343,0.0135433593242668,0.0110981919773106,0.0095939674491822,0.0054213162184613,residential,3,spring,0,7,41.30299413,289.12095891,0
2,2021-03-06,0.0017272555320925,0.0009730581868144,0.0004446952560453,0.0004311971456117,0.0009550320468733,0.0049026614954134,0.0163436812267027,0.0175995160703067,0.0169213111921264,0.0189048500249155,0.0134934288783597,0.0288277656873886,0.0236668102023458,0.0192799009272924,0.0157200519709112,0.0150971343900424,0.0159104859694134,0.0180998729413807,0.0192155419008061,0.018508362874949,0.0157615124597928,0.0146342583490323,0.0124311553768076,0.0054192903625812,residential,3,spring,1,7,41.30299413,289.12095891,0
2,2021-03-07,0.0017266694603839,0.0013076597372549,0.0004446215274511,0.0004311267114641,0.0015999730798904,0.0049007898581269,0.0163371537909523,0.0175924648695532,0.0200327521818748,0.0249923492263723,0.030702342255291,0.0341554259107338,0.0346253942231691,0.0290665754259417,0.0234625059086277,0.0250279790909699,0.0256748598593579,0.0261507759444829,0.027485986127625,0.0242304003291168,0.0198892759167888,0.0201290984568298,0.0177020796574639,0.0099633643805168,residential,3,spring,1,7,41.30299413,289.12095891,0
2,2021-03-08,0.0082273120577091,0.0068533192373585,0.0021284656123745,0.0055681126681282,0.0035363970798528,0.0048988792983477,0.0187472676623362,0.02050222334539,0.0169397643130721,0.0192025554928146,0.0195009256928817,0.016797747948382,0.0225095618950847,0.0205088719736367,0.011209167862461,0.0099726321028469,0.0107310692284367,0.0131417698835851,0.0154041465108697,0.0149356998691447,0.0135275067296238,0.0110852706460573,0.0095827546999292,0.0054151161823194,residential,3,spring,0,7,41.30299413,289.12095891,0
2,2021-03-09,0.0017254636803677,0.000972183271228,0.0004444693696549,0.0004309817169834,0.0009541808094813,0.0048969386499027,0.0163237127560048,0.0175805469782044,0.0169327263263309,0.0148915285465917,0.0135091540394308,0.0109641375826642,0.0095658409821218,0.0085202946122227,0.0074872444982557,0.0085086679342205,0.009973803998133,0.0131364549227057,0.0153978850751393,0.0147341063977044,0.0135220165083104,0.0110807956064821,0.0095788713928867,0.0054129698927382,residential,3,spring,0,7,41.30299413,289.12095891,0
2,2021-03-10,0.0017248436104248,0.0009718806206069,0.000444391303515,0.000430907206755,0.0009538863824322,0.0048949575143263,0.0163168120108262,0.0175730879170584,0.016925576502592,0.014885271181084,0.0135034878787,0.0109595795826001,0.0095618867119225,0.0085167892910784,0.007484187842703,0.0085051768330728,0.0099697198137734,0.0131310428367733,0.0153915089451322,0.0147279983926251,0.0135164259592528,0.0110762387904901,0.0095749171226874,0.0054107836393638,residential,3,spring,0,7,41.30299413,289.12095891,0
2,2021-03-11,0.0017242118856231,0.0009715721866349,0.0004443118499722,0.0004308313814327,0.0009535867587657,0.0048929414105081,0.0163097849150653,0.0175654971948092,0.0169183135302291,0.0148789033570719,0.013497721711281,0.0109549411346784,0.0095578626495861,0.0085132221016647,0.0074810772356791,0.0085016241051207,0.0099655635440718,0.0131255352285259,0.0153850202694802,0.0147217825823867,0.013510736738039,0.0110716015475393,0.009570893060351,0.005408558798067,residential,3,spring,0,7,41.30299413,289.12095891,0
2,2021-03-12,0.0017235700869553,0.0009712588679238,0.0004442310516524,0.0004307542634713,0.0009532820272107,0.0048908909354169,0.0163026380145964,0.0175577770920708,0.0169109267752329,0.014872426969085,0.0134918572447697,0.0109502236125317,0.0095537699868005,0.0085095941003709,0.0074779135984602,0.0084980108118213,0.0099613364201079,0.0131199337289895,0.01537842096932,0.0147154608077425,0.0135049505294781,0.0110668852509052,0.0095668003975654,0.0054062960276637,residential,3,spring,0,7,41.30299413,289.12095891,0
2,2021-03-13,0.0017229177001299,0.0009709403966676,0.0004441489229312,0.0004306758757084,0.0009529722780089,0.0048888066961999,0.0162953734254107,0.0175473328699144,0.0168713113705759,0.0148337369458843,0.0134537892271195,0.0109133214244566,0.0095210757251737,0.0084737993728425,0.0074425908790779,0.0084622310344643,0.0099249327049516,0.0131116429706845,0.0153717129985493,0.0147090349408261,0.0134990690471008,0.0110620912972744,0.0095626403463339,0.0054039959982024,residential,3,spring,1,7,41.30299413,289.12095891,0
2,2021-03-14,0.0017222549183371,0.0009706168568747,0.0004440654881303,0.0004305962413578,0.0009526576028876,0.0048866893100036,0.0162879932983526,0.0175393609059785,0.0168636835385368,0.0148270492140721,0.0134477334011382,0.0109084499680115,0.0095168495174562,0.008470052988674,0.0074393240072489,0.0084584998382168,0.0099205676485433,0.013105858692377,0.0153648983432478,0.0147025068845972,0.0134930940326526,0.0110572211063309,0.0095584141386163,0.0054016593907654,residential,3,spring,1,7,41.30299413,289.12095891,0
2,2021-03-15,0.0017215819378454,0.0009702883497654,0.0004439807719511,0.000430515384002,0.0009523380950332,0.0048845394037841,0.0162804998184835,0.0175338635622258,0.0168880455374981,0.0148523657537514,0.0134736916336174,0.0109356106875007,0.0095410926151992,0.0084983560573215,0.007468113932803,0.008486818317592,0.00994824254318,0.0131025826070263,0.0153579785968975,0.0146958786857693,0.0134870272596306,0.0110522761203355,0.009554123025964,0.0053992865627459,residential,3,spring,0,7,41.30299413,289.12095891,0
2,2021-03-16,0.0017208989726298,0.0009699549698806,0.0004438950712901,0.0004304333347239,0.0009520138490629,0.0048823551938883,0.0162728951497883,0.0175256496598631,0.0168801854428134,0.0148454747148958,0.013467451638187,0.0109305910668248,0.0095367378683846,0.0084944957277744,0.0074647476962112,0.0084829736332812,0.0099437447246015,0.0130966224012773,0.0153509570807502,0.0146891520828976,0.0134808705164976,0.0110472578036991,0.0095497682791494,0.0053968792202508,residential,3,spring,0,7,41.30299413,289.12095891,0
2,2021-03-17,0.0017202061808822,0.0009696168174142,0.0004438075962248,0.0004303500964113,0.0009516849609979,0.0048801445871363,0.0162651817077544,0.0175173176421613,0.0168722129122177,0.0148384849853804,0.0134611222838242,0.0139930033749297,0.0178494354326135,0.0097591033331021,0.0161105620909885,0.0095042381343645,0.0103003439200847,0.0150615628879355,0.0153438341814773,0.0146823291708401,0.0134746256306166,0.0110421676425486,0.0095453511877895,0.0053944370726772,residential,3,spring,0,7,41.30299413,289.12095891,0
2,2021-03-18,0.0017195045200223,0.0009692742916732,0.0004437191974618,0.0004302657151241,0.0009513515282329,0.0048779009780152,0.0162573571822795,0.0175088704630739,0.0168641304913086,0.014831398637981,0.013454705466187,0.0220037476480018,0.0265007341613393,0.0191188822521213,0.0205149230332246,0.0184560792961488,0.0215858600031904,0.022337761565184,0.0210502687905806,0.0180362516553382,0.0138500125700173,0.011037007144287,0.009540873059964,0.005391961152706,residential,3,spring,0,7,41.30299413,289.12095891,0
2,2021-03-19,0.0017187927821352,0.0009689266441665,0.0004436296008585,0.000430180208714,0.0009510136495094,0.0048756274511496,0.0162494372332256,0.0175003111112229,0.0190055901649698,0.0221822975207188,0.0257438687911625,0.0440684514558976,0.0366077649128479,0.0309736828939579,0.0320245420980017,0.0322062679561135,0.0291970758303906,0.0321610622295385,0.0231613510526098,0.0196895500626179,0.0183941519531779,0.0152137980979547,0.012636539815071,0.0075503157983318,residential,3,spring,0,7,41.30299413,289.12095891,0
2,2021-03-20,0.0017180718415365,0.0009685747794537,0.0004435388614729,0.0004300936025023,0.0009506714248853,0.0048733246881982,0.0162414064955617,0.0174890441145124,0.0168155376723904,0.0198643482317878,0.018378165050856,0.0220669992932912,0.0319191022284578,0.0242774607973635,0.0191725336222786,0.0254840694822594,0.0255338779970198,0.020398781647642,0.0242842997439185,0.0232837818441617,0.0134553807335425,0.0140086728283992,0.0095317390172196,0.0053869103834481,residential,3,spring,1,7,41.30299413,289.12095891,0
2,2021-03-21,0.0017173412610781,0.0009682185023082,0.0004434472678716,0.0004300059292559,0.0009503249557052,0.0048709895591681,0.0162332805683799,0.0174802669351844,0.0168071387526023,0.0201325393728651,0.0214581677175395,0.0265444498609918,0.0262340565750891,0.0211566550163084,0.0195784820707055,0.0141875549854478,0.0145427238226557,0.0188057146652484,0.0166853979126582,0.0146541153902749,0.0134488020268738,0.0110211190105893,0.0095270858072609,0.005384338388829,residential,3,spring,1,7,41.30299413,289.12095891,0
2,2021-03-22,0.0017166026166034,0.0009678580148553,0.0004433542832098,0.0004299172007034,0.0009499743445714,0.0048686317286841,0.016225061953714,0.0174739818051424,0.0168307466747413,0.0148021292913741,0.0134282019526436,0.0172973903410667,0.0154706904328762,0.0090991776599663,0.0080053248938998,0.0084587906404879,0.0099154534955989,0.013059132773183,0.0153067886943626,0.0146468418331529,0.0134421446704362,0.0110156926476822,0.0095223769699561,0.0053817349115149,residential,3,spring,0,7,41.30299413,289.12095891,0
2,2021-03-23,0.0017158554768215,0.0009674933766273,0.0004432602494024,0.0004298274502335,0.0009496196953121,0.0048662453501547,0.0162167397894208,0.0174649975102068,0.0168221497135075,0.0157793476732238,0.0153580671473533,0.0341352437585375,0.0287700595016463,0.0170731440920489,0.0223799559089982,0.0178744956641002,0.0205395759724775,0.0190563851540907,0.0201027171038474,0.0216034673825462,0.0134354106359023,0.0124085100542622,0.0105971479055767,0.0053791011686293,residential,3,spring,0,7,41.30299413,289.12095891,0
2,2021-03-24,0.0017151000186211,0.0009671246922959,0.0004431651156569,0.0004297367044299,0.0009492611129517,0.0048638325044791,0.0162083341924865,0.0197219089174152,0.0205569441182834,0.0221645790617591,0.0229839442842775,0.0358259619435797,0.0335205253466132,0.0163879574332933,0.0134024319242104,0.0084503336399334,0.0099055598236757,0.0130460223465963,0.0152913424816055,0.0146320455476655,0.0134286019284138,0.0110046540569654,0.009512798007279,0.0053764385219272,residential,3,spring,0,7,41.30299413,289.12095891,0
2,2021-03-25,0.0017143371920711,0.0009667523726333,0.0004430690338315,0.0004296449901661,0.0009488983984676,0.0048613938990537,0.0161998344159312,0.0174467324829439,0.0168046723733846,0.0147792685270615,0.0134075016558549,0.0108823658328964,0.0094949003078609,0.008457408205137,0.0074324069833351,0.0084460364799377,0.0099005326247235,0.0130393606408652,0.0152834941449569,0.0146245272374824,0.0134217205533838,0.0109990450981298,0.0095079307186257,0.0053737470824638,residential,3,spring,0,7,41.30299413,289.12095891,0
2,2021-03-26,0.0017135658006483,0.0009663759291682,0.0004429719562892,0.0004295523346022,0.0009485323538012,0.0048589302701572,0.0161912429940025,0.0174374574071196,0.0167957970764988,0.0147714868575847,0.0134004556182511,0.0130309662779245,0.0167481040624097,0.0105581449790783,0.0095240954282813,0.0084416951688996,0.0098954538285558,0.013032630563633,0.0152755647617944,0.0146169317641565,0.0134147685523072,0.0109933785725163,0.0095030134752245,0.0053710283978532,residential,3,spring,0,7,41.30299413,289.12095891,0
2,2021-03-27,0.0017127860712859,0.0009659954791199,0.0004428739688345,0.0004294587651772,0.0009481625299434,0.0048564447419608,0.0161825713177777,0.0174254941676838,0.0167547272825703,0.0147315221646999,0.0133612331065009,0.0192433405405907,0.0170158468048282,0.0099221322898178,0.0125633585426822,0.0105199035128583,0.0111123806102716,0.0130232370816377,0.0158003837469945,0.0146092613804343,0.0134077479839531,0.0109876561582126,0.0094980477332702,0.0053682832714162,residential,3,spring,1,7,41.30299413,289.12095891,0
2,2021-03-28,0.0017119996593075,0.0009656120407661,0.0004427749578315,0.0004293643096007,0.0009477892884292,0.0048539308459248,0.0161738173925096,0.0174160388276036,0.0167456795957484,0.0147235895844398,0.013882335402541,0.0229324663465172,0.023740246010503,0.0149312903065035,0.0126026036917198,0.0121918045728985,0.0130911507148685,0.0157435434232143,0.0179876931986477,0.0152090235219902,0.0134006609273963,0.0109818795498575,0.0094930349633205,0.0053655117677714,residential,3,spring,1,7,41.30299413,289.12095891,0
2,2021-03-29,0.0017112060855282,0.0009652244791651,0.0004426751427534,0.0004292689958448,0.0009474129602512,0.0048513965380517,0.0161649883540486,0.0174090948265968,0.0167686567890532,0.0181589268230017,0.0192670103354652,0.0260653216574103,0.0250685371302176,0.0181229297460685,0.0191984499820311,0.0168025180369737,0.0171711667148727,0.0173258250354099,0.0201228468878414,0.0191478279856302,0.0133935094780959,0.0125519145710464,0.01064151346328,0.0053627147094129,residential,3,spring,0,7,41.30299413,289.12095891,0
2,2021-03-30,0.0017104055849507,0.0009648338649968,0.0004425744105816,0.0004291728521356,0.0009470330478042,0.0048488401528796,0.0161560779971202,0.0212040478876758,0.0203602224514591,0.02154504630917,0.0240573990548355,0.0351860095961396,0.0353378940982407,0.0246763161093195,0.0227500976947885,0.0178946173828575,0.0233656454231055,0.0226911887997563,0.0246447361767195,0.021363595754672,0.0153734788303253,0.0146376113147199,0.012231781644113,0.0053598940426334,residential,3,spring,0,7,41.30299413,289.12095891,0
2,2021-03-31,0.0017095983946309,0.0009644399945124,0.0004424727817543,0.0004290759069451,0.0009466499682567,0.0048462624544784,0.016147093345604,0.021539466094396,0.023070987577932,0.0282564561073949,0.0239250441933877,0.0338264092566695,0.0344274456500875,0.0274239907467653,0.0247695487242318,0.0242885893881598,0.0268055515558273,0.0236320281538116,0.0249466697364064,0.0238820788213543,0.021281876122174,0.0164128236020243,0.0112451981877446,0.0053570494846965,residential,3,spring,0,7,41.30299413,289.12095891,0
2,2021-04-01,0.0017087854687632,0.0009640430325676,0.0004423702087594,0.0004289781819006,0.0009462638350525,0.0048436665987648,0.0161380371140196,0.0173799841915589,0.0167408011657935,0.0147232692333854,0.0133567944896333,0.0108415757577223,0.0095707921319203,0.0118041355876598,0.0074050522633456,0.0084147940888998,0.0098639827790467,0.0129909272519202,0.0152264320939796,0.0145698658879557,0.0133716900735617,0.0109582656197464,0.0094725434928966,0.0053541825461583,residential,4,spring,0,7,41.30299413,289.12095891,0
2,2021-04-02,0.0017079649028132,0.0009636429520832,0.0004422670480086,0.0004288797201085,0.0009458747625402,0.0048410485680333,0.0161289118755314,0.0173701279905667,0.016731369636944,0.0147150001686671,0.0133493069337222,0.0108355525778302,0.0094542877025379,0.0084214065621056,0.0074010129549294,0.008410180764174,0.0098585857237372,0.0129837754383196,0.0152180058393694,0.0145617944472999,0.0133643024294473,0.010952244004607,0.0094673181133027,0.0053512934843721,residential,4,spring,0,7,41.30299413,289.12095891,0
2,2021-04-03,0.001707139085047,0.0009632402650296,0.0004421631478968,0.0004287805436409,0.00094548264701,0.0048384115249163,0.0161197203863459,0.0173576035949002,0.0166897625025834,0.014674564015975,0.0133096580084612,0.0107973786900978,0.009420490184839,0.0083846338369589,0.0073648373772939,0.0083734269349805,0.0098210425058804,0.0129739746879386,0.0152095186330519,0.0145536644243402,0.0133568611631192,0.0109461786823901,0.0094620548059992,0.00534838345108,residential,4,spring,1,7,41.30299413,289.12095891,0
2,2021-04-04,0.0017063082616171,0.0009628343441321,0.0004420587020475,0.0004286806889373,0.0009450882613025,0.0048357562714838,0.0161104536383846,0.01734760778108,0.0166801967539682,0.015137781066573,0.0175229338041791,0.0153357765647337,0.0146355455073289,0.0121588099997763,0.0128680993475923,0.0120652367947368,0.0126606446762931,0.0129667211867131,0.0152009729825045,0.0145454783121677,0.0133493684811913,0.0109400714492835,0.0094567551296647,0.0053454533127239,residential,4,spring,1,7,41.30299413,289.12095891,0
2,2021-04-05,0.0017054712457901,0.0009624259587422,0.0004419533873599,0.0004285801714279,0.0009446910654896,0.0048330835728284,0.0161011378467101,0.0173375459888907,0.0166705682701448,0.0165513088311348,0.0183247798483278,0.0235102881869575,0.0184119803504417,0.0162148310061414,0.021611804227352,0.0128632186784591,0.013228517150514,0.0196030856560822,0.0154140901688041,0.0145372383531605,0.0133418265965845,0.0109339241138864,0.0094514206537481,0.005342503630306,residential,4,spring,0,7,41.30299413,289.12095891,0
2,2021-04-06,0.0017046282838155,0.0009620149839124,0.000441847416833,0.0004284790279535,0.0009442913961243,0.0048303918442724,0.0160917604300992,0.017330018289744,0.0166929870101099,0.0146813481857516,0.0158653140872402,0.0158741294079505,0.0146188034571252,0.0084025557515262,0.0073845745713731,0.0083914063719743,0.0098366219185723,0.012954670485435,0.0151837154041939,0.0145289470044383,0.0133342377429374,0.010927738496674,0.0094460529580039,0.0053395361691333,residential,4,spring,0,7,41.30299413,289.12095891,0
2,2021-04-07,0.0017037810602515,0.000961601634741,0.0004417406315666,0.00042837728141,0.0009438893715639,0.0048276890317264,0.0160823422954722,0.0173198343863194,0.0166832411960561,0.0146728035715994,0.013311098796411,0.0108048170179378,0.0108169621351336,0.0083977694393708,0.0073804009028603,0.0083866394913575,0.0098310452029904,0.0129472805968575,0.0151750085941911,0.0145206068759686,0.0133266041733417,0.0109215164294583,0.0094406536320244,0.005336550925536,residential,4,spring,0,7,41.30299413,289.12095891,0
2,2021-04-08,0.0017029291086901,0.0009611859864374,0.0004416336339744,0.0004282749830965,0.000943485110863,0.0048249687867272,0.0160728569972462,0.0173095938683358,0.016673441507112,0.0146642117507661,0.0133033189492509,0.0130323735697925,0.0112928592248323,0.0099578512094782,0.0087092204721984,0.0093097482393523,0.0098254374685237,0.0129398496054119,0.0151662535548835,0.0145122203622048,0.0133189281455138,0.0109152597548455,0.0094352242747689,0.0053335490761402,residential,4,spring,0,7,41.30299413,289.12095891,0
2,2021-04-09,0.0017020726814243,0.0009607681629057,0.000441525941646,0.0004281721421397,0.0009430787337385,0.0048222305698935,0.0160633294887282,0.0172992996593726,0.0166635903397959,0.0147854287110711,0.0172389174544546,0.0304840963946882,0.0252785437141809,0.0223784181980186,0.0292811344810397,0.0163353897246856,0.0165856017422298,0.0240517113926886,0.0185693341448694,0.0173465690358513,0.0163533251027221,0.0130362251573237,0.010620308787204,0.005330531509887,residential,4,spring,0,7,41.30299413,289.12095891,0
2,2021-04-10,0.0017012127521158,0.0009603483335696,0.0004414176066916,0.0004280687960516,0.0009426703605342,0.0048194840012471,0.0172800010940744,0.0230027521051469,0.0227166213576197,0.0252417439388391,0.0237003069935628,0.0264146537941236,0.0287032007496779,0.0278198666272236,0.0224190921015703,0.0251912291626838,0.025601159799567,0.0231796960002554,0.026655074195693,0.0234563196981526,0.0150202533927947,0.0145328413178784,0.0099107369357877,0.005327499120373,residential,4,spring,1,7,41.30299413,289.12095891,0
2,2021-04-11,0.0017003474155038,0.0009599264808111,0.0004413088312528,0.0004279649754372,0.0009422601121852,0.0048167234587331,0.0160441221050497,0.0208755149187065,0.0252771254684048,0.0303432921395181,0.0259931737194757,0.034353508536156,0.0282839025284929,0.0256433528728213,0.0346402617119792,0.0219968825456414,0.0220436348794597,0.0270788185358798,0.0240117789730693,0.0229598862415214,0.0192756434793773,0.0204242853704294,0.0156731757724556,0.0073440660435754,residential,4,spring,1,7,41.30299413,289.12095891,0
2,2021-04-12,0.0059114252188027,0.0046434447673337,0.0004411996474771,0.0004278607110417,0.0009418481111571,0.0048139511148816,0.021727828588588,0.0283103198201587,0.0311176127865659,0.0341113304367696,0.0317000493267977,0.0445013933223985,0.0347971046604922,0.0317571387789732,0.0431907637839511,0.0271802120478591,0.02441849729928,0.0328815218626132,0.0259297356348843,0.0246541301275553,0.0239458237664658,0.0199714288124819,0.0174563690622822,0.01144937699514,residential,4,spring,0,7,41.30299413,289.12095891,0
2,2021-04-13,0.0048884083373237,0.0032523869677104,0.001688027581707,0.0018117030306936,0.0019712317277724,0.0055024050093549,0.0269382518115861,0.0324137474669638,0.0370417747491055,0.0385488563338095,0.0374532133137628,0.0492768215992936,0.0436596745655462,0.0399803727525285,0.0441288638975179,0.03228038144297,0.0323927601962307,0.0350307261316142,0.029934573369292,0.0288207753185478,0.0273179314466225,0.0241867826240475,0.0190775564957339,0.0144564233308493,residential,4,spring,0,7,41.30299413,289.12095891,0
2,2021-04-14,0.0090796045684148,0.0074466396544028,0.007180587094353,0.0082978848929347,0.0061509903957004,0.0097061024849456,0.027487666677757,0.0303067273408553,0.0317085651272366,0.0354022491064537,0.0313666292861001,0.0233062341106598,0.0319891939304493,0.026874986528684,0.020475930036162,0.0235141428561404,0.0241127886968712,0.0213416568859463,0.0254740259081701,0.022348947496137,0.0153174284824794,0.0152628557404268,0.01290060950155,0.0053152393497457,residential,4,spring,0,7,41.30299413,289.12095891,0
2,2021-04-15,0.0030743016023247,0.0018220472541731,0.0004408694605848,0.0004275455645406,0.0009406028047203,0.0048055714922431,0.0168735614544866,0.0219850231403729,0.023703552248776,0.0256568947005003,0.0255346059592757,0.0267661938014288,0.0251799168604253,0.0288744116030389,0.0223244997099644,0.0231550519830591,0.021438290176757,0.0225385688100467,0.0233880923228713,0.0201386114697818,0.0155199697515717,0.0151359854546457,0.0127599999253518,0.0053121463922408,residential,4,spring,0,7,41.30299413,289.12095891,0
2,2021-04-16,0.002927660790171,0.0018713174347071,0.0004407586285514,0.0004274398349669,0.0009401850128464,0.0048027601782024,0.0217528176844988,0.0261267026461877,0.025605727675694,0.0290552274073052,0.0270948061279749,0.0292032868892859,0.027829146256119,0.0275968499056488,0.0275696646905107,0.0256305832711843,0.0230876000325119,0.024793948397153,0.0266600644782767,0.0255303022293309,0.0187370773386388,0.0181653423060702,0.0156878126687512,0.0074774048331546,residential,4,spring,0,7,41.30299413,289.12095891,0
2,2021-04-17,0.0060174723139419,0.0046731675255419,0.0004406475510272,0.0004273338171274,0.001043229512215,0.0047999411963008,0.0222054284088674,0.0299551936208665,0.0319591453513441,0.0369837310895835,0.0342307559772169,0.0452765856456549,0.0339468877195523,0.0321717850776626,0.040370461323434,0.0268919894153197,0.0269455592823478,0.035023345818799,0.0281965852001324,0.0269747075803681,0.0232854523752929,0.019842263002438,0.0173901249308615,0.0114787861648368,residential,4,spring,1,7,41.30299413,289.12095891,0
2,2021-04-18,0.007524816781172,0.00346752044355,0.0016361244127329,0.0018568897625388,0.0020492574429722,0.0047971153813335,0.0243071089833634,0.0275842455952717,0.0329425940721425,0.0331506554258633,0.0339301744958088,0.0482092107298097,0.0356628184154771,0.0333566464344323,0.0353360724809875,0.0306989972891522,0.0278556497281407,0.034398591509118,0.0285363049025813,0.0273137292115249,0.0233885817540469,0.0201916646965196,0.0176828211016503,0.0117140510127599,residential,4,spring,1,7,41.30299413,289.12095891,0
2,2021-04-19,0.0077523894428406,0.006234740128396,0.0016970768096214,0.00196827402143,0.0021834191431638,0.0047942859276557,0.0256869562997975,0.0348400898713803,0.0368268053508097,0.0430188804556638,0.0358744821542514,0.0452450783666752,0.0370582919106248,0.0351785355506576,0.0404941000051397,0.0313166331259582,0.0290014990159982,0.036760842741161,0.0293743999934872,0.028156004019025,0.0264957072631072,0.0210911427034058,0.0185832573801239,0.0138371893065219,residential,4,spring,0,7,41.30299413,289.12095891,0
2,2021-04-20,0.0085281895701669,0.0068971644136086,0.005380469052228,0.0054764423491053,0.005675886927103,0.0091273001238491,0.0232912581885213,0.0263319096924366,0.0299447480896301,0.0287693743327467,0.0307636511260185,0.0355803418483967,0.0311595719275013,0.0311135049773188,0.0382174002058005,0.0297447364397033,0.0272456796417311,0.03412513040145,0.0306616790922847,0.0269879537096038,0.0262952118776991,0.0226022117370529,0.0201693405390309,0.0140627036686275,residential,4,spring,0,7,41.30299413,289.12095891,0
2,2021-04-21,0.0080798531635935,0.0091274141040326,0.0062840844416833,0.0076727291038584,0.0079896587472696,0.0096588679801579,0.0295586125323744,0.0350187421633368,0.0335152614967546,0.0370445007286788,0.0384369171352322,0.0362754781272268,0.0411914190821729,0.0355623384221832,0.0306076115828012,0.0343696964970162,0.0310636258581968,0.0285503615975805,0.031473329982044,0.0304874476382929,0.0227091335404966,0.0231119841012324,0.0206997455739905,0.0116267288858614,residential,4,spring,0,7,41.30299413,289.12095891,0
2,2021-04-22,0.0083345670756955,0.006811030458234,0.0033191028583989,0.0052332947975932,0.0078852671428406,0.0066584157899335,0.0264623547756459,0.0333887363062695,0.0299508508311452,0.0343967110074278,0.0329863236900289,0.0375593266838609,0.0363602444505956,0.0320576307443448,0.0306783502060564,0.025481631829689,0.0257151952078651,0.028750107514425,0.0308115129908486,0.0272096573195474,0.0254594069733013,0.0227317628083658,0.0205071406140004,0.0165155732141478,residential,4,spring,0,7,41.30299413,289.12095891,0
2,2021-04-23,0.0108513115518369,0.0093460309452588,0.007757144831542,0.0079734551100679,0.0083828226236669,0.009063286996964,0.022189447320998,0.0252325473912175,0.023417528542182,0.0259991284547129,0.027761643870473,0.0254643756780967,0.0268271163724737,0.0237778230959017,0.0142673952245401,0.0193136342417311,0.018047888257553,0.0165053724141169,0.0203824339772885,0.0193015724070225,0.0147846556056822,0.0146371458314765,0.012275849149901,0.0052871425481766,residential,4,spring,0,7,41.30299413,289.12095891,0
2,2021-04-24,0.0022878954501247,0.0012282497516633,0.0004398643236612,0.0004265862664937,0.0009368121233618,0.0047800626389694,0.0191813026752587,0.0228735283475589,0.0220515819444701,0.025613968100928,0.0251463942573133,0.0233393704019447,0.0287165614325996,0.0228451561107233,0.0152055078951126,0.0201477451635983,0.0207604028526923,0.0185800328115188,0.0225785365591259,0.0214720182478625,0.0158379484954003,0.016853829583046,0.0145471235233641,0.0062270448226709,residential,4,spring,1,7,41.30299413,289.12095891,0
2,2021-04-25,0.0050711185636807,0.0038028410467332,0.0004397520758769,0.0004264790780025,0.002722197502439,0.0047772138305051,0.0197006207903477,0.0263536832947159,0.0244623297299677,0.0285998912613519,0.034388754366838,0.031814319171176,0.0342249754000012,0.0326123676044127,0.0331786100046172,0.0314808366517144,0.0292429572238454,0.0280459526852176,0.0298699193235785,0.0288494591404642,0.0221155485395741,0.0218081607269356,0.0194014130565528,0.0108881315207637,residential,4,spring,1,7,41.30299413,289.12095891,0
2,2021-04-26,0.0098220168766109,0.008512883534297,0.0037415047150212,0.0046779383099625,0.0049491562119774,0.0060780850045286,0.0234314992986785,0.0276733903120932,0.0279439153810412,0.0328104589220389,0.0338929397067957,0.0297576285563791,0.0388165267609053,0.0270771702649027,0.0120165513822029,0.0124082760078398,0.0182306780322153,0.0202320775747426,0.0232782799823202,0.0219716938954896,0.0190242667936824,0.0150772238597042,0.0126427579217747,0.0074841359954763,residential,4,spring,0,7,41.30299413,289.12095891,0
2,2021-04-27,0.0029510764366193,0.0015096690585827,0.000439527433002,0.0004262647215235,0.0009355415324119,0.0047715164467883,0.0186252421078483,0.0278637417506632,0.0340248902512941,0.0381849334294087,0.0362466734681162,0.045368433290924,0.0387693219267957,0.0362547949301124,0.0363091177231538,0.0352552877379296,0.0325936538249258,0.0366191039606041,0.0332417483047201,0.0296790269930368,0.028726120795608,0.0249951198994011,0.0224659331825928,0.0150654976013401,residential,4,spring,0,7,41.30299413,289.12095891,0
2,2021-04-28,0.0106499139569601,0.0093375448379715,0.0062773373859574,0.0053607699342821,0.0030106996323075,0.0080089036027722,0.0242979087554023,0.0326287463581582,0.0332704543254065,0.0326099290554178,0.0335316325292253,0.0369646380472471,0.0361329364016442,0.0341180358673338,0.0343919998471116,0.0313633514692457,0.0319665163149441,0.0348914761576519,0.032657489552118,0.0316575850603753,0.0256537631064772,0.0226228538615303,0.0205361446705117,0.0129632120938943,residential,4,spring,0,7,41.30299413,289.12095891,0
2,2021-04-29,0.0105901474155413,0.0089457324507969,0.0040237737868836,0.0054306155542154,0.0055864184771851,0.0067679370734021,0.0293983681942957,0.035606730872895,0.036373220149657,0.0389954030746779,0.0364725566896601,0.041923106842067,0.0347383317713097,0.0322362261254803,0.0293326770910736,0.0261414173835593,0.0265020697495969,0.0252814596834911,0.030421893696479,0.0270595006868073,0.0219680575259509,0.0199485785921942,0.0174966134360647,0.0107539709421543,residential,4,spring,0,7,41.30299413,289.12095891,0
2,2021-04-30,0.0056151517675846,0.0016184499859493,0.0004391911147622,0.0004259437140421,0.0009342730648928,0.004762980841232,0.0192631286125265,0.0255327827297141,0.0259797548318641,0.0260280723547219,0.029126174351442,0.0314572043441288,0.0249763695644766,0.0215491361054407,0.0210672603768639,0.0180679744127339,0.0190787212615897,0.0209767147061883,0.0200926668607347,0.0174959467098842,0.0149776873010284,0.0125086553549398,0.0119334228922902,0.0076916560194046,residential,4,spring,0,7,41.30299413,289.12095891,0
2,2021-05-01,0.0039235484397001,0.0025133624759379,0.0007677997483251,0.0012018545241895,0.0020989055786198,0.0053473056517445,0.0207188180818079,0.0229014426429554,0.020062251280491,0.0219740203874214,0.024062835245683,0.020184481737106,0.0232522415366099,0.0227226513566499,0.0152476440093511,0.0179066050660923,0.0186779117071486,0.0162156508614122,0.0213243489528264,0.0181896930158003,0.0148305404026914,0.0107661591623019,0.009305839188597,0.0052620125496518,residential,5,spring,1,7,41.30299413,289.12095891,0
2,2021-05-02,0.0016817346413737,0.0009508479097925,0.0004389676987801,0.0004257304302074,0.0009334302692735,0.0047573072665619,0.0158370288235379,0.0188549921325377,0.0208576435419952,0.0270447782789124,0.0289604385458592,0.0276515231916026,0.0247765858434236,0.0273189751365623,0.0249926203010361,0.0298746030059935,0.0240025545126472,0.0243477266883694,0.031322426842765,0.027477836092634,0.01985914217854,0.020427848595571,0.0181239866405111,0.0093476890089048,residential,5,spring,1,7,41.30299413,289.12095891,0
2,2021-05-03,0.008686070377408,0.004870119887578,0.0024215704111587,0.0034498665284694,0.0064199259934044,0.0066240182499687,0.0277504208772602,0.0327911369916872,0.0378219980936816,0.0394736073544123,0.0391964916718541,0.0412373222397391,0.0372652877412943,0.0417022342987493,0.0389313173558453,0.0350319778206497,0.0350069055505268,0.0413234130658171,0.0352224992148691,0.0312471492994815,0.0319104837870336,0.0269938174138828,0.0245317508862827,0.0190474961279846,residential,5,spring,0,7,41.30299413,289.12095891,0
2,2021-05-04,0.0150544213277281,0.0137103203171985,0.0116841747359314,0.012344357189458,0.0098824310675176,0.0154728378038792,0.0356343799247756,0.0461084525287177,0.0488899726897659,0.0516838130953122,0.0480911427247555,0.0482381163022152,0.0425202291591811,0.0421733199238096,0.0451095301283084,0.0243710478096084,0.0215468020900366,0.0260199648879011,0.027876413641312,0.02890944688934,0.0236470456081866,0.0214405330920775,0.0188122652143286,0.0127700919898828,residential,5,spring,0,7,41.30299413,289.12095891,0
2,2021-05-05,0.0088825766650178,0.0072931898406553,0.0032632853289359,0.0030028887543506,0.0031291309541654,0.0077763314421235,0.0254274392714189,0.0322448474398315,0.0308036875596646,0.0371740680665567,0.0428722189587135,0.040764744757184,0.0351221315133138,0.0371738995262963,0.036544641382829,0.0376283265628072,0.0381407377776725,0.0424090214346187,0.0385253329967497,0.0344668703634489,0.0326334017425945,0.0273136201062778,0.0279092190189435,0.0203774956560835,residential,5,spring,0,7,41.30299413,289.12095891,0
2,2021-05-06,0.0183673882102207,0.0139934096851547,0.0130496761945991,0.0127294319048312,0.0129038025819209,0.0154447684540086,0.0379117596918103,0.0470853345067674,0.0529100815783863,0.047710117170993,0.0479734480910171,0.0520023695617358,0.0424529926790157,0.0462414866266291,0.0473532288106673,0.0410408142618384,0.0414393414778631,0.043815288757443,0.0416561348966931,0.0372742524740477,0.0369289681228289,0.0328046982726211,0.0333489874961226,0.0255784180831174,residential,5,spring,0,7,41.30299413,289.12095891,0
2,2021-05-07,0.0204118999633,0.0190823816933274,0.0171831876998935,0.0177021267924519,0.0180098699638486,0.0199370380274519,0.0408405682060585,0.0478971565259459,0.0567575009321006,0.0545198196342352,0.0521870805967823,0.0555183702518294,0.0506945038979929,0.0494988343062878,0.046288283737972,0.0423970616734831,0.0423706126117,0.0438485722032202,0.042225528568129,0.0411527210608038,0.03745057476068,0.0246569604110541,0.0214378063930311,0.0154472929016316,residential,5,spring,0,7,41.30299413,289.12095891,0
2,2021-05-08,0.0164899361826135,0.0150623628909915,0.0105502321517305,0.0135444748138772,0.0138824080171105,0.0168066722486097,0.0368486340626489,0.0471546720986159,0.0530224930226904,0.0537889896626051,0.050709818177896,0.0493974597696936,0.049582296039769,0.0506097623431147,0.0448958823078147,0.0457350379778085,0.0457564465334318,0.0487190192144306,0.0449238153642285,0.0407411148686973,0.0379075468282552,0.0365260831297728,0.0308852718731644,0.0276944111527291,residential,5,spring,1,7,41.30299413,289.12095891,0
2,2021-05-09,0.0210184250196502,0.0195706694302623,0.0189793779999111,0.0213709860729236,0.0182403101275816,0.0209580779619037,0.0398034735745797,0.047214164344396,0.0485157400613812,0.0484514379195754,0.0483091887872543,0.052467224909902,0.0439285739482133,0.0442397281658335,0.0473078790604834,0.0453326800800406,0.0415284261232611,0.0439538546671035,0.0413802090998907,0.0399986632821518,0.0382423546418132,0.0358161900020674,0.033556959083003,0.0265684798790999,residential,5,spring,1,7,41.30299413,289.12095891,0
2,2021-05-10,0.0238990696424191,0.0222656735325586,0.0184012144389571,0.0175738870750185,0.0179686485705927,0.020516325644839,0.041135071511414,0.0528433451484276,0.054887331473642,0.0590402418797288,0.0516008699047323,0.0539662040648376,0.0454491191298823,0.0494876141215917,0.0501144400149168,0.0428980800201158,0.0427792560689077,0.0461865238023088,0.0424055934276751,0.0413391348599706,0.0390465223428622,0.0367661797453407,0.034386366724555,0.02671574965518,residential,5,spring,0,7,41.30299413,289.12095891,0
2,2021-05-11,0.0214425367632199,0.0200763654384794,0.0195138946714965,0.0186614298046838,0.0190175937309705,0.0224393916988239,0.023253159867935,0.0306461720688283,0.0270751394594621,0.0278996366378552,0.0221047005872726,0.0221744223474558,0.0236409323998467,0.0261105692940345,0.0225590896860589,0.0249801159052803,0.0253035365190326,0.0277684986771916,0.0303812292054795,0.0294278039023846,0.0253878004475908,0.0222111524494836,0.0197919350016125,0.0160670425684871,residential,5,spring,0,7,41.30299413,289.12095891,0
2,2021-05-12,0.0101508204071221,0.0060265746868963,0.0028144378771742,0.0016400019563209,0.0017069542246703,0.0047294318232387,0.0232196551494748,0.0306179281826298,0.0355057667208545,0.0360712267283648,0.0363360155883194,0.0389105896327061,0.0334268218252655,0.0334043996483454,0.0383670038108198,0.0365021176804198,0.0365238355377266,0.0337333403605157,0.0310176771098119,0.0302760216345493,0.0257439902999278,0.0260544667489814,0.0209035551428996,0.0128905387903074,residential,5,spring,0,7,41.30299413,289.12095891,0
2,2021-05-13,0.0084171005868072,0.0068327845745675,0.0040556164081842,0.0026011182242036,0.002717998312741,0.0058793297447602,0.0322134811502637,0.0372547150338522,0.041014154506261,0.0454149402147054,0.0422213594442487,0.0416506225144057,0.0395892816736828,0.0402183508817405,0.0414562340993304,0.0342261433299982,0.0285357286795418,0.0342655546096849,0.0326601909771415,0.0314010889881846,0.0276135068181947,0.029435115405383,0.026834150507308,0.0159811846936267,residential,5,spring,0,7,41.30299413,289.12095891,0
2,2021-05-14,0.0144091510900875,0.0131574518940969,0.0084815501808542,0.009023913450009,0.0093072346934587,0.0111128608414439,0.0339278874961434,0.0449490419463464,0.0441949637446268,0.0468530028241652,0.0453219832664127,0.0405329521432306,0.0405947060716158,0.0412733411666298,0.0402738988794905,0.0384232571337776,0.0415199285440996,0.035865992236624,0.0409985648553672,0.0368745286870786,0.0300018192583899,0.0294690104286008,0.027367006107753,0.0180473146172686,residential,5,spring,0,7,41.30299413,289.12095891,0
2,2021-05-15,0.0180521469739109,0.0141319061992248,0.0111016208804793,0.0126654091013758,0.0130526197221372,0.0133665993505284,0.0325463143409835,0.0376527277066128,0.0366686490503075,0.043113299509659,0.0443940942278962,0.0383988711656634,0.0463626710879214,0.0433322649131718,0.0393729048619401,0.0428399030966721,0.0359974033761036,0.0387780622018585,0.042621133143243,0.0409648667769962,0.0309226907428618,0.0301961116476279,0.0281311920537482,0.0191503303081197,residential,5,spring,1,7,41.30299413,289.12095891,0
2,2021-05-16,0.0157287586625146,0.0144225034504893,0.0113684631291368,0.010340709924992,0.0132289523784905,0.0143275303113647,0.0357653909316402,0.0485727747347231,0.0481011274189561,0.0503233357011144,0.048764484067228,0.0531399470496179,0.0451809329543397,0.0464454635495782,0.0517421144697368,0.0411551754942955,0.041174252542556,0.0459334610665773,0.0411467500709609,0.0288465786614386,0.0245338482599658,0.0234609630960163,0.0209277313793603,0.015015113956379,residential,5,spring,1,7,41.30299413,289.12095891,0
2,2021-05-17,0.0082128412516924,0.0035620490078016,0.0018173108993403,0.0010772929274712,0.0009272869489444,0.0047159717761904,0.0225758061649349,0.0277161010305419,0.0293346202279178,0.0297498478278362,0.0288626396254211,0.0273232053815304,0.0314651613374747,0.0348555757646076,0.0305826090640187,0.0315167625016235,0.0342860962981037,0.0307030942356095,0.0335648781884442,0.0299070568077098,0.0258535204430761,0.0256398557690792,0.0213959501553615,0.0140839964828824,residential,5,spring,0,7,41.30299413,289.12095891,0
2,2021-05-18,0.0132365778671762,0.0095737428605169,0.0056338443552071,0.0083068432366529,0.0086635107791088,0.0076780466935752,0.0238720531450901,0.0271063601856701,0.0268553297759161,0.0286329045302315,0.0285263233581663,0.0294168660826587,0.0271563264269949,0.0232884468944664,0.0228978878401033,0.0265822828754217,0.024398802620065,0.0227524035214526,0.0283306684886215,0.0251310169707404,0.0173561142784113,0.0182754329149946,0.0159476662028979,0.0087583182487726,residential,5,spring,0,7,41.30299413,289.12095891,0
2,2021-05-19,0.0063198125029828,0.0049670312812525,0.0021933648635155,0.0034931776094219,0.003901568276032,0.0052129326243491,0.0229651452568767,0.0276199051007885,0.0297809062607008,0.0344417564389591,0.0362407010056319,0.0347449264929946,0.0319557077785736,0.0325957951198838,0.030866481124974,0.032667376726134,0.0327124446296853,0.028807065052803,0.0352353241687406,0.03130345538902,0.023832977807103,0.0238214774277212,0.0217127396353259,0.011531057133046,residential,5,spring,0,7,41.30299413,289.12095891,0
2,2021-05-20,0.0098030283452257,0.0084951640587125,0.0059085519620236,0.0074619355685561,0.0078284600415881,0.0081446310892668,0.0302898554539891,0.0356816956203419,0.035099618202149,0.0353534653281989,0.0410969420734701,0.0391211858831216,0.036805667849032,0.0377060574021447,0.0358316042613776,0.0377625593822176,0.038015546364801,0.0362231992583818,0.0379651115677081,0.0340917774139655,0.0272141700525918,0.0267955782554054,0.0243605989176083,0.0165778383425481,residential,5,spring,0,7,41.30299413,289.12095891,0
2,2021-05-21,0.0146911599881648,0.0134173027807864,0.010422568530719,0.0120978360100645,0.0124897118485033,0.0134034337060959,0.0287375079282881,0.0323811016113965,0.0323467024755871,0.0382702157277255,0.0372833703240279,0.0311258811949016,0.0338667711202251,0.0261336579672939,0.0196233925978615,0.0206721159259435,0.0217427266656043,0.024524646540126,0.0274700646751147,0.0263941906351776,0.0233033509591444,0.0218994597172174,0.0195421415584301,0.0118754664657205,residential,5,spring,0,7,41.30299413,289.12095891,0
2,2021-05-22,0.0100581848519131,0.0087641214204963,0.0054497908712725,0.0075312312579342,0.0079180041660429,0.0092473388810265,0.0235338548058105,0.0263937649128998,0.0254449148841518,0.0250686766643496,0.0309850725629394,0.0290987158290436,0.0312674908793134,0.0349938596128725,0.0346298776289897,0.0402460208655216,0.0365839991286715,0.0352672336595119,0.0362178701597747,0.0353908334142261,0.0302604837264415,0.0282705738489218,0.0256726837770068,0.0159664120076929,residential,5,spring,1,7,41.30299413,289.12095891,0
2,2021-05-23,0.0134565530135845,0.01226534912125,0.0091149715993775,0.0083259743811796,0.0084199960723303,0.010846690390267,0.0310517561599498,0.0408815262628522,0.0415283469565574,0.0457297763367644,0.0462235348016118,0.042685935747927,0.0440337219508835,0.0478288223691984,0.0379265459194983,0.044020091246211,0.0442108737995973,0.0394116512484781,0.0445357785288809,0.0400979684802932,0.0340359553463925,0.0328284812473256,0.0307027750130516,0.0204269595584349,residential,5,spring,1,7,41.30299413,289.12095891,0
2,2021-05-24,0.0180338026669288,0.0165534386108522,0.011196578428262,0.0123996113756187,0.0127137506574326,0.0126178526200489,0.033077698711092,0.0422737380496716,0.0488820377832995,0.0497982123504398,0.0506989895692749,0.0494741867779045,0.043338038190257,0.0479422395231357,0.0446603380241329,0.0477419249176991,0.0477734000269897,0.0436314476004584,0.046386502701673,0.0359739375994715,0.0337600055797971,0.0324746204646331,0.0303461093758616,0.0223420357592856,residential,5,spring,0,7,41.30299413,289.12095891,0
2,2021-05-25,0.0174983352262271,0.0160916554327054,0.0130906071329739,0.0144963080356954,0.0148752836762196,0.0156461138569196,0.0369912840028604,0.0442020873842204,0.0509308722703979,0.0489444980383141,0.0494813437368029,0.053246667788172,0.0459034159926095,0.0513635669186721,0.0487720721885984,0.0456705581430727,0.0423646574136553,0.0423659822872482,0.041610089391731,0.0407305661132197,0.0360698316356741,0.0329462931963799,0.0305727277262661,0.0249699585854225,residential,5,spring,0,7,41.30299413,289.12095891,0
2,2021-05-26,0.0209721737913151,0.0193798527880747,0.0154686874982668,0.0177499375431306,0.0150864682482412,0.0189422937779899,0.0431494403571948,0.0528122250946041,0.0562664827354521,0.0555077881994658,0.0531369921324851,0.0510187313688975,0.0468390500022795,0.0489258465429221,0.0549183774101205,0.0470314657553337,0.046611348695536,0.048192871620698,0.0524999622259637,0.0437173795494719,0.0362719403533728,0.0356480009264292,0.0333472983511519,0.0247277676006163,residential,5,spring,0,7,41.30299413,289.12095891,0
2,2021-05-27,0.0210469407181232,0.0197814329994499,0.0170846349315026,0.0181173697357286,0.0183540086747458,0.0192770613915044,0.0420908274042958,0.0525136262541081,0.0513605742145445,0.0583529599515056,0.0593075681411053,0.0508167477999728,0.0524995285635801,0.0502939084549684,0.0454263358312168,0.0538981860273454,0.0543499747977539,0.0479311153574871,0.052462653010859,0.0479629046378611,0.0396990075388449,0.0400744893497188,0.0377661198514317,0.0286631581194715,residential,5,spring,0,7,41.30299413,289.12095891,0
2,2021-05-28,0.0281704674495148,0.0238974672210805,0.0218243029014003,0.0262094436310414,0.0230519616629919,0.0229718665268239,0.0398923755597898,0.04894433161397,0.0471015915651453,0.0516370545164825,0.0540126290107433,0.0524986419847726,0.0528856735186422,0.0563089947307784,0.0381214493313807,0.0402235700095139,0.0483550915172277,0.0423396425241615,0.0450459826545002,0.044248539457238,0.0351636475021196,0.0404774087471469,0.0344799125668427,0.0249967201333093,residential,5,spring,0,7,41.30299413,289.12095891,0
2,2021-05-29,0.021430143190511,0.0204072919693901,0.0187662823810066,0.0128338718964848,0.0156945752789719,0.0236125909276731,0.038913177808322,0.0379401343567016,0.0403618265689717,0.0361185771646568,0.0368918887543931,0.0536587100204638,0.0370740905029104,0.0327379257436304,0.0430663768483003,0.0294327183550705,0.0272550832428678,0.0277533172740707,0.0329921249662856,0.03183530288086,0.0268735324399747,0.0272591735164332,0.024803766001679,0.0189128664070603,residential,5,spring,1,7,41.30299413,289.12095891,0
2,2021-05-30,0.0184893510043043,0.0173069243376216,0.0130158363873862,0.0161992062935798,0.0167670021555214,0.0178574245026093,0.0353732781904093,0.0442033627118303,0.048688819798489,0.0467977517191844,0.0511161396295141,0.0554647326624652,0.0518839376973169,0.0486971447566889,0.0514705945280343,0.0451352424929422,0.045613365074711,0.0454184375344343,0.041754875289563,0.0405881492604838,0.0409462536896328,0.036281393048493,0.033888167900643,0.0300075374327827,residential,5,spring,1,7,41.30299413,289.12095891,0
2,2021-05-31,0.0244688523744054,0.0231931440034237,0.0205242118447337,0.0219339517667269,0.0223572425440254,0.0245070590947041,0.0457225920847822,0.0528619234636836,0.0578579406141333,0.0575035396457334,0.058436800213321,0.0537003401788061,0.0508762835555071,0.0517502814771465,0.0581517364526845,0.0471574987500575,0.0472459836136564,0.053968197927237,0.0471337190609752,0.0455321148951287,0.0433477613075507,0.0409496021292001,0.038306527564656,0.030880550594104,residential,5,spring,0,7,41.30299413,289.12095891,0
2,2021-06-01,0.0257188880080372,0.0234893621496215,0.0206508823930265,0.0220963541299464,0.0233827040476856,0.0272452654350888,0.0535806952754954,0.0607909833669629,0.0587514259257617,0.066614777432626,0.0651405257512422,0.054782066483381,0.0564366979642883,0.0623918757385676,0.0569874137633389,0.0526926052930605,0.0516033572583056,0.0553902577508729,0.051388163634923,0.0501295304480856,0.0445657854264784,0.0418368634320103,0.0395388090511695,0.0352370920446108,residential,6,summer,0,7,41.30299413,289.12095891,0
2,2021-06-02,0.0300497237531425,0.0289317150176553,0.0271977986396747,0.0276206623449351,0.0246460748916059,0.0253329862593459,0.0514550235959925,0.0548883281139548,0.0558404327482974,0.064891824262344,0.0624073068168311,0.0598261677301464,0.0481144840977999,0.0514449545817924,0.0493181919486003,0.0405725690065252,0.0407380453316094,0.044169364508786,0.0504762568476869,0.0455481567834606,0.0444155309189551,0.0411029077238424,0.039078142461139,0.0326252299850848,residential,6,summer,0,7,41.30299413,289.12095891,0
2,2021-06-03,0.029525085995506,0.0268849376179041,0.0250817168262887,0.0236193093482449,0.02758031901552,0.0286190272882569,0.0477719571714617,0.0596795253296695,0.0620006775642621,0.0654627660157604,0.0635823996588739,0.0583981866265449,0.0602858769562893,0.0622479262609832,0.0569654441333231,0.0565856486603087,0.0563178863839202,0.0548528102074093,0.0513561488863635,0.0500034349909329,0.0469023605499092,0.0458295826565494,0.0402316701111779,0.0337660207788519,residential,6,summer,0,7,41.30299413,289.12095891,0
2,2021-06-04,0.0301020867557719,0.0291961059961325,0.026772470059292,0.0274335092297489,0.0275016528297173,0.0296056486749217,0.0522072464695817,0.0610185019776012,0.0638558965010139,0.0692241936087801,0.0647890464966423,0.0597615741576084,0.054828114652297,0.057493985878893,0.054326912012591,0.0513567857552393,0.0522642254107337,0.0514686498161215,0.0513148739743212,0.0506963632041018,0.0471319509293786,0.0461020139836124,0.043791005836917,0.0338985946769945,residential,6,summer,0,7,41.30299413,289.12095891,0
2,2021-06-05,0.0304626188657971,0.0290339472004352,0.0273915115321076,0.0275665232551353,0.0242621516007077,0.027925127170213,0.0548894374629823,0.0623991245430769,0.0602029274482243,0.0676377128701985,0.0650984006502255,0.0596126547459525,0.0604660274799005,0.0625050157597059,0.0574537067111455,0.0523560351723891,0.0520616659565763,0.0505505639271046,0.0473249008883536,0.0482740187003541,0.0439009434897574,0.0445986480773531,0.0431893531469778,0.034744661230248,residential,6,summer,1,7,41.30299413,289.12095891,0
2,2021-06-06,0.0302419475289051,0.0319784726897252,0.0256378105491546,0.0268875133885404,0.0271747555187691,0.0282313783572321,0.0535405534405188,0.0614084905491179,0.0568711233930264,0.0622941367488711,0.0641355018423902,0.0539336553350982,0.0608749659171227,0.056895353478569,0.0492961523571439,0.0520196825850071,0.0441878675374388,0.0467742175545011,0.0519984883676986,0.0508044806306075,0.0460983602073699,0.0421616183897183,0.0400078859357016,0.0338109977592467,residential,6,summer,1,7,41.30299413,289.12095891,0
2,2021-06-07,0.0340030534096418,0.0305835655558706,0.0270826665937614,0.027332614492515,0.0242390086390268,0.0197875240232302,0.0422546295961994,0.0514733298723258,0.0483191774378788,0.0543096680718287,0.0446572879613162,0.0387719329925812,0.0491399665367879,0.0486826671272645,0.0420212413618939,0.0499943151763875,0.0457471942791099,0.045150634798659,0.0495158932222535,0.0486152220808528,0.0428569980200939,0.0338878965936912,0.0300018127540224,0.0231939379899774,residential,6,summer,0,7,41.30299413,289.12095891,0
2,2021-06-08,0.0230723739784923,0.0256488101504974,0.0246808682643567,0.026133676796934,0.0266818616277255,0.028468490484396,0.0428824073490434,0.0455450777469716,0.0446551131128942,0.0404870698878269,0.0293392453138737,0.0271179886753953,0.0302547573837571,0.0362374922060839,0.0362620875446435,0.0297843780463723,0.0299443680576309,0.0268054930055497,0.03458262264772,0.0335299500283055,0.029827999366399,0.0294675213776465,0.027140078802888,0.0210207423136293,residential,6,summer,0,7,41.30299413,289.12095891,0
2,2021-06-09,0.0210614849421416,0.0175277733932804,0.0146130124228657,0.0228537923133206,0.0203280565428115,0.024129164804119,0.0368971278431632,0.0444864827124844,0.0436416157036679,0.0476473154038353,0.0475658209343925,0.0473248549067187,0.0456638453812387,0.0445453985593336,0.0377946850909719,0.0304951980006647,0.0281450720373598,0.0265626191707283,0.032061216504304,0.0340614815030936,0.0288414043887533,0.0326966441725267,0.0343101567437604,0.0211760530330622,residential,6,summer,0,7,41.30299413,289.12095891,0
2,2021-06-10,0.0258969683290491,0.0252320815299641,0.0175847933072897,0.0137879063522462,0.0110746700912859,0.0111240942544304,0.0261300346202221,0.0316276707462011,0.0268064553203676,0.0286285134116601,0.0284673263456446,0.0227782049893183,0.0296820985718877,0.0281056808455802,0.0197449985233182,0.0233617309339885,0.0253608852248382,0.0257448208569947,0.0324068818859722,0.0319538442517671,0.0278140096102843,0.0278715458754037,0.0256554033739236,0.0190979505058596,residential,6,summer,0,7,41.30299413,289.12095891,0
2,2021-06-11,0.016300387095981,0.0122471408317434,0.0108799725756829,0.0140637011616779,0.0146545357030756,0.0151639873695705,0.0404403371283371,0.0466151455118771,0.0480531311432974,0.0495810069476313,0.0470217749992029,0.0481048227934379,0.0453338952862469,0.0517538074470173,0.0521978978827686,0.0486240237445895,0.0447178459306547,0.0447313295712476,0.0441878289474774,0.0436166892372461,0.0378629991279057,0.0392731495424016,0.0370132395939959,0.0283353082969555,residential,6,summer,0,7,41.30299413,289.12095891,0
2,2021-06-12,0.0210436340958515,0.0192390565730793,0.0180881980906017,0.0178969064178103,0.0182130427351436,0.0204913280416296,0.0416719754337763,0.0505912263002031,0.0512624283606919,0.0517996138822777,0.0511941314338739,0.0417905202489607,0.0414031383199139,0.0497175536544796,0.0421745906813184,0.0409690613337644,0.0408714404771138,0.0420082239952087,0.0446040701688173,0.0388939699875436,0.0323128788481056,0.0293166745046538,0.0267558994504199,0.0197109657602409,residential,6,summer,1,7,41.30299413,289.12095891,0
2,2021-06-13,0.0201410778603265,0.0222838533529979,0.0191943414888271,0.0213610708136669,0.0218064542022797,0.0228697079972132,0.042305574883467,0.0487725349894707,0.0514417769920127,0.0563525983917895,0.0543878973166893,0.0494615251278324,0.0403275531830437,0.0437730657291204,0.0454035656346003,0.0414890669877929,0.0420965872538307,0.0463917920709022,0.0454425857829229,0.0344006828643589,0.0299276600073707,0.0288403227496256,0.0264377029081499,0.0199180494053679,residential,6,summer,1,7,41.30299413,289.12095891,0
2,2021-06-14,0.0198403304204895,0.0187383386436664,0.0141108598223545,0.0138177610508197,0.0139265559076123,0.0138828012947086,0.0270271770677147,0.0341355279466517,0.0345473341505791,0.0372641082616477,0.0372423865084079,0.0289761001431593,0.0275974129580138,0.0252475504363624,0.0250348889630947,0.0283716745398569,0.0254403642296925,0.0289004325592497,0.0278676919651746,0.0239961877779368,0.0238692770423161,0.0219720983320172,0.0197380175566708,0.0149921034700059,residential,6,summer,0,7,41.30299413,289.12095891,0
2,2021-06-15,0.0131118290965464,0.0117951435069871,0.0084350527309671,0.007929254181924,0.0084019218197083,0.0115443276252788,0.029218472621548,0.0351504977012509,0.0391429565037776,0.0440150175897511,0.0448936128772813,0.0404688035961821,0.0437581145883356,0.0444703996703566,0.0419974751022095,0.041804373897446,0.0391556318068721,0.0421872150397543,0.0393133531220541,0.0349852467944427,0.0329164155623407,0.0306204057909595,0.0284483918854077,0.0230460615805643,residential,6,summer,0,7,41.30299413,289.12095891,0
2,2021-06-16,0.0188079620037384,0.017618142210228,0.0147630584125163,0.0135874329206474,0.013546972424528,0.0174075296612601,0.0440321029728204,0.0513238175328018,0.0526182710393745,0.0499118525960979,0.0505635146979739,0.0492164677489576,0.0476441616130363,0.0487633536105972,0.0542552997186608,0.0411234842591523,0.0415849221583704,0.0452876249545061,0.0414824584930236,0.0405082394544848,0.0378612827315217,0.035976896232589,0.0336591001557014,0.0275137731650565,residential,6,summer,0,7,41.30299413,289.12095891,0
2,2021-06-17,0.0206252742935381,0.0221983838608106,0.0192992689964432,0.0176900151169551,0.0179790715279204,0.021101359301041,0.0388091349748627,0.0501167354158009,0.0551269145598646,0.0605913572988055,0.0540802141731353,0.0560431639570565,0.045095805880845,0.0422303711168755,0.0379085325954451,0.0366769513227337,0.0382067688923707,0.0421440246603096,0.0415163574938723,0.0401794599037655,0.0374336428688663,0.0354574444261283,0.0331827331757962,0.0235388222842131,residential,6,summer,0,7,41.30299413,289.12095891,0
2,2021-06-18,0.0202996438629506,0.01885209316412,0.015303514512379,0.0173512965703174,0.0174905051295143,0.0183033222954524,0.0369950609145021,0.0445159158181466,0.0508183189507449,0.0558051864769205,0.0585720694927369,0.058014624632748,0.0525333452206808,0.0538193902631812,0.056417489274653,0.043168970633586,0.0510912900709884,0.0489793404399098,0.0459475344264852,0.0445745709899353,0.0407703484998913,0.0365442428483355,0.0343595372305781,0.0268529499108745,residential,6,summer,0,7,41.30299413,289.12095891,0
2,2021-06-19,0.0244756108051062,0.0231059972857327,0.0188466376097089,0.0184331948938809,0.0184945531727159,0.0203572006488327,0.0470497201185972,0.0540890667034901,0.0594081184408221,0.0664375091090625,0.067325556176035,0.0606146846231482,0.0544333113261455,0.057945808489895,0.0501780963777489,0.051422603454841,0.0519671312216112,0.0579346534851237,0.0475766266170946,0.0460682503563794,0.0440343537166857,0.0379589109602093,0.0356611417685422,0.0315139699576939,residential,6,summer,1,7,41.30299413,289.12095891,0
2,2021-06-20,0.0293068700309678,0.0242687484644363,0.0213178418790956,0.0224717862146691,0.0193634735993923,0.0222275445689921,0.0425232798015888,0.0541739703964649,0.0612073882163481,0.0625189559577441,0.0595826307302322,0.0619460962334509,0.0581689948078174,0.0610346817219759,0.0499193657557831,0.0523165411906469,0.052858139874732,0.0586020613775369,0.0506405993525852,0.045997191767658,0.0442378854502966,0.038047842591497,0.0357877466159242,0.0320647603953879,residential,6,summer,1,7,41.30299413,289.12095891,0
2,2021-06-21,0.0259441757434659,0.0281915019612409,0.0223935668188376,0.0228873187230777,0.0230273083004484,0.0243994180786804,0.0495965077370768,0.0604331041185642,0.0612495211309215,0.058298988749832,0.0591231205427727,0.0643476496376936,0.0578919590245509,0.0604481620344692,0.061546233402816,0.0556500492200296,0.0558594889377743,0.0559556035339658,0.051412231728755,0.0501257174415123,0.0452574223228054,0.0420834346412972,0.0399301759335205,0.0328639725632647,residential,6,summer,0,7,41.30299413,289.12095891,0
2,2021-06-22,0.0299092288752478,0.0287457627926607,0.0237190889032326,0.0232894999142731,0.0236420945853907,0.0264046258966137,0.0505227452368782,0.063023950689034,0.0645891539610386,0.0625613445176741,0.0637898937193686,0.0655796416492356,0.0590739200707807,0.062028619291198,0.0585543956944621,0.0559362447428782,0.0572309737512253,0.0568088655502103,0.0517736682845487,0.0504348196724815,0.0464059715128002,0.0421625968544301,0.0400231796478267,0.03363018747482,residential,6,summer,0,7,41.30299413,289.12095891,0
2,2021-06-23,0.030324442318352,0.0289840830171198,0.02467404739895,0.0236003934388504,0.0272290763059007,0.0257266302602693,0.0521695524967731,0.0644336048009084,0.0663369157991205,0.0620314871513206,0.064186958044625,0.0663903430338518,0.0591430493102784,0.0620966649392283,0.0621753610932643,0.0558085961767489,0.0571319997822045,0.0563444755272122,0.0561258514804865,0.0514741068611707,0.0485386511823373,0.0462462408099826,0.0444389207861477,0.0361132615021288,residential,6,summer,0,7,41.30299413,289.12095891,0
2,2021-06-24,0.031380291237492,0.030276924510783,0.027686857909559,0.0277734889523011,0.0284127671622875,0.0313732514364857,0.0528141310555753,0.061209579635656,0.0655817613842441,0.0641648073613057,0.0650081058305016,0.0657058130190676,0.060768779007816,0.0650209010710434,0.058739048041465,0.0600615228471705,0.0573061881689359,0.0560439181094889,0.0564959929129231,0.051578273885046,0.048583094853409,0.0470308268923222,0.0442584110923228,0.0372771742788283,residential,6,summer,0,7,41.30299413,289.12095891,0
2,2021-06-25,0.0311188792319265,0.0337772433191609,0.0294518353640654,0.0282133503629987,0.0281558772634866,0.0314351722951538,0.0542578959790622,0.0594847428209794,0.0578222747883297,0.0660618843780082,0.0643714707824667,0.063846440859773,0.0592448698914049,0.0620240663442549,0.0609317490244424,0.0566656226843312,0.0573697685665341,0.0563946957209874,0.0557064737210789,0.0506400036470252,0.0481730208532637,0.0458336593248237,0.0436793628725978,0.0352883912036929,residential,6,summer,0,7,41.30299413,289.12095891,0
2,2021-06-26,0.030888955309786,0.0295075504749177,0.0272000461677772,0.0282208773279858,0.0277432736465111,0.0249271567840259,0.0546304519756844,0.0605810149524411,0.0657546861807505,0.0651498102468915,0.0627200871790243,0.0667794352478532,0.0591923219168554,0.0625689418563261,0.0495240691837845,0.0561046321129748,0.0572534233393573,0.0607026356967482,0.0556471118779245,0.0504510855578465,0.0468167132688052,0.0458355835508242,0.0436038334833001,0.0332421247483798,residential,6,summer,1,7,41.30299413,289.12095891,0
2,2021-06-27,0.0305369142405756,0.029497240987922,0.0254468376570463,0.0278919205561237,0.0282151574188908,0.0287965449807254,0.0511877704391084,0.0588895468867717,0.062483292291069,0.0593545789576769,0.0515804955719361,0.052526446564966,0.0557313010802528,0.0545640382932038,0.0510702801759895,0.0550994628836854,0.0512325307042453,0.0541814474737871,0.0539013986974293,0.0521182892260577,0.0418159319097719,0.0439600127945266,0.0385876420916745,0.0320128837937667,residential,6,summer,1,7,41.30299413,289.12095891,0
2,2021-06-28,0.0172441626226032,0.0183788395497211,0.0164656850858438,0.0196725577608639,0.0200074856582581,0.0169184736431876,0.0339994715579052,0.0364717463134547,0.0437568978551441,0.0438772703471867,0.0422721919813634,0.038345815765528,0.0391984717496321,0.0390705244491215,0.0285538006831348,0.0348030357605715,0.0391404766039797,0.034644041242852,0.0399941115681569,0.038689766814377,0.0330065957131292,0.0341493277499222,0.0318574320983303,0.0242138602357565,residential,6,summer,0,7,41.30299413,289.12095891,0
2,2021-06-29,0.0227947821971516,0.0185687863136681,0.0157029992273891,0.0172871960010124,0.0176823478645996,0.0160483549485808,0.030828540399509,0.0317254472913079,0.0333229260334786,0.0456164159309837,0.0497088543389985,0.0402658131527371,0.0332036251352468,0.038540579855521,0.0307280718483509,0.0339779064078743,0.0347679542315372,0.0368614836009474,0.0386755126360133,0.0375975976911098,0.0329342017317475,0.0299109974687037,0.0276346020220432,0.0220001927056612,residential,6,summer,0,7,41.30299413,289.12095891,0
2,2021-06-30,0.0182529959868621,0.0169939589017159,0.0135585507528864,0.0156432474605342,0.0160955166076866,0.0159606717288285,0.0359804726722577,0.0453778558315419,0.0447443206226216,0.0496668359774944,0.0497529063483933,0.0466717597353813,0.0298059418976043,0.0338928268198565,0.0311221726682868,0.0395564171777488,0.0393096068647336,0.0295868072450993,0.0347852739430728,0.0336524406541194,0.0308306650600856,0.0306671362335665,0.0299360160007325,0.0255392631582863,residential,6,summer,0,7,41.30299413,289.12095891,0
2,2021-07-01,0.0240114896161128,0.0228322808033752,0.0205428311816205,0.0216618581617037,0.0220557071071828,0.0260978280267838,0.0481363793595989,0.0555229099791212,0.0591953574540065,0.0603945538957722,0.0581323334833876,0.051318432442625,0.0544130961065134,0.0568546037899329,0.0505627080042095,0.053138517403044,0.0538845860442544,0.0518793372623965,0.0525495256357542,0.0479050813744029,0.0430913789319143,0.0438959472963732,0.0416617299863141,0.0313748110643342,residential,7,summer,0,7,41.30299413,289.12095891,0
2,2021-07-02,0.0286525985416074,0.0279183994344609,0.0247358275493114,0.0261514232274764,0.0263312195309865,0.0270909897968376,0.050043725568811,0.0568961226233429,0.0564158968871325,0.0641398664698902,0.0655344133043623,0.0516303445473237,0.0567924277192657,0.0596603708602582,0.0519676594944413,0.0542325008286654,0.0514443229397328,0.0481676345422842,0.0501225207275318,0.0489485002183115,0.043403141480307,0.0443393891641865,0.0422157005143929,0.032768041720982,residential,7,summer,0,7,41.30299413,289.12095891,0
2,2021-07-03,0.0290455972869592,0.0314836825937005,0.0250137516019792,0.0262368608085206,0.0266462030221017,0.0282815811304364,0.0481765190938765,0.0532453996047354,0.0532416091454707,0.0544775042278489,0.0614327818356373,0.04667249824114,0.0550253074154077,0.0577291539749455,0.0458873566292874,0.0491588755037307,0.0498147677759247,0.0457272744432446,0.0489812273309593,0.0481996887778456,0.0419324866561898,0.0439129516139796,0.0417702151640267,0.0314961474024375,residential,7,summer,1,7,41.30299413,289.12095891,0
2,2021-07-04,0.0288796972942042,0.0277933820471965,0.0242281717455656,0.0263604191846863,0.0266938410336171,0.024349653300871,0.0430286336590103,0.0466036329129101,0.0422586232870935,0.040305198364785,0.0397676300278836,0.0409214386680996,0.0373192645659196,0.0417882694439928,0.035346727381578,0.0425816865975511,0.0433081692501028,0.0356715212517477,0.0435221801299014,0.0430754433138908,0.0332539272149666,0.0288055252595377,0.0234825745262283,0.0152881935041013,residential,7,summer,1,7,41.30299413,289.12095891,0
2,2021-07-05,0.0134456443660255,0.0095399964817914,0.0071087156885811,0.0102863563475206,0.0103244377789619,0.0112291198030716,0.0330840362972878,0.0414372629650175,0.0367797081806904,0.0448557126624266,0.0498921019664721,0.040296350172868,0.0490788839667078,0.044845988515224,0.0374692301417735,0.0234087990960196,0.0260124609222557,0.0269894621242819,0.0328385362762383,0.0287633804812039,0.0255759788629076,0.0298157228245508,0.024381536896728,0.0162855231491369,residential,7,summer,0,7,41.30299413,289.12095891,0
2,2021-07-06,0.014971530489885,0.0109214123282257,0.0096770813063164,0.0123247741060142,0.0126001749507789,0.0111314497280186,0.0350924090723174,0.044912974738407,0.0433894684518478,0.0497435795159766,0.0509551843891907,0.0489950551769765,0.048166767875534,0.0537583340196271,0.0537310524367605,0.0489375412027132,0.0464799698343064,0.0469808838802743,0.0464870189188034,0.0458572073884991,0.0389431803098982,0.038392517402289,0.0358591549415668,0.0279526347769886,residential,7,summer,0,7,41.30299413,289.12095891,0
2,2021-07-07,0.0269083323895129,0.022443074026684,0.0196218722233186,0.021299350082458,0.0216391337094619,0.0222071171720041,0.0456505661093184,0.0554229405453192,0.0558314656091124,0.0625240812771067,0.062787568982704,0.0573301649026366,0.0561162995629993,0.0583907152879467,0.0555863088073911,0.0534118109523488,0.0546433420960998,0.0532583185010891,0.05255683810532,0.0481955717410598,0.042385224828137,0.0440761604448603,0.038631446415514,0.0304880385811728,residential,7,summer,0,7,41.30299413,289.12095891,0
2,2021-07-08,0.0293497970241354,0.0279306795156254,0.0209092225101266,0.0229967568706405,0.0233541535828758,0.0228109877011893,0.0511381840625899,0.0608602869142386,0.0618221516163015,0.0655259575868445,0.062504421519198,0.0571388309233664,0.0578622848538722,0.0595926467597201,0.0561615222706234,0.0578593379239801,0.053880463833704,0.0511519435173223,0.0520882112015116,0.0478093349719165,0.0423323630594351,0.040976902821631,0.0389612633740938,0.0304363419402431,residential,7,summer,0,7,41.30299413,289.12095891,0
2,2021-07-09,0.0293663572365236,0.0280018906356286,0.0219846790402211,0.023365130131688,0.0234055160835648,0.0243215947583241,0.0503457234650323,0.0612279447711293,0.0615367900859596,0.0629285241849173,0.0636174585562329,0.0594447633834165,0.05855454385112,0.0639132954852536,0.0581156481484375,0.0629079246372381,0.0592606300058133,0.0557345826850948,0.0543581057748855,0.0496928386675651,0.0450099045742256,0.0463700143513266,0.0405324329029685,0.0334144547003231,residential,7,summer,0,7,41.30299413,289.12095891,0
2,2021-07-10,0.0304431702159422,0.0290455937280892,0.024797421615316,0.0271010039439386,0.0238632456028607,0.0256144528005478,0.0509814013279246,0.0574195351689958,0.0633009787501604,0.0639978654584877,0.0639679408851932,0.0639415280859525,0.0633314458826406,0.0651827608862964,0.0613124033502989,0.0644383439148118,0.0645888207438824,0.0657528407295208,0.0652789942623444,0.0560919117881751,0.0510388110049635,0.0463826671849163,0.0480201674880437,0.0408904115743499,residential,7,summer,1,7,41.30299413,289.12095891,0
2,2021-07-11,0.0429046001432934,0.0376324628196137,0.0285618735654492,0.0270426668489996,0.0268806771156159,0.0311477334049487,0.0511375509608117,0.0611260040090944,0.0607468492219491,0.0638067690865131,0.0613263918206959,0.0523784922298889,0.058268083352477,0.0594799181883291,0.0522728879003337,0.0620575820414253,0.0575967968782247,0.0381195551492976,0.0469832850543191,0.0461707456768782,0.0400250511017426,0.0414343320712383,0.0389259573806692,0.030975908032587,residential,7,summer,1,7,41.30299413,289.12095891,0
2,2021-07-12,0.0258063023583117,0.0242654012654909,0.0224964084309077,0.0259242704886709,0.0259736454575656,0.0257689589830334,0.0503256687043127,0.0567076808457627,0.0577860688188612,0.0668385918941089,0.067668617617451,0.0601109397086563,0.0524222741915523,0.0682515016578239,0.0563997940189783,0.0651074327252303,0.0621836830485355,0.0539696090884821,0.0562120356196315,0.0491447048363952,0.0448347207428853,0.0450396265262984,0.0422185012541195,0.0309775919674141,residential,7,summer,0,7,41.30299413,289.12095891,0
2,2021-07-13,0.0292619109534006,0.0281667435112821,0.0234964442194634,0.0231531410154246,0.0237323738883083,0.0252513144860832,0.0510857103095044,0.0611058795602703,0.065547309958961,0.0637662591903378,0.0645931048257934,0.0640214025885214,0.0616901882418878,0.0629133399893808,0.0613464906327258,0.0673579160895787,0.0623259091102262,0.0568612551653726,0.0569982229889475,0.0532735565252909,0.0462471106486708,0.0460832319929887,0.0438462788441329,0.0345562302948038,residential,7,summer,0,7,41.30299413,289.12095891,0
2,2021-07-14,0.0310378661287627,0.0299542226542602,0.0261238768871974,0.024382221305041,0.0244639628637765,0.0269686895510315,0.0485757278715272,0.054360063634168,0.05886288093292,0.0641985533789322,0.0598330347856674,0.0576313667940586,0.057817357688237,0.0578802834966978,0.0510461662580642,0.0545442325187503,0.0513766659525871,0.0502829487116043,0.0504513297293672,0.0492390636083468,0.0445979666797073,0.0448311013060721,0.0426182139113721,0.0329383341282087,residential,7,summer,0,7,41.30299413,289.12095891,0
2,2021-07-15,0.0326111005925692,0.027539922958515,0.0239436517863416,0.0261186431159976,0.0264039480372064,0.0259038211803833,0.0468689818499468,0.0534011016806604,0.0513051316699702,0.045191525288009,0.0506001715602381,0.0480205905655724,0.0612849271017552,0.0616013655026858,0.0518917980969382,0.056809088134333,0.0611007722673065,0.0520176200581249,0.0583706057709039,0.0538350324180569,0.0415872978038074,0.0473209062401413,0.0417647906833254,0.0319817826263693,residential,7,summer,0,7,41.30299413,289.12095891,0
2,2021-07-16,0.032513892010035,0.0282038275360152,0.0238052378382539,0.026621873444166,0.0265762322818537,0.0259568060814386,0.0533065196566577,0.0553359921970657,0.058641740356357,0.0688067111466003,0.06566312381518,0.0586368934345025,0.0646891137188708,0.0660299682732648,0.0548255404785293,0.0576231021056346,0.0614578576261315,0.0510098283136548,0.0567737329915516,0.0524524814074437,0.0430381260601297,0.0448438923150426,0.0422788842573381,0.0326488835364052,residential,7,summer,0,7,41.30299413,289.12095891,0
2,2021-07-17,0.0294785621534315,0.0281972934533543,0.0234824109196147,0.0232627875107787,0.0236212680124563,0.0257681245612842,0.0507892735909749,0.0614775899099151,0.0620006003031559,0.0706046655886844,0.0681589872319027,0.0638416395312695,0.0616906287589666,0.0640612468060337,0.0581593091689914,0.0594866826362352,0.0581293892372688,0.0551027762698572,0.0599788468395718,0.0518081130170937,0.0483696394907838,0.0476764125315726,0.0426020723947035,0.0364711343121934,residential,7,summer,1,7,41.30299413,289.12095891,0
2,2021-07-18,0.0334265379568821,0.0331077393093093,0.0290333360112186,0.0316753078177475,0.0314239993443192,0.0298565717672331,0.054260083840008,0.0650380705932818,0.0646053639482346,0.0709912234992183,0.0717154824039306,0.0680713382710336,0.0692336347735964,0.0780020059263868,0.0671008220190871,0.0713989106612292,0.0674546506041089,0.0474987349299273,0.0466954314237377,0.0403765504962051,0.0380516031133057,0.0392893468276138,0.0399922219144732,0.0276998393197411,residential,7,summer,1,7,41.30299413,289.12095891,0
2,2021-07-19,0.0267452280835626,0.0223373880076694,0.0147266069901205,0.0145624058234302,0.014743066844558,0.0192990739885558,0.0356821624886777,0.0349403571666378,0.0373365074854095,0.0368640374664521,0.0374418316385074,0.0308346583625286,0.0297570050552164,0.0351896490207419,0.0309192348055775,0.0422705009090078,0.046978941678941,0.0403764488458638,0.0445799909912995,0.0399228358648617,0.0307787390085473,0.0328327860857083,0.0277491085679301,0.0210286429732321,residential,7,summer,0,7,41.30299413,289.12095891,0
2,2021-07-20,0.0218038900851111,0.020576950358999,0.0125422660541111,0.0134714196425014,0.0171447112779494,0.0193985339502426,0.0398084692975555,0.048619229427208,0.0541580014635069,0.0568149669704499,0.0542219293315351,0.0520676498719004,0.0540175692252329,0.0580200175638657,0.0502025782470842,0.0567097960425427,0.0533487241872292,0.0482648153239499,0.0555225982504952,0.0467245749859024,0.0402799119136087,0.0394197791991989,0.0405272186394762,0.0295700232370838,residential,7,summer,0,7,41.30299413,289.12095891,0
2,2021-07-21,0.0274972640681746,0.0260164783128858,0.0211386817928633,0.0216279352930678,0.0221645389801186,0.0232572468109679,0.0442334506725072,0.0575971589881754,0.0623225865875402,0.0654040071648917,0.0587572306605971,0.0569066986325461,0.0577063759069033,0.0597981973785583,0.0547772615902734,0.0548314906361922,0.0554974533931844,0.0564390907570467,0.0534230161329138,0.048794988033416,0.0440004548164069,0.041012015009369,0.0382657254570398,0.0304831378565082,residential,7,summer,0,7,41.30299413,289.12095891,0
2,2021-07-22,0.0285823005552539,0.0272910563903834,0.0219510830643725,0.0228142293209165,0.0229917327233961,0.023310888661709,0.0493795011437194,0.0597211151746448,0.0592211488983824,0.0614688908649511,0.0590009523790762,0.0571509875785663,0.0579551796974095,0.0595148858181002,0.0535699677047571,0.0544072746749909,0.05548416119599,0.0563651259901511,0.0533200156538288,0.0488117766668422,0.0418352322028175,0.0412311737230517,0.0386903171322982,0.0297866441497121,residential,7,summer,0,7,41.30299413,289.12095891,0
2,2021-07-23,0.0288406633167378,0.0243951224852668,0.0214817468804672,0.0226331059930204,0.0230441568776449,0.0230512632578878,0.0470328816843401,0.0575139438424741,0.056543195106023,0.0596626944605325,0.0549287114567487,0.0525262415822167,0.0538966237949439,0.0562774513975531,0.0542699950348124,0.0540090814544872,0.0498951541711395,0.0530151209936565,0.0535510455147966,0.0492307248261173,0.0413088788165074,0.0410175319273052,0.0389870598911748,0.0310131438197839,residential,7,summer,0,7,41.30299413,289.12095891,0
2,2021-07-24,0.0298544351000821,0.0284251106494011,0.0237339769155686,0.026832750907923,0.0203465243741116,0.0267866218695823,0.0498365963461373,0.0531782837377677,0.0612700303654544,0.059924307368018,0.0537423998363307,0.0525683636929395,0.0582324497374285,0.0599355055628105,0.0461777476267701,0.0473363604608077,0.052203066006916,0.0494990234654346,0.0507134406850044,0.0491923216344657,0.0435529668658285,0.0417864369940126,0.0392895943427118,0.0320453360378988,residential,7,summer,1,7,41.30299413,289.12095891,0
2,2021-07-25,0.0297709918364528,0.0283277081104459,0.0243893864678734,0.0268840911229175,0.0272625775984074,0.0265521360470882,0.050837343913629,0.0574762410003804,0.0554706588350004,0.0598625278301966,0.0617897678024501,0.0545637929456907,0.059394218628469,0.0567869580969716,0.0550511803791408,0.037400046712514,0.0410302349196818,0.0488871097910009,0.0506970123247742,0.0497911601172954,0.0441610564124252,0.0414808004438639,0.0391453892781597,0.0326798728413983,residential,7,summer,1,7,41.30299413,289.12095891,0
2,2021-07-26,0.0296159238731465,0.0283226340035769,0.0261137800069523,0.026725675480443,0.0236945581541371,0.0278286009582615,0.0460088193260353,0.0550798850467032,0.0565783794922039,0.0651256435003566,0.0622842365247221,0.0554252700930052,0.058450356929791,0.0593697957739591,0.0607103941947947,0.0552326433479744,0.05156857017616,0.0494123026661892,0.0537759607631209,0.0487674615916615,0.0431208969860222,0.0448556440728511,0.0424246072946631,0.0327281889342119,residential,7,summer,0,7,41.30299413,289.12095891,0
2,2021-07-27,0.0336323085823639,0.0325320480797953,0.0248223285347142,0.0270115339688874,0.0278340360046252,0.0287774333490077,0.0455703180798947,0.052103639890959,0.0530619208883919,0.0566158360598025,0.0582118456918682,0.0539235955733184,0.0551521389054243,0.0562327584751243,0.0514879970022181,0.0522730731595618,0.0523297046303883,0.0514876866640605,0.0501288889720615,0.048926601296464,0.0423682419054271,0.0446386257275721,0.0387066154271355,0.0309259541943391,residential,7,summer,0,7,41.30299413,289.12095891,0
2,2021-07-28,0.0290097277571298,0.0281010566031052,0.0240183726611162,0.0263253566629797,0.026495312324946,0.0220006048976708,0.0433108836782892,0.0466208920405534,0.0435190909187679,0.0540213028581469,0.0475498048550696,0.0505387788520547,0.0534200630659453,0.0534022957433026,0.0480218497456891,0.0513632191373719,0.0559964051656265,0.0529824551721257,0.0528927040689131,0.0481341180449073,0.0433951211373856,0.0407054470444181,0.0422412572716896,0.0326809456372708,residential,7,summer,0,7,41.30299413,289.12095891,0
2,2021-07-29,0.0285063839670062,0.0272064922725769,0.0241355352733746,0.0261255245094581,0.0264656654946013,0.0259305205185515,0.0447581790848296,0.0540212808816839,0.0556337575292303,0.0624246929489575,0.0639337631146184,0.0586185557440512,0.0578051706163238,0.0523372134198541,0.0511422145917377,0.0519137037253117,0.0549003884183145,0.0531266480131857,0.0559879157762032,0.0475777936750818,0.0434258863544069,0.0442506539221623,0.0420733918343976,0.0314636975206418,residential,7,summer,0,7,41.30299413,289.12095891,0
2,2021-07-30,0.0293246653408477,0.0278587361960013,0.0243849909946575,0.0261974851678184,0.0233533095563352,0.02663402677396,0.0476508195774142,0.0542052260804789,0.0541612627724722,0.0594537351922191,0.0461614825468726,0.0570338193402689,0.0586563310566193,0.0596806402843452,0.0471755559899843,0.057743295889797,0.0501652421341062,0.0445302859556621,0.0527204848569526,0.0518887592439373,0.0404504930138164,0.0374524220486155,0.0386983439451277,0.0310510413622126,residential,7,summer,0,7,41.30299413,289.12095891,0
2,2021-07-31,0.0289883448183497,0.0269152875249101,0.0216632960508904,0.0227641949215045,0.0234202480198641,0.0246585440006108,0.0476853930031129,0.0521805780162133,0.0518659250579389,0.0611327496683868,0.0636108313318621,0.058128315875893,0.0618736409751746,0.0590962364385113,0.0547032390713439,0.0571256324515134,0.057059312110956,0.0511250031304884,0.0508109248195224,0.0469760257674306,0.0438256905271267,0.0431335408560112,0.0417113432653795,0.0370493846740785,residential,7,summer,1,7,41.30299413,289.12095891,0
2,2021-08-01,0.034624208023782,0.033591070223223,0.030746187258179,0.0307187148216111,0.0306640889536954,0.0335604971597786,0.0566347052563804,0.0616874318869514,0.062958861679253,0.0669152853512121,0.0681095884289512,0.0666678697984825,0.0640472147816643,0.064621412198261,0.0674938805665846,0.0623236054545957,0.063221879798838,0.063838816725975,0.0662121410466944,0.0546060311459712,0.0407688757921423,0.0322443179069537,0.030080745799825,0.0242645691935582,residential,8,summer,1,7,41.30299413,289.12095891,0
2,2021-08-02,0.024329802136006,0.0260976270467833,0.0181337610074229,0.0240947541501763,0.0238548800909365,0.0216444888392571,0.0416123379727989,0.0494016226830861,0.0532522861651599,0.0597020186407915,0.0568360637435058,0.0592112654208583,0.0579078494834211,0.0595266733005011,0.0609526162994826,0.0612504487598867,0.061294532091182,0.0626892759332982,0.0590550730255013,0.0549234774471464,0.0506804499107154,0.051206863277479,0.0312210241386966,0.0282531809865883,residential,8,summer,0,7,41.30299413,289.12095891,0
2,2021-08-03,0.0233695356455551,0.0191366391820159,0.0167552940563896,0.0204771026803155,0.0238854763172572,0.0213237609299546,0.0466395169840465,0.0524961636694331,0.0535831414371619,0.0576300981769828,0.0590663176132685,0.0620053831297162,0.0581745273806206,0.0594179099895779,0.0528348294535712,0.0563305971168004,0.0562478112102041,0.0554864784682792,0.0547216312827472,0.053653145609939,0.0470287473016698,0.0455774936882286,0.0442330361774201,0.0360140929785869,residential,8,summer,0,7,41.30299413,289.12095891,0
2,2021-08-04,0.031550105174878,0.0327404189070235,0.026313056558909,0.0244311051852037,0.0248922568548269,0.0259578472968102,0.0453472380707993,0.0546776116081642,0.0565819269846059,0.060596076084287,0.0576198011192955,0.0623159296686613,0.0603594583684063,0.0582290887075184,0.0567618739203963,0.0521611998661651,0.0513161571085514,0.0520612208020168,0.053686244080303,0.05299734391645,0.047437989688551,0.0489025846828275,0.0429088553614427,0.0351194548941006,residential,8,summer,0,7,41.30299413,289.12095891,0
2,2021-08-05,0.0336327089712359,0.0320491911493047,0.0261537843274125,0.0273125987671721,0.0278834122354623,0.0279818059763032,0.0491885905148755,0.0610322778765322,0.061378009344041,0.0667185835301592,0.0661542259029854,0.0615489775127217,0.0605893710406187,0.057122885175916,0.0483131444976001,0.0557602275432927,0.0563791589903695,0.0580272823972837,0.0547319352148377,0.054166613315958,0.0467285483991331,0.0457686021253795,0.043581682482256,0.0347993377714959,residential,8,summer,0,7,41.30299413,289.12095891,0
2,2021-08-06,0.0336958050144627,0.0326549982830297,0.027897681880017,0.0312212993183738,0.0247393451274582,0.0237150317801081,0.047149824606804,0.0537915793218913,0.0550055181168179,0.0662219399060083,0.0551711255006845,0.0459513951797876,0.0449992904086821,0.042646751007456,0.0458177329608664,0.0490267227554754,0.0489642866637886,0.0481000944409255,0.0493581992277249,0.048367483516062,0.0420209299766915,0.0444224942747849,0.042728176576918,0.0328891929227871,residential,8,summer,0,7,41.30299413,289.12095891,0
2,2021-08-07,0.03373300005451,0.0286929958606566,0.0238970813434253,0.0274207246671665,0.0273148066026527,0.0269198706413242,0.0453604342876289,0.0496743214219289,0.0426657750640987,0.0512508276849405,0.0511333268092529,0.0506866830035356,0.0513557539573533,0.0536306410270372,0.0432158167848946,0.0464449755852708,0.0459809426138661,0.0442631584653989,0.0495214578928102,0.0483330703434795,0.0409925017132641,0.0442646753200762,0.0417502209229397,0.0311234330335309,residential,8,summer,1,7,41.30299413,289.12095891,0
2,2021-08-08,0.0324259589905437,0.0312086134321815,0.0230343263341054,0.0261999262123582,0.0267710865556133,0.0259853666729566,0.0512057149764048,0.0582148325538559,0.0593136605786237,0.0644281543144985,0.060672599811963,0.0604504396008588,0.0590798077824922,0.0566849101366761,0.0559025648074656,0.0511052071479978,0.0516030667058053,0.0512601179153754,0.0549536160370095,0.0503200448769196,0.0455790750143561,0.0453070444831092,0.0427787428702975,0.0336860825776724,residential,8,summer,1,7,41.30299413,289.12095891,0
2,2021-08-09,0.0329511061096276,0.0318587777966405,0.0270821327677074,0.0273944726477374,0.0312899777495687,0.029913263875627,0.0496938595901015,0.0604732974133975,0.0622540634043081,0.0623667962759447,0.0591268089307567,0.060823759403821,0.0555178813237951,0.0576622607560948,0.0558193700073656,0.0434369327219939,0.0444393060186608,0.0488973764784583,0.0511149009553267,0.0503806260940604,0.0478960354848006,0.0444981977059291,0.0428188821623925,0.0359156548744942,residential,8,summer,0,7,41.30299413,289.12095891,0
2,2021-08-10,0.030004294394984,0.0289492158116871,0.027461392477253,0.027760282317258,0.0277843830403259,0.030347246493252,0.0490817304689938,0.0546843875937864,0.0566351780351393,0.0621887760121831,0.0593418066307046,0.0546776370959187,0.0552158730769604,0.0573177901291372,0.056003518212167,0.0521052530944944,0.0523972525137934,0.05352664209441,0.054689567071915,0.0505816286356803,0.0468683366254259,0.0457329560011911,0.0435694110283689,0.0357769833448928,residential,8,summer,0,7,41.30299413,289.12095891,0
2,2021-08-11,0.0339934951822426,0.0333645922722634,0.0287784291645845,0.0315826292721615,0.0312289488425441,0.0297082268610543,0.050974794255728,0.0613920601590275,0.061377491633981,0.0608892223393144,0.0628862547378509,0.0688423915295592,0.0624295010867054,0.0548979932554778,0.0558642915228411,0.0555267411844193,0.0529793670394943,0.0518912630510222,0.0553459605958283,0.0506817699056362,0.046826482455757,0.046189119553618,0.0441043762454212,0.0368657283154086,residential,8,summer,0,7,41.30299413,289.12095891,0
2,2021-08-12,0.0310984956930053,0.0340802121332693,0.0283565909098101,0.0285311600842993,0.029176150475304,0.0324765710726818,0.0547847802136133,0.0589192742732458,0.0552001981029716,0.0563534106026352,0.0584526060398717,0.056359083723615,0.0572658429832134,0.0517339218392362,0.0466606177210802,0.0364131486536175,0.0396841355904653,0.0420621880274944,0.0453302919651919,0.0446338490988772,0.0382037077902766,0.0373101019290241,0.0384811251231641,0.0265331775084115,residential,8,summer,0,7,41.30299413,289.12095891,0
2,2021-08-13,0.0293724856671647,0.0285019232159632,0.0253370109582069,0.0203411784883956,0.0137818381514069,0.0190563594814023,0.031980843228787,0.0378824120615735,0.0375953280396935,0.0401302615001278,0.0338564445710774,0.0318233312316684,0.031234701064869,0.029466426547938,0.0239231007324356,0.0249259719871503,0.0297644067996423,0.0286732959866807,0.0344938344630709,0.0334385161384252,0.0280969335817176,0.0293453615726291,0.026998895652655,0.0200716648749944,residential,8,summer,0,7,41.30299413,289.12095891,0
2,2021-08-14,0.0177677074262042,0.0198889153372504,0.0129558568635023,0.0190727639378177,0.0198635618037824,0.0192944870513495,0.0372193090714568,0.045719787115993,0.047411890739641,0.0529078831067331,0.0529300504580024,0.0520283161643079,0.0484266715399772,0.0416413198734522,0.0414953211937285,0.0437796716824892,0.0411920068899251,0.0402053118636584,0.0476474374758218,0.0465640942116082,0.0382174231945592,0.0388749173254365,0.0371042371240104,0.0289188835656897,residential,8,summer,1,7,41.30299413,289.12095891,0
2,2021-08-15,0.027746194036243,0.0262919775111269,0.0203529439709512,0.0249429290583929,0.0254295067111808,0.0215095978047887,0.0408643504360855,0.0520106016960084,0.0591901673698251,0.0582871489285119,0.0570039980078065,0.0576077576754225,0.0551794305052288,0.0534035481382207,0.0559260455618187,0.0504339559965204,0.0509696146323836,0.0534761327761973,0.0500663146637389,0.0495393001033242,0.044731442105535,0.0447185898418124,0.0425416719870262,0.0328908754349239,residential,8,summer,1,7,41.30299413,289.12095891,0
2,2021-08-16,0.025786552208879,0.0237557121312716,0.0241667029833566,0.0227992928250546,0.023304154991023,0.0267258509833083,0.0488573169385106,0.0588516192901046,0.0576319005809361,0.0605972244871939,0.0592511725419317,0.0612945307518119,0.0583026916021197,0.0585934968629875,0.058359783237768,0.0559820707824393,0.0519530465368553,0.0498987858185815,0.0540352102078996,0.0536143739660968,0.0449059616889811,0.0453417737621072,0.0424350264900921,0.0314955725646865,residential,8,summer,0,7,41.30299413,289.12095891,0
2,2021-08-17,0.0293489444314802,0.0279331222386342,0.0230161465935905,0.0264341409269291,0.0263341641140267,0.0243873227627002,0.0468640768328125,0.0577061300521734,0.0579670449358116,0.0605809862152022,0.0571051603852068,0.0564776839587832,0.0573511707948129,0.0543584664989563,0.0572735192235247,0.0562896040495379,0.0563929679401655,0.056476111117018,0.0548742300058932,0.0504218143246651,0.0468499675631354,0.0456936223997864,0.0431713035185985,0.0330173106700755,residential,8,summer,0,7,41.30299413,289.12095891,0
2,2021-08-18,0.0336466022931792,0.0288597690137444,0.024791220600501,0.0274142107514055,0.0274108156751508,0.0269057960341283,0.0513297456180196,0.0579783355834244,0.0578108308048253,0.0612373049187978,0.0586763440519593,0.0586331397632768,0.0577645823206686,0.0554484602337885,0.058286877461109,0.0527739166583442,0.0565439152027408,0.0565336954582122,0.0540688398882753,0.0497612467379991,0.0463858224417297,0.0461944931915955,0.0442242936578327,0.036411273791284,residential,8,summer,0,7,41.30299413,289.12095891,0
2,2021-08-19,0.0341401650830936,0.0327107562705959,0.0277128003445139,0.0319095282155465,0.0319710081613341,0.0308843220558471,0.0474060571616801,0.0504490665006844,0.0463417021679989,0.057992855472356,0.0572970591895042,0.0512198993077293,0.0584857638020931,0.0513223026406027,0.0493085984805654,0.0374886970614153,0.0366891299344863,0.0366844352373349,0.0385011908222395,0.0375276934475896,0.0322587399370069,0.0330859588745112,0.0306618733109238,0.020122074921706,residential,8,summer,0,7,41.30299413,289.12095891,0
2,2021-08-20,0.0176245596545803,0.0161799652833167,0.0137754864368503,0.0148725889944678,0.0180599619012053,0.0177705642877218,0.0300770970934563,0.0298216725916819,0.0270989045307965,0.0315754643342657,0.0299229918968837,0.0280604139847175,0.0294192276078801,0.0250940260466076,0.0251684969801686,0.0286181549390206,0.025763099307242,0.0251393946643982,0.0274767958046782,0.0292872196227206,0.0246045309988363,0.0249635036415159,0.0226503950488623,0.0150411870826172,residential,8,summer,0,7,41.30299413,289.12095891,0
2,2021-08-21,0.0132935963257604,0.0120182962670402,0.0081007126740747,0.0108172896193451,0.0112280775423686,0.0119775684109102,0.0300833442386031,0.0421484720214706,0.0390184596759367,0.0473736484294665,0.0463014619656438,0.0507334185071102,0.0464974957868101,0.0486859236084688,0.0485195585858447,0.0423129005512315,0.0433507020696425,0.0446827138518486,0.0428100204602166,0.0418557425369483,0.0362401341148857,0.0348353126603493,0.0327968412675966,0.0278789784871862,residential,8,summer,1,7,41.30299413,289.12095891,0
2,2021-08-22,0.0232390897445609,0.0217963304663564,0.020794160522283,0.0172965406641378,0.0177489111594277,0.0184798286877651,0.0355644541715594,0.0488043669982758,0.0553395032997929,0.0512366135978925,0.0531659094464364,0.0473168134401843,0.0493070443734037,0.0480361718066088,0.0505149090171954,0.0464543450079691,0.0464583473263941,0.0480818065970355,0.0454658973307698,0.0445457446033578,0.0432146750702528,0.0405859694540243,0.0380114670496634,0.0332753455420761,residential,8,summer,1,7,41.30299413,289.12095891,0
2,2021-08-23,0.0252385808608975,0.0235076976797098,0.0223769745577771,0.0220705906171068,0.0189612203069804,0.0214296764864724,0.0414645684020929,0.0515562449183382,0.0528056995133265,0.0520956700089164,0.0541226780183341,0.0555966242384461,0.0542080029227768,0.0540088351510048,0.0528758066353362,0.0516977831836334,0.0479829078077388,0.0493799777491468,0.0502061040850187,0.0454049063547732,0.0402586201066909,0.0405824024716152,0.0384448456520462,0.0286733302897402,residential,8,summer,0,7,41.30299413,289.12095891,0
2,2021-08-24,0.0285945753714496,0.0270225212889272,0.0208742121761066,0.0217176439628884,0.0190222745862461,0.0214388693685974,0.0441305015907623,0.0533560637823464,0.0583294548521067,0.0561399828991475,0.0569138058789172,0.0611280632923313,0.0527844783928019,0.0534010265504105,0.0567155567062817,0.0534168003274111,0.0503413308681195,0.0546399145914161,0.049157041895386,0.0481706080857834,0.0420659411320577,0.0405391613985652,0.0383403374141353,0.0297693152282901,residential,8,summer,0,7,41.30299413,289.12095891,0
2,2021-08-25,0.0289014608204384,0.0269102730405271,0.0200311015846048,0.0221881697052102,0.0194189495090629,0.0221958343759781,0.0437393763675019,0.0495113913545946,0.0603639716650339,0.0634827898095436,0.0552466583647679,0.0603450656831613,0.0560083826576296,0.0562179355611765,0.059413366514062,0.0561731395117776,0.0516207015051181,0.0574676457273651,0.0533140827334564,0.0528280984840278,0.0457709651238526,0.0437099816196212,0.0413958058793135,0.0319047786798389,residential,8,summer,0,7,41.30299413,289.12095891,0
2,2021-08-26,0.0288359882669006,0.0273168153612373,0.0229699068654824,0.022755643841939,0.0233958811348746,0.0252771131031417,0.0439441083231767,0.0550173956892564,0.0585610944469098,0.0647579461839195,0.0616909026790424,0.062023908042852,0.0569366679666717,0.0541044293130669,0.0598545625501014,0.0539984868391124,0.0554743244032151,0.0582488910458269,0.0562680849309624,0.0543123794809131,0.0442960201090932,0.04308015614961,0.0413741614373557,0.0319205633156123,residential,8,summer,0,7,41.30299413,289.12095891,0
2,2021-08-27,0.028757490642417,0.0276108026905737,0.0265818836386916,0.0265793168195131,0.0237075746698208,0.026553727191779,0.0445144550998528,0.0518377584228206,0.0548126523977879,0.0579057438361624,0.0595158983673845,0.0550688337873876,0.0580576073551907,0.0563981752334781,0.0487211073178717,0.0541407058592195,0.0555417338193409,0.0503466865648892,0.0553772433271234,0.0508953030346327,0.04293488030681,0.0438016274076794,0.0414705818474061,0.0310112556998885,residential,8,summer,0,7,41.30299413,289.12095891,0
2,2021-08-28,0.0253956501880518,0.0283783459018861,0.0235715592442514,0.0233485772950141,0.0236354774179012,0.0283219649234412,0.0443552043378383,0.053121594946688,0.0561057316681483,0.0599807255758517,0.0567266191412383,0.0577809206284915,0.0619947236449478,0.0547773100655065,0.053617495063619,0.0526446118792608,0.0567920743809827,0.0525733441430063,0.0555876954422701,0.0474429329038266,0.044328067013825,0.0405410121806493,0.0382774028935821,0.0317163588077597,residential,8,summer,1,7,41.30299413,289.12095891,0
2,2021-08-29,0.0284808430758079,0.0272606247044856,0.0235585613881247,0.0225378130620154,0.0231313721581693,0.0245659838531722,0.0462070434605063,0.0528621781097549,0.0567103923730506,0.0594586523845954,0.0594355364854233,0.0729650450926458,0.0622119304827538,0.0543899517667886,0.0607061411438192,0.0545715914240597,0.0550661908943822,0.0582216584072357,0.0532889175319024,0.0495076454681572,0.0494002193711515,0.0438417760462474,0.0386562722700232,0.0355964533090758,residential,8,summer,1,7,41.30299413,289.12095891,0
2,2021-08-30,0.0287861922952346,0.0278560107764733,0.0275199373773309,0.0263364714113358,0.023526503909839,0.0272729350048765,0.0469758803116821,0.0564768179821143,0.0560746407622621,0.0608394748941236,0.0605446112803051,0.0708850112622192,0.0632043669340661,0.0570279844746599,0.0647531152879898,0.0534688046485574,0.0539760421574989,0.0570686573785821,0.0532107602601125,0.0496835807541101,0.047214398946863,0.0451835575304005,0.0414760601667527,0.0323522479849926,residential,8,summer,0,7,41.30299413,289.12095891,0
2,2021-08-31,0.0291042435254728,0.0278451732696646,0.0247836373265968,0.023364133726687,0.0271699154602107,0.0271182211017115,0.0467407967273342,0.0560191486057729,0.0580936420514582,0.0582213541092954,0.0627769929984502,0.0699804867477938,0.0554596761131057,0.0426276757508467,0.0504816208330489,0.0402355929726581,0.040682299375452,0.0461533028165442,0.0439561260124104,0.042584576616625,0.0412000308860772,0.0389064672916222,0.0364760739406465,0.0308620881523003,residential,8,summer,0,7,41.30299413,289.12095891,0
2,2021-09-01,0.0254728961322481,0.022767236811918,0.020849864522398,0.0205444155670679,0.0207987956251692,0.0243189448567893,0.0428790813104446,0.0456832485403247,0.0463504808095856,0.049551847972214,0.0426822349698212,0.0505299207999125,0.0397210852613605,0.0371005222299673,0.0330038805718531,0.0384765091428904,0.0394568520287804,0.0345677875612862,0.0405240523172321,0.0425594967951343,0.0346611927478297,0.0316326867078835,0.0294697477056053,0.022489790833255,residential,9,autumn,0,7,41.30299413,289.12095891,0
2,2021-09-02,0.0203280097120835,0.0187167051617978,0.0138206721977565,0.0175101951353685,0.0148099994651628,0.0182590873536017,0.0391865121217172,0.0455834232749181,0.048921534276887,0.0512556018694311,0.0514584183437588,0.0562710484358656,0.0563930002312212,0.0533562425192165,0.0466661200797602,0.0500097901762756,0.0497169643647735,0.0435126033500177,0.0444884206581944,0.0433138091200228,0.0390479610285169,0.0360705687178173,0.0374035934522024,0.028139127366088,residential,9,autumn,0,7,41.30299413,289.12095891,0
2,2021-09-03,0.0245818609323347,0.0260681591350087,0.0197392301169636,0.021379623441373,0.0216938254182142,0.0178571782996195,0.0409272114580327,0.0465023411399989,0.0426879206229029,0.0526991663761202,0.0389188470187803,0.0511243808422715,0.0479378706121262,0.041186622491387,0.0426870235139578,0.0529981998735197,0.0491471328015499,0.0495972356916356,0.0473750821706252,0.0424874670047448,0.0381335282159038,0.0394795060777466,0.0372681982219488,0.0265646401574453,residential,9,autumn,0,7,41.30299413,289.12095891,0
2,2021-09-04,0.0240670014608648,0.0226373086585827,0.0187444722818909,0.0214154652335562,0.0184594329475687,0.0221430811644237,0.0409798335729723,0.0503448908411872,0.0495117129721986,0.0586479038334385,0.053828877934831,0.0647486834505679,0.0658054625982847,0.0595956591928489,0.0528892258331865,0.0565015888355069,0.0518166769344656,0.0354514146837917,0.0492840924834233,0.0482105208415738,0.0382496569664091,0.0371853161387753,0.0378760198768145,0.0279827997964684,residential,9,autumn,1,7,41.30299413,289.12095891,0
2,2021-09-05,0.0288423707019746,0.0274276333311828,0.0213675687255094,0.0261011600772368,0.0229107419206545,0.023429755210788,0.0422669113337195,0.051983164771373,0.0539906119300014,0.063897372773058,0.0553316852899887,0.0661845487820503,0.064713673842694,0.0571980243745761,0.0469211155421993,0.0576924415746069,0.0541330148503723,0.0493401561379724,0.0527550788776623,0.0521346695018642,0.0414178154694226,0.0407533341446479,0.041023773811235,0.0297796703520255,residential,9,autumn,1,7,41.30299413,289.12095891,0
2,2021-09-06,0.0287079911747617,0.0239715554345124,0.0209834647640137,0.0228698399530744,0.0230553804817218,0.0234041118053019,0.0460158783721214,0.055319841942954,0.0550944396459621,0.0628829203690877,0.0587905337395182,0.0518038221693319,0.0682934521492232,0.0554871830501075,0.0475931831854024,0.0541368608175245,0.057731198181721,0.0481618118308589,0.0562100197221372,0.0510990199262239,0.0407213344327853,0.0434739336471009,0.0381148848942455,0.028982478304369,residential,9,autumn,0,7,41.30299413,289.12095891,0
2,2021-09-07,0.028360617612512,0.0235589126117426,0.0205291454502714,0.0223628723459451,0.0228279708780893,0.0236974474837821,0.0503746787423431,0.0568257534740756,0.0549129792279881,0.0614768934234203,0.0574235650074608,0.0647212674126708,0.0648883599712167,0.0603693983330522,0.0539369680233826,0.0611611691699351,0.0570393304357113,0.0499366315343664,0.0561496875772229,0.0510539116683919,0.0419841655807576,0.04334310651547,0.0412279029758883,0.0303288367700212,residential,9,autumn,0,7,41.30299413,289.12095891,0
2,2021-09-08,0.0289840679519301,0.0274297869817425,0.0225200991329409,0.0230606756401455,0.0233612177351375,0.0251550663950155,0.0474454463513067,0.0526795726628042,0.0539003278898677,0.0580823812982782,0.0585118860032262,0.0673159287831847,0.0701191082602831,0.0559988826661672,0.0540504048252304,0.0575924730017822,0.0433833290438062,0.0490487943888116,0.0495744025979735,0.0478599431074527,0.0415828562479725,0.0405431094267027,0.0382098958575291,0.0312407509928176,residential,9,autumn,0,7,41.30299413,289.12095891,0
2,2021-09-09,0.0288550639860924,0.0272302346702131,0.022693248866366,0.0224865713608734,0.0224738297420339,0.0244193166906096,0.0452570483466503,0.0505890246534839,0.0541445806516488,0.0622800097909436,0.0578505349182625,0.068864069233924,0.0706462876544376,0.0615266452116813,0.0549227116212641,0.062423798501002,0.0608943480852432,0.0476865686376863,0.0539630066757325,0.0500097811145295,0.0428631212436929,0.0476651936064689,0.0419878114422619,0.031859935162546,residential,9,autumn,0,7,41.30299413,289.12095891,0
2,2021-09-10,0.032359153230773,0.0310161403322086,0.0242330429538472,0.0265250018409334,0.0270143447926228,0.0271156604630528,0.0457662614948589,0.0541285452573664,0.0533082902340592,0.0585170031479819,0.059186292540427,0.0684981568942265,0.0711985973557988,0.0651619363507818,0.0528656914794613,0.0613632566934647,0.0604938570219627,0.0451532089712726,0.0541479588109188,0.0513384376234788,0.0415670659037167,0.0436326337028287,0.0411976974301059,0.0314288098520976,residential,9,autumn,0,7,41.30299413,289.12095891,0
2,2021-09-11,0.0288344825004609,0.0243190052368812,0.0220345815867172,0.0228154562822424,0.0198330449567817,0.0241250758774321,0.0416236891910788,0.0504091005454952,0.0480304589922346,0.0538218146964586,0.0551952847055123,0.05928264485679,0.070000627459924,0.0606101964927684,0.0407613083863878,0.051462340368976,0.0512583709235036,0.0469918355337244,0.0541820032219549,0.0491579830034651,0.03971141661404,0.0424361432482362,0.0407861947286977,0.0307834978913803,residential,9,autumn,1,7,41.30299413,289.12095891,0
2,2021-09-12,0.0319362021633161,0.0266641174953862,0.0230797220185396,0.0254205410109544,0.0226131063810847,0.0249065665064299,0.0448052438052205,0.0490916301355299,0.0497047044627457,0.053934905819691,0.0578263170871858,0.0593691449136815,0.0662341939465542,0.0573766873390367,0.0567319603164661,0.058952234316982,0.0548515624535789,0.0496019262834762,0.0513229080660359,0.0508658842525263,0.0395219031715555,0.0397016219250763,0.0378956842457416,0.0299285354426292,residential,9,autumn,1,7,41.30299413,289.12095891,0
2,2021-09-13,0.0284749748229546,0.0269533349999286,0.0222615120178516,0.0223807827748183,0.022459792286339,0.0236027839575699,0.0426353590529706,0.0518179121879429,0.052892431066228,0.0606848720458172,0.0593116093188911,0.0614379750992756,0.0619105360463322,0.0542005897109858,0.0574670230581222,0.0550666621080202,0.0512472353130061,0.0524443384594475,0.0504577358997752,0.0463964672999126,0.0413128551812085,0.0431660802738833,0.0405414437580391,0.0295318754563772,residential,9,autumn,0,7,41.30299413,289.12095891,0
2,2021-09-14,0.0277137149150949,0.0263675046670263,0.0206575283605601,0.0219143515495085,0.0221087529975784,0.0225860077198711,0.0416860654778419,0.052125037873533,0.0555274659940685,0.0619102938637918,0.0606965375276398,0.0648210308342185,0.0626656694220497,0.0585625405592274,0.0503132386147051,0.0537082123941786,0.0520344255314227,0.0378102244577614,0.0476326256977553,0.0466947016458837,0.0404493433580502,0.0395504434178061,0.0370090286949898,0.0289958347756975,residential,9,autumn,0,7,41.30299413,289.12095891,0
2,2021-09-15,0.027563273750348,0.0259922878300857,0.0212895880456644,0.0248537313261841,0.0253765249557411,0.0192667479609796,0.0412566746511239,0.0511008643903507,0.0483204288430246,0.0607997712206444,0.0609848721497248,0.0646620345951519,0.0676034757183917,0.0617401773272025,0.0492434929658552,0.0476901680250652,0.0514681036601536,0.0481567961956712,0.0552063419380929,0.0501253114347614,0.0400714118781047,0.0431155243952473,0.0376672088115749,0.0294854148089378,residential,9,autumn,0,7,41.30299413,289.12095891,0
2,2021-09-16,0.0286902580995509,0.0268683538243332,0.0221535424103058,0.0228046981813987,0.0231223633245596,0.0248519586499158,0.0422050696367949,0.0518088519628426,0.0550291158713419,0.0609191595357177,0.0604848104511196,0.0653046316862855,0.067694844977692,0.06107402403277,0.0348753385676986,0.0566607790474006,0.0535205913222122,0.0454833398848132,0.0531454343568604,0.0483542338930056,0.0387823649040226,0.040156030669181,0.0375619128038595,0.0281805702452564,residential,9,autumn,0,7,41.30299413,289.12095891,0
2,2021-09-17,0.0252631005642311,0.0236462565849478,0.0209676910836494,0.0225268836085924,0.0228610973351876,0.0220950408741073,0.0411926629035966,0.0509154050006141,0.0520927747740155,0.0549977805318481,0.055306287096876,0.0607360199943058,0.0669712155007746,0.0611928051684982,0.0536847558861698,0.0587616040987779,0.0412014093885756,0.051528058728118,0.0518463866141459,0.0511337795454566,0.0418976837063501,0.0439042814696635,0.0413468541324607,0.0304778597609558,residential,9,autumn,0,7,41.30299413,289.12095891,0
2,2021-09-18,0.0286395135430173,0.02690110039873,0.0224758837208317,0.0222119566208065,0.0228302858468647,0.0246709945238983,0.0420836076938316,0.0514187735409736,0.0526974408841571,0.0595628263722596,0.0594537641338071,0.0653294632997672,0.072542907136587,0.0697528100473785,0.0512837571053285,0.0569198263018534,0.0566382839633879,0.0435973734427661,0.0494741357507004,0.0444505424604574,0.0372350694432001,0.0416693834804575,0.0362330037870168,0.0275723962771805,residential,9,autumn,1,7,41.30299413,289.12095891,0
2,2021-09-19,0.0276509630658654,0.0262955757869996,0.0214984133535367,0.0219418217017745,0.0221199065428683,0.024579174730374,0.0410197739668091,0.0517003095124142,0.0500774050907408,0.0584689695111353,0.0552017121850847,0.0611535718400595,0.0599599654912813,0.0562139799000629,0.0515296061402593,0.0529321172100548,0.0496823855387962,0.0451790818089784,0.0336312244158423,0.0329577290738097,0.0303867445158037,0.0344318371114161,0.0313417303741392,0.021062466026207,residential,9,autumn,1,7,41.30299413,289.12095891,0
2,2021-09-20,0.0179007694206262,0.0157402253462349,0.0109818149257756,0.0112249808993592,0.0111107169910115,0.0128890020697451,0.0254117665179806,0.02827397253304,0.0292362390228636,0.0286016908648798,0.0300193134067888,0.0294886363167214,0.0345809529941344,0.0274821192143512,0.0207194779261161,0.0276111618799959,0.0279522393596376,0.0260733336775645,0.0322640453587296,0.0313599615747458,0.0253643812850774,0.0240850073798806,0.0218364303578933,0.0141601933559503,residential,9,autumn,0,7,41.30299413,289.12095891,0
2,2021-09-21,0.0078238227424203,0.0062991421481669,0.0028200345143219,0.0025325280828089,0.002629798109431,0.004686177455934,0.0189531288447048,0.0237714323917302,0.0259606628993304,0.0276128828537981,0.0268189886183154,0.0317882354664317,0.032258479181108,0.0293938904162675,0.0271630259334557,0.0315078731934214,0.0286040910648476,0.0292147663793966,0.0333838288208581,0.0327026983912674,0.0275942579065947,0.0283938587607739,0.0236935092195448,0.0163459095978915,residential,9,autumn,0,7,41.30299413,289.12095891,0
2,2021-09-22,0.0096174603014078,0.0080322536307252,0.0043912029781903,0.0022968222686941,0.0023674021110352,0.0052103699234993,0.0202829226602513,0.0274374898324149,0.0285385980752535,0.0283099905284144,0.0308884699050979,0.040906327241973,0.0410503322968653,0.0324772548738552,0.0299902771022213,0.0360680668963764,0.0359951093665148,0.0295701093303899,0.0370123204046678,0.0335216899473876,0.0280350321709792,0.029672500022596,0.0272778816969966,0.0166321477186967,residential,9,autumn,0,7,41.30299413,289.12095891,0
2,2021-09-23,0.0155346027328482,0.0118059098337972,0.0084491208636776,0.008199201889471,0.0082362725361309,0.0099552554465651,0.0276987994037719,0.0305996146851503,0.0282950391127557,0.0316521789166286,0.0328130974784525,0.0323597599076116,0.0338051144371488,0.0332706285373327,0.0218177866810356,0.0283484552497518,0.0292454424360971,0.0267260660111604,0.0337271825533843,0.0332887638235542,0.0265066191070838,0.029051528044747,0.0220184971487663,0.0152039226737395,residential,9,autumn,0,7,41.30299413,289.12095891,0
2,2021-09-24,0.0127260860394177,0.0092953950325721,0.0068810521924184,0.0080605381092974,0.0078769336005264,0.0093801668736529,0.0252777535005229,0.028432847849168,0.0273220546750232,0.0285681070892532,0.0250086722484064,0.0287885321450853,0.0297383329916344,0.0314989998809502,0.0227968412672617,0.0221285342802492,0.0208911970927909,0.0214510277236569,0.0238910111465551,0.0251167998732402,0.0226155332953906,0.0231073696179987,0.0231889213163541,0.0141012489694883,residential,9,autumn,0,7,41.30299413,289.12095891,0
2,2021-09-25,0.011429072785536,0.0101585935567172,0.0066582750937888,0.0091100228823584,0.0093047553230138,0.0097600437146506,0.0234540384730767,0.0258384276062993,0.023587948950425,0.0251687771881384,0.0234942173689589,0.0205637603080804,0.0236184052509377,0.0216278851037797,0.0143718820945249,0.0211407932768139,0.0194711620307461,0.0212797382107437,0.0262467062294576,0.0255322383907549,0.0202595038232836,0.0193805295568296,0.0124212629531789,0.0081339443667585,residential,9,autumn,1,7,41.30299413,289.12095891,0
2,2021-09-26,0.0057819194711659,0.0018133024307151,0.003163382768957,0.003264305645656,0.0035884113733774,0.0088610124850776,0.019522424884526,0.0248577242238323,0.0255984431359572,0.0315846951461116,0.0335898177612456,0.0393565609518362,0.0461510141788022,0.0426094416708448,0.0397826495973978,0.0393780921922723,0.0400583742124066,0.0380126306208558,0.0411962262400138,0.0382565330141555,0.0310769624893698,0.0317157295815889,0.0296076266374932,0.0200376634523063,residential,9,autumn,1,7,41.30299413,289.12095891,0
2,2021-09-27,0.0172857439108434,0.0131941050677173,0.0115850324274543,0.0121191397796134,0.0123638254396303,0.015008696089063,0.0359868202796772,0.0414783471115113,0.0452673390583361,0.0487430400248826,0.0491832388617547,0.0600472822232349,0.0655451771526281,0.0518920682510781,0.0466030371884353,0.051532638774268,0.0547497809094095,0.0411998678170377,0.0421520006853019,0.042787670849942,0.0368441487909281,0.0355749432358316,0.0332219405309243,0.0251408982099406,residential,9,autumn,0,7,41.30299413,289.12095891,0
2,2021-09-28,0.0203878893974522,0.0190104405039804,0.015974645018041,0.0176933577077619,0.0150795707747086,0.0182385886626239,0.0377882742759757,0.044933599772074,0.0439139591139004,0.0506916067221266,0.0639377701737407,0.0636184867815371,0.0665975879748986,0.0545708425980668,0.0476504972886125,0.0544244239592219,0.0507674842785043,0.0487222855401184,0.0562762450258864,0.051873516793418,0.0415808100419775,0.0485001451630594,0.0428260163087363,0.0247475134817282,residential,9,autumn,0,7,41.30299413,289.12095891,0
2,2021-09-29,0.0251245380862745,0.0276396433999499,0.0162142612703699,0.0267993497586766,0.026771076483856,0.0269156930500291,0.0354374428268236,0.037343979355116,0.0357654609535208,0.0401877851965121,0.0397302155737619,0.0411922993133818,0.0445384992400072,0.0412991927950531,0.0320554830299999,0.0269974139560162,0.0353947728292595,0.0325311937859264,0.036230969761637,0.0383635141885484,0.0362814491743891,0.0367736338356203,0.0339345696374842,0.0224200503539517,residential,9,autumn,0,7,41.30299413,289.12095891,0
2,2021-09-30,0.0222417917955644,0.0214286343610503,0.0177056252331804,0.0195311931104292,0.0198868152831364,0.0201381350933616,0.0390322130137487,0.0429876634073768,0.0458659879041396,0.0504926479296032,0.0604335521564247,0.0574064590593915,0.0595126890673672,0.0486816784309182,0.0392115821677418,0.039743889643307,0.0304503735654121,0.0373605638814277,0.0405935509367669,0.0392155105017183,0.0359556753135458,0.0356867233747007,0.0346755798028163,0.0293041484385424,residential,9,autumn,0,7,41.30299413,289.12095891,0
2,2021-10-01,0.0257373542128258,0.0222713426977303,0.0191940584142146,0.0188297203567918,0.0185306735140017,0.0226690191420959,0.0389240500870129,0.0474316687261563,0.0500102582594565,0.051413596591786,0.0675244041423862,0.0761614631148162,0.070203899133944,0.0578740723478229,0.0557945500838293,0.0546682857091095,0.0509771492053505,0.0517785028009232,0.048000851173773,0.048249514785978,0.0434082540558128,0.0408060630671294,0.0385379147048139,0.0316228749242798,residential,10,autumn,0,7,41.30299413,289.12095891,0
2,2021-10-02,0.0252277646392705,0.0273918813177756,0.0218171847664348,0.0260263270401903,0.0225307290848596,0.0236280644724847,0.0433001258269023,0.0511111636399874,0.0511324359479937,0.055630603592338,0.0728758080431584,0.0686854417187261,0.069969244643109,0.0540422851525896,0.0568281459301964,0.0514099121374087,0.0480052699529244,0.0493329306305763,0.0499709196440992,0.0460645285248204,0.0418194247846969,0.0417450557640606,0.0387142229294434,0.0277583874426022,residential,10,autumn,1,7,41.30299413,289.12095891,0
2,2021-10-03,0.0288590745040116,0.0268073234435174,0.0244113471624412,0.0227950704461577,0.0227236003542737,0.02062104835297,0.0389435658399462,0.0501228770561599,0.048852978902639,0.0500648934145433,0.0671481290901015,0.067440660303786,0.0688408088013583,0.0527114295318655,0.0515722224285078,0.0485222352684565,0.0487833385706448,0.0471340012530027,0.0482555865313305,0.0437875794427035,0.0378307551937528,0.0395272459092856,0.0372804209592481,0.0246332263407071,residential,10,autumn,1,7,41.30299413,289.12095891,0
2,2021-10-04,0.0243686314266536,0.0229470023955014,0.0162808246078894,0.0211952582767128,0.0214161234781123,0.0184858301482153,0.0385929418635748,0.0461901262847616,0.0473623646212581,0.0496946590878454,0.062156048103206,0.0746668254683533,0.0676865777820283,0.0503075752014661,0.0495948388436509,0.0498158068503046,0.0459479811992633,0.0444652002939369,0.0444478994874061,0.0440927256353898,0.0374521944511592,0.0396624010452157,0.0371936057387951,0.0247112476832628,residential,10,autumn,0,7,41.30299413,289.12095891,0
2,2021-10-05,0.0241572469623466,0.0228115539433713,0.0158975753748204,0.0209395851123279,0.018304688044005,0.0174139487099654,0.0387881986692953,0.0465273071442549,0.0480639212405117,0.0504371638741555,0.0661870005354885,0.0720737065320643,0.0651867090175048,0.054229450330124,0.0507039426983952,0.0544053560418549,0.0526589756438594,0.042670980563337,0.0484775305199575,0.0452834739581756,0.0404957781738302,0.0385580693887249,0.0397327109722118,0.0283587785908654,residential,10,autumn,0,7,41.30299413,289.12095891,0
2,2021-10-06,0.0264039036546849,0.0219518329766106,0.0196895525572539,0.0214166863983767,0.0216271161809275,0.0224896911121619,0.0410606791697012,0.0477322005776439,0.0474254591538057,0.0464919643143164,0.055781208490201,0.0532977593965167,0.0556584052998033,0.0457645642629186,0.0379680974911659,0.0387513183505066,0.0339753338505229,0.0263688733760549,0.0344191535092168,0.0333643520987043,0.0267866252093926,0.0279010288092261,0.0254731964775278,0.0155594319090206,residential,10,autumn,0,7,41.30299413,289.12095891,0
2,2021-10-07,0.0136463960980895,0.0097011692946611,0.0054337698309235,0.0079651195533873,0.0080198263411315,0.0108547621036321,0.027874682015,0.0315641387191559,0.0312314109897561,0.034576546549995,0.0453895754084952,0.0555218114600888,0.0575923103520028,0.0459192719111862,0.0376685572265544,0.0432955032298255,0.043479443497827,0.0366015692880787,0.0411509958821765,0.0403187358881425,0.0326840045233098,0.0329360271525137,0.0308739949311505,0.0217972877841247,residential,10,autumn,0,7,41.30299413,289.12095891,0
2,2021-10-08,0.0185807996317761,0.0172912877608881,0.0133725666638972,0.0162538635514613,0.016441538631549,0.0157413414214594,0.0331045379468628,0.042193050208277,0.0419712523662081,0.0440295138854201,0.0629483921729047,0.0617539626168166,0.0650010621384146,0.0537662654209269,0.0466767517406164,0.0429531377796953,0.0433469448516681,0.0426809703790985,0.0436271251825558,0.0431142742549277,0.0366255849542221,0.0355633263981414,0.0330116006256274,0.0238622544149651,residential,10,autumn,0,7,41.30299413,289.12095891,0
2,2021-10-09,0.0232612037760889,0.0218372166027614,0.0159899380173731,0.0172553947155977,0.014783269551393,0.0176404352457864,0.0339054881800665,0.0393908723220341,0.0419798287136572,0.04675209637989,0.0604933684761321,0.064602020860612,0.0650561358588119,0.0494862976338861,0.0414096316649347,0.0481389997093688,0.0415226834554827,0.0403702838859751,0.0432464120325554,0.042060901949937,0.0340706912975632,0.0348726678209792,0.0296603355143675,0.0228778414880304,residential,10,autumn,1,7,41.30299413,289.12095891,0
2,2021-10-10,0.0201031244870746,0.0186734830881213,0.0152264786722184,0.0144357296045957,0.017279750230822,0.0178308263980138,0.0334428975828339,0.0406290071142679,0.0424380721836241,0.0450078972477846,0.0603617095643755,0.0656447502457802,0.0605978802217344,0.0467176099065058,0.0470844969798546,0.0435551410610783,0.0431255595183944,0.0400482981134993,0.0445989964061383,0.040614208898891,0.0347544436997165,0.0354538902582406,0.0332562664401919,0.0232728055365718,residential,10,autumn,1,7,41.30299413,289.12095891,0
2,2021-10-11,0.0234311910513005,0.0190608093641424,0.0138546291631352,0.0175258852778632,0.0178201900554602,0.0164051683360657,0.0367875423212256,0.0449773355746978,0.0444756654491771,0.0462924226866032,0.0613830493378758,0.0670949843795786,0.0629217951465504,0.0510776702727984,0.0509482228216698,0.0517461099713871,0.0515474363053326,0.0459000184344318,0.04779985398337,0.0477214621301662,0.0401966806664197,0.0404197514143436,0.0379499342451668,0.0271229856508145,residential,10,autumn,0,7,41.30299413,289.12095891,0
2,2021-10-12,0.0250590436923579,0.0237635687640819,0.0186384397007005,0.022262682839111,0.022161045187131,0.0202220439917144,0.0411837669511428,0.0485884722927272,0.0472414171470461,0.0502778467014253,0.0665226946151981,0.0670711092508285,0.068904523763048,0.0526388400733309,0.0509180813838075,0.0535593031691215,0.0531861405366569,0.0475667189077554,0.0500454768650225,0.0487275831569379,0.0402276272935587,0.0410787951692193,0.0388827490254592,0.028985331138427,residential,10,autumn,0,7,41.30299413,289.12095891,0
2,2021-10-13,0.0290637956498948,0.0276592137726304,0.0203918927909339,0.0113342272042718,0.0134107192720914,0.0118051639337016,0.0291227115867498,0.0338016636666269,0.034326910856291,0.0350885724179194,0.042863307597118,0.0458015615127634,0.0452034173645308,0.0376607428629647,0.0354253743340423,0.0370343154821626,0.0374757237903046,0.0373196099134888,0.0388175264411211,0.037885036074029,0.0307141529993289,0.0306562510346855,0.0283055151023298,0.0207456764006936,residential,10,autumn,0,7,41.30299413,289.12095891,0
2,2021-10-14,0.0186419007459166,0.0173604603833865,0.0117109238970666,0.0129653476489214,0.0132105316908917,0.0103214487132952,0.0272599576727278,0.0297859840427972,0.0272064487827898,0.0316501645145453,0.0305070243419226,0.0344477233490914,0.0408081889175713,0.0358336217063161,0.027526316440333,0.0334317191532855,0.0306280174434517,0.0293264059531326,0.0355357566430482,0.0320004814447922,0.0279808828261297,0.0276874863345957,0.025513473897163,0.016515225690359,residential,10,autumn,0,7,41.30299413,289.12095891,0
2,2021-10-15,0.0130035249509265,0.0117839143606018,0.0074316995571048,0.0079059606860329,0.0081236271333379,0.0096285167627346,0.0262740995707919,0.0324981917600084,0.0295623109444244,0.0371964942996997,0.0512176853755497,0.0506164172953206,0.0514712438179604,0.0387699695821594,0.03648442508859,0.0379406434173439,0.0319683314053379,0.033306935876245,0.036366097241543,0.035688246246899,0.0295584193087108,0.028731462890512,0.0263693682635269,0.0165912859524216,residential,10,autumn,0,7,41.30299413,289.12095891,0
2,2021-10-16,0.0145356097110918,0.0133610667447875,0.0095660220138682,0.0090129836297791,0.0092956207089733,0.0096554244427806,0.0246492062079698,0.032084338572315,0.0339364449337634,0.0337160532137125,0.0466460873513917,0.0513065084780879,0.0489418306878602,0.0377729801851305,0.0325998917762208,0.0361432249592464,0.0341995632557834,0.0332208904128727,0.0383437687035931,0.0351004470297591,0.0277207878640691,0.0280384755956059,0.0236500412928736,0.0155017387999316,residential,10,autumn,1,7,41.30299413,289.12095891,0
2,2021-10-17,0.0115917897379607,0.0100486110525707,0.0058114716723022,0.0087636401888123,0.0065633775410035,0.0076256805093434,0.0239373779155824,0.029810734436703,0.0295931163619309,0.0317686626559686,0.0456493126803529,0.0489132451526561,0.0523891817865751,0.0378827851437661,0.0327570576352796,0.0364412234796087,0.0364810884389312,0.0327880751178991,0.0347628106111838,0.0313603993538927,0.0278107168888017,0.0268560810224017,0.0223702830043887,0.0157011290486438,residential,10,autumn,1,7,41.30299413,289.12095891,0
2,2021-10-18,0.0135179727982902,0.010006488334802,0.0079795966788144,0.008819681593289,0.0086734677802706,0.0102164785269222,0.023296131245519,0.0294063289049543,0.0298091937369415,0.0316119117773657,0.0476355964676122,0.0477856963776571,0.0510544612979939,0.0376938927413832,0.0321235228842788,0.0363891115073854,0.0335674286814958,0.0328076582587421,0.0351142745142568,0.0315873768683784,0.0281591963331896,0.0269137597563333,0.0204089041417397,0.0145634428859413,residential,10,autumn,0,7,41.30299413,289.12095891,0
2,2021-10-19,0.0139007311471002,0.0121697855821775,0.0070444520140495,0.0082702337638292,0.0063068903911453,0.0084934673760529,0.023884871703365,0.0285320138529966,0.0284566378161842,0.0312195805001522,0.0432458460446225,0.0467441327668,0.0511338015597602,0.040568333637505,0.0342479864496493,0.0339791761903343,0.0342639698775938,0.033904904596458,0.0354394215902115,0.0317471663931333,0.0266409124002333,0.0278642602195128,0.0232154137021981,0.0155328587269148,residential,10,autumn,0,7,41.30299413,289.12095891,0
2,2021-10-20,0.0141965081568652,0.010528465114697,0.0076218663159924,0.009021353744922,0.0067819488541256,0.010221282064642,0.0256741979610126,0.0312937852002942,0.0336694726445963,0.0353745212038598,0.0500631798261078,0.050669238316093,0.0540374223206142,0.0420725716230174,0.0328559713937503,0.0348576665188828,0.0346042270639509,0.0296998005218854,0.0337360956809782,0.0334010271423573,0.0257659142308994,0.0236803298711761,0.0212262204697022,0.0134578711558362,residential,10,autumn,0,7,41.30299413,289.12095891,0
2,2021-10-21,0.009006813260342,0.007333153426017,0.0043650438621201,0.0031915536805284,0.0032081167063361,0.0056429257404359,0.0219730079232442,0.0317233646300134,0.0310166342478024,0.0355649568966173,0.0489131214193948,0.0493004374343137,0.051515124738401,0.0363482530151362,0.0364916214627041,0.0318990256023667,0.0313688179878933,0.0288631707218654,0.0309800937512222,0.0303383191005284,0.0244750112567998,0.0229059599854922,0.0203014891305727,0.0116863270494379,residential,10,autumn,0,7,41.30299413,289.12095891,0
2,2021-10-22,0.0080928891310745,0.006481797624508,0.0029246659958124,0.0024646415416172,0.002518212663833,0.0047692596392414,0.0206095068413603,0.0282154762330604,0.0294251206737871,0.0328495712365983,0.0489978129341067,0.051841102890989,0.049868157175737,0.0356054023065394,0.0289235410484142,0.0313442064903168,0.0302789773099989,0.026625350823411,0.0293838047332511,0.026437210515802,0.0221502587941493,0.0213089813996124,0.0188770265035129,0.0107815727926359,residential,10,autumn,0,7,41.30299413,289.12095891,0
2,2021-10-23,0.0073787900323085,0.0059203578832869,0.0025951041418017,0.0022549470990398,0.0024137372663584,0.0047721102878185,0.0200858201921782,0.0269848656565193,0.0280943943850243,0.029462056320062,0.0470677053452515,0.0489858025395609,0.04830983576043,0.0323965032260221,0.03533294863669,0.0307472765418275,0.0309461061293152,0.0297468360527466,0.0326652830680431,0.0295115675899715,0.0251779099785885,0.0251952663704256,0.0227605783114503,0.0139913951708304,residential,10,autumn,1,7,41.30299413,289.12095891,0
2,2021-10-24,0.0105996406372035,0.009142996285822,0.0061723412945902,0.0078265825723236,0.0080412889167102,0.0096905147311641,0.0249429665840725,0.0294716094520498,0.028848369541729,0.0313538166357449,0.0441662025215431,0.0491242155472399,0.0510971812493065,0.0370777985246081,0.0311998410329069,0.0361536525657626,0.03597634395174,0.0301378320104737,0.035759481385349,0.0319341952437746,0.0258360246613531,0.0277598710311812,0.0229033145379605,0.0156864398771139,residential,10,autumn,1,7,41.30299413,289.12095891,0
2,2021-10-25,0.0110777999479521,0.0096970712857851,0.0062522530514627,0.0060205883272367,0.0061096518073416,0.0079886913919227,0.0219868517422793,0.0295210094649809,0.0307453730154851,0.0324232645905231,0.0465308342444283,0.0472921190740047,0.046325011784445,0.0350829496992369,0.031573833961151,0.031886088419297,0.0319304589085799,0.031408860731985,0.0359657299951485,0.0318853956523099,0.0249655133576117,0.0251092819811872,0.0230340501188066,0.0143960529684581,residential,10,autumn,0,7,41.30299413,289.12095891,0
2,2021-10-26,0.0110942723670694,0.0097009074868465,0.0070478705117644,0.0081855114562241,0.007369719831857,0.0097264751162359,0.0263896762118777,0.0319371883975639,0.0339255165157224,0.0354622970624481,0.0517458829795885,0.0498115442946737,0.0461884883408588,0.0346343264391409,0.031018083168654,0.0293626834277191,0.0324153992521567,0.029185103176337,0.033634870965371,0.0328235849359531,0.0260468645974651,0.0232585526354005,0.0205053578767372,0.0124566603677912,residential,10,autumn,0,7,41.30299413,289.12095891,0
2,2021-10-27,0.0083699261721146,0.0068510529456705,0.0031941453394905,0.0051810272185594,0.0030089381297613,0.0055837695547651,0.0214847337775836,0.0262002926561647,0.0249136505157545,0.0267180088960974,0.043122491759502,0.0454880557472864,0.0468123276705286,0.0320923398909225,0.0321860873344369,0.031036774324436,0.0311288477132842,0.0293673515141108,0.033592100144616,0.030027941877707,0.0272011704572434,0.0252379417418904,0.0225837008277692,0.0144707664983501,residential,10,autumn,0,7,41.30299413,289.12095891,0
2,2021-10-28,0.013327052874237,0.0094440357897242,0.0063455398090863,0.0081184651232716,0.0084410413853797,0.0099646680824696,0.0242672436758626,0.0307289970756455,0.0287992693352643,0.0343161877473788,0.0550364809159372,0.0528309192404401,0.0381908973172958,0.0280903529463956,0.0277307153399664,0.0225102722439418,0.017719754254294,0.0189166600281538,0.0198192412024153,0.0185218679744824,0.0150506587346628,0.0133285619180351,0.0106983155041625,0.0052909392984605,residential,10,autumn,0,7,41.30299413,289.12095891,0
2,2021-10-29,0.0016916276248181,0.0009557209451383,0.0004402242373089,0.0004269297768065,0.0009381695104649,0.0047891978620133,0.0159481911341791,0.0171749451830357,0.0165445828834809,0.0145511790197509,0.0320701198411564,0.0340653476244867,0.027027841849204,0.0227070762606352,0.0134789083085916,0.0207193574549357,0.0188492183809031,0.0176079076074852,0.0226403277514701,0.021743970519494,0.0155044326073931,0.0175369172559788,0.0134618971832952,0.0054159469756393,residential,10,autumn,0,7,41.30299413,289.12095891,0
2,2021-10-30,0.0018592169971465,0.0009561549083304,0.0004403361605626,0.0004270366018741,0.0009385916312359,0.0047920406738048,0.0159580918523566,0.0171830405342415,0.0165227089248467,0.0157539798569088,0.0299341821074773,0.0327782658318787,0.0279158714099689,0.0240353808198443,0.0201163632292739,0.0223072702279023,0.0200138459696351,0.0203934593224864,0.0232008312556667,0.0204270560419874,0.0176855929894676,0.0160522869669535,0.0137572136869097,0.0074621641659807,residential,10,autumn,1,7,41.30299413,289.12095891,0
2,2021-10-31,0.0045560600091731,0.0033592482996345,0.0004404479544492,0.0004271432587585,0.0009390130847504,0.0047948742809367,0.0159679767953569,0.018708735159785,0.0171924627227322,0.0193343465677342,0.0256698252214975,0.0218224010680554,0.0238685261253413,0.021557203350279,0.0195202997502654,0.0259801866387645,0.0236862639582787,0.0226581314039128,0.0239262217239088,0.0221956251987835,0.0195914036292747,0.0161989547515974,0.0131139083103854,0.0071625390577416,residential,10,autumn,1,7,41.30299413,289.12095891,0
2,2021-11-01,0.001739422277344,0.0009570205452226,0.0004405592439377,0.000427249706448,0.0009394337465872,0.0047977072714029,0.0159778432502536,0.0192639428678044,0.0208108624432162,0.0275111619073226,0.0513441017805363,0.0457491896358589,0.0334972398376126,0.0337332970096709,0.0295849212917631,0.0269257165846171,0.026195048651616,0.0263603509513486,0.0265122916705395,0.0281249196191614,0.0234240332612713,0.0239929648352529,0.0190548402475073,0.0121765935255654,residential,11,autumn,0,7,41.30299413,289.12095891,0
2,2021-11-02,0.0093931780458106,0.0081013312042619,0.0047440915481541,0.0067970436999522,0.0047590663140242,0.0064806648667619,0.0199565162900758,0.0273014567639063,0.0275745360826621,0.0330225366171643,0.0548651607705996,0.0464639182853569,0.0361099198201632,0.0309975752058,0.0294256338221803,0.0291754139772881,0.0281545858962339,0.0281842836746396,0.0330026036339048,0.0320703854391623,0.0243206044428979,0.0248153907085091,0.0201621714654893,0.0122294961767928,residential,11,autumn,0,7,41.30299413,289.12095891,0
2,2021-11-03,0.0080643451744732,0.0067006549860547,0.0044409135018522,0.0050280859933908,0.0053569130242984,0.008225286093881,0.0206664016917499,0.0261980296222308,0.026180155626924,0.0293053601514408,0.0540293211653806,0.0589473401763068,0.0423874590657696,0.0311241508817091,0.0272337177149278,0.0261395201054085,0.025957061842035,0.0278167526030618,0.0308756133715759,0.0275333160932575,0.0234022079046312,0.0223544081987629,0.0198539564055739,0.0116553877434251,residential,11,autumn,0,7,41.30299413,289.12095891,0
2,2021-11-04,0.0100274198551059,0.0062421873557945,0.0033173061308768,0.0047461865501192,0.0025654805105492,0.006381726611002,0.0178578083066879,0.0269512313128057,0.0284592113015557,0.0329200883811198,0.0537736680518013,0.0484069786745507,0.0371459720621404,0.0312525017836163,0.0356201364849861,0.0330619067858036,0.03142946724275,0.0309945820265223,0.0309085934160573,0.0303104942220776,0.0252741325184844,0.02539776306169,0.0201956798217356,0.0131289672592983,residential,11,autumn,0,7,41.30299413,289.12095891,0
2,2021-11-05,0.0103545648368094,0.0090174023718828,0.0069121032190319,0.0076372994929956,0.0079067351506134,0.0093269121210129,0.0208130116788756,0.0284400493765324,0.0308436912674955,0.036416259659543,0.0553203858608469,0.0614132977484009,0.0423721291477964,0.038889394855907,0.0382566971032494,0.0343250955540882,0.0329806762071889,0.0330980131156612,0.0349867269558963,0.0312980168556076,0.0270805679505953,0.0239076951283656,0.0240444982134835,0.0142847298702248,residential,11,autumn,0,7,41.30299413,289.12095891,0
2,2021-11-06,0.0089756716068335,0.0099180845717755,0.003822887130904,0.005766224510133,0.0060938392593198,0.0074580732803578,0.0214341792613514,0.0272631761599471,0.0289147015297308,0.0375216692109816,0.0556272083886976,0.0549826429851675,0.0417780545080753,0.0354357861204412,0.038535326411552,0.035905910859146,0.0317144231110083,0.0346814344595576,0.0341138458953029,0.0335507254301758,0.0297161032608889,0.0263639726300718,0.0241761107335643,0.0168402533995941,residential,11,autumn,1,7,41.30299413,289.12095891,0
2,2021-11-07,0.0145991953240126,0.0130392935353451,0.0082683799560498,0.0088966587420478,0.0092842482146677,0.0106965530338828,0.0246547619438294,0.0312181882370879,0.0326474967078014,0.0379614237446162,0.0571482909284878,0.0593539655123663,0.04279259392273,0.0329205768351769,0.0383415260585783,0.0344200618557142,0.0328361882060897,0.032966945603516,0.0351049883472224,0.0342720059115343,0.0268985068193328,0.0263160873020764,0.0213931224357972,0.0151957433065532,residential,11,autumn,1,7,41.30299413,289.12095891,0
2,2021-11-08,0.0017004316469664,0.0009600149421958,0.0004413313626167,0.0004279866458429,0.0009423454711343,0.0048172998546392,0.0160461428256668,0.0172807327734786,0.0166458223134203,0.0146399966321801,0.0192590859669168,0.0193586199554873,0.0118688391626897,0.0083793920916576,0.0073643754023498,0.0083683366459139,0.0098096330477509,0.0129189066530907,0.0151415791271673,0.0144885845131233,0.0132972946034571,0.0108976264095424,0.0094199225790303,0.0053250885898515,residential,11,autumn,0,7,41.30299413,289.12095891,0
2,2021-11-09,0.0017012970392718,0.000960436262406,0.0004414400365611,0.0004280903711433,0.0009427556398198,0.0048200602153321,0.016055751658281,0.0172911152890874,0.0166557580477527,0.0146487078052392,0.0132892805586905,0.0108639808662826,0.0094123968243212,0.0083842717752128,0.007368630627941,0.0083731965470988,0.0098153185549,0.0129264407036489,0.0151504556330935,0.0144970872644669,0.013305077086227,0.0109039698568742,0.0094254272350861,0.0053281320756159,residential,11,autumn,0,7,41.30299413,289.12095891,0
2,2021-11-10,0.0017021565662357,0.0009608554260875,0.0004415483887101,0.0004281936208803,0.0009431636069063,0.0048228030271347,0.0160653244407325,0.0173014497121434,0.0166656477221995,0.0146573785746015,0.0132971317329592,0.0107935815626982,0.0094178759582541,0.0083891288343058,0.0073728660987647,0.0083780338854773,0.0098209777003805,0.0129339398228759,0.0151592909682061,0.0145055507435255,0.0133128234910056,0.0109102838930603,0.009430906369019,0.0053311617383846,residential,11,autumn,0,7,41.30299413,289.12095891,0
2,2021-11-11,0.0017030125672742,0.0009612728070565,0.0004416560797128,0.0004282963520647,0.0009435693343769,0.0048255346046346,0.0160748455319393,0.0173117331762268,0.0166754883649892,0.0146660064419165,0.0199484308989885,0.0203151460876597,0.0120006071478992,0.0099597285145699,0.008982448119298,0.0095818444633546,0.0099943779855399,0.0129414017899785,0.0151680823076361,0.0145139722151111,0.0133205315159721,0.0109165666482585,0.0094363583582355,0.0053341761022127,residential,11,autumn,0,7,41.30299413,289.12095891,0
2,2021-11-12,0.0017038640678931,0.000961687986249,0.0004417630904471,0.0004283985428949,0.0009439733575496,0.0048282541658679,0.0160843164358282,0.0173219620221608,0.0166852771195539,0.0146745886447516,0.0249437294342844,0.0254883430132153,0.0156203886489795,0.0136757241839476,0.0119340168392682,0.0126153378137541,0.0114136949770089,0.012948824395166,0.0151768276738438,0.0148461030035754,0.0133281988782829,0.0109228162618905,0.0094417815881806,0.005337174272216,residential,11,autumn,0,7,41.30299413,289.12095891,0
2,2021-11-13,0.0017047108159334,0.0009621008407637,0.0004418696144229,0.0004285001602081,0.0009443749023767,0.0048309561237045,0.0160937298968461,0.0173295368279118,0.016662904012293,0.0146510159707077,0.0248297107915469,0.0282130854048044,0.0190931673146547,0.015281668837053,0.0131067499522291,0.0142816792531803,0.0141328375333586,0.0130887360702427,0.016270770817219,0.0145306794157012,0.0133358233156724,0.0109290308831923,0.0094471744528161,0.0053401562361777,residential,11,autumn,1,7,41.30299413,289.12095891,0
2,2021-11-14,0.0017055532620685,0.0009625112964441,0.0004419753943302,0.0004286011762019,0.0009447738449102,0.0048336396722639,0.0161030961557181,0.0173396485350578,0.0166725802078434,0.0146594995403531,0.0266604147771014,0.0277410108078844,0.0196309901658154,0.0160897589254328,0.0126464488444316,0.0163854422062716,0.014188078679912,0.0147447513800122,0.0163667438566854,0.0155301845586821,0.0133434025589791,0.0109352086717627,0.0094525353550962,0.0053431199389272,residential,11,autumn,1,7,41.30299413,289.12095891,0
2,2021-11-15,0.0017063897704479,0.000962919135489,0.0004420805679736,0.0004287015586647,0.0009451707299022,0.004836307444807,0.0161123995188697,0.0173522937478601,0.0167143028178859,0.0147000370736532,0.0230564905568649,0.0200219026647625,0.014808581346377,0.012030582842211,0.0094022066570033,0.0110512786393177,0.0119314828685941,0.0132905784772381,0.0156767470740129,0.0145471891441986,0.0133509343751814,0.0109413477981082,0.0094578627074405,0.0053460656778866,residential,11,autumn,0,7,41.30299413,289.12095891,0
2,2021-11-16,0.0017072200445489,0.0009633244859752,0.0004421850583342,0.0004288012807872,0.0009455647794152,0.0048389603310434,0.0161216415206829,0.0173622759088963,0.0167238550176908,0.0147084119745689,0.0233137392838636,0.0228356910800635,0.0202036124487706,0.0171215748469341,0.0192155118808471,0.0168823856961308,0.0185790713630006,0.0166999533145404,0.0184148221257313,0.0177580017916312,0.014543411160035,0.0137470664014877,0.0096489647893858,0.005348991700687,residential,11,autumn,0,7,41.30299413,289.12095891,0
2,2021-11-17,0.0017080458079529,0.0009637268747758,0.0004422888142705,0.0004289003103603,0.000945956096907,0.0048415934680272,0.0161308150617708,0.0173721887957667,0.0167333412711862,0.0157247958339817,0.0384775061376567,0.0393406129235508,0.029876260984466,0.0246258827970813,0.0176594874492834,0.020314785278264,0.0201351736822222,0.0192328263898004,0.0192866063851008,0.0161053495427594,0.0137699159304684,0.0114219712622886,0.0094684104621447,0.0053518971386732,residential,11,autumn,0,7,41.30299413,289.12095891,0
2,2021-11-18,0.0017088652606396,0.0009641260390939,0.0004423918058263,0.0004289986196321,0.0009463445662351,0.0048442060763336,0.0161399305128704,0.0173820296331258,0.016742757878944,0.0147249850654259,0.024355016822424,0.026731645293861,0.0201851111709216,0.0174278966229759,0.0152527207571199,0.0139057530147792,0.0138345310706549,0.0166942893933396,0.0173146066196436,0.0145715407741937,0.0133732229870214,0.0109595150838277,0.009473627740887,0.0053547820270668,residential,11,autumn,0,7,41.30299413,289.12095891,0
2,2021-11-19,0.0017096775507928,0.0009645226046837,0.0004424938388793,0.0004290961723071,0.0009467298529865,0.0048468014587893,0.0161489720878522,0.0173917953534574,0.0167521029234622,0.0165212709548688,0.035794732258565,0.0349137870254219,0.0237171936542452,0.0201669305287796,0.015055272408672,0.0162205615254564,0.0166839138821471,0.0167734116978021,0.0204479244967387,0.0195079460834188,0.015825953717196,0.0152768234299971,0.0129880691700718,0.0053576445941793,residential,11,autumn,0,7,41.30299413,289.12095891,0
2,2021-11-20,0.0035545914654997,0.0009649158058188,0.0004425954296675,0.0004291929589939,0.0009471125010654,0.0048493747845373,0.0161579414722901,0.0179848197606338,0.0195467166613653,0.0218258028232077,0.0473712514076091,0.047506631392709,0.0356654680032121,0.0323843326433105,0.024500350181904,0.0230425474032015,0.0225155545660596,0.0221453251337277,0.0252650651959054,0.0244054763407995,0.0172455784360986,0.0152811426350187,0.0127753086353355,0.0059653397215192,residential,11,autumn,1,7,41.30299413,289.12095891,0
2,2021-11-21,0.0030006105061478,0.001498942872825,0.0004426959738796,0.0004292889326733,0.0009474917391827,0.0048519266314737,0.0161668360103704,0.0174084931790655,0.0201810470170159,0.0270191565510723,0.0503346485018428,0.0476038156614328,0.0314427672421646,0.0238868900466503,0.0235469691840148,0.0216063855047458,0.0208192378975987,0.0250512671632118,0.0242415255011025,0.023225274369478,0.0191569779183908,0.0160157970102564,0.015909030451713,0.006673982085051,residential,11,autumn,1,7,41.30299413,289.12095891,0
2,2021-11-22,0.003633202880576,0.0020949804145119,0.0004427956516107,0.0004293840701251,0.0009478673226288,0.0048544586448792,0.0161756449385193,0.017420613237353,0.0167796797431194,0.0147573557903653,0.0133876597784736,0.0108664045892777,0.0094810532116533,0.0084451332424568,0.0074217030199285,0.0084338112802915,0.0098862305931914,0.0130204085534222,0.0152611658618672,0.0146031380757166,0.0134021435187562,0.0109830880020638,0.0094940836224181,0.005366091186185,residential,11,autumn,0,7,41.30299413,289.12095891,0
2,2021-11-23,0.0017128625307143,0.0009660752669878,0.0004428942411011,0.0004294783355394,0.0009482401959348,0.0048569652974391,0.0161843900902139,0.0174300502377089,0.016788709963103,0.014765273326475,0.0133948288604869,0.010872171541318,0.0094860563011829,0.0084495683049667,0.0074255704812254,0.0084382283629369,0.0098913980552454,0.0130272561255651,0.0152692333818826,0.0146108661506127,0.0134092168890737,0.0109888534549107,0.0094990867119478,0.0053688580261313,residential,11,autumn,0,7,41.30299413,289.12095891,0
2,2021-11-24,0.0017136407980599,0.0009664544080596,0.0004429920693322,0.0004295717164048,0.0009486091896259,0.0048594482244172,0.0161930443800138,0.0174393981238525,0.0167976543844064,0.014773115648282,0.0134019300990862,0.010877883929558,0.0094910120550333,0.0084539614060657,0.0074294012810933,0.0084426036292153,0.0098965166258013,0.0130340389108444,0.0152772245602559,0.0146185212439624,0.0134162233396733,0.0109945643591382,0.0095040424657982,0.0053715979888924,residential,11,autumn,0,7,41.30299413,289.12095891,0
2,2021-11-25,0.0017144121599711,0.0009668301096004,0.0004430891364525,0.0004296641861093,0.0009489745540415,0.0048619067075047,0.0162016134297264,0.0174486541931451,0.0168065109799747,0.0147808805004208,0.0167487957645268,0.0188055958155922,0.012873303318289,0.0091931961759821,0.0074331944458919,0.0084469358586315,0.0099015847909711,0.0130407549006027,0.0152851370308373,0.0146261008189675,0.0134231607887425,0.0110002190235161,0.0095089494163698,0.0053743109836791,residential,11,autumn,0,7,41.30299413,289.12095891,0
2,2021-11-26,0.0017151749177653,0.000967202236513,0.0004431848351205,0.0004297556936196,0.0009493361744557,0.0048643399892507,0.016210094702142,0.017457815250679,0.0168152768903933,0.0147885663026133,0.0212524717230692,0.0250257073210885,0.0156136600319986,0.0127451941195844,0.0113368454839745,0.0134985064538004,0.0137364731221846,0.013047402105963,0.016161904016582,0.0146336027648336,0.0134300271852529,0.0110058157734692,0.0095138061105157,0.0053769961874821,residential,11,autumn,0,7,41.30299413,289.12095891,0
2,2021-11-27,0.0017159295738146,0.0009675700159901,0.0004432796966033,0.0004298462329273,0.0009496937253117,0.0048667473714569,0.0162184856860365,0.0174642815749123,0.0167918425348375,0.0147640628916292,0.0256841378600338,0.025430989240397,0.0139311164038281,0.0140889709919287,0.0111655722804628,0.0146213908523074,0.0138094288006398,0.0132897159622695,0.0157844650336296,0.0146410248234102,0.0134368204957863,0.0110113529515728,0.0095186111099719,0.0053796528153201,residential,11,autumn,1,7,41.30299413,289.12095891,0
2,2021-11-28,0.0017166759045137,0.0009679335485677,0.0004433736923816,0.0004299357803123,0.0009500475418704,0.0048691257348731,0.0162267838246568,0.0174732449380122,0.0168004192597338,0.0147715824802575,0.0295145302698252,0.030207784245302,0.0168169028870429,0.014748181269597,0.0124889749443299,0.0153423171991633,0.0164752444833168,0.0159883314328112,0.0181991127695106,0.0155483716177011,0.0134435387085681,0.0110168289180443,0.0095233629917834,0.0053822800703307,residential,11,autumn,1,7,41.30299413,289.12095891,0
2,2021-11-29,0.0017174134820935,0.0009682934076399,0.0004434662464456,0.0004300242848307,0.000950397518202,0.0048714816069478,0.0162349824598773,0.0174847024744914,0.0168410046108713,0.0176085719946442,0.0345176345446186,0.0346984120346903,0.0188411151252699,0.0185907490605867,0.0173921040866638,0.0189895810004197,0.0198338409128608,0.0177641335449029,0.0191509096622459,0.0146556207264227,0.0134501798340631,0.0110222420512279,0.0095280603487252,0.0053848771779139,residential,11,autumn,0,7,41.30299413,289.12095891,0
2,2021-11-30,0.0017181427061561,0.0009686484849774,0.0004435580614448,0.0004301117512591,0.0009507431110072,0.0048738021527639,0.0162430921456163,0.0174934574924781,0.0168493820126108,0.0178568532047909,0.0320294921714557,0.0317563356270646,0.0167961728653673,0.016256923793778,0.0109907204572452,0.0126434634936013,0.0118245668778851,0.0130732640310338,0.0153234372088608,0.0146627901409835,0.013456741905565,0.0110275907480756,0.0095327017897198,0.0053874433923003,residential,11,autumn,0,7,41.30299413,289.12095891,0
2,2021-12-01,0.0017188627322839,0.0009689994268877,0.0004436483701528,0.0004301981230856,0.0009510842169341,0.0048761037687649,0.0162510974638259,0.017502104234129,0.016857655892776,0.0148257221058045,0.0264499116823493,0.0298827917699685,0.014939571924516,0.0130530937527831,0.0111955074197782,0.0114755810702808,0.0125623241027831,0.0130795382144701,0.015330829095077,0.014669870986765,0.0134632229759154,0.0110328734246214,0.0095372859402482,0.0053899778837043,residential,12,winter,0,7,41.30299413,289.12095891,0
2,2021-12-02,0.0017195733832184,0.0009693461297466,0.0004437377232388,0.0004302833972581,0.0009514213984154,0.00487837112201,0.0162589958712749,0.0175106404165123,0.0168658241776618,0.0148328835837837,0.0134560501163703,0.0169415253554091,0.0095287810319929,0.0084874422727903,0.0080249624586715,0.0084759487759186,0.0099355264726405,0.0130857321281974,0.0153381265734846,0.014676861351793,0.0134696211334806,0.0110380885164507,0.0095418114427577,0.0053924799977199,residential,12,winter,0,7,41.30299413,289.12095891,0
2,2021-12-03,0.0017202743089061,0.0009696879412756,0.0004438260751349,0.000430367547254,0.0009517536710391,0.0048806059850284,0.0162667938753241,0.0175190639446662,0.0168738837622477,0.0148399499688528,0.0160211215101251,0.0172721002999975,0.0095332465462988,0.0084914007938139,0.0090787585333883,0.0084798912455342,0.0099401386978887,0.013091843937947,0.0153453273882221,0.0146837590593764,0.0134759344796954,0.0110432344791635,0.0095462769570637,0.0053949489175605,residential,12,winter,0,7,41.30299413,289.12095891,0
2,2021-12-04,0.001720966137537,0.0009700251059656,0.0004439128313421,0.0004304505283892,0.0009520818220862,0.0048828125602817,0.016274489299012,0.0175247744634779,0.0168497258971032,0.0148148124774757,0.0140470983268115,0.0173269004703228,0.0095091165395861,0.0084631979763783,0.0074333463857106,0.0084516726162867,0.0099125806098403,0.0130952748074534,0.0153524290844853,0.0146905621753629,0.0134821611489367,0.0110483097888316,0.0095506811607463,0.005397383912404,residential,12,winter,1,7,41.30299413,289.12095891,0
2,2021-12-05,0.0017216481638134,0.0009703572282601,0.0004439985345311,0.000430532338039,0.0009524048665679,0.004884990170657,0.0162820709877716,0.0175329640334866,0.0168575622065774,0.0148216828093077,0.013442873908422,0.0123568751743538,0.0095134581283822,0.0084670466418058,0.0074367068483391,0.0084555056688318,0.0099170648377124,0.0131012170042339,0.0153594298057964,0.0146972684576115,0.0134882992892567,0.0110533129424502,0.0095550227495424,0.0053997843133934,residential,12,winter,1,7,41.30299413,289.12095891,0
2,2021-12-06,0.001722320156357,0.0009706847085584,0.0004440831790986,0.0004306129495791,0.0009527235925584,0.0048871333577761,0.0162895410428153,0.0175436303395792,0.0168973937421977,0.014860558917934,0.0151330240637721,0.0185289307084271,0.0095462700269666,0.0085029456503504,0.0074721160898034,0.0084913892988812,0.009953590054718,0.0131096687685631,0.0153663272269248,0.0147038760309825,0.0134943470868679,0.0110582424583826,0.0095593004377315,0.0054021493835742,residential,12,winter,0,7,41.30299413,289.12095891,0
2,2021-12-07,0.0017229826376313,0.0009710072492891,0.0004441661502487,0.0004306923186259,0.000953037251,0.0048892438862761,0.0162968972462112,0.0175515764392348,0.0169050113814059,0.0148672250726375,0.0134871467102767,0.0109464342558029,0.0095504825477519,0.008506679901536,0.0074753761421296,0.0084951084181812,0.0099579409745435,0.0131154343139945,0.015373119638987,0.0147103829468801,0.0135003027507725,0.0110630968767996,0.0095635129585167,0.0054044784523771,residential,12,winter,0,7,41.30299413,289.12095891,0
2,2021-12-08,0.0017236332767841,0.0009713248582646,0.0004442482061981,0.0004307704498082,0.0009533457405073,0.0048913211312003,0.0163041374808607,0.0175593974784039,0.0169125049420681,0.0148737859655853,0.0136741135094568,0.0132523937061302,0.0095546286536352,0.008510355278252,0.0074785840877262,0.0084987688954662,0.0099622232974579,0.0131211089594271,0.0153798055454151,0.0147167872784857,0.0135061645172569,0.0110678747601109,0.0095676590644001,0.0054067704322123,residential,12,winter,0,7,41.30299413,289.12095891,0
2,2021-12-09,0.0017242745382049,0.0009716371351381,0.0004443287248641,0.000430847301399,0.0009536496361276,0.0048933644989031,0.0163112595828505,0.0175670901394536,0.016919862899251,0.014880239953522,0.0134989318825576,0.0109559145352623,0.0095587071167867,0.0085139706920707,0.0074817371179582,0.0085023696501541,0.0099664357552919,0.0131266910243684,0.0153863816904269,0.0147230871591227,0.0135119306504145,0.0110725746933918,0.0095717375275515,0.0054090256593832,residential,12,winter,0,7,41.30299413,289.12095891,0
2,2021-12-10,0.0017249047063387,0.0009719438444778,0.000444407680919,0.0004309228463053,0.0009539481837764,0.0048953733629072,0.0163182614435267,0.0175746539828749,0.0169271130448815,0.0148865845617231,0.0135046773491459,0.0129116305731001,0.009562716729408,0.0085175250723213,0.0074848360823562,0.0085059096242574,0.0099705771005661,0.0131321788557427,0.0153928468865613,0.0147292804835718,0.013517599438362,0.0110771952848014,0.0095757471401728,0.0054112425429647,residential,12,winter,0,7,41.30299413,289.12095891,0
2,2021-12-11,0.0017255229614706,0.0009722453883861,0.0004444856498185,0.0004309970869898,0.0009542412952465,0.0048973471283998,0.0163251409898508,0.0175794886451586,0.0169021196370249,0.0148607119552791,0.0159650522279559,0.0184783597325193,0.009538122093695,0.008488910377655,0.0074557677543625,0.0084772807685865,0.0099425391181074,0.0131349738020701,0.0153991997538821,0.0147353657933638,0.0135231692108909,0.0110817351659955,0.0095796867148552,0.0054134203277908,residential,12,winter,1,7,41.30299413,289.12095891,0
2,2021-12-12,0.0017261314863032,0.000972541581301,0.0004445620208377,0.0004310699793598,0.000954529547791,0.004899282799987,0.016331896130155,0.017586785299483,0.0169090722149816,0.0148668334965354,0.0134837584881761,0.0109374293844452,0.0095419904637706,0.0084923395513677,0.0074587591978389,0.0084806960509262,0.0099465345806382,0.0131402683191902,0.0154054373635182,0.0147413412391019,0.0135286383186994,0.0110861929925312,0.0095835550849308,0.0054155593967001,residential,12,winter,1,7,41.30299413,289.12095891,0
2,2021-12-13,0.0017267279487417,0.0009728321870448,0.0004446367690951,0.0004311415000771,0.0009548121917578,0.004901187079527,0.0163385250290007,0.0175965426904812,0.0169480634689266,0.0149049474240583,0.0135213048785291,0.0109739119616596,0.0095743206940538,0.008527811577942,0.007493799320123,0.0085161544353511,0.0099825623044908,0.013148060839182,0.0154115583036729,0.0147472046739832,0.0135340051290068,0.0110905674442654,0.0095873511048186,0.0054176581880467,residential,12,winter,0,7,41.30299413,289.12095891,0
2,2021-12-14,0.0017273121678741,0.000973117371101,0.0004447102689224,0.0004312116443276,0.0009550891433106,0.0049030521067039,0.0163450255592531,0.0176035651319952,0.0169548141727271,0.0149108379921799,0.0135266390415959,0.0109782028578651,0.0095780432395984,0.0085311114833482,0.0074966800375072,0.0085194409630447,0.0099864071513064,0.013153155770828,0.0154175604983137,0.0147529547386652,0.0135392680656393,0.0110948572257456,0.0095910736503633,0.0054197162862201,residential,12,winter,0,7,41.30299413,289.12095891,0
2,2021-12-15,0.0017278861252431,0.000973396439439,0.0004447822795072,0.000431280382908,0.0009553607640582,0.0049048797760264,0.0163513958511905,0.0176104466155413,0.0169614299686966,0.0149166107110735,0.0135318663038011,0.0130023166617492,0.0095816912084033,0.0085343452791035,0.0074995034057058,0.0085226616428829,0.0099901749710684,0.0131581486316229,0.0154234426965746,0.0147585897428787,0.0135444255701543,0.0110990610665937,0.0095947216191681,0.005421733222512,residential,12,winter,0,7,41.30299413,289.12095891,0
2,2021-12-16,0.0017284474881902,0.0009736702416021,0.0004448528139717,0.000431347695412,0.0009556267497646,0.0049066695391087,0.016357634018796,0.0176171853076977,0.0169679086198757,0.0149222633569979,0.0135369851273383,0.0109865255161321,0.0095852635201569,0.0085375120075497,0.0075022665407277,0.0085258155354272,0.0099938646483007,0.0131630379429784,0.0154292031608221,0.0147641076254892,0.0135494761016708,0.011103177721882,0.0095982939309218,0.0054237082929421,residential,12,winter,0,7,41.30299413,289.12095891,0
2,2021-12-17,0.0017289961284421,0.0009739374772439,0.000444921815768,0.0004314135633162,0.0009558872451969,0.0049084208732275,0.0163637382151811,0.0176237787961186,0.0169742484392068,0.0149277948887894,0.013541993939351,0.0109905548113226,0.0095887591169531,0.0085406107308904,0.0075049605571635,0.0085289017002613,0.0099974750902824,0.0131678222569713,0.0154348396541442,0.0147695071358691,0.0135544181780566,0.0111072059725022,0.009601789527718,0.0054256409482417,residential,12,winter,0,7,41.30299413,289.12095891,0
2,2021-12-18,0.0017295332768068,0.000974199131635,0.0004449892912019,0.0004314779657045,0.0009561417331355,0.0049101332454705,0.0163697066331263,0.0176276291109224,0.0169483399648841,0.0149010963884953,0.0135147845751822,0.0109623875012705,0.0095636427532086,0.008511533542715,0.0074755055929378,0.0084998122293079,0.0099688982388118,0.0131699031304616,0.0154403507728543,0.0147747865486688,0.0135592503312505,0.0111111446255258,0.0096052073743688,0.0054275306161214,residential,12,winter,1,7,41.30299413,289.12095891,0
2,2021-12-19,0.0017300580711517,0.0009744547563256,0.0004450552121781,0.0004315408828711,0.0009563903544334,0.0049118061559804,0.0163755375056177,0.0176339278825524,0.0169543956524489,0.0149063805067695,0.0135195692382607,0.0109662363901997,0.0095669818375512,0.0085144935232825,0.0074780867739123,0.0085027602100314,0.0099723470261126,0.0131744732307549,0.015445734885293,0.0147799443004401,0.0135639711302561,0.0111149925145581,0.0096085464587114,0.0054293767370216,residential,12,winter,1,7,41.30299413,289.12095891,0
2,2021-12-20,0.0017305703560713,0.0009747042756166,0.0004451195591437,0.000431602298552,0.0009566330355811,0.0049134391094206,0.0163812291063847,0.0176426732737392,0.0169924133849094,0.0149436450896063,0.0135563466029587,0.0110021003404929,0.0095987753811426,0.0085494897960227,0.0075127135167595,0.0085377447677279,0.0100078204307971,0.0131815312044592,0.0154509901262104,0.0147849725781988,0.0135685791817585,0.0111187485000832,0.0096118057919074,0.0054311787642783,residential,12,winter,0,7,41.30299413,289.12095891,0
2,2021-12-21,0.0017310699798651,0.0009749476156137,0.000445182312117,0.0004316621934969,0.0009568697108445,0.0049150316222788,0.0163867797747308,0.017648669380861,0.0169981780564641,0.0149486749887859,0.0135609013171565,0.0110057642620558,0.0096019539979715,0.0085523075277959,0.0075151708689455,0.0085405510761578,0.0100111034785691,0.013185881677886,0.0154561154808948,0.01478987908942,0.0135730731117542,0.0111224114698017,0.0096149844087364,0.0054329361236597,residential,12,winter,0,7,41.30299413,289.12095891,0
2,2021-12-22,0.0017315568090355,0.0009751847042662,0.0004452434529756,0.000431720549715,0.0009571003039712,0.0049165832230176,0.0163921877941963,0.0176545114631905,0.0170037946691655,0.0149535753061469,0.0135653390192292,0.0110093340586057,0.009605050957116,0.0085550528729102,0.0075175649973397,0.0085432852927295,0.010014302185858,0.0131901203889944,0.0154611088210723,0.014794658704087,0.0135774515940766,0.0111259803389596,0.0096180813678809,0.0054346483753712,residential,12,winter,0,7,41.30299413,289.12095891,0
2,2021-12-23,0.0017320306705045,0.0009754154713538,0.000445303157301,0.0004317773561426,0.0009573247487035,0.0049180934522472,0.0163974516368738,0.017660198232595,0.0170092615450204,0.0149583455953151,0.0135696583929132,0.011012808672981,0.0096080653414411,0.0085577250183578,0.0075198950776033,0.0085459466055765,0.010017415605397,0.0131942460825303,0.0154659696864955,0.014799311891026,0.0135817133269483,0.0111294540506647,0.0096210957522059,0.0054363150143523,residential,12,winter,0,7,41.30299413,289.12095891,0
2,2021-12-24,0.001732491423985,0.000975640101525,0.0004453608356565,0.0004318325767282,0.0009575426685376,0.0049195618555853,0.0164025652123722,0.0176657274190507,0.0170145771215693,0.0149629832304392,0.0218819465233087,0.0231843583513983,0.0099501151652243,0.0085603231728081,0.0075221616176189,0.0089058405453131,0.0111013366823297,0.0131982575367086,0.0154706959039546,0.0148038330778445,0.0135858570630975,0.0111328315762267,0.0096240266690301,0.005437935104954,residential,12,winter,0,7,41.30299413,289.12095891,0
2,2021-12-25,0.0017329394545949,0.0009758581412519,0.0004454170335185,0.0004318862144668,0.0009577547052468,0.0049209880126272,0.0164075321097827,0.017668500044418,0.0169876326691715,0.0149353809780678,0.0147580256711195,0.0156651577969737,0.0095853086292299,0.0085307395780894,0.0074922565404058,0.0085189404040178,0.0099912759299637,0.0131995565372644,0.0154752855757328,0.0148082240691074,0.0135898815596823,0.0111361119154068,0.00962687325039,0.005439509294886,residential,12,winter,1,7,41.30299413,289.12095891,0
2,2021-12-26,0.0017333738349673,0.000976069470834,0.0004454715501534,0.0004319382481746,0.0009579605392008,0.0049223690521477,0.0164123625349789,0.0176737091473787,0.0169926407594648,0.0149397507915706,0.0135497869882675,0.011173122414697,0.0095880700321376,0.0085331874644281,0.0074943925639931,0.0085213783674508,0.0099941280565809,0.0132033359830477,0.0154797379894932,0.0148124836000423,0.0135937856324884,0.0111392940967693,0.0096296346532978,0.0054410359692043,residential,12,winter,1,7,41.30299413,289.12095891,0
2,2021-12-27,0.001733794535408,0.0009762740342956,0.0004455243590321,0.0004319886607744,0.0009581597424524,0.0049237118970287,0.016417029962558,0.0176813532996719,0.0170295998699519,0.0149760912381451,0.0203594685629246,0.0213487360329344,0.0096192796492251,0.0085676661069059,0.0075285690558178,0.0085558473960442,0.0100289983503977,0.0132095947548114,0.0154840517808435,0.0148166105105384,0.0135975681218839,0.0111423771779412,0.00963231005999,0.0054425151500249,residential,12,winter,0,7,41.30299413,289.12095891,0
2,2021-12-28,0.0017342009045864,0.0009764721581874,0.0004455756583883,0.0004320374448936,0.00095835248546,0.0049250063631564,0.0164215547696623,0.0176862362152403,0.017034294934178,0.0149801876277103,0.0135894369034217,0.0110287190015277,0.0096218682674053,0.0085699608256743,0.0075305714255104,0.0085581328127966,0.0100316720155819,0.0132131377155428,0.015488226369904,0.0148206034305037,0.0136012279058311,0.0111453602458972,0.0096348986781702,0.0054439463467437,residential,12,winter,0,7,41.30299413,289.12095891,0
2,2021-12-29,0.0017345949358472,0.0009766636761885,0.0004456248402914,0.0004320845654652,0.0009585387093033,0.0049262618580308,0.0164259222438612,0.0176909544623567,0.0170388306271838,0.0149841451726794,0.0245124507085492,0.0278632232832836,0.0106033947778019,0.0108744263527687,0.0095234402977864,0.0085603409296563,0.0100342552491055,0.0132165608423385,0.0154922585508292,0.0148244615167087,0.0136047639139795,0.01114824241723,0.0096373997412438,0.0054453291355658,residential,12,winter,0,7,41.30299413,289.12095891,0
2,2021-12-30,0.0017349737166656,0.0009768483377396,0.0004456726685907,0.0004321300363692,0.00095871835881,0.0049274682154867,0.016430130913144,0.0176955057416072,0.017043206735848,0.0149879631675794,0.0135964780505493,0.0110343830655009,0.0096267820977797,0.0085743167630895,0.0075343724128833,0.0085624710927104,0.0100367472859685,0.0132198631214718,0.0154961496085053,0.0148281832930239,0.0136081750847396,0.0111510228384119,0.0096398125085445,0.0054466627884379,residential,12,winter,0,7,41.30299413,289.12095891,0
2,2021-12-31,0.0017353397069335,0.0009770265353479,0.0004457185539104,0.0004321738218733,0.0009588911562984,0.0049286348758137,0.0164341933019077,0.0176998895520885,0.0170474208221627,0.0149916403618353,0.0135998078264374,0.0141280916354239,0.0096291058547894,0.0085763766917666,0.0075361699049371,0.0085645226711313,0.0100391473881777,0.0132230435750041,0.0154998962324322,0.0148317676287079,0.0136114604102427,0.0111537006860474,0.0096421362655543,0.0054479478661329,residential,12,winter,0,7,41.30299413,289.12095891,0
3,2021-01-01,0.003889174518018,0.0028151428765354,0.0020788906602534,0.0020335226069798,0.002803543102948,0.0081987587132854,0.0233040230130551,0.0252149321369306,0.024230313322974,0.0215444772348465,0.0197664362530428,0.0165290101320161,0.0147159975559046,0.0132816283654584,0.011926998000332,0.0133962137602608,0.0158490911792579,0.0207271190788481,0.0237654192879557,0.0227543068938685,0.0210770197410056,0.0175866962207543,0.0150069499040432,0.0090856161193393,residential,1,winter,0,1,70.79292465,70.79292465,0
3,2021-01-02,0.0038895784904374,0.0028153500238595,0.0020789435396483,0.0020335737553641,0.002803745998937,0.0082001233754357,0.0233087782720046,0.0252200521428664,0.024235234291828,0.021548773582803,0.0197703258854229,0.0165321375724501,0.0147187116247429,0.0132840344820415,0.0119290974424701,0.0133986122099828,0.0158518972504297,0.020730838784304,0.0237698019355624,0.0227584960873565,0.0210808576506963,0.017589823022542,0.0150096639728815,0.0090871133587086,residential,1,winter,1,1,70.79292465,70.79292465,0
3,2021-01-03,0.0038899837598088,0.0028155480762654,0.0020789943389747,0.0020336227275737,0.0028039397970888,0.0082014297774102,0.0233133305674368,0.0252249536257727,0.0242399454855918,0.0215528861804618,0.0197740494840658,0.0165351315294299,0.0147213098533946,0.0132863379022633,0.0119311072775335,0.0134009082905756,0.0158545835546289,0.0207343997276209,0.0237739967898155,0.0227625063752842,0.0210845317411251,0.017592816367886,0.0150122622015332,0.0090885463737503,residential,1,winter,1,1,70.79292465,70.79292465,0
3,2021-01-04,0.0038903715786646,0.0028157377841168,0.0020790430721952,0.0020336695091108,0.0028041251111661,0.0082026775540006,0.0233176740188933,0.025247814285601,0.0244691939233792,0.021781563348451,0.02000235495202,0.0167627400376064,0.0149235309451979,0.0135132868652707,0.0121577758316116,0.0136278502433598,0.0160818982176149,0.0207559800384347,0.0237780036461675,0.0227663368039844,0.0210880409446335,0.0175956753705942,0.0150147438205574,0.0090899156995511,residential,1,winter,0,1,70.79292465,70.79292465,0
3,2021-01-05,0.0038907404373261,0.0028159182338164,0.0020790891111588,0.0020337140644576,0.0028043018864429,0.0082038663357467,0.0233218209370945,0.0252522744626596,0.0244734806826036,0.0217853058444166,0.0200057431923841,0.0167654644048188,0.0149258952196867,0.0135153828769762,0.0121596046936574,0.0136299395763238,0.0160843426370017,0.0207592203411828,0.0237818210346188,0.0227699862343418,0.0210913842157127,0.0175983991840001,0.0150171080950462,0.0090912199709918,residential,1,winter,0,1,70.79292465,70.79292465,0
3,2021-01-06,0.003891090227178,0.0028160893717777,0.0020791330270596,0.0020337564020835,0.0028044696229394,0.0082049957562354,0.0233257564976032,0.025256511923803,0.0244775534144098,0.0217888614815886,0.0200089623643009,0.0167680527510448,0.0149281414494826,0.0135173742379487,0.0121613422433535,0.0136319245920144,0.0160866650101805,0.0207622988604558,0.0237854481113484,0.0227734532102461,0.0210945605386706,0.0176009870011083,0.0150193543248421,0.0090924591712764,residential,1,winter,0,1,70.79292465,70.79292465,0
3,2021-01-07,0.0038914222243514,0.0028162517514809,0.0020791746311944,0.0020337965022287,0.0028046284948062,0.0082060654882563,0.0233294840679049,0.0252605254453979,0.0244814109120705,0.0217922292072393,0.020012011407786,0.0167705043070354,0.0149302689693859,0.0135192603584656,0.0121629879661413,0.0136338047025881,0.0160888646494026,0.0207652146845794,0.0237888832303617,0.0227767370756607,0.0210975690150037,0.0176034380562708,0.0150214818447454,0.0090936328352977,residential,1,winter,0,1,70.79292465,70.79292465,0
3,2021-01-08,0.0038917356619284,0.00281640502274,0.0020792139016093,0.0020338343530179,0.0028047784549959,0.0082070752150634,0.0233330025443936,0.025264313838233,0.024485052032628,0.0217954080242776,0.020014889419894,0.0167728183467856,0.0149322771493518,0.0135210406799702,0.0121645413746553,0.0136355793512679,0.0160909409032656,0.0207679669500599,0.0237921253728261,0.0227798367313208,0.0211004087355115,0.017605751623286,0.0150234900247113,0.0090947406642989,residential,1,winter,0,1,70.79292465,70.79292465,0
3,2021-01-09,0.0038920304327812,0.0028165491401662,0.0020792508266747,0.002033869943242,0.0028049194591002,0.0082080246376816,0.0233363108853705,0.0252496967956243,0.0242637267759502,0.0215736480702614,0.0197928466270459,0.0165502452637314,0.0147344259218976,0.013297965753954,0.0119412530875855,0.0134124990912254,0.0158681442356235,0.0207523756576643,0.0237951744414402,0.0227827514021643,0.021103078864062,0.017607927017013,0.0150253782700362,0.0090957823302334,residential,1,winter,1,1,70.79292465,70.79292465,0
3,2021-01-10,0.0038923064496204,0.0028166840610946,0.0020792853954559,0.0020339032623615,0.002805051465363,0.0082089134749869,0.0233394081113514,0.0252530316304508,0.0242669319701826,0.0215764463028075,0.0197953801812667,0.0165522822589273,0.0147361936733956,0.0132995329272454,0.0119426205149448,0.0134140612708684,0.0158699719109012,0.0207547984093642,0.0237980286708614,0.0227854798285636,0.0211055785954497,0.0176099635932295,0.0150271460215342,0.0090967574734672,residential,1,winter,1,1,70.79292465,70.79292465,0
3,2021-01-11,0.003892563644989,0.002816809999362,0.0020793176073581,0.0020339343013271,0.002805174434713,0.0082097414637983,0.0233422933053572,0.0252743177021596,0.0244946666756575,0.0218038021167883,0.0200224891228569,0.0167789287234668,0.0149375798803429,0.0135257417357406,0.0121686432517827,0.0136402654275722,0.0160964233878496,0.0207752344876848,0.0238006875035998,0.0227880215889464,0.0211079072038751,0.0176118607488227,0.0150287927557024,0.0090976659082509,residential,1,winter,0,1,70.79292465,70.79292465,0
3,2021-01-12,0.0038928019141675,0.0028169261562956,0.0020793476191215,0.0020339630557252,0.0028052883306738,0.0082105083589499,0.0233449656131849,0.0252771946792071,0.0244974321350612,0.021806216449888,0.0200246749971576,0.0167806862556714,0.0149391051095167,0.013527093904542,0.0121698230783045,0.0136416132878167,0.0160980003197072,0.0207773248559168,0.0238031498629744,0.0227903759719203,0.0211100640129888,0.0176136179224247,0.0150303179848762,0.0090985073128238,residential,1,winter,0,1,70.79292465,70.79292465,0
3,2021-01-13,0.0038930218968068,0.0028170333074218,0.0020793748652276,0.002033989497801,0.0028053931195779,0.0082112139333675,0.0233474242436602,0.0252798419359152,0.0244999764803407,0.0218084375124498,0.0200266860926667,0.0167823032563478,0.0149405083820138,0.0135283379545006,0.012170908566399,0.0136428533737286,0.0160994511607635,0.0207792480791931,0.023805415598436,0.0227925417706508,0.0211120483434547,0.0176152345927639,0.0150317212573733,0.0090992811169995,residential,1,winter,0,1,70.79292465,70.79292465,0
3,2021-01-14,0.0038932221360005,0.0028171313240683,0.002079399923168,0.0020340136405991,0.0028054887703736,0.0082118555163843,0.0233496684135309,0.0252822583403171,0.0245022989475854,0.0218104650896403,0.0200285217649348,0.0167837792466364,0.0149417892822683,0.0135294735172027,0.0121718993946091,0.0136439853180684,0.0161007754813657,0.0207810035879695,0.0238074837501176,0.0227945190214097,0.0211138596259045,0.0176167102810429,0.0150330021576278,0.0090999881086725,residential,1,winter,0,1,70.79292465,70.79292465,0
3,2021-01-15,0.0038934025585374,0.0028172194155392,0.002079422562,0.0020340354703135,0.0028055752547495,0.0082124403025452,0.0233516976243858,0.0252844435287684,0.0245043988588356,0.0218122985779003,0.0200301816002498,0.0167851137894367,0.0149429474309538,0.0135305002563622,0.0121727952695104,0.0136450087856215,0.0161019728893287,0.0207825908623685,0.0238093535161713,0.0227963066050992,0.0211154973369813,0.0176180445511995,0.0150341603063133,0.0091006270104515,residential,1,winter,0,1,70.79292465,70.79292465,0
3,2021-01-16,0.0038935645308164,0.0028172984144428,0.002079442802098,0.0020340549787535,0.0028056525470518,0.008212960734183,0.0233535065616548,0.0252682165806474,0.0242815266400478,0.0215891880793086,0.0198069160614568,0.0165615575682535,0.0147442430123165,0.0133066689466371,0.011948847004515,0.0134211745520146,0.0158782941087685,0.0207658302481584,0.0238110249115562,0.0227979042610155,0.0211169609973729,0.0176192370081317,0.0150351953604551,0.0091011980061211,residential,1,winter,1,1,70.79292465,70.79292465,0
3,2021-01-17,0.0038937079899247,0.0028173680434747,0.0020794608830999,0.0020340721695566,0.0028057204001099,0.0082134166490944,0.0233551083317863,0.0252699364388214,0.02428317935461,0.0215906309304829,0.0198082225516488,0.016562608072446,0.014745154665393,0.0133074771588514,0.0119495522050822,0.0134219801889377,0.0158792366653392,0.0207670796935942,0.0238124971639918,0.0227993112528634,0.021118250140146,0.0176202872977166,0.0150361070135316,0.0091017009266005,residential,1,winter,1,1,70.79292465,70.79292465,0
3,2021-01-18,0.0038938308081955,0.0028174281364557,0.0020794760392678,0.0020340870139931,0.0028057794667236,0.0082138153211098,0.0233564889845824,0.025289602145304,0.0245093572635582,0.0218166271818806,0.0200341006803795,0.0167882649879903,0.014945682120206,0.0135329246536606,0.0121749106623735,0.013647425457809,0.0161048002799114,0.0207863388286647,0.0238137694452162,0.022800527513741,0.021119364407377,0.01762119510941,0.0150368949955655,0.009102135571102,residential,1,winter,0,1,70.79292465,70.79292465,0
3,2021-01-19,0.0038939350486954,0.0028174788211499,0.0020794890258112,0.0020340995310604,0.0028058290565018,0.0082141492233589,0.0233576524930234,0.025290854923289,0.0245105613399921,0.021817678370229,0.0200350523996052,0.0167890302092738,0.0149463461978437,0.0135335133816229,0.0121754243533146,0.0136480123098458,0.0161054868686555,0.0207872489652012,0.023814841377883,0.0228015525210372,0.0211203034492354,0.0176219601738541,0.0150375590732032,0.0091025015919157,residential,1,winter,0,1,70.79292465,70.79292465,0
3,2021-01-20,0.0038940199569252,0.002817520288036,0.0020794995940485,0.0020341097089716,0.0028058693790741,0.0082144182636344,0.0233585985126287,0.025291873585744,0.0245115404020912,0.0218185331152067,0.0200358263492674,0.0167896524309837,0.0149468861744251,0.013533992089675,0.0121758420470637,0.0136484894925403,0.0161060451495278,0.020787989017851,0.0238157135190841,0.0228023859872945,0.02112106701754,0.0176225822655137,0.0150380990497846,0.009102799796654,residential,1,winter,0,1,70.79292465,70.79292465,0
3,2021-01-21,0.003894085521995,0.0028175517628712,0.0020795077140528,0.002034117544713,0.0028059004224997,0.0082146297511464,0.0233593269293952,0.025292657830831,0.0245122941597575,0.0218191911637496,0.0200364220446382,0.0167901314600438,0.0149473018900411,0.0135343606360521,0.0121761636199249,0.0136488568645795,0.0161064749571986,0.0207885587674547,0.0238163847361488,0.0228030276497294,0.0211216548713082,0.0176230611996497,0.0150385147654006,0.0091030291814174,residential,1,winter,0,1,70.79292465,70.79292465,0
3,2021-01-22,0.0038941317102427,0.0028175739982977,0.0020795134112425,0.0020341230350129,0.002805922177562,0.00821477623436,0.0233598373615874,0.0252932074261717,0.0245128223896512,0.0218196523210297,0.0200368395648381,0.0167904671634053,0.0149475932215816,0.0135346189116127,0.0121763889766673,0.0136491143171697,0.0161067761643845,0.0207889580452863,0.0238168551218656,0.0228034774508568,0.0211220668412829,0.0176233968344304,0.0150388060969411,0.0091031898966855,residential,1,winter,0,1,70.79292465,70.79292465,0
3,2021-01-23,0.0038941585364748,0.0028175867350982,0.0020795166743483,0.0020341261801464,0.0028059346391524,0.0082148601331661,0.0233601297134515,0.0252753430247407,0.0242883760139737,0.0215951675292294,0.0198123297797544,0.0165659105174325,0.0147480206099922,0.0133100179185878,0.0119517691292708,0.0134245128527855,0.0158821997606028,0.0207710075489277,0.0238171245369682,0.0228037350032371,0.0211223028111736,0.0176235890709907,0.0150389729581308,0.0091032819469331,residential,1,winter,1,1,70.79292465,70.79292465,0
3,2021-01-24,0.0038941659802301,0.0028175899670916,0.0020795175023692,0.0020341269782315,0.0028059378013107,0.0082148814226769,0.0233602038984322,0.0252754229016165,0.0242884527856459,0.0215952345527141,0.0198123904611351,0.0165659593077509,0.014748062951417,0.0133100554557361,0.0119518018820772,0.0134245502703252,0.01588224353733,0.0207710655790066,0.0238171929016915,0.0228038002306115,0.0211223626649964,0.0176236378508118,0.0150390152995556,0.0091033053139953,residential,1,winter,1,1,70.79292465,70.79292465,0
3,2021-01-25,0.003894154033269,0.0028175836933203,0.0020795158950599,0.0020341254290319,0.0028059316631004,0.0082148400825954,0.0233600598945538,0.0252934470331306,0.0245130526819203,0.0218198533716401,0.0200370215910101,0.0167906135199117,0.0149477202333168,0.0135347315119411,0.0121764872253872,0.0136492265587078,0.0161069074816023,0.0207891321183378,0.0238170599038943,0.022803673362589,0.0211222464407887,0.0176235431610377,0.0150389331086763,0.0091032599636778,residential,1,winter,0,1,70.79292465,70.79292465,0
3,2021-01-26,0.0038941227051459,0.0028175679156672,0.0020795118528968,0.0020341215330064,0.0028059162263393,0.0082147361672039,0.0233596977444889,0.0252930570968758,0.0245126779043873,0.0218195261819608,0.0200367253616962,0.0167903753393962,0.0149475135344735,0.0135345482662151,0.0121763273354628,0.0136490438968769,0.0161066937760186,0.0207888488319287,0.0238167264585681,0.0228033543256316,0.0211219541733573,0.0176233050297079,0.015038726409833,0.0091031459366844,residential,1,winter,0,1,70.79292465,70.79292465,0
3,2021-01-27,0.0038940720034417,0.00281754264114,0.0020795053771107,0.0020341152922592,0.0028058914978687,0.0082145696652424,0.0233591175554181,0.0252924323925686,0.0245120774853773,0.02181900200183,0.0200362507822017,0.0167899937580221,0.0149471823888782,0.0135342546941078,0.0121760711809368,0.0136487512602091,0.0161063514051488,0.0207883949878477,0.0238161917888204,0.0228028431981425,0.021121485902725,0.0176229235262843,0.0150383952642377,0.0091029632576878,residential,1,winter,0,1,70.79292465,70.79292465,0
3,2021-01-28,0.0038940019431579,0.002817507875933,0.0020794964695769,0.0020341067067381,0.0028058574836777,0.0082143406399936,0.023358319499126,0.0252915731053143,0.0245112516027957,0.0218182809864415,0.0200355979930691,0.0167894688887913,0.0149467268945964,0.0135338508825576,0.0121757188376671,0.0136483487353659,0.0161058804703829,0.0207877707204964,0.0238154563448503,0.0228021401368039,0.0211208418039726,0.0176223987642751,0.0150379397699559,0.0091027119287434,residential,1,winter,0,1,70.79292465,70.79292465,0
3,2021-01-29,0.003893912563687,0.00281746363027,0.0020794851339833,0.0020340957799354,0.0028058141938627,0.0082140491592557,0.0233573038118867,0.0252904794897268,0.0245102005013532,0.0218173633492659,0.0200347672726147,0.0167888008900697,0.0149461471865185,0.0135333369511495,0.0121752704099966,0.0136478364415513,0.0161052811111837,0.0207869762147455,0.0238145198630503,0.0228012455069491,0.021120022036786,0.0176217308985673,0.015037360061878,0.0091023921803743,residential,1,winter,0,1,70.79292465,70.79292465,0
3,2021-01-30,0.0038938038408429,0.0028174099192741,0.0020794713716112,0.0020340825151085,0.0028057616430835,0.008213695309391,0.0233560707944081,0.0252709726856777,0.0242841755712099,0.0215915004407046,0.0198090097754154,0.0165632410325287,0.0147457039635404,0.0133079641307965,0.0119499771094401,0.0134224656091932,0.0158798045837627,0.0207678325217049,0.0238133837733271,0.0228001592356752,0.0211190268999302,0.0176209201284918,0.015036656311679,0.0091020038993373,residential,1,winter,1,1,70.79292465,70.79292465,0
3,2021-01-31,0.0038936758673325,0.0028173467529345,0.0020794551880642,0.0020340669169678,0.002805699841403,0.0082132791951478,0.0233546208117403,0.0252694114549023,0.0242826750330152,0.0215901904331417,0.0198078237716281,0.0165622874018213,0.0147448763796293,0.0133072304488264,0.0119493369397763,0.0134217342650307,0.0158789489461597,0.0207666982953559,0.0238120471987462,0.022798881872171,0.021117856627491,0.0176199666926018,0.0150358287277679,0.0091015473564198,residential,1,winter,1,1,70.79292465,70.79292465,0
3,2021-02-01,0.0038935286383062,0.0028172741558484,0.002079436587175,0.0020340489885059,0.0028056288126009,0.0082128009397509,0.0233529542931695,0.0252857962600051,0.0245056993313804,0.0218134337144307,0.0200312093968175,0.0167859402774469,0.0149436646798663,0.013531136122512,0.0121733500905854,0.0136456426256445,0.0161027144517636,0.020783573871589,0.0238105117809855,0.0227974136927699,0.0211165115819623,0.0176188708732692,0.0150348775552258,0.009101022634869,residential,2,winter,0,1,70.79292465,70.79292465,0
3,2021-02-02,0.0038933622116124,0.0028171921504616,0.0020794155760668,0.002034028736945,0.0028055485786725,0.0082122606847641,0.0233510717320892,0.025283769264322,0.0245037511347467,0.0218117328877806,0.0200296695965283,0.0167847021501503,0.014942590200374,0.0135301835590073,0.0121725189371927,0.0136446930973925,0.0161016035492376,0.0207821012681039,0.0238087767290729,0.0227957550875279,0.0211149921948117,0.0176176329964962,0.0150338030757335,0.0091004298900635,residential,2,winter,0,1,70.79292465,70.79292465,0
3,2021-02-03,0.0038931766365345,0.0028171007555499,0.0020793921586815,0.0020340061667406,0.0028054591581364,0.00821165859022,0.0233489736858577,0.0252815106036074,0.0245015799517878,0.0218098375981589,0.0200279534916701,0.016783322299147,0.0149413927321283,0.0135291219616878,0.0121715926470197,0.0136436348827517,0.0161003654888481,0.0207804601051741,0.0238068432878229,0.0227939069051415,0.0211132988735894,0.0176162534269066,0.0150326056074878,0.0090997692975243,residential,2,winter,0,1,70.79292465,70.79292465,0
3,2021-02-04,0.0038929719680261,0.0028170000007753,0.0020793665968679,0.0020339812916253,0.0028053605799182,0.0082109948343232,0.0233466607756282,0.0252790202441126,0.02449918640551,0.0218077479676464,0.0200260615649896,0.0167818011359759,0.0149400726297482,0.0135279516449356,0.0121705714943782,0.0136424682951023,0.0160990006372348,0.0207786508688142,0.0238047116780235,0.0227918693429867,0.0211114321475659,0.0176147325745053,0.0150312855051077,0.0090990410528634,residential,2,winter,0,1,70.79292465,70.79292465,0
3,2021-02-05,0.0038927482666951,0.0028168899159746,0.0020793381391611,0.0020339540986048,0.0028052528732434,0.008210269613691,0.0233441336861708,0.0252762989272722,0.0244965712052405,0.021805464611568,0.0200239943802263,0.0167801391082495,0.0149386302841695,0.0135266729553289,0.012169455781673,0.0136411936799181,0.0160975093985856,0.0207766740948125,0.0238023834952216,0.0227896429035554,0.0211093925554564,0.0176130708891922,0.015029843159529,0.0090982454224174,residential,2,winter,0,1,70.79292465,70.79292465,0
3,2021-02-06,0.0038925055845128,0.0028167705337477,0.0020793075516707,0.002033924617608,0.0028051360700121,0.0082094831668171,0.0233413931656642,0.0252551689735527,0.0242689862247322,0.0215782397282051,0.0197970037892641,0.0165535877926229,0.0147373266497501,0.0133005373502564,0.0119434969180289,0.0134150624933813,0.0158711432932338,0.0207563511843962,0.0237998579854109,0.022787228595672,0.0211071807109191,0.0176112688630595,0.0150282789978887,0.0090973825401569,residential,2,winter,1,1,70.79292465,70.79292465,0
3,2021-02-07,0.0038922440218801,0.0028166418894478,0.0020792745910971,0.0020338928485576,0.0028050102047746,0.0082086356551281,0.0233384400254785,0.0252519892758441,0.0242659301367721,0.0215755716719459,0.0197945882034133,0.0165516455625457,0.0147356411352597,0.0132990430829375,0.0119421931043247,0.0134135729874028,0.015869400642659,0.0207540411407609,0.0237971362488778,0.022784626980472,0.0211047972641423,0.0176093270297603,0.0150265934833984,0.0090964527125269,residential,2,winter,1,1,70.79292465,70.79292465,0
3,2021-02-08,0.0038919636419844,0.0028165040211706,0.0020792392672015,0.0020338588016194,0.0028048753148226,0.0082077274010283,0.0233352751399337,0.0252667607762956,0.0244874038580849,0.0217974612327254,0.0200167484198627,0.0167743129960128,0.0149335742398477,0.0135221905958853,0.0121655447266726,0.0136367256030856,0.0160922819629308,0.0207697446480042,0.0237942196687379,0.0227818388125456,0.0211022429328506,0.0176072459647599,0.0150247871152072,0.0090954561646382,residential,2,winter,0,1,70.79292465,70.79292465,0
3,2021-02-09,0.0038916645421408,0.0028163569697438,0.0020792015904447,0.002033822486876,0.0028047314401017,0.0082067586496275,0.0233318994460408,0.0252631261162718,0.0244839104829031,0.021794411414553,0.0200139871985343,0.0167720928612116,0.0149316475528945,0.0135204825207757,0.0121640543563035,0.0136350229705945,0.0160902899645555,0.0207671040709228,0.0237911091069823,0.0227788650705215,0.021099518459967,0.0176050262835102,0.015022860428254,0.009094393342249,residential,2,winter,0,1,70.79292465,70.79292465,0
3,2021-02-10,0.0038913467680637,0.0028162007787141,0.0020791615712041,0.0020337839150815,0.0028045786232181,0.0082057296877703,0.0233283139432251,0.0252592655569046,0.0244802000012181,0.0217911720416773,0.0200110543607111,0.0167697347397344,0.0149296011177495,0.013518668284722,0.0121624713558594,0.013633214515431,0.0160881741587275,0.0207642993756746,0.0237878046224847,0.0227757063918614,0.0210966246372951,0.0176026686437739,0.015020813993109,0.0090932644094146,residential,2,winter,0,1,70.79292465,70.79292465,0
3,2021-02-11,0.0038910104567117,0.0028160354943352,0.0020791192224708,0.0020337430968942,0.002804416909407,0.0082046408282485,0.0233245196930301,0.0252370010579088,0.0242515245799343,0.0215629953838425,0.0197832018656366,0.0165424904086336,0.0147276960676657,0.0132919995037099,0.0119360472728478,0.0134065518518689,0.0158611862507398,0.0207431522086676,0.0237843083418828,0.0227723636266041,0.0210935623291449,0.0176001737433857,0.0150186484158044,0.0090920697506571,residential,2,winter,0,1,70.79292465,70.79292465,0
3,2021-02-12,0.0038906556933885,0.0028158611655532,0.0020790745567828,0.0020337000455218,0.0028042463465853,0.0082034923691169,0.023320517818804,0.0252326921981182,0.0242473832250194,0.021559379602726,0.0197799284664797,0.0165398584494672,0.0147254119895168,0.0132899745888538,0.0119342804459181,0.013404533389211,0.0158588247462129,0.0207400218171933,0.0237806198058562,0.0227688382305846,0.0210903324820816,0.0175975423222603,0.0150163643376554,0.009090809350996,residential,2,winter,0,1,70.79292465,70.79292465,0
3,2021-02-13,0.0038902832945494,0.0028156778925002,0.0020790277821869,0.0020336547809298,0.0028040669852625,0.0082022846747867,0.0233163095053667,0.0252281610700723,0.024243027989013,0.0215555777751112,0.0197764862179139,0.0165370907203819,0.0147230100869317,0.01328784521853,0.0119324224770163,0.0134024108039227,0.0158563414232012,0.0207367299441117,0.0237767416624477,0.0227651308469247,0.021086935997772,0.0175947751582765,0.0150139624350703,0.0090894846417143,residential,2,winter,1,1,70.79292465,70.79292465,0
3,2021-02-14,0.0038898912508016,0.002815485583942,0.002078978522228,0.0020336073017307,0.0028038788785448,0.0082010180947349,0.0233118914684256,0.0252234094688523,0.0242384605857625,0.0215515903340841,0.0197728760899241,0.0165341880410146,0.0147204910712111,0.0132856120233313,0.0119304739163624,0.0134001847245877,0.0158537370171172,0.0207332775642799,0.0237726750565496,0.0227612425732953,0.0210833739230808,0.017591873072216,0.0150114434193497,0.0090880950054787,residential,2,winter,1,1,70.79292465,70.79292465,0
3,2021-02-15,0.0038894817836019,0.0028152844423353,0.0020789269868615,0.0020335576296308,0.0028036820821476,0.0081996930039941,0.0233072740770897,0.0252184374130436,0.0242336822937934,0.0215474186821853,0.0197690990999424,0.0165311512682828,0.0147178556883376,0.0132832756645974,0.011928435341004,0.0133978558104382,0.015851012299231,0.0207296657000875,0.0237684199274369,0.022757174790945,0.0210796472779756,0.0175888369222751,0.0150088080364762,0.0090866411740734,residential,2,winter,0,1,70.79292465,70.79292465,0
3,2021-02-16,0.0038890550148291,0.0028150745272354,0.0020788729961512,0.0020335057708516,0.0028034766543174,0.0081983097949218,0.0233024586925817,0.0252132481562759,0.0242286945007136,0.0215430640756859,0.0197651566667639,0.0165279813095473,0.0147151047187549,0.0132808368342188,0.0119263073546461,0.0133954247511601,0.0158481680764422,0.0207258954211538,0.0237639776989063,0.0227529287800331,0.0210757572007911,0.0175856676084713,0.0150060570668935,0.0090851236247398,residential,2,winter,0,1,70.79292465,70.79292465,0
3,2021-02-17,0.0038886089635881,0.0028148557553265,0.0020788169559189,0.0020334517569167,0.0028032624323443,0.0081968688698839,0.0232974376872942,0.0252078420317305,0.0242234985370752,0.0215385277827225,0.0197610496176418,0.0165246790955122,0.0147122389771367,0.013278296254432,0.0119240905874715,0.0133928922666886,0.0158452051910402,0.0207219678440113,0.0237593504651325,0.0227485054504538,0.0210717048223255,0.01758236606907,0.0150031913252753,0.0090835426666551,residential,2,winter,0,1,70.79292465,70.79292465,0
3,2021-02-18,0.0038881465960992,0.0028146283853612,0.0020787586878881,0.0020333955952758,0.0028030401503295,0.0081953682246881,0.023292217020892,0.0252204001842532,0.0244428448731144,0.0217585600747132,0.0199815282868446,0.0167459945280631,0.0149089987849242,0.0135004035988887,0.0121465346172379,0.013615008028278,0.0160668734417387,0.0207360633159503,0.0237545400730939,0.0227439061032761,0.0210674913515366,0.0175789332819926,0.0150002116602837,0.0090818989081644,residential,2,winter,0,1,70.79292465,70.79292465,0
3,2021-02-19,0.0038876652142223,0.0028143922907243,0.0020786984040055,0.0020333373102143,0.0028028092034136,0.0081938117859807,0.0232867983494234,0.0252145659137814,0.0244372377313586,0.021753664508288,0.0199770959524255,0.0167424307814292,0.0149059060789588,0.0134976618073007,0.0121441422839511,0.0136122749731475,0.0160636758982829,0.0207318246779723,0.0237495462519385,0.0227391324314808,0.0210631180260476,0.0175753702633968,0.0149971189543183,0.0090801928345289,residential,2,winter,0,1,70.79292465,70.79292465,0
3,2021-02-20,0.0038871670548018,0.0028141476867811,0.0020786357904166,0.0020332769045704,0.002802569660177,0.0081922017643531,0.0232811787046944,0.0251903405996781,0.0242066780469013,0.0215238425343445,0.0197477540826709,0.0165139889109804,0.014702961775116,0.0132700716916237,0.0119169142960779,0.0133846939106656,0.0158356135075952,0.0207092531853097,0.0237443714843768,0.0227341858207037,0.0210585861535944,0.0175716780686639,0.0149939141232546,0.0090784248152072,residential,2,winter,1,1,70.79292465,70.79292465,0
3,2021-02-21,0.0038866516102883,0.0028138945974757,0.0020785708874176,0.0020332144034458,0.0028023222616855,0.0081905344550995,0.0232753733010757,0.0251840854466565,0.0242006657342952,0.021518593473834,0.0197430017717072,0.0165101678529145,0.0146996457680345,0.0132671319358165,0.0119143492303365,0.0133817635221101,0.015832185093494,0.0207047085070545,0.0237390173918626,0.0227290675123855,0.0210538970586983,0.0175678577910821,0.0149905981161732,0.0090765955536506,residential,2,winter,1,1,70.79292465,70.79292465,0
3,2021-02-22,0.0038861196750365,0.0028136333992591,0.0020785037022855,0.0020331498181444,0.0028020664110735,0.0081888141802284,0.0232693703619427,0.0251958012631088,0.0244192022953006,0.0217379189159856,0.019962840405455,0.0167309687388018,0.0148959590397184,0.01348884341046,0.0125879315756691,0.0136034846752878,0.0160533916712717,0.0207181919890699,0.0237334853745125,0.0227237789161986,0.0210490521427351,0.0175639105622598,0.0149871719150779,0.009074705096695,residential,2,winter,0,1,70.79292465,70.79292465,0
3,2021-02-23,0.0038855693666663,0.0028133632650839,0.0020784347519798,0.0020330831894054,0.0028018024075058,0.0081870341107608,0.0232631715068169,0.0251891319122578,0.024412792242353,0.0217323226053565,0.0199577737304998,0.0167268948952494,0.0148924236592464,0.0134857091724992,0.0121337130864053,0.0136003604242775,0.0160497364473939,0.0207133466535925,0.0237277772532672,0.0227183219571272,0.021044052846269,0.0175598375510447,0.0149836365346059,0.0090727547711222,residential,2,winter,0,1,70.79292465,70.79292465,0
3,2021-02-24,0.0038850029024111,0.0028130851793362,0.0020783635021885,0.0020330145153472,0.0028015303291627,0.0081852021193283,0.0232567922641932,0.0251822586497061,0.0244061863957105,0.0217265550824875,0.0199525520487058,0.0167226964499706,0.0148887801463672,0.0137358057707783,0.0130698158711957,0.0137621207962173,0.0160459694256035,0.0207083531196982,0.0237218946262586,0.0227126982203073,0.0210389006430328,0.0175556399634667,0.0149799930217266,0.0090707451091347,residential,2,winter,0,1,70.79292465,70.79292465,0
3,2021-02-25,0.0038844197651922,0.0028127989228751,0.0020782899645719,0.0020329438163137,0.0028012502566163,0.0081833162996286,0.0232502209398386,0.0251751835577881,0.0243993859549025,0.0217206181771399,0.0202056123966289,0.0167183746462953,0.0177886379268552,0.0151792278449773,0.012127994492366,0.0144096802959913,0.0168300350144702,0.0210252001219006,0.0240766541039627,0.0227069089853591,0.0210335970531884,0.017551319042693,0.0149762424554319,0.0090686757569769,residential,2,winter,0,1,70.79292465,70.79292465,0
3,2021-02-26,0.0038838201276931,0.0028125045804708,0.0020782147439541,0.0020328711348342,0.0028009622728058,0.0081813758136836,0.0232434594876376,0.0251679083090259,0.0243923939448363,0.0219081540402539,0.0219257647059862,0.0194397479004807,0.0166948703467669,0.0152278673723914,0.0171971054420464,0.0158390070535643,0.0174072494105625,0.0243743387070134,0.0246222422808376,0.0228304902974004,0.0213266226306509,0.0182449945667657,0.0154375754398393,0.0090665485917647,residential,2,winter,0,1,70.79292465,70.79292465,0
3,2021-02-27,0.0038832041674834,0.0028122022392884,0.0020781372795641,0.0020327964708399,0.0028006664630132,0.0081793854247828,0.0232365189139329,0.0251422563620465,0.0241604624447399,0.0214834940529399,0.0200089941700368,0.016484617198069,0.0147484579841912,0.013577051889364,0.0118972009709805,0.0133621685980486,0.015809259970699,0.0206743191480125,0.0237032160065653,0.0226948419293446,0.0210225420492009,0.0175423123561025,0.0149684246367485,0.0090643632957659,residential,2,winter,1,1,70.79292465,70.79292465,0
3,2021-02-28,0.0038825720669666,0.0028118919888616,0.0020780577887102,0.0020327198536401,0.0028003629148382,0.0081773415335801,0.0232293967693816,0.0251345881262051,0.0241530923316872,0.0214770594601364,0.0197053983188034,0.016479933142591,0.0146734073513943,0.0134824249047603,0.0118940527526811,0.013358576375328,0.0158050572390675,0.0206687480405574,0.0236966526417118,0.0226885632654662,0.0210167939141489,0.0175376292575306,0.0149643596995329,0.0090621201300183,residential,2,winter,1,1,70.79292465,70.79292465,0
3,2021-03-01,0.0038819240342915,0.0028115742219965,0.0020779763045192,0.0020326413059241,0.0028000517181719,0.008175248582776,0.0232220952176769,0.0251449058734433,0.0243702857088204,0.0216952116394327,0.0199241747898863,0.0166998799847892,0.0148689794632026,0.0134649250759123,0.0121155780515183,0.0135796425567418,0.0160254975328401,0.0206812157427245,0.0236899236253525,0.0226821238662355,0.0210109009439995,0.017532828159463,0.0149601923385621,0.0090598219036163,residential,3,spring,0,1,70.79292465,70.79292465,0
3,2021-03-02,0.0038812601839874,0.0028112481300937,0.002077892628312,0.0020325608437672,0.0027997329651707,0.0081731023093692,0.0232146207999513,0.0251368533135839,0.024362546095107,0.0216884547383891,0.0199180572519163,0.0166949613019634,0.0148647109126011,0.0134611408570881,0.0121122828001985,0.0135758703955971,0.016021084285608,0.020675365577564,0.0236830314905178,0.02267552824782,0.0210048648885227,0.0175279104836994,0.0149559237879606,0.0090574670740321,residential,3,spring,0,1,70.79292465,70.79292465,0
3,2021-03-03,0.0038805815210357,0.0028109150131724,0.0020778074053067,0.0020324785125523,0.0027994067502286,0.0081709033525013,0.0232069622626544,0.0251286124907109,0.0243546256369745,0.0216815396174365,0.0199117966796871,0.0166899274786907,0.0148603424364597,0.0134572680507914,0.0121089067749671,0.0135720099300169,0.0160165677255296,0.0206865657171982,0.0236759776699656,0.0226687727893389,0.0209986875259564,0.0175228776865629,0.0149515553118192,0.0090550568446932,residential,3,spring,0,1,70.79292465,70.79292465,0
3,2021-03-04,0.0038798860760133,0.0028105740893328,0.0020777198559761,0.0020323943079259,0.0027990731699492,0.0081686596786179,0.0231991355047855,0.0251201856549279,0.0243465264667441,0.0216744683649232,0.0199053945831999,0.0166847799968695,0.0148558753284613,0.013453307803917,0.012105450555758,0.01356806230388,0.0160119491901414,0.0206632561682273,0.0236687655289855,0.022661875398375,0.0209923706857847,0.0175177312584687,0.0149470882038208,0.0090525917078378,residential,3,spring,0,1,70.79292465,70.79292465,0
3,2021-03-05,0.0038791761753223,0.0028102253941555,0.0020776308394803,0.0020323082835484,0.0027987323231174,0.0081663608100075,0.0231911381345955,0.0251115756726378,0.024338251056697,0.0216672431011737,0.0198988531753228,0.0166795203895453,0.0154842947373119,0.0146115069048221,0.0121019145060544,0.0135640286811151,0.0160072300471789,0.0210753820525147,0.0236613952147966,0.0226548226000871,0.0209859162523105,0.0175124727234827,0.014942523786857,0.0090500748192996,residential,3,spring,0,1,70.79292465,70.79292465,0
3,2021-03-06,0.0038784513271512,0.002809869697693,0.0020775396472206,0.0020322204433565,0.0027983843106702,0.0081640175226075,0.0231829771607825,0.0250846051337806,0.0241050525042455,0.022571408823565,0.0196674252032664,0.018219494914031,0.0169210500089666,0.0160666932611727,0.0140533714773871,0.0150063558024712,0.0182208931761178,0.0226025981837686,0.0250173297235614,0.0240094165301439,0.0219255331557007,0.0188522595533016,0.0160535893834071,0.0090475038721888,residential,3,spring,1,1,70.79292465,70.79292465,0
3,2021-03-07,0.0038777117461173,0.0031701278373218,0.0020774466725196,0.0021762239945442,0.0032199816651838,0.0081616266754691,0.0231746459904577,0.0250756352272844,0.0248218853630377,0.0246014279857925,0.0245273570120197,0.020700474305018,0.020340505555573,0.0188551179551292,0.0162969720833954,0.0179066021265711,0.0216088560275474,0.0256270142098462,0.0275770798549555,0.0258179859345348,0.0233029386890386,0.0206299261442115,0.0177753796242365,0.010823500744297,residential,3,spring,1,1,70.79292465,70.79292465,0
3,2021-03-08,0.0061439157845891,0.0048810705144307,0.0029502390587299,0.0038720530823147,0.0039226066553805,0.0081591889824292,0.0242944295229945,0.0263935050452643,0.0243124228996057,0.0233155528464401,0.0219074812257771,0.0182856454425843,0.0183934089564837,0.0169875506140962,0.0132999056147113,0.0141500487660331,0.0165681266279035,0.0206374520680144,0.0241238877653744,0.0232854883299601,0.0209657466340833,0.0174960402130475,0.0149282603409378,0.0090422059180129,residential,3,spring,0,1,70.79292465,70.79292465,0
3,2021-03-09,0.0038761899701701,0.0028087600294782,0.0020772550726731,0.0020319463265711,0.0027972983206499,0.008156708980977,0.0231574920033182,0.0250753500763575,0.0243034752561448,0.0216368447528932,0.0198713319969304,0.0166573922917363,0.0148321076119583,0.0134322368951717,0.01208706795124,0.0135470585384567,0.0159873757883333,0.0206306818637357,0.0236303892564897,0.0226251495890029,0.0209587612996885,0.017490349148166,0.0149233204873178,0.0090394811340657,residential,3,spring,0,1,70.79292465,70.79292465,0
3,2021-03-10,0.0038754075072002,0.0028083761121438,0.0020771567074049,0.0020318515172144,0.0027969226970874,0.0081541797689354,0.0231486831400757,0.0250658613099721,0.0242943767160854,0.0216288822606051,0.0198641231024459,0.0166515960448434,0.014827077487957,0.0134277775149955,0.0120831790312166,0.0135426133758796,0.0159821751519151,0.0206237879414346,0.0236222674014455,0.0226173770553998,0.0209516483160054,0.0174845540853454,0.0149182903633165,0.0090367062059695,residential,3,spring,0,1,70.79292465,70.79292465,0
3,2021-03-11,0.0038746105231649,0.002807985118755,0.0020770565964579,0.0020317550344879,0.0027965404438041,0.008151605915204,0.0231397142483204,0.0250562050585617,0.0242851306329196,0.0216207792146404,0.0198567869723079,0.0166456974952658,0.0148219585831982,0.0134232394275845,0.0120792214706206,0.0135380897499303,0.0159768827249827,0.0206167723426808,0.0236140021890325,0.0226094673380172,0.0209444097894769,0.0174786567407386,0.0149131714585577,0.0090338822999509,residential,3,spring,0,1,70.79292465,70.79292465,0
3,2021-03-12,0.0038738006479966,0.0028075877617936,0.0020769547885755,0.002031656906964,0.0027961516739989,0.0081489881819236,0.0231305924489708,0.0250463842144272,0.0242757269599176,0.0216125380233985,0.019849325779042,0.0166396983898028,0.0148167524135969,0.0134186239768504,0.0120751964413367,0.0135334890071906,0.0159715000750779,0.0206096371450775,0.0236055960664922,0.022601422779243,0.0209370478637239,0.0174726588607883,0.0149079652889564,0.0090310102522334,residential,3,spring,0,1,70.79292465,70.79292465,0
3,2021-03-13,0.0038729774171781,0.0028071838685409,0.0020768513043552,0.0020315571637019,0.0027957565028005,0.0081463273442298,0.0231213204428659,0.0250182225028894,0.0240414194948129,0.0213794122057398,0.0196169928109269,0.0164088515837499,0.0146117210481318,0.0131891836083321,0.0118463562139594,0.0133040635888437,0.0157412798749387,0.0205842052774703,0.0235970515227954,0.0225932457613971,0.0209295647189111,0.0174665622217099,0.0149026733962704,0.009028090913297,residential,3,spring,1,1,70.79292465,70.79292465,0
3,2021-03-14,0.0038721410744933,0.002806773548302,0.0020767461744428,0.0020314558342398,0.0027953550472333,0.0081436241900232,0.0231119009753275,0.0250080812496752,0.0240317089320705,0.0213709020845622,0.0196092881564722,0.0164026567255038,0.0146063449995051,0.0131844175539235,0.0118421998425592,0.0132993127223561,0.0157357215873982,0.0205768372560238,0.0235883710879056,0.0225849387060258,0.020921962571101,0.0174603686289653,0.0148972973476438,0.0090251251476267,residential,3,spring,1,1,70.79292465,70.79292465,0
3,2021-03-15,0.0038712918676093,0.0028063569279965,0.0020766394299646,0.002031352948585,0.0027949474261827,0.0081408795197295,0.0231023368353484,0.0250159634591615,0.0242465981468539,0.0215870101796521,0.0198262141457262,0.0166211156512817,0.0148006258597827,0.0134043272250462,0.0120627285572566,0.0135192378146518,0.0159548268584909,0.0205875352627079,0.0235795570814283,0.0225765041866764,0.0209142436756508,0.0174540799167284,0.0148918387351422,0.009022113498935,residential,3,spring,0,1,70.79292465,70.79292465,0
3,2021-03-16,0.0038704300626888,0.0028059341282592,0.0020765313743404,0.0020312485443438,0.0027945337603599,0.0081380917258295,0.0230926263618859,0.0250055141158463,0.0242365922215837,0.0215782414958393,0.0198182751851638,0.0166147323778554,0.0147950862999227,0.0133994162122325,0.0120584457671224,0.0135143424401976,0.0159490995165677,0.0205799431446512,0.023570612864862,0.0225679444768289,0.0209064103102838,0.0174476979473417,0.0148862991752822,0.0090190578625094,residential,3,spring,0,1,70.79292465,70.79292465,0
3,2021-03-17,0.0038695558708853,0.0028055052757649,0.0020764212242682,0.0020311426310241,0.0027941141722669,0.0081352688938888,0.0230827859074292,0.0249949148081887,0.0242264426965681,0.0215693470075263,0.0198102225353744,0.0166082577185699,0.0147894674331924,0.0133944348911152,0.0129738061219883,0.0135093769927192,0.0165254438174685,0.0217729653782143,0.0235615397631166,0.0225592622141985,0.0208984647988787,0.0174412246107649,0.0148806803085519,0.0090159581397332,residential,3,spring,0,1,70.79292465,70.79292465,0
3,2021-03-18,0.0038686703033384,0.0028050707966805,0.0020763098371693,0.0020310352614011,0.0027936887861585,0.0081324045996994,0.0230728004783829,0.0249841691154941,0.0242161535791071,0.0215603295462665,0.01980205861207,0.0168567747460328,0.0174601263151879,0.0161454202130588,0.015691415125315,0.016109999862441,0.020672111044953,0.0244161104902888,0.0254388308291033,0.0237833989236317,0.0213179303676545,0.0174346618240155,0.0148749837989255,0.0090128155580219,residential,3,spring,0,1,70.79292465,70.79292465,0
3,2021-03-19,0.0038677722065955,0.0028046299697459,0.002076196945709,0.002030926460134,0.0027932577280072,0.0081295021116957,0.023062690812774,0.024973280233443,0.0242057264855853,0.023940042362505,0.0229424181247708,0.0215565730672136,0.0198312241550651,0.0193332011715726,0.0187147018249267,0.0198657662291009,0.0231503914874044,0.02738497759528,0.02611371257918,0.0243215338335573,0.0226962511126402,0.0190634964230457,0.016177179894854,0.01002823475304,residential,3,spring,0,1,70.79292465,70.79292465,0
3,2021-03-20,0.0038668625101607,0.0028041839789297,0.0020760826213506,0.0020308162594428,0.0027928211254649,0.0081265622977973,0.0230524421940356,0.0249440718780274,0.0239704172105823,0.0229905362833835,0.0209043288281794,0.0170079085932334,0.0191358185922514,0.0172140227095812,0.0149441207351191,0.0179439455722273,0.021800086409757,0.0238465121554334,0.0265373588928097,0.025426198401973,0.0210731772372535,0.0188001440488139,0.0153068602689389,0.0090064049980059,residential,3,spring,1,1,70.79292465,70.79292465,0
3,2021-03-21,0.0038659408327841,0.0028037319015104,0.0020759671311278,0.0020307046990816,0.0027923791078257,0.008123582216668,0.0230420708780642,0.024932906483576,0.0239597254370713,0.0231721106246665,0.0216394811981048,0.0182574635035386,0.0176431166965923,0.0164453451118132,0.0151062760541222,0.0147137754438239,0.0181006581691078,0.0229550739351593,0.0243338273492026,0.0225233597210882,0.0208656088361009,0.0174144563267905,0.0148574453943052,0.0090031402770581,residential,3,spring,1,1,70.79292465,70.79292465,0
3,2021-03-22,0.0038650088069005,0.002803274723353,0.0020758499737899,0.002030591797853,0.0027919318059875,0.0081205717239291,0.023031580031844,0.0249397864448452,0.0241736545383531,0.0215230845776135,0.0197683390030792,0.0165745816587604,0.0147602425298071,0.0133685259960707,0.0120315070099948,0.0134835506571909,0.0159130746017024,0.0205321888062301,0.0235143520453065,0.0225141039712742,0.020857138528955,0.0174075554306407,0.0148514554051666,0.0089998357921368,residential,3,spring,0,1,70.79292465,70.79292465,0
3,2021-03-23,0.0038640660584872,0.0028028122808093,0.0020757314889036,0.0020304775963042,0.0027914793524125,0.0081175251662688,0.0230209594661317,0.0249283572595433,0.0241627102247522,0.0217119814869412,0.0199520707563271,0.0192325879170309,0.0180882414562116,0.0152393346720403,0.015874271790224,0.0156991772412513,0.0202733239332513,0.0231222922139237,0.0250783840708985,0.024669928028198,0.0208816400079476,0.0181449045369286,0.0153759578054587,0.0089964929679624,residential,3,spring,0,1,70.79292465,70.79292465,0
3,2021-03-24,0.0038631128223605,0.0028023447075148,0.0020756116329173,0.0020303621282599,0.0027910218810889,0.0081144448200919,0.0230102299785636,0.0249168013924556,0.0243990664085683,0.0238323204622428,0.022230962929184,0.0199943145615199,0.0191573575538149,0.015032345049287,0.0133614243149569,0.0134727825129408,0.0159004763971951,0.0205154887273045,0.0234946766877823,0.0224952755068215,0.0208399077879543,0.0173935172674215,0.0148392702565448,0.0089931133762775,residential,3,spring,0,1,70.79292465,70.79292465,0
3,2021-03-25,0.0038621501071594,0.0028018724435266,0.0020754905650105,0.0020302454279146,0.0027905592222792,0.008111331590469,0.0229993815103578,0.0249051219496739,0.0241404608879733,0.0214939944609411,0.019742002550098,0.0165534060597758,0.0147418658302185,0.0133522344116425,0.0120172994007262,0.0134673109866777,0.0158940749631447,0.0205070030376319,0.0234846795481342,0.0224857083379646,0.0208311524568202,0.0173863841576212,0.014833078705578,0.0089896973404538,residential,3,spring,0,1,70.79292465,70.79292465,0
3,2021-03-26,0.0038611767755558,0.0028013947811186,0.0020753682354697,0.0020301275298281,0.0027900922075225,0.0081081864134623,0.0229884172913046,0.0248933228149699,0.0241291622872368,0.0214840925390735,0.0197330380897742,0.0165461982678031,0.0147356107331194,0.013346689050137,0.0120124633812436,0.0134617832957326,0.0165168208036512,0.0204984302562498,0.023474579166527,0.0224760429777855,0.0208223072665484,0.017379177838129,0.0148268236084789,0.0089862469971759,residential,3,spring,0,1,70.79292465,70.79292465,0
3,2021-03-27,0.0038601931142861,0.0028009126139689,0.0020752447660025,0.0020300084689146,0.0027896204177108,0.008105012615077,0.0229773494151628,0.0248632283527626,0.0238930033753806,0.02124934419386,0.0194992362920959,0.0163141704644157,0.0145295544694967,0.0131163400736947,0.0123788642677647,0.0132314521843867,0.0171434206333273,0.0210026040742935,0.02365155008897,0.0224662822885882,0.0208133748365584,0.0173719004430281,0.0148205068176353,0.0089827622430849,residential,3,spring,1,1,70.79292465,70.79292465,0
3,2021-03-28,0.0038592008390648,0.0028004261742004,0.0020751200220942,0.0020298882804329,0.0027891443295066,0.0081018039305981,0.0229661765967972,0.0248512000951639,0.0238814853268288,0.0212392500413198,0.0194900976805488,0.0165145779713351,0.016806083975959,0.0144824085765667,0.0128981541540248,0.0139505930315765,0.0178947876221652,0.022003522106675,0.0243589611254399,0.0227745439549716,0.0208043578121047,0.0173645541274502,0.014814130203705,0.0089792444851866,residential,3,spring,1,1,70.79292465,70.79292465,0
3,2021-03-29,0.003858199531673,0.0027999348155867,0.0020749941833423,0.0020297669999754,0.0027886640495912,0.0080985685217831,0.0229549066883902,0.0248572418050798,0.0240946115394877,0.0225082052979169,0.0210717058551741,0.017857840617991,0.0172247150991609,0.0154772530922406,0.0149198637287707,0.0154111342392442,0.0190642606571003,0.0225514663646614,0.025011876096257,0.0239241264960922,0.0207952588601878,0.0180676561394878,0.015359250800715,0.008975694392483,residential,3,spring,0,1,70.79292465,70.79292465,0
3,2021-03-30,0.0038571894886314,0.0027994394301864,0.0020748672583869,0.0020296446634582,0.0027881793659122,0.0080953049307945,0.0229435342075081,0.0248449986968578,0.02408288794036,0.0236588254726959,0.0224654464736548,0.0197278859455645,0.0198814966814325,0.0174098696100753,0.0160151546588778,0.0157764309634139,0.0211385223780422,0.0241411181323412,0.0263832519182034,0.0246262205071668,0.0216481308931513,0.0187333724871569,0.0159089160494729,0.0089721141342711,residential,3,spring,0,1,70.79292465,70.79292465,0
3,2021-03-31,0.0038561710090498,0.002798939915071,0.0020747392753497,0.0020295213071099,0.0027876906417337,0.0080920165256164,0.0229320669613794,0.0250837706494417,0.0249216334539887,0.0255758895465037,0.0224663111538292,0.0195082315818362,0.0194059779252132,0.0182204244487574,0.016623630051491,0.0176420975455692,0.0214211895978889,0.0238773622725921,0.0264090225682009,0.0253181278062848,0.0233121781697972,0.0192094680517206,0.0155903208440103,0.0089685036527599,residential,3,spring,0,1,70.79292465,70.79292465,0
3,2021-04-01,0.0038551451096938,0.0027984367145811,0.0020746100901127,0.0020293969603794,0.0027871980217854,0.008088699489898,0.0229205082370937,0.0248202096276914,0.0240591503064744,0.0214227356265367,0.0196774892605741,0.0165015347683812,0.0148595427202117,0.0142988855692656,0.0119824966406549,0.013427530632681,0.0158475338582559,0.0204453085219984,0.0234119947999621,0.0224161509283219,0.02076749753177,0.0173345234637856,0.0147880635385544,0.0089648646959952,residential,4,spring,0,1,70.79292465,70.79292465,0
3,2021-04-02,0.0038541099341022,0.0027979290885754,0.0020744800955873,0.0020292716742568,0.0027867016519507,0.0080853572022411,0.0229088615115318,0.0248076714011837,0.0240471436445658,0.0214122133180504,0.0196679630707135,0.0164938753050926,0.0146902035940807,0.013306434039398,0.0119773575540857,0.013421656584733,0.0158406614656055,0.0204361985322661,0.0234012618725514,0.0224058798956317,0.0207580980628627,0.0173268655644813,0.0147814164694402,0.0089611974231718,residential,4,spring,0,1,70.79292465,70.79292465,0
3,2021-04-03,0.0038530679790823,0.0027974180765389,0.0020743491670111,0.0020291454787578,0.0027862014602953,0.0080819906452779,0.0228971302334004,0.0247768631427317,0.0238103008973841,0.0211768653391321,0.0194336187784049,0.0162614113245708,0.0144837688053371,0.0130757494872481,0.0117474322442346,0.0136539756038531,0.0156089902676542,0.0204088432347323,0.02339045080991,0.0223955343090296,0.0207486303691842,0.0173191520813527,0.0147747211534757,0.0089575041327531,residential,4,spring,1,1,70.79292465,70.79292465,0
3,2021-04-04,0.003852019509807,0.0027969035815762,0.0020742175248642,0.0020290184183235,0.002785698251665,0.0080786008371171,0.0228853135244474,0.0247641469347376,0.0237981232214759,0.0222583874814507,0.0209058520923005,0.0162536429548919,0.015552896628233,0.013729710239739,0.0136170704244853,0.0156679460817714,0.017652457373704,0.0204211752142066,0.0239287271575317,0.0223851173269415,0.0207390972574554,0.0173113852986748,0.0147679795734152,0.0089537850282073,residential,4,spring,1,1,70.79292465,70.79292465,0
3,2021-04-05,0.0038509634189936,0.0027963856586932,0.0020740848258033,0.0020288905164408,0.0027851915183589,0.0080751887603827,0.0228734279384873,0.0247513470797015,0.0237858658384593,0.0230541436158435,0.021269907037688,0.0180323652530437,0.016422122515591,0.014512827224372,0.01601142736531,0.0160668819039501,0.0178296423181671,0.0227345464586054,0.0239548103422104,0.0228204209416478,0.0207295015448514,0.017499868578855,0.0147611937257139,0.0089500411989638,residential,4,spring,0,1,70.79292465,70.79292465,0
3,2021-04-06,0.0038499000177687,0.0027958644642382,0.0020739513003701,0.0020287618180601,0.0027846816293685,0.0080717554325368,0.0228614595981187,0.0247566464125941,0.0239982812697376,0.0215122941860778,0.0206041108690492,0.017550348616845,0.016158153040482,0.0132824525188632,0.011956443449643,0.0133977514582,0.0158126936373117,0.0203991246043443,0.0233575831101692,0.022364080998286,0.0207198460732324,0.0172957010500104,0.0147543656199363,0.0089462746455087,residential,4,spring,0,1,70.79292465,70.79292465,0
3,2021-04-07,0.0038488310559714,0.0027953402459502,0.0020738167978245,0.0020286323542374,0.0027841687356914,0.0080683018702735,0.0228494294244811,0.0247436910955257,0.0239858746568498,0.0213775729628132,0.0196193519642936,0.0164547899846333,0.0148333726098839,0.013276363494587,0.0119511333484646,0.0133916818654635,0.0158055924713759,0.0203897113543879,0.0233464926141584,0.0223534680529249,0.0207101337076994,0.0172877882287658,0.0147474972781612,0.0089424856008156,residential,4,spring,0,1,70.79292465,70.79292465,0
3,2021-04-08,0.0038477561328594,0.0027948131118712,0.0020736819287886,0.0020285021844801,0.0027836529892152,0.008064829096291,0.0228373236226139,0.0247306636268987,0.0239733993657199,0.0213475857119478,0.019609453886804,0.0164468315261129,0.0146493778590234,0.0134090386570843,0.0124976993031109,0.0142380309165433,0.0157984518074988,0.020998197563522,0.023335340838865,0.0227456455356057,0.0207003673215847,0.0172798313960796,0.0147405907343829,0.0089386754795489,residential,4,spring,0,1,70.79292465,70.79292465,0
3,2021-04-09,0.0038466755667567,0.002794283218921,0.0020735462191056,0.0020283713261687,0.0027831345426722,0.008061335761588,0.0228251630606567,0.0247175680602382,0.0239608584619685,0.0217963737048692,0.0210622184212448,0.0205330125616062,0.018705693543561,0.0166634244089337,0.0189119402867822,0.0178212299005024,0.0195115296868826,0.0242171328205687,0.0249531189850569,0.0238327875548594,0.0222839060747847,0.0185941236561604,0.015745039327263,0.0089348454100116,residential,4,spring,0,1,70.79292465,70.79292465,0
3,2021-04-10,0.0038455903977013,0.0027937507697116,0.0020734095386846,0.0020282398180686,0.0027826135495946,0.0080578276580907,0.022812938452256,0.0257688359815687,0.0251378972193613,0.025215198257691,0.022827554361596,0.0192181850508108,0.0194863820209344,0.0182137136047069,0.0165024627028587,0.0202553198978391,0.0219716076149677,0.0240404136427146,0.0272659856572804,0.0255819126168009,0.0218945798102208,0.0190309949461041,0.0155687981806807,0.0089309965264157,residential,4,spring,1,1,70.79292465,70.79292465,0
3,2021-04-11,0.0039652420562018,0.0027932157799761,0.0020732726695044,0.0020281077202536,0.0027820901642686,0.0080543058144494,0.0228006577494113,0.0252334727874385,0.0256375653994211,0.0269006229445317,0.0235610905910496,0.0214592789238656,0.0193641491889159,0.0174920319927066,0.0200234846156773,0.0189292134268623,0.0205628842602772,0.0250398718713374,0.0264994076637542,0.0254421835448627,0.0231419784663768,0.0207503149791407,0.0171874290831559,0.010141157211118,residential,4,spring,1,1,70.79292465,70.79292465,0
3,2021-04-12,0.0056165819404984,0.0043834506551229,0.0022172394469762,0.0025916907929792,0.0032755690796944,0.008050764158242,0.0240057891092369,0.0266809769287309,0.0274383585550009,0.0283280889548527,0.0254932449282235,0.0240799073901912,0.0213519027313179,0.0192870380483856,0.0227547170032354,0.0207854303624367,0.0214762929722127,0.0266762707953037,0.0270603109538093,0.0259552172691839,0.0244462129980112,0.0205851778258896,0.017688086030698,0.0113278638005373,residential,4,spring,0,1,70.79292465,70.79292465,0
3,2021-04-13,0.0053581389533314,0.0040359263984443,0.0030137414058805,0.0029843577077912,0.0036301410574294,0.0088270632423666,0.0247829137390178,0.0273783804262496,0.0288920118151886,0.0296661302187419,0.0269344275935361,0.0251867303059506,0.0236958835661394,0.0215299164569232,0.0229050986267042,0.0225909278768646,0.0242102346469046,0.0273569125001667,0.0281646791466094,0.0270984352927614,0.0254093332391428,0.0217893383721494,0.018172579047008,0.0121935010909299,residential,4,spring,0,1,70.79292465,70.79292465,0
3,2021-04-14,0.0065689169915547,0.0052326492391173,0.0045708106720392,0.0048102034401122,0.0048117463965979,0.0099992132317697,0.025566352150477,0.028015645862391,0.028250867291932,0.0277481180161768,0.0249671539635153,0.0195755537480383,0.02089801557366,0.0183225935747381,0.0159404122855834,0.0186775503867207,0.0207619594471522,0.0232942176441734,0.0268183910149498,0.0251587877615139,0.0218430894484999,0.0191018727960091,0.0162902509532712,0.0093782898167679,residential,4,spring,0,1,70.79292465,70.79292465,0
3,2021-04-15,0.0047570622429177,0.0034910110484863,0.0020727190371401,0.0020275740476655,0.0027799758100373,0.0080400664088188,0.022875565511319,0.0252350675624046,0.0253836540220695,0.0257748809282929,0.0236567119155396,0.0197049483592024,0.0188679003778931,0.0186812434081962,0.0166102585018819,0.019634694720775,0.0206257091268224,0.0237472333630655,0.0263147615759229,0.0246354519224737,0.0220551358073872,0.0192158136084676,0.0163544187800264,0.0093939085589419,residential,4,spring,0,1,70.79292465,70.79292465,0
3,2021-04-16,0.0048277737874997,0.0035750253871958,0.0020725794008033,0.0023466439721916,0.003204936501717,0.0080364773785859,0.0239177584461854,0.0264248713331644,0.0259486730342297,0.026588761160783,0.0239494809478668,0.0202033733432244,0.0195053443829689,0.0183536246746151,0.0182178597666341,0.0206911732622351,0.021415760565074,0.024462343307157,0.0272409406411494,0.0261742858259564,0.0229719221588567,0.0200690979476223,0.0172051300194381,0.0102210154646064,residential,4,spring,0,1,70.79292465,70.79292465,0
3,2021-04-17,0.0057001125510198,0.0044430223393619,0.0023306796616356,0.0026843072506633,0.0033606580938786,0.0080328785601242,0.0241292031403833,0.0273651437072123,0.027468958042912,0.028915826624105,0.0258060087776106,0.0240508766489037,0.0209214212521357,0.0191102597691633,0.02163207861972,0.0204965383793438,0.0220832418430131,0.0272871224072122,0.0276344387447389,0.0265349227264407,0.0242255675043441,0.0205206661826386,0.0176852453366295,0.0113656153319451,residential,4,spring,1,1,70.79292465,70.79292465,0
3,2021-04-18,0.0061461407870718,0.0041298648640155,0.0030309392898992,0.0030267380162146,0.0036893673099795,0.0082148013921091,0.0246458072854645,0.0271321256840141,0.0278454159649341,0.0276919056884801,0.0256794799413537,0.0246860079586954,0.0213465438947562,0.0194288868761977,0.0202037346318379,0.0219386403301618,0.0226916218127873,0.0272091260007594,0.0277681170060198,0.02667199352857,0.0243020750544148,0.0206705558479219,0.0178139286524576,0.0114848343559876,residential,4,spring,1,1,70.79292465,70.79292465,0
3,2021-04-19,0.006247688301612,0.0049393619298178,0.0030837213074175,0.0030889848876125,0.0037537432857916,0.0084949240960166,0.0247155322988939,0.0281095082204733,0.0289516141653703,0.0309069380059073,0.0264188530553727,0.0245379611716756,0.022008493418364,0.0202665233925734,0.0218475826767276,0.0218941398368262,0.0229828327722269,0.0277910537473735,0.0279588962355534,0.0268655292752515,0.025136159748566,0.0208550901480058,0.0179709162766108,0.0120123015575652,residential,4,spring,0,1,70.79292465,70.79292465,0
3,2021-04-20,0.0064215803073808,0.0050882751403309,0.0040767449107603,0.0040266004908691,0.0046848290491065,0.0098274353171005,0.0250964602570768,0.0275118287734344,0.027845909985018,0.0258614922078298,0.0248935079844709,0.0226121903196502,0.020588923467405,0.0191966521839577,0.0212007675145943,0.0213201128167667,0.0222695041775105,0.0269860111140403,0.0283113087190202,0.0265218457091327,0.0250533324357159,0.021287274634051,0.0184377276279269,0.012062823678261,residential,4,spring,0,1,70.79292465,70.79292465,0
3,2021-04-21,0.0062702564248699,0.0056883400705479,0.0043041718814858,0.0046327877303465,0.0053064839083923,0.0099561485378104,0.0261733675545449,0.0287576682058927,0.0280758673655076,0.0287696748090008,0.0271228998093186,0.0220148684971742,0.0231375424984037,0.020355424815675,0.0189315067281852,0.0229834609874516,0.0234293966034512,0.0254577139005327,0.0285199962957419,0.0274901520913932,0.0240160716992389,0.0214039843917081,0.0185782912079028,0.0113546995801661,residential,4,spring,0,1,70.79292465,70.79292465,0
3,2021-04-22,0.0063232469730595,0.0050324806967947,0.0034656525847891,0.0039427445997881,0.0052826566433274,0.0091083214157191,0.0253058161623409,0.0286544155352393,0.027476193376354,0.0276333963794049,0.0254012574595603,0.0226854070654877,0.0218628674674,0.0196535725181094,0.0185618621393584,0.0184778265599472,0.0204880775070096,0.0251207270541008,0.0281407835732186,0.0263430021734117,0.0245585150981603,0.0210784269903013,0.0182998590206161,0.012537483771871,residential,4,spring,0,1,70.79292465,70.79292465,0
3,2021-04-23,0.0068622792714335,0.0055694891001735,0.0045422493155434,0.0045560500983116,0.0052705851099567,0.0096549190749616,0.0248271471783192,0.0271634961780025,0.0258690782173806,0.0251645373618454,0.0240380616207563,0.019578164568251,0.0193152850171025,0.0173306830095389,0.0140418950969304,0.0169055800475278,0.0184504467897651,0.0216872622688152,0.0251926734525877,0.0241279034184227,0.0215486277273034,0.0187907762008012,0.0159716199838149,0.0091762083538865,residential,4,spring,0,1,70.79292465,70.79292465,0
3,2021-04-24,0.0044879152065585,0.0032385468633876,0.0020714525551031,0.0020263534045051,0.0030015581776764,0.008007502567941,0.0234174312408617,0.0259169428751999,0.0248332478171537,0.0248047741911575,0.0229136571019757,0.0187785685648335,0.0195210072174578,0.0167289055942025,0.0140235115185229,0.0175602086217745,0.019544043906407,0.0223832444108097,0.0258627065519825,0.0247919376237563,0.021900550446814,0.0194714014566702,0.016669530470931,0.0096709761473505,residential,4,spring,1,1,70.79292465,70.79292465,0
3,2021-04-25,0.0052621344030999,0.0040364978958346,0.0020713110493065,0.0023124284772804,0.0037428967147348,0.0080038639817456,0.0236101067507,0.0268465758036501,0.0256433384163559,0.0256460126622001,0.0254946334129014,0.0208293391015689,0.021042769375317,0.0192984676072176,0.0193160257897153,0.0208948178577495,0.0220077817502501,0.025076342599885,0.0279214879392798,0.0268775319661545,0.0236974759190702,0.0208864215591268,0.0180622102572033,0.0110173765371784,residential,4,spring,1,1,70.79292465,70.79292465,0
3,2021-04-26,0.0066218008458248,0.0053887459472897,0.0034594912606649,0.0036706454390738,0.0043539634534022,0.0088474644099433,0.0248196193831105,0.0273511801868459,0.0269257460135348,0.0269473141368499,0.0255489063503512,0.0212858592282346,0.0227610312227595,0.0183139612670465,0.0133526325675071,0.0149413124599067,0.0188228192119627,0.0228691601091558,0.026071508480995,0.0249103779986045,0.0227841970188361,0.0189563896222968,0.0161331672521469,0.0100542364091585,residential,4,spring,0,1,70.79292465,70.79292465,0
3,2021-04-27,0.0046870102641954,0.0034175403521953,0.0020710280647807,0.0020259442598718,0.0027735187586224,0.0079965898543959,0.0230116964757589,0.0265209741309377,0.0280248582367709,0.0294029089664964,0.0264938351653462,0.0242599858936757,0.0224598127044319,0.0205258283278909,0.0202848680471724,0.0220041788180003,0.0228914477853312,0.0273881508223775,0.0288168328047211,0.0270349378964829,0.0254999365665758,0.0217427442951987,0.0188830664404261,0.01215264717947,residential,4,spring,0,1,70.79292465,70.79292465,0
3,2021-04-28,0.0068291313571778,0.0056010499289763,0.0041633356340084,0.0038531724106784,0.0037983092210307,0.0093732646715771,0.0244291254885904,0.027607518044683,0.0278116134551621,0.0275390659713694,0.0258212124206662,0.0221908440098958,0.0216776686989224,0.0197894357071654,0.0199777075403105,0.0218163909652913,0.0235774178309661,0.0271765469715203,0.0287420718766268,0.0277016881248909,0.0247120993572701,0.0211567797359015,0.0184212377371865,0.0116602950299518,residential,4,spring,0,1,70.79292465,70.79292465,0
3,2021-04-29,0.0069216902901948,0.0055936396204161,0.0035995437999962,0.0039430178921867,0.0045984416922552,0.0090895646692908,0.0255003804498414,0.0280990175188523,0.028587806865902,0.0296577686022886,0.0265765370900715,0.0234512428621749,0.0212781058729718,0.0193537626068735,0.0183135672209913,0.0192300604124291,0.0210646442562877,0.0241504873431996,0.0279905996764752,0.026259361522959,0.0235326852761788,0.0202612256945892,0.0174414444055425,0.0109051484484516,residential,4,spring,0,1,70.79292465,70.79292465,0
3,2021-04-30,0.0053876833654505,0.0034055582510176,0.0020706042933186,0.002025535799168,0.0027719004782141,0.0079856930118372,0.0233659904355491,0.0260804989787677,0.0258635446604641,0.0255693527324085,0.0243682975072381,0.0208829990407791,0.0187529839741676,0.0166258837724429,0.0159261011232451,0.0167527000610317,0.0188740703400631,0.0229330344714355,0.025056193570658,0.0235566240259647,0.0215692848910393,0.0181723229612914,0.0158614992610945,0.0100233452271922,residential,4,spring,0,1,70.79292465,70.79292465,0
3,2021-05-01,0.0048775504650059,0.0036036443015034,0.0025221031519743,0.0025999214372218,0.0034627349724753,0.0085222844084487,0.0241600046893147,0.0263347793502961,0.0247743210522623,0.023338105638281,0.0226101277349274,0.0189725361698654,0.0184214972975256,0.0175111364441118,0.0144919761434579,0.0161216388568818,0.0183362519228442,0.0216078706712371,0.0254710741164001,0.0238001248334817,0.021553200650685,0.0172492706318703,0.0150619050913554,0.0088478773129165,residential,5,spring,1,1,70.79292465,70.79292465,0
3,2021-05-02,0.0038210158900741,0.0027817021474919,0.0020703227716606,0.0020252644096575,0.0027708252598913,0.0079784505839185,0.0225363288379083,0.024877921513009,0.0252476251758901,0.025322200203602,0.0246001381481061,0.0213120502933075,0.0189836277013983,0.0192961063966542,0.0181344970558014,0.0198423424825347,0.0199843385520656,0.0240730886381878,0.0284971419742806,0.0266187575577437,0.0231599380598283,0.0205989128891908,0.0178171664851352,0.0107042865269598,residential,5,spring,1,1,70.79292465,70.79292465,0
3,2021-05-03,0.0064265832284849,0.0044862386939368,0.0032148168190519,0.0034469931949707,0.0048699785682191,0.0090806301720714,0.0260820173395786,0.0285256522151857,0.030081061074034,0.0288083629547394,0.0274524400997305,0.0250630045728779,0.0224486274637462,0.0233623524102902,0.0224658079848118,0.0214359580594229,0.0231248741101692,0.0289204099429292,0.0296611336163256,0.0277449172369763,0.0266425209855324,0.0225383173513767,0.0196863277923063,0.0135158604078684,residential,5,spring,0,1,70.79292465,70.79292465,0
3,2021-05-04,0.0083008228013666,0.0070469024978704,0.0058941772667975,0.006013704481913,0.0059072748984665,0.0116243304115902,0.0282244831208455,0.0318549101279405,0.033327396819599,0.0325377557758833,0.0298856016996003,0.0269956214877572,0.0239105643059998,0.0231921459606591,0.0236749432693645,0.0182975257244206,0.0193566911160329,0.0246058605804925,0.0275400292732479,0.0270560014433612,0.0242604739987582,0.0209239409803864,0.0180445714349558,0.0117156444563633,residential,5,spring,0,1,70.79292465,70.79292465,0
3,2021-05-05,0.0065444166031477,0.0052198557788364,0.0035036594757346,0.0033738187697197,0.0039971184704361,0.0094351266403381,0.0255502239598068,0.0286988099737991,0.0279828322756232,0.0281408884323827,0.0284872860650134,0.0250148877480357,0.0218523352232019,0.0219398439593827,0.0211551769349282,0.022035814369306,0.0239695887760672,0.0291787570047683,0.0305313357195021,0.028597935626309,0.0267945981185102,0.0225740565512018,0.0205925014399105,0.0138477706604414,residential,5,spring,0,1,70.79292465,70.79292465,0
3,2021-05-06,0.0092092186231008,0.0071052961105181,0.0062609997442974,0.0061063419161253,0.0067459797734748,0.0115978721456354,0.0286386153097368,0.0318691596922639,0.034777559074302,0.0318182126530633,0.0303070414441846,0.0283363165796112,0.0241566692504874,0.0248878291723273,0.0249335816227573,0.0233480640562724,0.0252027794372386,0.0296583412330159,0.0314933944469877,0.0294713659445981,0.028076338125779,0.0241919029028912,0.0221847465344109,0.0153773518164232,residential,5,spring,0,1,70.79292465,70.79292465,0
3,2021-05-07,0.0098435361883114,0.0086020515641745,0.0074882689245417,0.0075662464378358,0.0082370946941996,0.0129139320797251,0.0297092481052208,0.0324001197843245,0.0358042162581145,0.0335220185921483,0.0312784049453006,0.0292573107586968,0.0264888867254718,0.0257370921042627,0.0246569285183529,0.0236721693197808,0.0254443057504277,0.029670462419132,0.0316450960589824,0.0305533122032442,0.0282115211675792,0.0218677849082151,0.0188025079412413,0.0124876163241394,residential,5,spring,0,1,70.79292465,70.79292465,0
3,2021-05-08,0.008712273922962,0.0074606458358008,0.005588478148533,0.0063645677365051,0.0070432783030285,0.0120003052243533,0.0285128121309624,0.032118768991823,0.0344348050212591,0.0331346012537639,0.0306583689920209,0.0272962832517026,0.0258886854408834,0.0257942844871234,0.0240581174620038,0.0244420710335813,0.0261577007211553,0.0310068555577251,0.0323975274528461,0.0304166242040687,0.0283316588151026,0.0252355104834224,0.0214869319490925,0.0159768166675859,residential,5,spring,1,1,70.79292465,70.79292465,0
3,2021-05-09,0.0100270609923981,0.0087484414587106,0.0079987463587104,0.008601468851093,0.0082953136982538,0.0131811667604401,0.029482307543846,0.0327796878921595,0.0329018541124338,0.0309736563651976,0.029524706921153,0.028033342867209,0.024244603894035,0.023675718513757,0.0242615100825407,0.0241613537706531,0.0248841605285777,0.0295650767909466,0.031286134118842,0.0301195143025885,0.0283316921784613,0.0249472458970791,0.0221578200468264,0.0155824474818645,residential,5,spring,1,1,70.79292465,70.79292465,0
3,2021-05-10,0.0107703303447556,0.0094438810032014,0.0077622367070507,0.0074655758084892,0.0081639511631954,0.0130151676499462,0.029695176876367,0.0335166229850779,0.0350503981607048,0.0349457699551353,0.0312517421158824,0.0288679964165062,0.0250044417904281,0.0256611959793757,0.0258628507139351,0.0238674477900156,0.0255601130488791,0.0303045391486793,0.0316724278925353,0.0305850967416687,0.0286471349774156,0.0252937116659301,0.0224622530759497,0.0156911774491444,residential,5,spring,0,1,70.79292465,70.79292465,0
3,2021-05-11,0.0101338760450959,0.0088783886091999,0.0081388199983787,0.0078290091523077,0.0085040060592018,0.0135958161341162,0.0252155736903106,0.0288507874221398,0.0272067526755226,0.025363505597698,0.0223100972992218,0.0198435720386605,0.018855645171653,0.018589407265403,0.0167123049126534,0.0183246926294858,0.020456303700598,0.0249290967889575,0.0280503532995775,0.0269960262310816,0.0245661395923136,0.0209725841637787,0.0181503848231784,0.012504964316578,residential,5,spring,0,1,70.79292465,70.79292465,0
3,2021-05-12,0.0067770215373455,0.0047574577164564,0.0032931193733031,0.0028827243866936,0.0035001876894503,0.0081945893210045,0.024364824874121,0.0272300500879239,0.0296358432206227,0.0283608696939784,0.0270708475048906,0.0247356139719166,0.0216664363767468,0.0211769971252087,0.0224017223830516,0.0220714942313876,0.0237994676003781,0.0267573344603614,0.0283731025673318,0.0273999023491922,0.0248458592310663,0.022243103565771,0.0186166501056572,0.011753936267574,residential,5,spring,0,1,70.79292465,70.79292465,0
3,2021-05-13,0.0064389463576188,0.0051302368030255,0.0037534822890409,0.0032921072805321,0.0039291255728552,0.0089476413611828,0.0269218473753712,0.0290286403397267,0.0314942988347697,0.0314748732890889,0.0287198102243448,0.0253404744885912,0.0232557421784233,0.02299628814224,0.0229399948038996,0.0211803253937643,0.0214751194301111,0.0268670919752349,0.0288304436630922,0.0277001722587249,0.0253315357497016,0.0231628770608111,0.0202748617774302,0.0126036209830254,residential,5,spring,0,1,70.79292465,70.79292465,0
3,2021-05-14,0.0081214631749326,0.0068954908540405,0.0049879448351925,0.0050734628486121,0.0057369911209741,0.0103690194271026,0.0275029818286479,0.0311434114174561,0.0321498578730067,0.0314482841866847,0.0291862764078079,0.0249206206603863,0.0235197775225334,0.0230836337475415,0.0221104707828939,0.022268087033643,0.0250877038471529,0.027252704249863,0.0311273038684677,0.0291719047194992,0.0259284913087452,0.0230811846366599,0.0203489603762172,0.0131130204238375,residential,5,spring,0,1,70.79292465,70.79292465,0
3,2021-05-15,0.0090852189742328,0.0071153566080207,0.0056704989942563,0.0060370431694283,0.0067259569099054,0.0109380588334757,0.0274561214701553,0.0300332976494812,0.0295501061392412,0.0297245553263031,0.0285485134613471,0.0240945669543481,0.0249808397087709,0.023559971854477,0.0220618693447979,0.0234161150696685,0.0232836989865812,0.0280501881143485,0.0316069686014789,0.0303656567053457,0.026202711282991,0.0233044457596456,0.0205769634263289,0.0134454026055315,residential,5,spring,1,1,70.79292465,70.79292465,0
3,2021-05-16,0.0084439811966774,0.0072100159544489,0.0057612948242546,0.0054121174479509,0.0068180158822523,0.0112421090806262,0.0278988817865487,0.0321089921376038,0.0330012462195274,0.0323159239915621,0.0302889491605997,0.0283976966261113,0.0247462245696726,0.0246690399528019,0.0259616163285337,0.0231124271021436,0.0248509662196575,0.0301814262790576,0.0312716759803941,0.0269893619281778,0.0244840713493949,0.021474212625498,0.0186245969344624,0.0123615240293995,residential,5,spring,1,1,70.79292465,70.79292465,0
3,2021-05-17,0.0063966669384438,0.0042021239861488,0.0031224327306663,0.0028730995643801,0.0027629878209173,0.0079256797926937,0.0244766723854031,0.0267411560727987,0.0279480262229467,0.0264453864822559,0.0247105706862683,0.0215591605079447,0.0212420843071906,0.0216752553363962,0.0201737555541877,0.0206549814498166,0.0231997577820929,0.0258954531432076,0.0290888670309205,0.0272578314320634,0.0248063240026478,0.022060041720214,0.0186979298056972,0.0120242911310801,residential,5,spring,0,1,70.79292465,70.79292465,0
3,2021-05-18,0.0077699974950545,0.0058683174221261,0.0041781519640338,0.0048749782532239,0.0055602235140175,0.0094009220667336,0.0251507742894439,0.0274635951618873,0.0269664604342839,0.02551381965404,0.024143641501625,0.0218213730256935,0.0197448520398475,0.0176912012029561,0.0167767239521685,0.0188136589334249,0.0201576145312064,0.0234272813063992,0.027391544226253,0.0257101105945647,0.0222370012465493,0.0198261045199136,0.0170510245645683,0.0104172032213766,residential,5,spring,0,1,70.79292465,70.79292465,0
3,2021-05-19,0.0056842187563699,0.0044407950530198,0.0030757115153833,0.0033880780227863,0.0040852401060309,0.0085558761282741,0.0246579247846745,0.0271200981622659,0.0277711302071748,0.0273690189963772,0.0265336713347179,0.0234078964508407,0.0211668735448055,0.0207207304830984,0.0198488419612823,0.0207316460574679,0.0225597969171597,0.02520120867851,0.0294592355896991,0.0275543058973763,0.024127886422873,0.0214474973030897,0.0187092632652987,0.0112370727856042,residential,5,spring,0,1,70.79292465,70.79292465,0
3,2021-05-20,0.0067131546632847,0.0054834084516207,0.0041535732276302,0.0045491329236175,0.0052666154219414,0.0094627695034475,0.0265766306499303,0.029049324414087,0.0293659063671241,0.0276946631587861,0.0278876409475967,0.0245021789948407,0.022477415326567,0.0220384828979065,0.0212783287174156,0.0221510408936409,0.0240396169107279,0.027301573452204,0.030217912838766,0.0283452967676773,0.0251116725811908,0.0223131672592974,0.0194848770532012,0.0127046653563212,residential,5,spring,0,1,70.79292465,70.79292465,0
3,2021-05-21,0.0081429931642516,0.006915245227199,0.0054849920477897,0.0058917226417166,0.0065809498482603,0.0109385208983774,0.0265661363757114,0.0290628644145487,0.0284580635200187,0.0281648293297727,0.0264883767350927,0.0222138545693649,0.0215920128904327,0.0183928406793541,0.0156060688339536,0.0170386696780652,0.0193914142087457,0.0239369080650272,0.027128476550847,0.0260355867176075,0.0238739126101285,0.0207897682291164,0.0179873954455973,0.0112505721976579,residential,5,spring,0,1,70.79292465,70.79292465,0
3,2021-05-22,0.0067003693974356,0.0054832151537907,0.0039741182432367,0.00450118643677,0.0052112667159429,0.0096904617840582,0.0250549770006532,0.0273965025961079,0.026259075756755,0.0241868663526407,0.0245523503196129,0.0213730265895898,0.0207160216296121,0.0209691866688148,0.0204855705689277,0.0224807780411888,0.0233067973516926,0.0269236700268683,0.0296153421771747,0.0286142340569219,0.025888792822109,0.0226416902724054,0.01978217681533,0.0124734512675264,residential,5,spring,1,1,70.79292465,70.79292465,0
3,2021-05-23,0.0077520306014261,0.0065429770702565,0.0050865403588517,0.0048076041188953,0.00541543113781,0.0101952623400817,0.026496955267929,0.0301943514640537,0.0309110548941603,0.0307575968250303,0.0293182713090987,0.0252863030823113,0.0243661317409472,0.0248192644035264,0.021392589996496,0.0236771163175034,0.0255806447400216,0.0281645359281094,0.0320505700990003,0.0300415559990598,0.0270394387677285,0.0240117840236652,0.0212720588122352,0.0137930457677004,residential,5,spring,1,1,70.79292465,70.79292465,0
3,2021-05-24,0.0091033106306432,0.007827969950893,0.0057276513586467,0.0060031348662052,0.0066627461892044,0.0107316174142728,0.0273046436011749,0.0306054724497827,0.0335399709741017,0.032301272590098,0.0309675757087711,0.0275047503491037,0.0244368707540114,0.0251592173106628,0.0240729965891496,0.0251198156098811,0.0268919053713788,0.0294723560225712,0.0326811354632302,0.0289355763643217,0.0270159314952782,0.0239828329323373,0.0212517432314835,0.0144229972722645,residential,5,spring,0,1,70.79292465,70.79292465,0
3,2021-05-25,0.00903138321756,0.0077683093727836,0.0063396127647931,0.0066732467350937,0.0073522814948757,0.0116616733905804,0.02852083614937,0.0312702846105325,0.0340286419787942,0.0320049324010259,0.0305395476728997,0.0285725408925578,0.0251699405674113,0.0261430941150622,0.0252750960666447,0.0245383648725945,0.0253470858465219,0.0291225819022847,0.031313682288798,0.0302952113529877,0.0276953390119587,0.0241273998066325,0.0213125526639114,0.0151616541624916,residential,5,spring,0,1,70.79292465,70.79292465,0
3,2021-05-26,0.010011661249845,0.0086990910195483,0.0070091477034895,0.0075825782295531,0.0074130993613245,0.0125833380044736,0.0298112638757855,0.033004108567149,0.0354761814170513,0.0339318561251075,0.031704927449842,0.0280044281434371,0.0254242199996983,0.0255328113733885,0.0271276579999118,0.025014352242002,0.0266117525478409,0.0307943409925205,0.0344614894441889,0.0311844816303153,0.0277726595097453,0.024896957042808,0.022108468112277,0.0151002206903677,residential,5,spring,0,1,70.79292465,70.79292465,0
3,2021-05-27,0.0100367134148619,0.0088191268485198,0.0074711534498084,0.0076991802151711,0.0083424772388622,0.0126818312413845,0.0298198386320063,0.0334160598590271,0.0339497007102719,0.034634811374749,0.0333246560024953,0.0279169727895482,0.0270425210214093,0.0257672882708906,0.0240434678244931,0.0268350767962363,0.0287587653519046,0.0306920102645013,0.034380902893451,0.0323215226612122,0.0286972381702541,0.0261070639355891,0.0233179417611807,0.0161788680644482,residential,5,spring,0,1,70.79292465,70.79292465,0
3,2021-05-28,0.0120094847311365,0.009940102673137,0.0087690502084872,0.0099362574660959,0.0096253521022389,0.0136833061381566,0.0294521255171646,0.0331219737093266,0.032732323908782,0.0324029123108022,0.0317637397467988,0.0283882311644691,0.0271367553823873,0.0274019638722066,0.0215847963074509,0.022765084905612,0.0270060395133433,0.0290592852362536,0.0321937791924608,0.0311824872496007,0.0273270797920956,0.0261390757074005,0.0223246522494332,0.0150836308581815,residential,5,spring,0,1,70.79292465,70.79292465,0
3,2021-05-29,0.0100486716232825,0.0089028460277104,0.0078763913995084,0.006148722267724,0.0075532073269978,0.0138168460421745,0.0293351045831188,0.0306307436811717,0.0304726012441237,0.0272771339542117,0.0263060399437602,0.0283431859161878,0.0223474842285309,0.0202391103644233,0.0222516731877,0.0192872497493107,0.0206542979483325,0.0247830522875102,0.0286668358489813,0.0275595737187103,0.024874441993935,0.0223054813477296,0.0194871168493397,0.0132653211769856,residential,5,spring,1,1,70.79292465,70.79292465,0
3,2021-05-30,0.0091282379299884,0.0079354705489714,0.0061531002490735,0.0069786152356721,0.0077210454838536,0.012130266978422,0.0282230586335303,0.0319926024970521,0.0327384305095777,0.0302584500482949,0.0301769468728144,0.028760612294622,0.0264608980934232,0.0245926035787678,0.0251141598851216,0.0238387383856844,0.0258218282225014,0.0297523262516378,0.031147955850548,0.0300597274707156,0.0288868329305674,0.0249001597449394,0.0220861602552371,0.016430259231776,residential,5,spring,1,1,70.79292465,70.79292465,0
3,2021-05-31,0.0108553136255299,0.0096358820832565,0.0083153278770686,0.0086499459492159,0.0093545120320968,0.0140454973198292,0.0312556143090761,0.034188319707009,0.036117240975023,0.0343007216837645,0.0328794391968233,0.0288672533310414,0.0265193901308083,0.0251208416988939,0.0264785573808707,0.0245832481251336,0.0266219120382842,0.0322373294639943,0.0327070605539295,0.0314757841851064,0.0295730288192548,0.0262278427626755,0.023359087206144,0.0167014512347732,residential,5,spring,0,1,70.79292465,70.79292465,0
3,2021-06-01,0.0112346627124156,0.0097508242627186,0.0083671823499955,0.0087137524194999,0.0096601481281726,0.0148242013338277,0.0334718175089412,0.036199680284286,0.0365677648534162,0.0370461573415091,0.0349669586385825,0.0292934049116506,0.028166517860121,0.0279174470119054,0.0262377337891034,0.0262598398482582,0.0279485341438739,0.0326864363131977,0.0339401506203986,0.0328205169478597,0.0299728333302785,0.0265208005812757,0.023736388488546,0.0179599103160999,residential,6,summer,0,1,70.79292465,70.79292465,0
3,2021-06-02,0.0125052960128418,0.0113225071450996,0.0102536873426993,0.0103142102527555,0.0100468553894294,0.0143299105784353,0.0329129141557992,0.0347294768360035,0.0356565443526812,0.0364524246030562,0.0340741254814567,0.0307084013447609,0.0258134153651907,0.0248552074747962,0.0240795317937957,0.0227472725735238,0.0248011947535919,0.0294931250621014,0.0336710062290772,0.0314942000270688,0.0298829992474659,0.0262932118098941,0.0235774418295051,0.0172073406577212,residential,6,summer,0,1,70.79292465,70.79292465,0
3,2021-06-03,0.0123316232408678,0.0107255062952594,0.0096367868882169,0.0091605538585061,0.010855129118161,0.0152310546686059,0.0318625139196143,0.0360050522291136,0.0373101440731005,0.0365573699658397,0.0343754948949747,0.0302256478997781,0.0292330431297552,0.0279096070430253,0.0262099147172989,0.027328785029828,0.0292391552821695,0.0325057992775089,0.0338951265691691,0.0327388669495714,0.0305777779721772,0.0276292232045737,0.0239031808685203,0.0175362708996678,residential,6,summer,0,1,70.79292465,70.79292465,0
3,2021-06-04,0.0124934773472139,0.0113705728225339,0.0101158483393916,0.0102544971684552,0.0108443337243061,0.0155034517864611,0.0330855264536423,0.0363352822916726,0.037928046773301,0.0379798663190231,0.0349013998534932,0.0307053448983993,0.0277486024261229,0.0266538216854463,0.0255140112305955,0.0259059782928097,0.0281145035065979,0.0315798142287897,0.0339149059676854,0.0329550764543538,0.0306833497518675,0.0277364511459461,0.0249403505160805,0.0175934595739158,residential,6,summer,0,1,70.79292465,70.79292465,0
3,2021-06-05,0.0126258735122962,0.0113568908052114,0.0103168763438771,0.0103077970792013,0.0099490437827325,0.015049627807553,0.0338650840927097,0.0366069856129425,0.0367069286115813,0.0372078646937708,0.0347971930450664,0.0304919587767542,0.0291645465157996,0.0278235189325801,0.0261898160592898,0.0259615739375134,0.0278654576739411,0.0313170917164266,0.032796879816245,0.0323109544211995,0.0297786422147775,0.0272813512803218,0.0247583564991496,0.0178367269013938,residential,6,summer,1,1,70.79292465,70.79292465,0
3,2021-06-06,0.0125688295722253,0.0122158980988911,0.0098324669806998,0.0101074145108877,0.0107668536735589,0.0151301743548994,0.0334543906844341,0.0363842434202897,0.0356371893001792,0.0353903719627873,0.0342779192634634,0.0287346023446019,0.0291481499598304,0.0263255234769322,0.0237362292497343,0.0257009660273193,0.0255399546741098,0.0301821896882766,0.0340704598420063,0.0329629167375416,0.0303572185921784,0.0265764867423356,0.0238272154449931,0.0175372161143206,residential,6,summer,1,1,70.79292465,70.79292465,0
3,2021-06-07,0.0136026694181129,0.0117748977135772,0.0102076745292758,0.0102135479410396,0.0099088928072777,0.0127221953223328,0.0302540057782984,0.0341456877345975,0.0329739959519946,0.0327540876098328,0.0284872867709991,0.0243803296417306,0.0258082296351045,0.024359282132336,0.0217537092934291,0.025196289610281,0.0260722673263205,0.0296475962447782,0.0332528073967355,0.0322192797586742,0.0293196166434505,0.024125049977379,0.0209233647312391,0.0144417362792514,residential,6,summer,0,1,70.79292465,70.79292465,0
3,2021-06-08,0.010391591069623,0.0102718574477802,0.0094170486620354,0.0097753684652771,0.0105252355953957,0.0151058595237262,0.0303867434397986,0.0326956938256537,0.0317979696386333,0.0286222987821525,0.0241200902091455,0.0210551289921606,0.0205566860563997,0.0211672103621213,0.0201535296498224,0.0194993942133194,0.0215978196785924,0.024399725608106,0.0289524380366939,0.0278951678668074,0.0255827669987958,0.022823063963782,0.0200474808461283,0.0137816792583802,residential,6,summer,0,1,70.79292465,70.79292465,0
3,2021-06-09,0.0097989515426961,0.0079490323550021,0.0065638702501082,0.008821499368302,0.0086873806553636,0.0138350554797289,0.0286517925348886,0.0322976294212028,0.0315015929397039,0.0307090217258338,0.0291996327827939,0.0266610783725167,0.0247340370136819,0.0232322039365912,0.0205224279477091,0.0196510161855746,0.0210197228152862,0.0242859741595089,0.0282018022508392,0.0280146702716667,0.0252805704313838,0.0237081005015195,0.0220361803137763,0.0137931883899905,residential,6,summer,0,1,70.79292465,70.79292465,0
3,2021-06-10,0.0111389394932275,0.0101042822598711,0.0073838243522433,0.0062652784143858,0.0060893123248506,0.0101677647373504,0.0256191761087257,0.0287279091073807,0.0267426890753633,0.0252179647331753,0.0237932217627434,0.019770818653001,0.0202551922010195,0.018694100566893,0.0154977812780285,0.0176354454961926,0.0202076710000445,0.0240303601494839,0.0282857683734703,0.0273821528869345,0.02495007766134,0.0223221450278551,0.0195767946517654,0.0131963128876369,residential,6,summer,0,1,70.79292465,70.79292465,0
3,2021-06-11,0.0084171574585468,0.0064212528268061,0.0054694174111948,0.006325697835896,0.0070795906269431,0.0112904896751289,0.0295809846733518,0.0321904341847159,0.0333357335289847,0.0321982732041976,0.0297478762674989,0.0272856979729299,0.0249098468689811,0.0247178319319356,0.0248069075539215,0.0249952513563458,0.0258579948361644,0.0295351472871989,0.0317785074939923,0.030841160664396,0.0279562475734843,0.0256948902117675,0.0229337968683422,0.0159467954272088,residential,6,summer,0,1,70.79292465,70.79292465,0
3,2021-06-12,0.0098999773237971,0.0085479831109867,0.0076373475004343,0.0075202259852895,0.0081957429093679,0.012895827349075,0.0300555033771646,0.0335320708318983,0.0337979621018993,0.0322079342101766,0.030502359593985,0.0252084882223967,0.0235555943043141,0.0242316122552329,0.0216423195128928,0.0224670905137353,0.0244758538742048,0.0287296408212453,0.0318660800847745,0.0294802007773858,0.0263545859826432,0.0228478064592329,0.0200000276356667,0.0134736837045801,residential,6,summer,1,1,70.79292465,70.79292465,0
3,2021-06-13,0.0096021196403053,0.0093526156519815,0.0079115718481411,0.008469804026306,0.0091781146871793,0.0135373143547027,0.0301919212559455,0.0331078715756692,0.0337412021484802,0.0334117098283107,0.0312649256762447,0.0272504998777573,0.0231733381129044,0.0226933094501942,0.0225230314684528,0.0226208089212337,0.0248107165719787,0.0299421381586173,0.0320880197502293,0.0281828154883748,0.0256603896862337,0.0226924022559905,0.0198800968634174,0.0135069196932579,residential,6,summer,1,1,70.79292465,70.79292465,0
3,2021-06-14,0.0094954884096024,0.0083316155400208,0.0064601882950658,0.0063214144556471,0.0069292611151475,0.0109710955601353,0.025861946718132,0.0293022693949677,0.0286723707455386,0.0275533371137116,0.026110326119718,0.0213638780178232,0.019661711303927,0.0177764606652579,0.0166960283302054,0.018812481977475,0.0200630032078736,0.0249745506908974,0.0270335625120174,0.0251694393995714,0.0238677657738166,0.0206860736336974,0.0179386644823198,0.0120745550679211,residential,6,summer,0,1,70.79292465,70.79292465,0
3,2021-06-15,0.0075512974724732,0.0063286443308668,0.0048033437052126,0.0046151517451371,0.005335067045395,0.0102825063273161,0.0264168697922498,0.0292346791564098,0.0305405715750972,0.030363772367148,0.0289400219328811,0.0249895090426102,0.024386690589474,0.0228876645525943,0.0218014094761321,0.0229587835401389,0.0242112194026251,0.0287770573009132,0.0303239020150433,0.0283323810512793,0.0264929312771158,0.0231968892263355,0.0204557954752986,0.0144064068836975,residential,6,summer,0,1,70.79292465,70.79292465,0
3,2021-06-16,0.0092310250920914,0.0080406302514553,0.0066677923542429,0.006283736362096,0.0068542087729302,0.0120009474167638,0.0305879594188578,0.0334940250196522,0.0344800838089795,0.0319583192237387,0.0305082880587172,0.0275102986442095,0.0255298770205236,0.0241461973335753,0.0253004291239849,0.0227997857099399,0.0249258259283297,0.0296792448505157,0.0309731087268147,0.0299326805410756,0.0279217545136932,0.0247466517246635,0.0219641677350983,0.0157076844653294,residential,6,summer,0,1,70.79292465,70.79292465,0
3,2021-06-17,0.0097703181140158,0.0093718480571965,0.0079756836787924,0.0074613683943057,0.0081195195346686,0.0130444152726805,0.0291814469838932,0.0333958965495206,0.0354463496609613,0.0353123826834434,0.0317036101936806,0.0295213781140402,0.0248744382840131,0.0224545935175772,0.0207046174623215,0.0215744856887162,0.0240141310650964,0.0288427472433375,0.0310322910001904,0.0298795088890784,0.0278295911257977,0.0246193078534482,0.0218432319013854,0.0145890565584344,residential,6,summer,0,1,70.79292465,70.79292465,0
3,2021-06-18,0.0097007920384462,0.0084382479396289,0.0068604830596213,0.007377546351956,0.0080038434358011,0.0122672683448215,0.0286610538654732,0.0319087735005817,0.0338726076699821,0.0335132736060996,0.0329074032489333,0.0301529605560029,0.0269887119505905,0.02547745510739,0.0259334215764637,0.0233906272300445,0.0276283831975565,0.0307185154310419,0.0322529881171355,0.0310929254046784,0.02875495445661,0.0249206249153664,0.0221749492392718,0.0155372453022698,residential,6,summer,0,1,70.79292465,70.79292465,0
3,2021-06-19,0.0108885688048314,0.009647149084013,0.0078645376280861,0.0076929398334339,0.0082878807996915,0.012858503714456,0.0315627926721761,0.0341140810193762,0.0365138945236244,0.0368304945629252,0.035355283533076,0.030729787857041,0.0273909202067527,0.0263105128546908,0.0240340039529519,0.0256434291511165,0.0277262174976522,0.03330121128771,0.0327570296609931,0.0315731136852916,0.0297370654663729,0.0253699500979607,0.0225874618967094,0.0168888378904426,residential,6,summer,1,1,70.79292465,70.79292465,0
3,2021-06-20,0.0123079882549103,0.0100252355437996,0.0086075630071267,0.0088561322634851,0.0085673127037865,0.0134121377590138,0.0302721487485819,0.0344020819322535,0.0369475995462136,0.0357279611707732,0.0331402155391265,0.0311006441829549,0.0284739355670288,0.0272175913311546,0.023944095600656,0.025847016378361,0.0279976415424513,0.0335173802100433,0.0336362148595532,0.031534493416866,0.0297781432208776,0.025387608076616,0.0226194408155377,0.0170384889763379,residential,6,summer,1,1,70.79292465,70.79292465,0
3,2021-06-21,0.0113535576340478,0.0111229529055966,0.0089152770514906,0.0089872486102237,0.0095971755463576,0.0140215932150576,0.0322863613928765,0.0360392168129093,0.0373208284184708,0.0346179409556118,0.0331573870856063,0.0320194150655422,0.0286272800421189,0.0273609662083038,0.0275115860353759,0.0270733001273313,0.0291037352877027,0.0327784296273958,0.0338538684673529,0.0327283412646564,0.0300911126693354,0.0265428398806924,0.0238022952142623,0.0172890145025484,residential,6,summer,0,1,70.79292465,70.79292465,0
3,2021-06-22,0.0124853238969302,0.0112915753822304,0.0092989327090346,0.0091068902117766,0.0097669080706869,0.0145913287020964,0.0325591676357282,0.0368782651471859,0.03820664851687,0.035892959666816,0.0345696387491663,0.0323818750567642,0.0289599484446616,0.0277678235443693,0.0266922620474766,0.0271684574420108,0.0294903996234675,0.0330382437587721,0.0339661408504985,0.0328153095633598,0.0304157002122936,0.0265695728349228,0.0238298597678165,0.017501545929314,residential,6,summer,0,1,70.79292465,70.79292465,0
3,2021-06-23,0.0126063457955025,0.0113678899280298,0.0095720706011171,0.0091984474903297,0.0107844214202721,0.0144035565059531,0.0330353436510289,0.0370112660945015,0.0387853922758549,0.0356906250488491,0.0346569081638227,0.0325856628580448,0.0289883241499401,0.0277928605621049,0.0276913006288004,0.02710875211828,0.0294142372758088,0.0328605316027554,0.0351975915248884,0.0330947354161708,0.0310027039165088,0.0277131433204498,0.0250630441974199,0.0181995039563373,residential,6,summer,0,1,70.79292465,70.79292465,0
3,2021-06-24,0.0128907904828397,0.0117178271722608,0.0104229724416361,0.0103823339467232,0.0111150674888177,0.0159850659741031,0.0331880464032147,0.0363323843066471,0.038350290704741,0.0361836635635976,0.0348086495719979,0.0323546982917937,0.0293773613374589,0.0286984299125671,0.0267118906435101,0.0283036179459549,0.0294809995007128,0.0327893442556784,0.0352811168357657,0.0331080712697748,0.0309958581666305,0.0279191508874251,0.0250118454818689,0.0185061085339218,residential,6,summer,0,1,70.79292465,70.79292465,0
3,2021-06-25,0.0128071620512066,0.0126974967210565,0.0109060070432663,0.0105023107759407,0.0110496452808702,0.0159950408062029,0.0335732378881751,0.0359056264455042,0.0359564737968253,0.0366533287076306,0.0346658622577573,0.0318461789661704,0.0289463600600678,0.0277895856606925,0.0272936864688849,0.0273181458707923,0.0294767128360662,0.032873572822332,0.0350339892598255,0.0328224185179929,0.0308622566471025,0.0275603618078081,0.024818840815042,0.0179376788375203,residential,6,summer,0,1,70.79292465,70.79292465,0
3,2021-06-26,0.0127187904222532,0.0114837992839733,0.0102518546282791,0.0104818510532133,0.0109231419409123,0.0141581949301237,0.0336681937627971,0.0360824048287155,0.0382179566831229,0.0361935108439449,0.0339109688129196,0.0324091303836385,0.0287326905314101,0.027659303159545,0.0238258195454048,0.0269301673508989,0.029205891803423,0.0340608557831448,0.0350170852819016,0.0327650935154612,0.0304706538352453,0.0275514828379641,0.0247994149429897,0.0173613908039448,residential,6,summer,1,1,70.79292465,70.79292465,0
3,2021-06-27,0.0126206138924085,0.0114716781405307,0.0097515445521661,0.0103800734561475,0.0110376324299099,0.0152409180451453,0.0326720135784531,0.0356881500568404,0.037290487225752,0.0343983867290976,0.0304271513393541,0.0281429529878129,0.0276023405826105,0.0256258682881845,0.0242235230804288,0.02656511719648,0.0274435569148422,0.032165022591661,0.0344759486185147,0.0332065740718199,0.0290065595323853,0.0269749777856596,0.0233367514661398,0.0169733617759033,residential,6,summer,1,1,70.79292465,70.79292465,0
3,2021-06-28,0.0088193696790536,0.008296166272798,0.0071880135122859,0.0080393324468039,0.0087019501335793,0.0118632146336349,0.0277685346177653,0.0297539887061052,0.0318083077958024,0.0301471041950234,0.0281986580375121,0.0244108896179146,0.0230940609989839,0.0216316404451204,0.0180314529169982,0.0209695793440397,0.024225205084281,0.0266219737342906,0.0304839846999934,0.0293519644117834,0.0264737967908503,0.0241521546820106,0.0213921093307289,0.0147202463819265,residential,6,summer,0,1,70.79292465,70.79292465,0
3,2021-06-29,0.0103559499647303,0.0083107723022273,0.0069328276047164,0.0073241578390098,0.0080125783913138,0.0115870787830758,0.0268718644175795,0.0285670368510807,0.0285308847595742,0.0301436956104442,0.0300114242684378,0.0248290789494835,0.0213739058781641,0.021225859461286,0.0185227640987403,0.020657139083231,0.0229011728991771,0.0271595045757307,0.0300256441574986,0.0289583313109685,0.0263869948183403,0.0228855046572123,0.0201288697656414,0.0140329729895259,residential,6,summer,0,1,70.79292465,70.79292465,0
3,2021-06-30,0.0090110658305647,0.0078111414453707,0.0062762130421059,0.0068113745010765,0.007518140666044,0.0115163174973429,0.0281018277236723,0.0316483891609415,0.0317981254439133,0.0316539824498563,0.0300272767702026,0.0266480521808379,0.0203751588910172,0.020318953430687,0.0187631264338921,0.0222360591465963,0.0241967535419439,0.0251182018388944,0.0289336516826775,0.027870891979074,0.0258245314846054,0.0231399418485966,0.0208187924236506,0.0150647795021977,residential,6,summer,0,1,70.79292465,70.79292465,0
3,2021-07-01,0.0106758151050546,0.0094990016785371,0.008285064437645,0.0085368989457884,0.0092250465408552,0.0144055416327234,0.0315593290548354,0.0343818009890608,0.0359061103799013,0.0349011695830656,0.0327112156834659,0.0282334392938678,0.0275069337892387,0.0268823849790015,0.024615922425431,0.0262691003817557,0.0284515898022749,0.0315563435071229,0.0341079727267237,0.0320149109187795,0.0293904885643692,0.0269762903591528,0.0242339493176056,0.0168172283014306,residential,7,summer,0,1,70.79292465,70.79292465,0
3,2021-07-02,0.0120793692288639,0.0110133774285947,0.0095528422457178,0.0098843573694673,0.0105028312490765,0.0147456260556532,0.0321816989489046,0.0349169804981631,0.0351169720579816,0.0361621908270736,0.0350117722969223,0.0283738359695143,0.0282202837147296,0.0277149766502977,0.0250204703395605,0.0266023470501302,0.0277469141613439,0.030508958157865,0.0334372856662281,0.0323396890207353,0.029504743863117,0.0271304340641561,0.0244059234240017,0.0172237648636585,residential,7,summer,0,1,70.79292465,70.79292465,0
3,2021-07-03,0.0122110920750708,0.0120447065001313,0.0096371382910772,0.0099190540113973,0.0105986339878733,0.0150840516448534,0.031719922103263,0.0342606368559319,0.0339022300420247,0.0329741479299643,0.0335967292243431,0.0267286635346976,0.0274916825936308,0.0269126202940679,0.0229895693728054,0.0248790450818082,0.0270390157765516,0.0297808288227389,0.0330896739166571,0.0320919970563438,0.0290587670766428,0.0269762285510539,0.0242482733145647,0.0168372787193985,residential,7,summer,1,1,70.79292465,70.79292465,0
3,2021-07-04,0.0121261262065064,0.0109692196273633,0.0093916071204868,0.009921198116864,0.0105844820984151,0.0139582663983342,0.0303162210030314,0.0328034713721625,0.0307308429564164,0.0282293731381029,0.026706009536367,0.0246433230262915,0.0222023477618668,0.02232493820879,0.0196988342203533,0.02282310943087,0.025065168383311,0.0268002663501306,0.0314085480435699,0.0305028314115606,0.0264665893489551,0.0225694543264645,0.0189566700009876,0.0121437835945283,residential,7,summer,1,1,70.79292465,70.79292465,0
3,2021-07-05,0.0076633353303456,0.0057183814138619,0.0044650081229247,0.0052937347456361,0.0058897779261476,0.0101675024521531,0.0273345157778419,0.0306850305942186,0.0293992140568588,0.0301887986270908,0.0300757013834295,0.0247912574677015,0.0257539067636102,0.0233842534098617,0.0204759428159279,0.017582618416491,0.0203767316176296,0.0243641983109299,0.0283681772924941,0.0264517997856816,0.0242857701872379,0.022843189100973,0.0192062650210072,0.012441852398862,residential,7,summer,0,1,70.79292465,70.79292465,0
3,2021-07-06,0.008117719809077,0.0061092921321075,0.005191871419567,0.0058776700755446,0.0065360802324164,0.0101508662734871,0.0278730957406855,0.0315511906749398,0.0313702284732803,0.0316872631547914,0.0303939616216976,0.0271763973474554,0.0255105681397229,0.0258959756230393,0.025371107849794,0.0249173334614287,0.0261711229712612,0.0300211482601916,0.0322843712575246,0.0313336083260855,0.0281182436915587,0.0253405284664544,0.0225175387986623,0.0157726344616836,residential,7,summer,0,1,70.79292465,70.79292465,0
3,2021-07-07,0.0115175634300916,0.0094173670430692,0.0080568763648717,0.0084669158987031,0.0091406836769203,0.0133315519820275,0.0308704245945752,0.0342825187455273,0.0350271225884763,0.0358581278904249,0.0342545110010211,0.0299929950921004,0.0280048855444891,0.0273571924546127,0.0261323704795139,0.0263906316324065,0.0286747465166931,0.0319805511358408,0.0341534321128054,0.032135645682616,0.0292378188786932,0.0270762646917405,0.0234216748358388,0.016614769856802,residential,7,summer,0,1,70.79292465,70.79292465,0
3,2021-07-08,0.0123292546778804,0.0110838158840944,0.0085297625791478,0.0090401099648463,0.0097133090891857,0.0135995596001099,0.0324592372843152,0.0358174123124404,0.0368197004892007,0.0367110965246328,0.0341699416334619,0.0299841345328603,0.0285505853082668,0.0277532180403872,0.0263250050654239,0.0277369813921986,0.0285470356817073,0.0314017457746546,0.0340462664970587,0.0320458163909711,0.0292302896145645,0.0262232896960925,0.0235347613431547,0.0166250329976933,residential,7,summer,0,1,70.79292465,70.79292465,0
3,2021-07-09,0.0123635341752309,0.0111266643630027,0.0088403887775743,0.0091706320266264,0.009756742723748,0.0140332511349504,0.0322601868605888,0.0359011114838616,0.0366912606753485,0.0359886803467579,0.0345545986633632,0.0306728123944596,0.0287510762396142,0.0290049790409325,0.0269263359204435,0.0291391541965507,0.0300730664998232,0.0327298215763261,0.034694947980701,0.0326050182214334,0.0300108211433835,0.0277646585397485,0.0240017014710806,0.0174886724271781,residential,7,summer,0,1,70.79292465,70.79292465,0
3,2021-07-10,0.0126899316846892,0.0114405347071445,0.0096596221640868,0.010242213321665,0.0098942162271837,0.0144081574362906,0.0324470685126292,0.0348957211669332,0.0369603707459411,0.0360812812543512,0.0344199406620217,0.0317329961601937,0.0299166036369534,0.0291427012844739,0.0276097559111808,0.0293638408180293,0.031366583187607,0.0355802903322914,0.0378435313326686,0.0344467997829478,0.0317174094480285,0.0277567553296144,0.0261230351359161,0.0195941189070258,residential,7,summer,1,1,70.79292465,70.79292465,0
3,2021-07-11,0.0162147160381955,0.013865666700073,0.0107141493305855,0.0102204409241804,0.010720666249602,0.0159141610176811,0.0325037417343167,0.0360972979083025,0.0361331992578718,0.0358732157538516,0.0335662688738911,0.0283944111434878,0.0284550139546764,0.0275033322260293,0.0249108658641534,0.0286428150761889,0.0293537760827276,0.0276410784129222,0.0325100542524736,0.0315459251866613,0.0285500636254185,0.0263132829416723,0.0234877411204214,0.0167348529519121,residential,7,summer,1,1,70.79292465,70.79292465,0
3,2021-07-12,0.0113100824910277,0.0100310774497124,0.0089468769048059,0.0098441598332468,0.0104253253724784,0.0143784211793635,0.0322132981454949,0.0348116678235896,0.0355422266633057,0.0369242666251853,0.0355255510611407,0.0307622187330726,0.0269810551461991,0.0301645694267465,0.0263803293886916,0.0297389296950265,0.0308527036948202,0.0321947647139243,0.0351674234400237,0.0323809019310179,0.0299112243064431,0.0273562594954177,0.0244435130087413,0.0167478641581113,residential,7,summer,0,1,70.79292465,70.79292465,0
3,2021-07-13,0.0122887243570821,0.0111343452010056,0.0092438143646352,0.0090804896322283,0.0098127942442217,0.0142681390502658,0.0324364075483205,0.0358880091538466,0.0377944462266685,0.0362300226766389,0.0348377381275062,0.0319651172281744,0.0296638086447196,0.0287514151025621,0.0278603397350623,0.030395723525029,0.0309653880606548,0.033043841236639,0.0354263838551521,0.0335971230307226,0.0303522873040233,0.0276756827820639,0.0249284231418804,0.017790874974823,residential,7,summer,0,1,70.79292465,70.79292465,0
3,2021-07-14,0.0128440308500461,0.0116825132108444,0.010023923812963,0.0094771783647298,0.0100573670933759,0.0147660901614015,0.0317938704693735,0.0343184035467488,0.0358856830188859,0.0362090154655043,0.0333020535616046,0.0299724224343029,0.0284015963070469,0.0272274804198629,0.0245074139336235,0.0265702781832136,0.0276909204902526,0.0310854195540004,0.0334994760156517,0.0323921557780915,0.0298157077038178,0.0272496965735495,0.0245073493957405,0.01726847687378,residential,7,summer,0,1,70.79292465,70.79292465,0
3,2021-07-15,0.0132305404192294,0.0109484128810222,0.0093404252128595,0.0098755688406425,0.0105290505695724,0.0144131686048586,0.0313231395679988,0.0342048830210625,0.0335980238880837,0.0302218333318644,0.0303223971673645,0.0271262851221601,0.0293534242513704,0.0282753896687104,0.0250152446230433,0.0272563126253302,0.0304463753238436,0.0315499390069786,0.0357234252836236,0.0336561352299985,0.0289046639735409,0.0278925531030533,0.0242341630415782,0.0169703397430962,residential,7,summer,0,1,70.79292465,70.79292465,0
3,2021-07-16,0.0131560058186125,0.0110867399035118,0.00927478289614,0.0100139861179586,0.0105747236207442,0.0144103730805689,0.0329934337345697,0.0342956960451776,0.0357601567173733,0.037507560567825,0.0350160484628477,0.0303361573490099,0.0303907195159692,0.029566947707705,0.0258826445729227,0.0275849228882958,0.0306551073839808,0.0313292969579559,0.0353050092675889,0.0333149559326227,0.0293872624611141,0.0272604221559934,0.0244363767322272,0.0172073931894879,residential,7,summer,0,1,70.79292465,70.79292465,0
3,2021-07-17,0.0123505728735003,0.011139638089407,0.0092291234219136,0.00909873498425,0.0097678403793523,0.0143925606095612,0.0323144552372499,0.0359094682000147,0.0366320110760038,0.0379424803754255,0.0355724521366157,0.0316791607553241,0.0294418576275776,0.0288240285511301,0.0266704130561881,0.0279175954783204,0.0295282991179531,0.032514861190135,0.0362691332853699,0.0331722656201365,0.0309195684430465,0.0281147326192499,0.0245492560016301,0.0183065181895759,residential,7,summer,1,1,70.79292465,70.79292465,0
3,2021-07-18,0.0135194121256917,0.0125630927606231,0.0108369313777546,0.0115261833127183,0.01201793244846,0.01557951428538,0.0333574920488135,0.0370231401400963,0.0373121521415772,0.0378938551195997,0.0364338775379188,0.0327194955554038,0.0315255896750817,0.0327984906330767,0.0290117532010492,0.03125683531556,0.0321341986196053,0.0303154404968599,0.0324268773285382,0.0298532955301411,0.027936167187644,0.0256712232966231,0.0237633671815385,0.0157719806722165,residential,7,summer,1,1,70.79292465,70.79292465,0
3,2021-07-19,0.011552282132377,0.0094540892029047,0.0067290196242629,0.0066201492811104,0.0072449554447579,0.0125419020632025,0.0282641216110137,0.0295919304549709,0.0296378671381374,0.0274850558393344,0.0262899894223462,0.0220594692046629,0.0203294302771339,0.0207621225845221,0.0187396833334711,0.0229629734063956,0.0263147971514013,0.0281342858476243,0.0316735049273139,0.0295880523594692,0.0257367281509774,0.0236927613922727,0.0201530910450192,0.0137620680028453,residential,7,summer,0,1,70.79292465,70.79292465,0
3,2021-07-20,0.0100265798777039,0.0088382671235073,0.0060249529389124,0.0062345177626728,0.0078107968156321,0.0124876947632528,0.0291971304045382,0.03268729031421,0.0344347809739876,0.0338290925848143,0.0315486368065506,0.0283322479937523,0.0272761861437228,0.0273120158282785,0.0245311661262083,0.0272085239148494,0.0282364901017311,0.0304670670607611,0.0349021843805485,0.0316372562035777,0.0285455719502006,0.0256588849674619,0.023874736216582,0.0162790173132718,residential,7,summer,0,1,70.79292465,70.79292465,0
3,2021-07-21,0.0117339931338508,0.0104792349417997,0.0085172327694536,0.0085936705785174,0.0093107686712387,0.0136479888835008,0.0304258454568334,0.0349364503217949,0.0368354511626792,0.0366978988884818,0.0331042322779883,0.0298788435096233,0.02844807801797,0.0278386296764839,0.0259523873813588,0.026798360717036,0.028926598619246,0.032875981833044,0.0343912015923377,0.032299563057274,0.0296785918459962,0.0262045541926042,0.0233165783685429,0.0166058861291326,residential,7,summer,0,1,70.79292465,70.79292465,0
3,2021-07-22,0.0121163511209286,0.0109060070581537,0.008810683852992,0.0089722334075481,0.0095989387117978,0.0137097433369372,0.0319300071789876,0.0355114207124178,0.0359727980147553,0.0354885933839641,0.0331869563417748,0.029962637863647,0.028538241115308,0.0278001921389068,0.0255962863234843,0.026695564053019,0.0289512374889301,0.032885251282151,0.0343813424407796,0.0323106834256511,0.0290708514053806,0.0262718462414033,0.0234358262675189,0.0164142000496306,residential,7,summer,0,1,70.79292465,70.79292465,0
3,2021-07-23,0.0121922932663117,0.0100813085930418,0.0086806321082813,0.0089358705775365,0.0096091380319021,0.0136353944137948,0.0313142157049839,0.0350420621128984,0.0352614759597275,0.0348398722265797,0.0318538633917011,0.0285694530695045,0.0273713262909701,0.0268497791210996,0.0257918277029775,0.0265684414130184,0.027341273114439,0.0318809813260205,0.0343952686189917,0.0324035950102504,0.0289110441853835,0.0261741824764404,0.0234831468314375,0.0167363659828472,residential,7,summer,0,1,70.79292465,70.79292465,0
3,2021-07-24,0.0124443357041945,0.011197507737772,0.0092979063417683,0.0101045153328465,0.0088494429011112,0.014674148718419,0.0321079735203298,0.033898807831178,0.0363210255020831,0.0345005789117846,0.0311447222997329,0.0282182458049188,0.0282673892877646,0.0276324636921426,0.023082944981708,0.0242936847821155,0.0276506550787319,0.0308117869900552,0.0335562949273272,0.0323492771886096,0.0294712603992199,0.0263508844934399,0.0235367761236859,0.0169920118904305,residential,7,summer,1,1,70.79292465,70.79292465,0
3,2021-07-25,0.0123873317805773,0.011140122336069,0.0094610395015888,0.0100899772161645,0.0107664067485771,0.0145881104643644,0.0323606177711074,0.0350166515217458,0.0345749768414654,0.0345418955520109,0.0334619644336894,0.0288484989409228,0.0286409100954393,0.0267493879462852,0.0257221140532493,0.0215325741083037,0.0245223738440219,0.0306472806460222,0.0335461051166409,0.0325190822093934,0.0296773688830723,0.0262713319111543,0.0234937934947078,0.0171748761293817,residential,7,summer,1,1,70.79292465,70.79292465,0
3,2021-07-26,0.0123517930743231,0.0111392541454581,0.0099388205314923,0.0100517835194704,0.0097620650634525,0.0149445486036408,0.0310499208736186,0.0345853353156839,0.035077177517605,0.0363532004133291,0.0339714165071921,0.0293934434897449,0.0285890349537358,0.0277302210666764,0.0275411783878734,0.0268177574451324,0.0277336777582972,0.0308121955036916,0.0344488504728229,0.032246225624388,0.0293681597268995,0.0272243522409157,0.0244410487194767,0.0171950167419676,residential,7,summer,0,1,70.79292465,70.79292465,0
3,2021-07-27,0.0134808246293172,0.012331022469701,0.0095846298685062,0.0101270891293176,0.0109195612750427,0.0152155037030445,0.0309483687272414,0.0337462905057709,0.0340788658620019,0.0337676324041546,0.0326468734125715,0.0288464282186948,0.0275983727399815,0.0268527408842548,0.0249678715431248,0.0259522891683766,0.0279484790497398,0.0313994610820248,0.0333839412514323,0.0322722459727728,0.0291548710284026,0.0271634199662227,0.0233794335210656,0.0166794477159041,residential,7,summer,0,1,70.79292465,70.79292465,0
3,2021-07-28,0.0121805751097273,0.0110758720156226,0.0093558567109161,0.0099427652269831,0.0105535013737975,0.0132940409976289,0.0302853912123845,0.0322353370092727,0.0313623790788351,0.0330032163601476,0.0295900140778948,0.027863574319142,0.0270758829156802,0.0260631364706392,0.0239597179183094,0.0256785153370809,0.0289780357816746,0.031828197123042,0.0341675830294971,0.0320321947223123,0.0294267031639885,0.0260427153730048,0.0243694800095293,0.0171773056679963,residential,7,summer,0,1,70.79292465,70.79292465,0
3,2021-07-29,0.0120336104893542,0.0108125681466117,0.0093664709588258,0.0098605043703859,0.0105351857334717,0.0143987158060318,0.0306398601284985,0.0342807090016454,0.0348466162438214,0.0354045945228305,0.0342355452427279,0.0302496477351024,0.0283969935340692,0.0257695333635674,0.0248558003451649,0.025869343955703,0.0287064645290326,0.0318699277425539,0.0350601668595656,0.0318979052913987,0.0294451462025973,0.0270486923839537,0.0243327678978465,0.0168343537762384,residential,7,summer,0,1,70.79292465,70.79292465,0
3,2021-07-30,0.0122662995443194,0.0110133149551114,0.0094535308557751,0.0099069160195219,0.0096713109561076,0.0146084836289143,0.0306488945534672,0.0331213006546568,0.0335683118103056,0.034722126267582,0.0294553347791155,0.02881031929671,0.0281976496242398,0.0286723044492196,0.025007710884926,0.0288650252736145,0.0278889194086937,0.0295320364704965,0.0342056808289527,0.0332531629403411,0.0287468350569546,0.0252436705822946,0.0234745025109582,0.0168205633803622,residential,7,summer,0,1,70.79292465,70.79292465,0
3,2021-07-31,0.0122694203245466,0.0108413073501227,0.0087541679331126,0.0089929234399215,0.009740816625071,0.0141114731665387,0.0306706373272162,0.0328780505952195,0.0328992153995604,0.034938230304182,0.0344595655840924,0.0289203310037948,0.0289492698194613,0.0284409718030196,0.0271202919453021,0.0287888844703011,0.0298163761038855,0.0314646418539311,0.033735773874555,0.0319064625561143,0.0297517996840744,0.0269136291087603,0.0243955095810422,0.0185666504661909,residential,7,summer,1,1,70.79292465,70.79292465,0
3,2021-08-01,0.0139056883849226,0.0127682750983355,0.0113842073092631,0.0112871110001474,0.0118374437922851,0.0166565565275064,0.03307641338899,0.0352955731399197,0.0359125851404653,0.0368752654030528,0.0358870554705121,0.0313104759629172,0.0294578321981622,0.030209213754124,0.0309841394126264,0.030422186613297,0.0315943949044933,0.0350556917309734,0.0381501231991973,0.034156019091474,0.0289249354404249,0.0238187542077682,0.0210871098363363,0.0149425787641213,residential,8,summer,1,1,70.79292465,70.79292465,0
3,2021-08-02,0.0110113736014742,0.0106661695432163,0.0078239735259256,0.0094339849601048,0.0099324112429447,0.0133065944842722,0.0294119849000449,0.0328050934121438,0.0336679284450515,0.0348862489843328,0.0328344053471958,0.0294562481245103,0.0279666279530184,0.0291396689948712,0.029427273476946,0.0304219985501642,0.0313639583111722,0.0347849557343944,0.0361647023477797,0.0342349971724098,0.031773882059129,0.0292832442575933,0.0214854828158853,0.0161277920820629,residential,8,summer,0,1,70.79292465,70.79292465,0
3,2021-08-03,0.0107691834782543,0.008701239862744,0.0074462246074147,0.0084373226215584,0.0099608332494194,0.013246893230614,0.0305980637067487,0.0331097403571115,0.033528910982393,0.0342786338692696,0.0333555420788957,0.030101154670942,0.028000347979378,0.0290124579622944,0.0270051866911474,0.0288327655499165,0.029818048092175,0.0327410813994063,0.0348855436884635,0.0338537660719843,0.0307126330087077,0.0276443550770151,0.0251339655465021,0.0183097590956516,residential,8,summer,0,1,70.79292465,70.79292465,0
3,2021-08-04,0.0130836292917229,0.0125678718569491,0.0101526871297977,0.009521478890564,0.0102252031693409,0.0145512858491354,0.0304458559393314,0.0340094692485955,0.0344537507167459,0.0351299213256953,0.0330038732876338,0.0303294588314732,0.0286900737223738,0.0285424352090765,0.0278751421328683,0.0276819970963294,0.0284564388830006,0.0317344857403504,0.0345818501111157,0.033654594780117,0.0308229166902462,0.0285876153689911,0.0247578833595764,0.0180397226460022,residential,8,summer,0,1,70.79292465,70.79292465,0
3,2021-08-05,0.0136567772566155,0.0123586954760485,0.0101019769673221,0.0103493009987401,0.0110619732982493,0.015109992582347,0.0311394217238663,0.0348817020331842,0.0356575843070566,0.0370106238284481,0.0353910526449195,0.030059165483506,0.0286882239030423,0.0278547708028564,0.0249046650535824,0.0278773835500466,0.0294363409443849,0.0333235872122977,0.0347760941279069,0.0338555081590954,0.0304965042666804,0.0275872140565541,0.0248407038738624,0.0178574620530158,residential,8,summer,0,1,70.79292465,70.79292465,0
3,2021-08-06,0.0135784657202183,0.0124310895778477,0.010507290803354,0.0113708952602547,0.0101076496530391,0.0138351663624019,0.0307864704202508,0.034065984210218,0.0342323461117664,0.0363430779301257,0.0316775760706389,0.0258839832347766,0.0243241648696435,0.0232456004259838,0.0235227974706252,0.0255084876011942,0.0272370143483028,0.0304144235209482,0.0331428606977924,0.0321053008632503,0.029047939496275,0.0270974355408099,0.0244969928388175,0.0172215038219418,residential,8,summer,0,1,70.79292465,70.79292465,0
3,2021-08-07,0.0135027124242778,0.0112370416756721,0.0093031195245659,0.0102340722568991,0.0107857410814998,0.0146874708191834,0.0307768132321005,0.0332753543064805,0.0306051544343984,0.0315176218041895,0.030294535228721,0.0269666729255807,0.025860062163606,0.0265253329874681,0.0233438039076861,0.0251512879945103,0.0262340247188215,0.0293797181477856,0.0332534005792542,0.0321950724672708,0.0288419594770838,0.0271098673376338,0.0242912789215506,0.0167928752543677,residential,8,summer,1,1,70.79292465,70.79292465,0
3,2021-08-08,0.0131787224466503,0.0119908282858408,0.0091138485969186,0.0099268768338318,0.0106622212320001,0.0144679587159011,0.0316758471300618,0.0342505477898645,0.0348379752059973,0.0359376318555798,0.033410597200321,0.0295882364001532,0.0280668442677619,0.0277341451218372,0.0273385278573222,0.0268549639292025,0.0281423168385856,0.0314235889465296,0.0348717474554154,0.0328310248286611,0.0302247862444577,0.0275122735921793,0.0246590873743605,0.0175793101516817,residential,8,summer,1,1,70.79292465,70.79292465,0
3,2021-08-09,0.013409760404632,0.0122426613854538,0.0103006471452151,0.0103130377963624,0.0119859705501266,0.0156242838112272,0.0315724408323364,0.0353052982845126,0.035980897030347,0.0354290469793294,0.0330838965270556,0.0299749882386867,0.0273180425174057,0.0282062465880009,0.0274045082063835,0.024616609599044,0.0262564121558208,0.0307688341304446,0.0337772504134972,0.0328305133206608,0.0308728065331024,0.0272797786809759,0.0246355280938925,0.0181871356430712,residential,8,summer,0,1,70.79292465,70.79292465,0
3,2021-08-10,0.0125640440754269,0.0113981297384633,0.0103953093978774,0.0104188728420373,0.0109893388638949,0.0157242077096217,0.0314790839202559,0.0339782095179358,0.034392355934545,0.0356723879438622,0.0335831215471047,0.0282821328979844,0.0272458590785408,0.0281664576658462,0.0274716399610331,0.0270782375021162,0.0283377790641632,0.0320832839756285,0.0348226990860567,0.0328919433565176,0.0305853163321428,0.0276219589658925,0.0248698959971499,0.0181590206805513,residential,8,summer,0,1,70.79292465,70.79292465,0
3,2021-08-11,0.0136936855796415,0.0126502153475618,0.0107819296489161,0.0115139426641697,0.0119787369054226,0.015548371457719,0.031805055407127,0.0354808529745843,0.035689236755547,0.0350447767732764,0.0343171452111681,0.0320281920329526,0.0291670092601703,0.0271783977354032,0.0266364436619241,0.0275592564899186,0.0283273469304301,0.0315335267828805,0.0349173725515258,0.0328237551780985,0.0304569863788613,0.0276518245754775,0.024932908840828,0.0183725790901939,residential,8,summer,0,1,70.79292465,70.79292465,0
3,2021-08-12,0.0128026352155201,0.0127767148990443,0.0105945995814912,0.0105939616225839,0.0113255091527342,0.0162803440078748,0.0330153596397433,0.03531208861736,0.0342107830546134,0.0331677119834047,0.0323898660656639,0.0290014127327434,0.0279166178440293,0.0257309194655003,0.0235636236545188,0.0217809957772261,0.0244626616672481,0.0286684935764787,0.0319577178352427,0.0310095064209897,0.0279317745003674,0.0250382029268714,0.0232614454731704,0.0153789414680403,residential,8,summer,0,1,70.79292465,70.79292465,0
3,2021-08-13,0.0122192125634707,0.0111275164389353,0.0096717808343772,0.0082113733884888,0.0069612411985181,0.0124935312977905,0.0272165934993424,0.0303739137489961,0.0294242173997244,0.0285379247417454,0.0253972121818567,0.0221786111392713,0.020731879519823,0.0192430437635181,0.0166942747993286,0.0181166815476788,0.0214857316434671,0.0248555594474245,0.0288335890159964,0.0277581555314324,0.0249863094579747,0.0227035579775147,0.0199310115692177,0.0134762395635308,residential,8,summer,0,1,70.79292465,70.79292465,0
3,2021-08-14,0.0088600593745354,0.0086157836546572,0.006101665532442,0.0077599945839124,0.0085599722316405,0.0124442110457835,0.0284598022287426,0.0321343092872794,0.0317101711365665,0.0321004636657754,0.0311889128149002,0.0271961388546738,0.0249569844735979,0.022853054399844,0.022266844929706,0.0239243827580237,0.0247130761101074,0.0281358439116184,0.0326651583152488,0.0316007924483204,0.0279763418498824,0.0255157239067834,0.0228905570594037,0.0160828833448858,residential,8,summer,1,1,70.79292465,70.79292465,0
3,2021-08-15,0.011796832339988,0.0105351922361181,0.0082844701848815,0.0095201668412854,0.0102220643483059,0.0131534972401785,0.0288566659415027,0.0325391042890184,0.0348381906564022,0.0341092566591467,0.0326655018537431,0.0286221122001264,0.0268703628407894,0.0268748468425123,0.0274887898372592,0.0268876606673487,0.0280638944091059,0.032077736653987,0.0335347376271179,0.0326367886505439,0.0300235737066675,0.027379004464858,0.0246182807572476,0.0173814252848187,residential,8,summer,1,1,70.79292465,70.79292465,0
3,2021-08-16,0.0114029240888196,0.0099809602661536,0.0095005087161078,0.0090291618371178,0.0097454841983549,0.0147454383029673,0.0309213305955385,0.0343608930079282,0.0345675872861507,0.0351662316948079,0.0336501437241602,0.0299598473986088,0.0279278847460907,0.028610056409045,0.0284562796321694,0.0287547604039125,0.0285464419610802,0.0311259925842935,0.0347011787126103,0.0338285792197557,0.0301024252994243,0.0275727598860209,0.024627899862983,0.0170126505292011,residential,8,summer,0,1,70.79292465,70.79292465,0
3,2021-08-17,0.0124254004232387,0.0111756318506101,0.0092003637393815,0.0100794794744151,0.010618141091101,0.0140826627347623,0.0304942474033394,0.0341135204746223,0.0347033996472486,0.0352549268971466,0.0329535944477567,0.0288240654852012,0.0276977994773019,0.0273837985236398,0.0281503453929488,0.0288426296678754,0.029874862869769,0.0330348973929841,0.0349522086857379,0.0329412138202233,0.0306693632781091,0.027700271813748,0.0248487623898161,0.0174580992193266,residential,8,summer,0,1,70.79292465,70.79292465,0
3,2021-08-18,0.013655851627474,0.0114447122538949,0.0097123705170362,0.0103697241240039,0.0109352775865242,0.0148186102299894,0.0317633675196969,0.0342647187194808,0.0346376020549679,0.0354865851390363,0.0335731223962357,0.0293917132322961,0.027876747481204,0.0279395717399387,0.0287675910697916,0.0280968989062762,0.0301111729565395,0.0331124700894935,0.0347944099310411,0.0328191998116212,0.0306084298687069,0.0278939850584,0.0251929209496277,0.0184674921523259,residential,8,summer,0,1,70.79292465,70.79292465,0
3,2021-08-19,0.0138553431168372,0.0125773492710643,0.010565966712422,0.0116608201073703,0.0122495810217669,0.0159661442899732,0.0313263142186959,0.0336022963102326,0.0319003166326373,0.0340087440124485,0.0327290235604881,0.0274448386030954,0.0282175998703708,0.0259294786928156,0.0244146441004206,0.0219363713828388,0.0236064172235102,0.0272589920117181,0.0301165303756419,0.0290709834074828,0.0263122902065673,0.0238962519982906,0.0210971998591785,0.0136029047376653,residential,8,summer,0,1,70.79292465,70.79292465,0
3,2021-08-20,0.0089239603521865,0.0076683547916092,0.0064197056590087,0.0066729477361427,0.0081459357586187,0.012098994285097,0.0266902801136568,0.0281549015963199,0.0267260235630861,0.0259393036511217,0.0241542153998328,0.0212774164176705,0.0202395981718168,0.017973618598558,0.0169731480905329,0.0191072670426174,0.0203227195841809,0.0238374874873777,0.0268354793443389,0.0265921051313109,0.0240118343952603,0.0214775241597361,0.0187115957077816,0.0120472597226536,residential,8,summer,0,1,70.79292465,70.79292465,0
3,2021-08-21,0.0075917700510973,0.0064000918831115,0.004723800922272,0.0054351468401022,0.0061370389012947,0.0103827860694991,0.0258757222275733,0.0302001472126009,0.0291233243654423,0.030662284300459,0.0291529801001681,0.0267653757854821,0.0242999163809373,0.0252242304176197,0.0254107327467069,0.0244603465787505,0.0258541233611926,0.0295461025381702,0.0314173126312424,0.0304135283712524,0.027565726858085,0.0245218041751044,0.0218184385575198,0.0159129003569384,residential,8,summer,1,1,70.79292465,70.79292465,0
3,2021-08-22,0.0106259336849956,0.0093635308265689,0.0085013750166028,0.0074479735446332,0.008141523967793,0.0123848938152188,0.0272537224045807,0.0315353576295403,0.0337409662089971,0.0322665289537366,0.0317874057788495,0.0257777063117542,0.0251386232965692,0.0253758895999217,0.0261273760218707,0.0259014225212023,0.0268890546027255,0.0306287050473686,0.0322810139080625,0.0312838178373697,0.0296459421467523,0.026243265429218,0.0233886795555698,0.0175174002638252,residential,8,summer,1,1,70.79292465,70.79292465,0
3,2021-08-23,0.0112672844003669,0.0099238740324529,0.0090180819453261,0.0088458551975818,0.0085473264509181,0.0132720223196694,0.0291336636029893,0.0326807219651494,0.0332880629710248,0.0327820102267616,0.0323018746611111,0.0284457564829582,0.026778496916368,0.0274403655577778,0.0270091201212447,0.027647013798306,0.0276107402631728,0.0310595701234465,0.0336632340189824,0.0315740135034361,0.0288509085501428,0.0262758979723701,0.0235280440126819,0.0162552088283491,residential,8,summer,0,1,70.79292465,70.79292465,0
3,2021-08-24,0.0122465233548394,0.0109369106597485,0.00861445869839,0.0087707053596527,0.0085758818231355,0.0132888222628825,0.0295750930360415,0.0328425312148728,0.0348194086726044,0.0340837535692672,0.0331252237960221,0.0299072722020981,0.0264883194781534,0.0273704627689553,0.0282886135305036,0.0283928062749489,0.0284449483767261,0.0325977926995295,0.0334356106503901,0.032409290887443,0.0294124925592852,0.0263167678547782,0.0235558113496939,0.0166087811924068,residential,8,summer,0,1,70.79292465,70.79292465,0
3,2021-08-25,0.0123863546173037,0.0109634663928668,0.0084155898088548,0.0089409094112979,0.0087184374423906,0.0135263721597816,0.0296488727831941,0.0320977306040886,0.0354802057554125,0.0361899561596314,0.0326291303491248,0.0297756903334348,0.0273755146568666,0.028061160642535,0.029072131820681,0.0291092124257336,0.0288082718137695,0.0333992563917678,0.0346051019228393,0.0337195800328403,0.0304673680300445,0.0272182290657142,0.0244166890578454,0.0171974290251564,residential,8,summer,0,1,70.79292465,70.79292465,0
3,2021-08-26,0.0123443845374334,0.0110628614503638,0.0092386689980146,0.0090877323089834,0.0098312296547774,0.0144014516547293,0.0297764199872619,0.0340080625487514,0.0350851932807837,0.0366011134008876,0.0346563091079672,0.0303391286674156,0.0276538858152746,0.0275272857214113,0.0291414931417264,0.0282511978188324,0.0297547045078911,0.0336230510557954,0.0354740595423209,0.0341596147808001,0.0300268280748489,0.0270011091725662,0.0243867151074657,0.0171943789396125,residential,8,summer,0,1,70.79292465,70.79292465,0
3,2021-08-27,0.0123054995305258,0.0111229965039737,0.0102261611195089,0.010163592832141,0.0099134617983663,0.014746241519318,0.0302725653108936,0.0336276555491557,0.0342192666954964,0.0340314459756961,0.0333582659941447,0.0286679764386061,0.0281263801776758,0.027481155322668,0.0248896052999739,0.0272042966354891,0.0291878767287794,0.0312270200199186,0.0350064742028504,0.0329627737900834,0.029436533791617,0.0270214301693481,0.0242518659559092,0.0167699443209973,residential,8,summer,0,1,70.79292465,70.79292465,0
3,2021-08-28,0.0112029528186448,0.0111804855165802,0.0092707368442704,0.009132232783988,0.0097708022250732,0.0151328840224156,0.0301320205349669,0.0334012970219798,0.0340168697474481,0.034543851801018,0.0324256759921911,0.028981290436189,0.0288469052720849,0.0271360911985055,0.0265583593020958,0.0272690699668223,0.0297020593274994,0.0318953231590936,0.0351432275597187,0.0320633575079266,0.0299011007987219,0.0261838225942772,0.0234152898413624,0.0170393861022012,residential,8,summer,1,1,70.79292465,70.79292465,0
3,2021-08-29,0.0121389629385887,0.0109437974140983,0.0093118069935478,0.0089547234719002,0.0096761649552387,0.0141303815145607,0.0298216885208802,0.032346293585996,0.0335559238135359,0.0351930248159114,0.031804795973103,0.0299731943889496,0.0280699378820808,0.0258012536971642,0.0266251832144712,0.0285277335957038,0.0311596610145783,0.0343495110067739,0.0343263522966715,0.0324894300070155,0.0312770002849333,0.0271070741396053,0.0234629034682713,0.0180682811155845,residential,8,summer,1,1,70.79292465,70.79292465,0
3,2021-08-30,0.0122046956171902,0.0110597131563671,0.0103660184826973,0.0099995479224533,0.0097537053039777,0.0148334928533493,0.0299619467651385,0.0332388368513095,0.0336594209581986,0.0355282472882339,0.032417585341139,0.0302825342520155,0.0286764856370433,0.0267947731159087,0.0280083700672141,0.0281265309506804,0.030632199236296,0.0338107571133132,0.0342784970767468,0.0325001110394042,0.0306002874776674,0.0274251971459374,0.0242600703945497,0.0171160919620207,residential,8,summer,0,1,70.79292465,70.79292465,0
3,2021-08-31,0.0122123381338127,0.0110156777340804,0.0095726590148166,0.0090854471515735,0.0107312520591626,0.0147738278107586,0.0298805080608366,0.0333146473517436,0.0343286076817248,0.0347168971378544,0.0329610856544166,0.0299114273184777,0.0265454485697838,0.0226692945541822,0.0239274565099289,0.023378076694393,0.0256529737108329,0.0302315419241077,0.0315124161295362,0.0303742420161795,0.0287555950241746,0.0254708779307218,0.0226818919138427,0.016573792149666,residential,8,summer,0,1,70.79292465,70.79292465,0
3,2021-09-01,0.0110695562072823,0.0094562095030064,0.0083288420398218,0.0081750330349332,0.0088274859896041,0.013872650794484,0.0289710739005737,0.0312508875263599,0.0313217352822716,0.0317900987811958,0.0274032657187263,0.0254565149682925,0.0223604428648436,0.0211507320505695,0.0190405786114742,0.0225277763731368,0.0252940379625701,0.0268776748028627,0.0305071036476931,0.0303507080793492,0.0268939533681366,0.023379088279237,0.0206622393458641,0.014166518509206,residential,9,autumn,0,1,70.79292465,70.79292465,0
3,2021-09-02,0.0095959707576483,0.0083030423417773,0.0063934654856783,0.00740382650738,0.0071697404997891,0.0121806346000451,0.0280917661759076,0.0307382463668667,0.0318571810973763,0.0323191489748959,0.0297736895013646,0.0269539226583005,0.0268475591695445,0.0257476507250056,0.022857064656621,0.0254897671707215,0.0274231829215179,0.0290169868682628,0.031537456678536,0.0304921885960515,0.0280439012912816,0.0245440860768867,0.0228156971889443,0.015696814254243,residential,9,autumn,0,1,70.79292465,70.79292465,0
3,2021-09-03,0.0107154926505675,0.010311371113238,0.0079530745256952,0.0083379243893335,0.0090231627455637,0.0120528609837831,0.0283990757245304,0.0308780033913778,0.0300741936709438,0.0328802429725872,0.0262079607396956,0.025161724680201,0.0245020939190103,0.022283315600022,0.0217416309095254,0.0280228525060924,0.0290931309354644,0.0314069327215579,0.0325309854405653,0.0304284795599068,0.0279692821285524,0.0257093095024998,0.0229720237875585,0.0154253385846423,residential,9,autumn,0,1,70.79292465,70.79292465,0
3,2021-09-04,0.0107202311657763,0.0094687947876676,0.0077975688390121,0.0084776208020108,0.0082351183925189,0.0133187332303685,0.0284686574364378,0.0318693218738264,0.0318247747772841,0.0345977249825473,0.0301600612768321,0.0275114869815587,0.0290411234468045,0.0273428016832812,0.0243700107277872,0.0277338605461336,0.0282841882508751,0.0269659055511595,0.0329167023614145,0.0319076886951522,0.0278654510510658,0.0249063264068006,0.0230145599829491,0.0156881318540936,residential,9,autumn,1,1,70.79292465,70.79292465,0
3,2021-09-05,0.0119512119133433,0.0107189374985428,0.0084438452475116,0.0097083248279674,0.0094075714687892,0.0136161030233632,0.0287043841457225,0.0321853286436414,0.0328431114936743,0.0364464749666337,0.0306205977803215,0.0284674195852356,0.0288043789804136,0.0266003355514513,0.0226853648413089,0.0284878274093094,0.0300967355662894,0.031422678130547,0.0340249751736831,0.0331055967296778,0.0288774312923078,0.0260378051612484,0.0240264704686128,0.0163025694931161,residential,9,autumn,1,1,70.79292465,70.79292465,0
3,2021-09-06,0.0120017900915301,0.0098306851701811,0.0084120673439976,0.0088647780235408,0.009510183297356,0.0136664219894425,0.0297111366125807,0.0331960634357896,0.0334632023481364,0.0363439244095978,0.0318804059697445,0.0251226427836196,0.0300410258937516,0.0264079957806107,0.0231150547536798,0.0278950490873572,0.0313300451866071,0.0311423076244403,0.0350556864780667,0.0328796237220946,0.0287221316198399,0.0268472904487753,0.0232163766016129,0.0161114006333648,residential,9,autumn,0,1,70.79292465,70.79292465,0
3,2021-09-07,0.011944559504224,0.0097432675043708,0.0083053461175024,0.0087399419688643,0.0094551380252836,0.0137680211637058,0.0306682717692156,0.0331986278018892,0.0333081004440585,0.0357920018967277,0.0315191964954356,0.0283796965840313,0.0290184170277381,0.0277473669925177,0.0249406140471003,0.0301463971994999,0.0314263917713027,0.0317616706055516,0.0350746807035677,0.0328954053240344,0.0291057085401373,0.0268370296127672,0.0241317705747729,0.0165146828227972,residential,9,autumn,0,1,70.79292465,70.79292465,0
3,2021-09-08,0.0121328365625127,0.0108619560711398,0.008888182842738,0.0089626803942172,0.0096315157769574,0.0141976253053821,0.029861055072334,0.0323474644111626,0.033117811321567,0.0347787623514133,0.0318301438363669,0.0291054306045093,0.0305365280605088,0.0265162653975971,0.0249442145526432,0.0289427773384397,0.0273979136815471,0.0315368144087888,0.0332169510197755,0.0319875276783261,0.0289965390102678,0.0260387042108469,0.0232732520862674,0.0167737334119729,residential,9,autumn,0,1,70.79292465,70.79292465,0
3,2021-09-09,0.01210323341975,0.0108005021927354,0.0089283764882763,0.0087981841513966,0.0093784164877052,0.0139818239984791,0.0294426389682344,0.0319231943935803,0.03309415456924,0.0362085886826453,0.0317023010451501,0.0293639781380443,0.0306818204791588,0.0281063664737774,0.0252441213563807,0.0308261863253068,0.0327544292770305,0.0311699425727257,0.0345333189510713,0.0326542257241159,0.0293980959669169,0.0281004847116111,0.0243911443177045,0.0169970574541344,residential,9,autumn,0,1,70.79292465,70.79292465,0
3,2021-09-10,0.0131206484904028,0.0119036183311815,0.0094051752323251,0.009948599367456,0.0106687612951017,0.0147678097189241,0.0297893961096412,0.0330861528103783,0.0331664193782183,0.0347749853225097,0.0321225414244816,0.0292435029391113,0.0308527369999873,0.0291982828754476,0.0247036206079094,0.0303274601206574,0.0325971134077178,0.0304250322202692,0.0345746407140512,0.0330107545494842,0.0290460788278268,0.026956474858237,0.0241652553295675,0.0168671693519599,residential,9,autumn,0,1,70.79292465,70.79292465,0
3,2021-09-11,0.0121220067087988,0.0099969530690162,0.0087693320866775,0.0088976838811999,0.0086438215960351,0.0139152326053328,0.0286007914197902,0.0318912977725513,0.0315046156680992,0.0331073233812119,0.0307672964050047,0.0268653099491683,0.0303659812916935,0.0276641623058098,0.0209757914801658,0.0267024583904509,0.0293525068682361,0.030956343079417,0.0345566956056533,0.0323714037252179,0.0284597667688605,0.0265699185879454,0.024005924662865,0.016644458681803,residential,9,autumn,1,1,70.79292465,70.79292465,0
3,2021-09-12,0.0129664146772268,0.0106411010833726,0.0090328736823658,0.0096178288322006,0.0094064683323744,0.014120793412323,0.029474561283369,0.031812796989606,0.0320318694048574,0.0331889101100786,0.0315593240094922,0.0269499836917138,0.0292408771964336,0.0267215016880778,0.02554871324232,0.0295288732682714,0.030623015660547,0.0316390977211969,0.0337883885981735,0.032896540883514,0.0284668189243986,0.0258400022222191,0.0232133927522749,0.0164316057156193,residential,9,autumn,1,1,70.79292465,70.79292465,0
3,2021-09-13,0.0120216655775998,0.0107440859322727,0.0088279444461278,0.0087814938130701,0.0093936459264257,0.0137830514230648,0.0286299715739456,0.0320463363246141,0.0328969484838985,0.0357886700621112,0.0322172768257547,0.0275232469025024,0.0282306359008388,0.0260144752692958,0.0259658820687913,0.0284974954115755,0.0297864978682212,0.0325496228047609,0.03356735927896,0.031620710642072,0.0289496334458758,0.0268339837783768,0.0239905499347936,0.016319981735702,residential,9,autumn,0,1,70.79292465,70.79292465,0
3,2021-09-14,0.0117991887844241,0.0105756839344016,0.0083702995256208,0.0086428399288339,0.0092791777704916,0.0134884152176732,0.0285581591245637,0.0321268572550951,0.0336928377839745,0.0362237525387616,0.0325836595822865,0.0281946747716301,0.0284322359629445,0.0272851830228476,0.0239312586650648,0.0283249999771988,0.0302197615320612,0.0283615902994932,0.0327514361827012,0.031722441700537,0.0287340841357035,0.0258161049337654,0.0229884157036959,0.0161745927753042,residential,9,autumn,0,1,70.79292465,70.79292465,0
3,2021-09-15,0.0117574460771653,0.0104667996725299,0.0085414972125244,0.0094633966940164,0.0101974884047032,0.0125421941521056,0.0285749852515902,0.0320988985853526,0.0317317265470609,0.0357741854655941,0.0326666164285741,0.0283338064375288,0.029849613451692,0.0282310443126345,0.023661565937995,0.025976229510795,0.029334389739042,0.0309310934013926,0.0348211268394216,0.0326497830866528,0.0285500020813173,0.0267487036034064,0.0231011726920661,0.0162428317721606,residential,9,autumn,0,1,70.79292465,70.79292465,0
3,2021-09-16,0.0120082932279741,0.0106688579271026,0.008746388354884,0.0088466190365973,0.0095249715087347,0.0140971874411045,0.0287474340112317,0.0322028484356795,0.0335881786887792,0.0356803964482553,0.0325104626211359,0.0284398099685857,0.0298129161867728,0.0280099395875604,0.0194959004540095,0.0283464319845426,0.0300130952629618,0.0303335588314858,0.034205292597041,0.0321142100431219,0.0281810356314336,0.0259144897557924,0.0230736519196559,0.0158675734558099,residential,9,autumn,0,1,70.79292465,70.79292465,0
3,2021-09-17,0.0110251710043662,0.009735256052528,0.008394936050646,0.0087641600895921,0.0094439910267601,0.0133075419442801,0.0286569238661566,0.0321823038389789,0.032902596984062,0.0336896904227688,0.0310652441432491,0.0273586870410833,0.029673814243667,0.0280571973156039,0.0249098245891966,0.0296236507424599,0.0268477967469131,0.0321821270361011,0.0339070632949466,0.0329630464678687,0.0291336280004706,0.0270409718258732,0.0242032878553437,0.0165694820553155,residential,9,autumn,0,1,70.79292465,70.79292465,0
3,2021-09-18,0.0120413071678766,0.0107102782394157,0.0088676662669155,0.008714377065873,0.0094661995579529,0.0140746459628312,0.0287494004447778,0.0321086455956165,0.0327945021646269,0.0350703490221284,0.0320422500088367,0.028169246773843,0.0309358768704706,0.0302813836202193,0.0240130697815212,0.028862081384408,0.0313342741410093,0.0301916728663861,0.0333488212495765,0.0311620091735421,0.027863944686938,0.0264466491615694,0.0228099792854195,0.0158009548032764,residential,9,autumn,1,1,70.79292465,70.79292465,0
3,2021-09-19,0.0118030073840029,0.0105854670286374,0.0086329295598126,0.0086722619412138,0.0093015853432553,0.0140723427461837,0.028628646783201,0.0321260138758101,0.0320855530592009,0.0347134728198612,0.0308682041964198,0.0271672694677691,0.0276076156895251,0.0264254478178217,0.024110389787993,0.0270473017540429,0.0282485726483394,0.0299297479097586,0.0286900826744659,0.0277416636241416,0.0257856923666542,0.024273788834274,0.0212922205395576,0.0138187080349247,residential,9,autumn,1,1,70.79292465,70.79292465,0
3,2021-09-20,0.008916810552977,0.0074644285947853,0.0055299392409938,0.0055318274463771,0.006091080885757,0.0106791630760128,0.0250873781973432,0.0273621064820099,0.0268717310824628,0.0254493578019746,0.0237934214852016,0.0194613233807894,0.0207457972933139,0.0183351293564106,0.0153805743616477,0.0194011400240561,0.0217738047940095,0.02457961320158,0.0283314394678909,0.0272960393756561,0.0243359347204654,0.021320577563273,0.0185593514182016,0.011829370909289,residential,9,autumn,0,1,70.79292465,70.79292465,0
3,2021-09-21,0.0060308547824847,0.0047528029149855,0.0031883768603583,0.0030451310562417,0.0036605144586723,0.0078876441974695,0.0228053580220082,0.0252254238651818,0.0253937628048975,0.0254536705245768,0.022925602459511,0.0206934787961498,0.0204272145190493,0.0188321012407908,0.0171629736579153,0.0208006205351148,0.0222321080431755,0.0255587804879488,0.0286731066085807,0.0277042311139102,0.0249956235584352,0.0225714882882881,0.0191052431440414,0.0124639263750365,residential,9,autumn,0,1,70.79292465,70.79292465,0
3,2021-09-22,0.0065533696211356,0.0052577185551109,0.0036395832631026,0.0029936444383878,0.003606409515548,0.0084984026768245,0.0228883648962842,0.0257538290379209,0.0261303674188252,0.0260055258485626,0.0242338245338044,0.0218366798221668,0.022507334183075,0.019864466661217,0.0181366533804196,0.0227817956768739,0.0248915279336088,0.0256816442274309,0.0296747892316684,0.0279082281590222,0.0250994089735144,0.022922482963353,0.0201359850004859,0.0125349634566008,residential,9,autumn,0,1,70.79292465,70.79292465,0
3,2021-09-23,0.0082188489915424,0.0063131766720471,0.0047660340130763,0.0046409887187578,0.0052431422186932,0.0098092655146052,0.0251102327159339,0.0274910241808565,0.0266401346564026,0.0265631641586882,0.024776056825475,0.0205322956433389,0.0206996699282189,0.0200743110218026,0.0158310793078543,0.0192309899844102,0.0219933276789812,0.0244584952671941,0.0286465100871811,0.0277601877683617,0.024578052679422,0.0226503422584919,0.0185260761524096,0.0120773359567544,residential,9,autumn,0,1,70.79292465,70.79292465,0
3,2021-09-24,0.0073938244256177,0.0055321256420286,0.0042741548645462,0.0045587296230826,0.0051071426427445,0.0096155609237022,0.0243175984875719,0.0266391793978333,0.0260691482281952,0.0260231417340932,0.0225869782216447,0.0200576658724967,0.0198625119137776,0.0196786019582625,0.016184475349339,0.0174997254619501,0.0195138512215186,0.0230188771332955,0.0259192094327813,0.0255078809193424,0.0235317708215752,0.0209983712554923,0.018894249954469,0.0117718213500504,residential,9,autumn,0,1,70.79292465,70.79292465,0
3,2021-09-25,0.0070290767088667,0.0058016875545242,0.0042046059313663,0.0048438462884148,0.0054970028933921,0.0097097975778309,0.024660578233253,0.0269478747792442,0.0255803213723408,0.0240486888261755,0.0222415146834629,0.0188909818219858,0.0183271928789607,0.0167528806156311,0.0137434106615543,0.0168496868064675,0.0183955936827617,0.0228131567079915,0.0266063419039124,0.0256412995406399,0.0228582338769637,0.0199401431968395,0.0158670373850782,0.0101045783925067,residential,9,autumn,1,1,70.79292465,70.79292465,0
3,2021-09-26,0.0054342946237561,0.0034547242525074,0.003268130771996,0.0032378228661798,0.003916799271639,0.0094941116186893,0.0237654325610014,0.0267562311239587,0.0261038733493892,0.02626464303075,0.0248921715190577,0.0221489975662867,0.0238404989062985,0.0226332273488859,0.0208278040132813,0.0236597862660003,0.0266308124219935,0.0285362944355069,0.0310269192651116,0.029423234454393,0.0261662711051294,0.0236795313674954,0.0209489198151789,0.0136624273219669,residential,9,autumn,1,1,70.79292465,70.79292465,0
3,2021-09-27,0.0088590951205426,0.0068588236544927,0.0058112234548123,0.0058931050225243,0.0065633401190185,0.0114078378533953,0.026827288744088,0.0292939394308469,0.0310514736674797,0.032608259792378,0.0294643685168048,0.0266756925967882,0.0290797941092316,0.0253009129152992,0.0228240646387209,0.0267339690493303,0.0301009634804029,0.029010727525428,0.0311136500575919,0.0305064508354376,0.0276205479657522,0.0246161842596007,0.0218328971702216,0.0149752521568208,residential,9,autumn,0,1,70.79292465,70.79292465,0
3,2021-09-28,0.0096224983903974,0.0083799851890387,0.0069397242648644,0.0073843639339958,0.0072332331055469,0.012225563053995,0.0279204370901396,0.0305192274331637,0.0303837106604393,0.0307309083665166,0.0302994674997381,0.026708115375198,0.0288836304911238,0.0257516494893931,0.0227968584589641,0.0258622093384163,0.0271118491345026,0.0302313679092342,0.0347319097383908,0.0327664152269758,0.0285904314901602,0.0279116430473612,0.0242352734630132,0.0145460414066779,residential,9,autumn,0,1,70.79292465,70.79292465,0
3,2021-09-29,0.0106251882939597,0.01053636606112,0.0067568706585146,0.0096738391245425,0.0103013047761999,0.0144728804125867,0.0281283719482628,0.0303209419678866,0.0292263372881503,0.0283411017059814,0.0261018974545817,0.0225804688554494,0.0234970401270052,0.022364655507894,0.0186743959000416,0.0183873563378673,0.0233735199945238,0.0263513026098418,0.0293737599840623,0.0291813796633291,0.0273572898302877,0.0248295978456079,0.021914938243584,0.0140695450687179,residential,9,autumn,0,1,70.79292465,70.79292465,0
3,2021-09-30,0.009993021585618,0.008932517856827,0.0073346460432621,0.0077907992232742,0.0084841798656934,0.0126660654163022,0.0286020356529975,0.0313286262144124,0.0314160292253932,0.030889127947901,0.0304651018495321,0.0256006669999919,0.0272451705327597,0.0243077894159136,0.0205587023323879,0.0218336090901342,0.0217321156883285,0.0275124369004558,0.0304679052815706,0.0293159666978087,0.0271496105524544,0.0244141501599556,0.0220222399637174,0.0159456462164328,residential,9,autumn,0,1,70.79292465,70.79292465,0
3,2021-10-01,0.0109621459836359,0.009145091723698,0.0076994694302616,0.0075373124681437,0.0080539618808781,0.0133363095164938,0.0282311874605886,0.0310626218870773,0.0314493650421914,0.0305442467733702,0.030078487154015,0.0286241089826294,0.0290993729308793,0.0262363081844249,0.0247118638143633,0.0255628378925148,0.0278720404133346,0.0323010232389633,0.0324835532647818,0.0316899956708951,0.0291310956518609,0.0258117102014689,0.023056949359654,0.0165400272753476,residential,10,autumn,0,1,70.79292465,70.79292465,0
3,2021-10-02,0.0107449171165202,0.0105075810784371,0.0083662521908518,0.0095274102571516,0.0091556689277115,0.0135821873956677,0.0292938644114778,0.0320767965965666,0.03170720107762,0.0316731362476583,0.0312503282607614,0.0269580265179803,0.0290958341615068,0.0252156639346309,0.0250549124023842,0.0246965252858262,0.0269575033797752,0.0315759458805092,0.0329961725147722,0.0310798801285688,0.0286905638743008,0.0260606656481492,0.0231136929510106,0.0154495558256573,residential,10,autumn,1,1,70.79292465,70.79292465,0
3,2021-10-03,0.0117472266093306,0.010332593075212,0.009103579509083,0.0086059689383926,0.009195251606483,0.0127241934860478,0.0282857239833473,0.0319549998492952,0.0311567672909323,0.0301727231333298,0.0299060984197753,0.0266687469271378,0.0288231010161054,0.0248658728864297,0.0235486878659316,0.0238515615155106,0.0273583871170315,0.0310975837307362,0.0325828020712793,0.030492763477468,0.0275944371548312,0.0254612576002131,0.0227254670585724,0.0145767659159797,residential,10,autumn,1,1,70.79292465,70.79292465,0
3,2021-10-04,0.0104998017274818,0.0092686647897386,0.0068150633519843,0.0081658040641371,0.008833566583286,0.012130470301803,0.0280005294846396,0.0309373149858405,0.0308271470604118,0.0301067255923303,0.0287555251596684,0.0281744499013304,0.0284854312528402,0.0241637910962068,0.0230098964007235,0.02420228838134,0.0264191219562645,0.0301342211062945,0.0314653682056791,0.0305524495371088,0.0274797429390548,0.0254877552753407,0.0226891431686369,0.0145864504101167,residential,10,autumn,0,1,70.79292465,70.79292465,0
3,2021-10-05,0.0104210068450763,0.0092096425851397,0.0066864374037944,0.008077103197615,0.0079335001103925,0.011842366308601,0.0280302625269043,0.0309664020527725,0.0310406405304893,0.0302885015635383,0.0297477626015967,0.0275087613671175,0.027928325767989,0.0253185132431985,0.0233287953506344,0.0255026407892776,0.028447860143703,0.0295884747717828,0.0326366806745512,0.0308994897087687,0.0283345041933459,0.0251702574674533,0.0234019210250356,0.0156191000075263,residential,10,autumn,0,1,70.79292465,70.79292465,0
3,2021-10-06,0.0110655361705916,0.0089601050093779,0.0077407584191909,0.0081656881201933,0.0088537319031,0.0132380708718435,0.0287623189323795,0.0315481364100758,0.0310853329992733,0.0293927300017259,0.0288135479729326,0.0245560660011958,0.0260776724605452,0.0231240365380222,0.0199196088771995,0.0213153560118671,0.0222441542865338,0.0240736445290505,0.0286316125384078,0.0275987193386783,0.024500666654695,0.0221447096771757,0.0193475556447701,0.0119676713230658,residential,10,autumn,0,1,70.79292465,70.79292465,0
3,2021-10-07,0.0074020981092459,0.0054714952456365,0.003716246380428,0.0043790193442076,0.0049990424787434,0.0099395192902969,0.0256228411382421,0.0280689561612368,0.0269607864017786,0.0260294620633076,0.0254970736539968,0.0245212060795022,0.0264563735225314,0.0232270589236864,0.0198217674969623,0.0225502997117944,0.0255418891442484,0.0277567037161405,0.0306620572569722,0.0296264340591086,0.0262388694749431,0.0236622755198489,0.020968109446559,0.0138207065929058,residential,10,autumn,0,1,70.79292465,70.79292465,0
3,2021-10-08,0.0088930427385376,0.0076869916486264,0.0060295196744297,0.0067987354477764,0.0074374363125732,0.011393787058146,0.0267300007671151,0.0303342740989005,0.0298016322652589,0.0288482435571045,0.0294233265075214,0.0253594986017017,0.0281730098157397,0.0255313071402667,0.0224459326105967,0.0225572221738524,0.0257911672336312,0.0295655143608955,0.0312921879003797,0.0303186903402759,0.0272659443898344,0.0243358904028849,0.0215081290431676,0.0143465647549133,residential,10,autumn,0,1,70.79292465,70.79292465,0
3,2021-10-09,0.010155095655902,0.0089202604312471,0.0067012159470379,0.0070134937644586,0.0069202816528263,0.0118731426993507,0.0269253657957746,0.0296115167441418,0.0296020752603184,0.0294439781275337,0.0288436040927343,0.025942164579119,0.0278437916578526,0.0240124523803291,0.020762346017419,0.0238111539163957,0.0248173155441046,0.0285732391989982,0.0311512326847637,0.0300331953623263,0.0265342832046256,0.0241047893641266,0.0205337313276121,0.0140499138172874,residential,10,autumn,1,1,70.79292465,70.79292465,0
3,2021-10-10,0.0092446414848257,0.0080078444887812,0.0064696536178397,0.0062060569795301,0.0076245001410919,0.011918236561429,0.0268275323091717,0.029619479642839,0.0295526158816523,0.0288340478275427,0.0283079300025536,0.0261920474920859,0.0266996198695794,0.0231730757094841,0.0223203645925892,0.0224564827019297,0.0254382748245564,0.0286975307925874,0.0315132960271422,0.0295928901289263,0.0267370622746054,0.02429783248863,0.0215600555527528,0.0141567800739283,residential,10,autumn,1,1,70.79292465,70.79292465,0
3,2021-10-11,0.0101958645743161,0.00811465620863,0.0060817142342846,0.0070756529207876,0.0077604435604176,0.0115424702907651,0.0278346850609379,0.0306572672076474,0.0302771191487013,0.0294056431224993,0.0288645979806284,0.0265529116396367,0.0274663175291969,0.0246836463565638,0.0236520338831317,0.0249706656974513,0.0284190606481868,0.029430273417819,0.0323202180617188,0.031569709863023,0.0282191235619236,0.025650361543319,0.0228448224800509,0.0152024973728526,residential,10,autumn,0,1,70.79292465,70.79292465,0
3,2021-10-12,0.0105951509125008,0.0093967199310096,0.0073950474218855,0.0083814940850834,0.0089740518870015,0.0125684098414963,0.0290451831846005,0.0318959966851553,0.0312283709152586,0.0305649240529322,0.0301502980633068,0.0265602677179369,0.0291978011031909,0.0251653226571205,0.0236188845615974,0.025483252159687,0.0285338198447749,0.0298640204812967,0.0329348421943767,0.0318741482549113,0.0282298360245629,0.0258004100713474,0.0230810182064065,0.0157153601819205,residential,10,autumn,0,1,70.79292465,70.79292465,0
3,2021-10-13,0.0117209565815296,0.0104884535487575,0.007869336017193,0.0052731814575609,0.0064847229164311,0.010192319351907,0.0257406756275953,0.0282794624017903,0.0279136143767933,0.0264183463206494,0.0256377404581975,0.0227702299891428,0.0231709799350933,0.0210896334213158,0.0194605679412658,0.0210640517981518,0.0236547933083884,0.0271273810184908,0.0299274762402846,0.0289203008916824,0.0256386624565466,0.0229510971366762,0.0201755360872818,0.0134501201782192,residential,10,autumn,0,1,70.79292465,70.79292465,0
3,2021-10-14,0.0088246783624281,0.0076183152937364,0.005484267944675,0.0058094368999698,0.0064722256836603,0.0097784348712098,0.0257849730035129,0.0281652960511,0.0267742509634759,0.0258902629864626,0.0235000617706356,0.0215370080863358,0.022539092388788,0.0208695295446158,0.0174907856662921,0.0203299390277946,0.022116849834702,0.0251189575018906,0.0292343424701473,0.027470755906199,0.0250612920189703,0.0223010053255454,0.0195525366901723,0.0124041046017317,residential,10,autumn,0,1,70.79292465,70.79292465,0
3,2021-10-15,0.007372173489024,0.0061680090808496,0.004358340563369,0.0044517109967528,0.0051187640908147,0.0096889388765194,0.0251205459762145,0.0278040019452971,0.0265250365028333,0.0269600425256213,0.0264008843554559,0.0228695595073114,0.0245213116539335,0.0212457237994949,0.0196342382207714,0.0212145380681443,0.0222784262554061,0.0259132212189505,0.0291757057949078,0.0282469505928425,0.0252540066941006,0.0223692365949376,0.0195964697960105,0.0122675197576142,residential,10,autumn,0,1,70.79292465,70.79292465,0
3,2021-10-16,0.0076647402430525,0.0064579834849125,0.0048287911041832,0.0046437748572815,0.0053336322857181,0.0096048205663773,0.0246092146172894,0.0271704486567376,0.0270974113835555,0.0256130511244459,0.0249331759285321,0.0221595358773849,0.0233238790181965,0.020562071514103,0.018146725573321,0.0203466223621264,0.0223747804766186,0.025739602971702,0.0296326390445919,0.0279603696408543,0.0246194143344827,0.0220766350464508,0.0187174483920684,0.0118502092901629,residential,10,autumn,1,1,70.79292465,70.79292465,0
3,2021-10-17,0.0067267028216873,0.0054538453780258,0.0036874527075722,0.004481179545737,0.0044917044448188,0.0089578852390408,0.0245007956014322,0.0269034418262948,0.0260996755605761,0.0252397824865356,0.0247079386951072,0.0216880114619795,0.0243710850672295,0.0206615033951512,0.0182608165500895,0.0204715499762617,0.0236484032349778,0.0257237964619984,0.0286795701692992,0.0269809178754586,0.02473155398582,0.0218086809586216,0.0184229221263909,0.0119874226140266,residential,10,autumn,1,1,70.79292465,70.79292465,0
3,2021-10-18,0.007337085427353,0.0054592452750943,0.0043288630334809,0.0045148273655685,0.0050957531449166,0.0097106693478076,0.0243982070185858,0.0268332211884101,0.0264578953726137,0.0254268979245047,0.025583103479633,0.0217952880905714,0.0241727342054359,0.0208038886711233,0.0183099153123834,0.0207168565757262,0.0230619296166256,0.0257731222142405,0.0287894903132718,0.0270616966366599,0.0248506251750931,0.0218435579188206,0.0179073555075571,0.0116511042698824,residential,10,autumn,0,1,70.79292465,70.79292465,0
3,2021-10-19,0.0074670996127346,0.0061660994525482,0.0041050429853878,0.0043942794210347,0.0044559544677941,0.0092339970254846,0.0243865710126943,0.026790216657098,0.0262664745652365,0.0253748179938623,0.024745995241151,0.0219175834854225,0.0242946054711009,0.0217087066191229,0.0189568783541468,0.0200666963424842,0.0232620283418518,0.0261292483551367,0.0289332032789372,0.0271509316946916,0.0244495630924791,0.0221267175215958,0.0187048357350166,0.0119662749541785,residential,10,autumn,0,1,70.79292465,70.79292465,0
3,2021-10-20,0.0075343017816482,0.0056269765072451,0.0042579779478564,0.0046121022636756,0.0046089689564754,0.0097568022550938,0.0247077019898771,0.0272577259481904,0.0274477889175489,0.026374334043446,0.025800986112932,0.0223318447561099,0.0250090773340687,0.0221152413239022,0.0185384746637185,0.0202311053279006,0.0233332052343283,0.0249041199180311,0.0283838707257815,0.0275622842443148,0.024171659276931,0.0209296468129004,0.0181232239386634,0.0113285970153297,residential,10,autumn,0,1,70.79292465,70.79292465,0
3,2021-10-21,0.0060347833114334,0.0047322475051139,0.0033347535056648,0.0029795151951166,0.0036087898626421,0.0084790638117678,0.0237741824012479,0.0270399371272079,0.026576895535459,0.0263152533215207,0.0249499010194979,0.0218052707021335,0.0242677018385733,0.0203850907780521,0.0194503116071383,0.0193731145857398,0.0223891787726762,0.0245934262219276,0.0275508483965068,0.0266494787084781,0.0237510721013262,0.0206436192418568,0.0178288067933853,0.010796447859775,residential,10,autumn,0,1,70.79292465,70.79292465,0
3,2021-10-22,0.0057468254640682,0.0044616154557164,0.0028975311512788,0.0027411275191189,0.0033810989065086,0.0079937093833759,0.0235071862365751,0.0261497382782355,0.0262120408082876,0.0256957287536297,0.0253466662684404,0.0224321968424478,0.0238966448378275,0.0202092220851774,0.0173111083796417,0.0191865787431702,0.0218727975783495,0.0239409327896421,0.0271223131832097,0.0255528585533552,0.0231038157726095,0.0202205389066217,0.0174370618461522,0.0105171784547623,residential,10,autumn,0,1,70.79292465,70.79292465,0
3,2021-10-23,0.0055149080511715,0.0042737390011891,0.0027754830358777,0.0026519119975957,0.0033213724822437,0.0081157309185009,0.0234560386624213,0.0260188191747065,0.0256916947995438,0.024458741376306,0.0246869208547826,0.0216602320773023,0.0233111549296442,0.0190712873179071,0.0189611914067642,0.0188468736649492,0.0219240440048833,0.0248372041802498,0.0280763783813277,0.026443211704167,0.0239584581402262,0.0212741062288168,0.0185019761328372,0.0114423167526341,residential,10,autumn,1,1,70.79292465,70.79292465,0
3,2021-10-24,0.0064399232124138,0.0051914100307415,0.003782778101093,0.0042021654895263,0.0048998037320034,0.0095548606611733,0.0249683655695399,0.0275014597621601,0.0264229976837232,0.0252944869598003,0.0247038849057698,0.0220831537604173,0.0240878116958384,0.0205286609427654,0.0178873268504169,0.0204775502729258,0.0231835449933999,0.0250251437394526,0.0290190901523894,0.0272229718748012,0.0242414960735833,0.0221055012319377,0.0186223381514579,0.0120197676580608,residential,10,autumn,1,1,70.79292465,70.79292465,0
3,2021-10-25,0.0066692484907004,0.0054077955237996,0.0038625571825592,0.0037549137497417,0.0044015030187702,0.0091155348743207,0.0238593562562955,0.0270190200715311,0.0268670074292402,0.0257696707823684,0.02597451719999,0.0229281064985987,0.0232673852467623,0.0202489130260125,0.018262644409172,0.0195637894490388,0.0225814387782711,0.0254803147034797,0.0291884296345517,0.0272893418469112,0.0240571004255981,0.021413752789928,0.0187103599136017,0.0116588782906987,residential,10,autumn,0,1,70.79292465,70.79292465,0
3,2021-10-26,0.0066670560873788,0.0054348694365997,0.0041263085726693,0.004410114022209,0.0047945711210187,0.0096424109480056,0.0249430971306533,0.0279404134912599,0.0278137389803007,0.0264785659765145,0.0260557751782641,0.0226711386389665,0.0232825685968498,0.0200463232592329,0.0180117981606814,0.018744992923014,0.0224692446574794,0.0247762846767402,0.0284526389195843,0.0274787139487879,0.0243015866735548,0.0208391505928944,0.0179513606067098,0.011059518398913,residential,10,autumn,0,1,70.79292465,70.79292465,0
3,2021-10-27,0.0058477286214603,0.0045831884890444,0.0029867090256776,0.0035139572347145,0.0035227604144339,0.0084350256132019,0.0236203397527244,0.0261748514252032,0.0252528028719011,0.0241026928493012,0.0241761792791375,0.0208764482632312,0.0230681226988551,0.0192962230532765,0.0183304530800861,0.0191519293168369,0.0218811365964115,0.0247316880437881,0.0283351112223416,0.0266001598825054,0.0245604918937329,0.0213374433841895,0.0184760284945551,0.0115636393614352,residential,10,autumn,0,1,70.79292465,70.79292465,0
3,2021-10-28,0.0071796795627621,0.0052583601363778,0.003810694875616,0.0042885869896745,0.0050081337167956,0.0096338536718634,0.02522532312159,0.0278980288027472,0.0267530206217232,0.0261597486634765,0.0262778859325548,0.0231879670891045,0.0229797195314877,0.0184137906043329,0.017181858238216,0.0168138782383565,0.0177085120462428,0.0218953930501873,0.0245993982220375,0.0234908639910542,0.0212413882045026,0.0180711695891302,0.0152060776922994,0.0088845927306105,residential,10,autumn,0,1,70.79292465,70.79292465,0
3,2021-10-29,0.0038335228123114,0.0027878821522341,0.0020719060525386,0.0020267904986057,0.002776871470479,0.0080191632227955,0.0226782049293647,0.0245593705538236,0.0238093586220918,0.0212037686518103,0.0200675369889428,0.017325407528451,0.0193646991471189,0.0166652759142884,0.0129607860047574,0.0161204448649122,0.0178230208347391,0.0212744508013643,0.0251517094220745,0.0241947142159223,0.0211217877853838,0.0190807570235809,0.0158094065337633,0.0088885760287533,residential,10,autumn,0,1,70.79292465,70.79292465,0
3,2021-10-30,0.003834644837019,0.0027884325263572,0.0020720470785249,0.002026926426406,0.0027774100021811,0.0080227918083708,0.0226908413044191,0.0245547938102813,0.0235976365567771,0.0209904562174803,0.0198785373474907,0.0173183776881241,0.019554139698284,0.0168408925356121,0.0146393357775843,0.0162842973703182,0.0179068971612758,0.0220892152745362,0.02535032263566,0.0238369006552556,0.0217994223584252,0.0186613460870963,0.0159030496702712,0.0095008834577745,residential,10,autumn,1,1,70.79292465,70.79292465,0
3,2021-10-31,0.0046341899026555,0.0034555647656253,0.0020721878725928,0.0020270621400232,0.0027779476826271,0.0080264099472909,0.0227034575803115,0.0251212091482134,0.023758778362292,0.0222324858946577,0.0211610326606956,0.0173746623105151,0.0184450614524607,0.016518675604639,0.0149229659425809,0.01779199314074,0.0193757495524221,0.0231106486445782,0.0259010854190006,0.0246524268975116,0.0226410926713196,0.018974315284473,0.0159552978554736,0.0096537703315447,residential,10,autumn,1,1,70.79292465,70.79292465,0
3,2021-11-01,0.0040593475964095,0.0027895303986936,0.0020723282207611,0.002027197589841,0.0027784843529767,0.008030025995218,0.0227160502352571,0.0247620552646996,0.0246001320900799,0.0243569750505985,0.0238786778148381,0.0208636361984258,0.0215081497447018,0.0200708901923223,0.0175769081752882,0.0178033558045213,0.0199279152726987,0.0238607284620839,0.0263725630796237,0.0260861015924038,0.0234835591403119,0.0209851628883869,0.0174642484382144,0.0108947402667415,residential,11,autumn,0,1,70.79292465,70.79292465,0
3,2021-11-02,0.0060507313266879,0.0048495400182519,0.0033465277466228,0.0038958177035372,0.0039505687672257,0.0086509802079893,0.0240741036757859,0.026779970040251,0.0262829589263739,0.0257447391046064,0.0251482544457509,0.0210959074275736,0.0222571120885999,0.0191501566597456,0.0175288027597481,0.0183843050670625,0.0205000338872258,0.0243876885463058,0.0282477700361471,0.027234512755773,0.0237688953062097,0.0212346302805747,0.0177992577236714,0.0109171756464674,residential,11,autumn,0,1,70.79292465,70.79292465,0
3,2021-11-03,0.0056799860619984,0.0044493838798505,0.0032558531941804,0.0034077926211105,0.0041215443740413,0.0091370162305221,0.0242703256052235,0.0268405295236516,0.0262036070206847,0.0249581172863566,0.0247020430304447,0.0229760942096427,0.0243417082103716,0.0191609492591442,0.0168223577289423,0.0175758326473021,0.0198416086150946,0.0242535795598496,0.0276178924716087,0.0259045000362976,0.0234773967944463,0.0205198119383428,0.0177064537526405,0.0107460980475498,residential,11,autumn,0,1,70.79292465,70.79292465,0
3,2021-11-04,0.0062278623551997,0.0043173649843969,0.002934578880314,0.0033117668240878,0.0033331537310216,0.0086192077632733,0.0234853143520902,0.0267985508888379,0.0265872863326136,0.0257730578819028,0.0253854752082629,0.0224446313316437,0.0228421070279004,0.0193367555845641,0.0193765886440841,0.0195353249691942,0.0215300648306725,0.0252995724264659,0.0277340825840158,0.0268075402419143,0.0240901523872117,0.0214196897798648,0.0178769017164236,0.011255932342029,residential,11,autumn,0,1,70.79292465,70.79292465,0
3,2021-11-05,0.0063934110970165,0.0051720824843488,0.0040146442207017,0.0041905145845745,0.0048960828732264,0.0095081114538654,0.024385633470701,0.0270770927385454,0.027273043100285,0.0269028424024561,0.0256119432274957,0.0243437831520334,0.0242285446365337,0.0214687082427649,0.0200473865267799,0.0198495798601777,0.0219125237387593,0.0258458764871017,0.0288632079783138,0.027062965794782,0.0246127805244372,0.0210382574356376,0.0189453084476223,0.0115601080116475,residential,11,autumn,0,1,70.79292465,70.79292465,0
3,2021-11-06,0.0059910800455645,0.0054224381374128,0.0031375062835119,0.00365757163662,0.0043730386962784,0.0089694673363345,0.024553598791019,0.0271385232833403,0.0267009373753613,0.0268140957105193,0.0253786054184806,0.023334649655335,0.0240988585980267,0.0203177035232751,0.0199944537799616,0.0201930432290118,0.0214014595874704,0.0263513230333606,0.028682046021998,0.0277620537015039,0.0254008819757267,0.0217894544189722,0.0190240252992524,0.0123073879936926,residential,11,autumn,1,1,70.79292465,70.79292465,0
3,2021-11-07,0.0075719798341483,0.0063024386258666,0.004420929025596,0.0045700542278907,0.0052929458569696,0.0099115199950988,0.0254954243007527,0.0282198209180709,0.0277715065958195,0.0271173509910935,0.0256642367047383,0.0238875641184203,0.0243262267356831,0.0195544425888104,0.0198898376391521,0.0197060122969493,0.0217042253865867,0.0258340900090626,0.0289619379440076,0.0279626102456272,0.0246120218450916,0.0217512606390942,0.0182220782197626,0.0118343065301364,residential,11,autumn,1,1,70.79292465,70.79292465,0
3,2021-11-08,0.0038446307932541,0.0027933278644316,0.0020733011066313,0.002028135296427,0.0027821991462885,0.0080550392926165,0.0228032219266424,0.0246939481809617,0.0239382393468592,0.0213167723942247,0.0195815578830932,0.0164244019999103,0.0148963630898892,0.0132529843014375,0.0119307445581624,0.0133683771745838,0.0157783270927535,0.0203535685868583,0.0233039108342086,0.0223127189925553,0.0206728424670285,0.017257406452007,0.0147211258462708,0.0089279373101076,residential,11,autumn,0,1,70.79292465,70.79292465,0
3,2021-11-09,0.0038457217209489,0.0027938619664702,0.0020734380291686,0.0020282672797155,0.0027827223469259,0.0080585626189847,0.0228154913332641,0.0247071561702116,0.0239508878839445,0.0213278572386914,0.0195915932352778,0.0164324708328912,0.0146369153003297,0.0132591921104275,0.0119361583559616,0.0133745652012033,0.0157855667892411,0.0203631654705385,0.0233152175271005,0.0223235389724786,0.0206827443014333,0.0172654736366052,0.0147281281756892,0.0089317999874903,residential,11,autumn,0,1,70.79292465,70.79292465,0
3,2021-11-10,0.003846806984125,0.0027943939362632,0.0020735745176837,0.0020283986564233,0.0027832428218961,0.008062064859002,0.0228277037278437,0.0247203029624663,0.0239634777651307,0.0213388906776969,0.0196015820589445,0.0164405022550431,0.0146438851637211,0.0132653711371536,0.0119415470329217,0.0133807245072149,0.015792772918122,0.0203727178586424,0.0233264717817119,0.0223343087859875,0.0206926002263697,0.0172735034180171,0.0147350980390806,0.0089356453324156,residential,11,autumn,0,1,70.79292465,70.79292465,0
3,2021-11-11,0.0038478861657132,0.0027949232196252,0.0020737101396792,0.002028529375232,0.0027837607182656,0.0080655521093992,0.0228398556557368,0.0247333848239297,0.0239760052406138,0.0213498694022102,0.0196115213978408,0.0164484938879364,0.0146508204970267,0.0132715195517555,0.011946909008244,0.0133868533577748,0.0157999433484792,0.0203822229223206,0.0233376702654211,0.0223450253226607,0.0207024073258214,0.0172814934182991,0.0147420333723862,0.008939471337349,residential,11,autumn,0,1,70.79292465,70.79292465,0
3,2021-11-12,0.0038489603862478,0.0027954497587755,0.0020738450470344,0.0020286594060517,0.0027842758829945,0.0080690233433073,0.0228519435186348,0.024746397498037,0.0239884666214248,0.0213607902645603,0.0196214083051376,0.0164564433649247,0.0160914732182068,0.0142478258313166,0.0125993671450048,0.013880120398385,0.0158070759537478,0.0203916778467386,0.0233488096621348,0.02235568517205,0.0207121626873416,0.017289441271288,0.0147489321217726,0.0089432768670466,residential,11,autumn,0,1,70.79292465,70.79292465,0
3,2021-11-13,0.0038500286071684,0.0027959733497304,0.0020739791983543,0.002028788707475,0.0027847881642618,0.0080724727721151,0.0228639592859971,0.0247411581006662,0.0237761092879766,0.0211469010135777,0.0194064909307397,0.0162395994105628,0.0171001166522734,0.01436960421036,0.0127049327275514,0.0140554104351262,0.0163161748241216,0.0203829006477344,0.0233598866732696,0.022366285414184,0.0207218634301396,0.0172973446233026,0.0147557922442406,0.0089470616701997,residential,11,autumn,1,1,70.79292465,70.79292465,0
3,2021-11-14,0.0038510912135614,0.0027964938855398,0.0020741125550598,0.002028917243501,0.0027852971869242,0.0080759017470365,0.0228759124819631,0.0247540215055761,0.0237884272826394,0.0211576963026089,0.0194162642102804,0.0162474575264355,0.017240900439545,0.0146570970030149,0.0125272703250572,0.0145884929789609,0.0163026313634597,0.0205126645698825,0.0233708980187291,0.0224901379520183,0.0207315066787098,0.0173052011338401,0.0147626117082298,0.0089508237466413,residential,11,autumn,1,1,70.79292465,70.79292465,0
3,2021-11-15,0.0038521465043781,0.0027970111158032,0.0020742450765078,0.0020290449737684,0.0027858034631348,0.008079306883973,0.022887786484689,0.0247849834967105,0.0240254172186489,0.0213931729127086,0.0196507252473514,0.0164800153854362,0.015943730319033,0.0139353775236247,0.0119680582887279,0.0135552167428066,0.0160337194052636,0.02041971386378,0.0233818404378742,0.0223872943878104,0.0207410895802608,0.0173130084762692,0.0147693884942206,0.0089545622791786,residential,11,autumn,0,1,70.79292465,70.79292465,0
3,2021-11-16,0.0038531941183052,0.0027975251362025,0.0020743767343468,0.0020291718633693,0.0027863061825609,0.0080826943222425,0.0228995822835852,0.0247976820547899,0.0240375776484896,0.0214038299170628,0.0197158449770519,0.0168583011203164,0.0179355999499035,0.0154165069680466,0.0149764995351824,0.0152139839981293,0.0180077223783687,0.0213520824088537,0.0242935224339669,0.0233337462723688,0.0211369822111475,0.0181864054703696,0.0148971118650866,0.0089582758646369,residential,11,autumn,0,1,70.79292465,70.79292465,0
3,2021-11-17,0.0038542359131681,0.0027980354414291,0.0020745072787216,0.0020292978649703,0.0027868054164786,0.008086053505822,0.0229112918065554,0.0248102926523262,0.0240496536026727,0.0214144129498573,0.0211723302089138,0.0184122416223601,0.0202833541419,0.0171086961278862,0.0141158549528584,0.0159285316275634,0.0181884242387277,0.0218040917021847,0.024290922462264,0.0226511975807496,0.0207600629947707,0.0173284664237657,0.0147828060179159,0.0089619642858546,residential,11,autumn,0,1,70.79292465,70.79292465,0
3,2021-11-18,0.0038552694292084,0.0027985417367275,0.0020746372436903,0.0020294229640657,0.0027873010167871,0.0080893906095604,0.0229229248356936,0.0248228114049818,0.0240616414875724,0.0214249189683282,0.0196794659385561,0.0165031240811529,0.0176472868840227,0.0152346407846963,0.0135325430386405,0.0141747135792613,0.0164854019767231,0.021189514932891,0.0238205840235546,0.0224182822228516,0.020769447891838,0.0173361124511083,0.0147894427821479,0.0089656255789238,residential,11,autumn,0,1,70.79292465,70.79292465,0
3,2021-11-19,0.0038562943469796,0.0027990446161263,0.0020747658551956,0.002029547095193,0.002787792836718,0.0080927022559865,0.0229344647851866,0.024835234753626,0.0240735380671787,0.0215409300790603,0.0208294323672565,0.0183281867107192,0.0186056280405053,0.0159419411472275,0.013415323707831,0.0148887981160848,0.0172448572772977,0.0211504822438899,0.0246686468003995,0.0236754952273802,0.0213549617332841,0.0184782561290419,0.0157204077668739,0.0089692589211515,residential,11,autumn,0,1,70.79292465,70.79292465,0
3,2021-11-20,0.0042886144960017,0.0027995430296522,0.0020748938597314,0.0020296702481682,0.0027882807305801,0.0080959874695209,0.0229459126007478,0.024829379871309,0.0241114362812958,0.0225817185011084,0.0227350500634565,0.0198164283699051,0.0218130591814294,0.01926858653914,0.0158467783335068,0.0163390425391261,0.0185583109185418,0.0226081589293682,0.0260462462155089,0.0250668220403641,0.0217548226015901,0.0185081895153396,0.0156898031076788,0.0090987571817887,residential,11,autumn,1,1,70.79292465,70.79292465,0
3,2021-11-21,0.0041693320447683,0.002904549362713,0.0020750205028009,0.0020297923681641,0.0027887645539635,0.008099247660661,0.0229572649468537,0.0248416010634172,0.0243396631870745,0.0239383675194042,0.0233206089001404,0.0199081706913675,0.0210646025115221,0.0167902669244867,0.0155676516694422,0.0160274978636388,0.0181685484477014,0.0235001157176166,0.0257679872902695,0.0247310260733156,0.0223275236616724,0.018756596945195,0.0165952568705172,0.0093042836091751,residential,11,autumn,1,1,70.79292465,70.79292465,0
3,2021-11-22,0.0043496003971733,0.0030717738224018,0.0020751460991336,0.0020299134242175,0.002789243811816,0.0081024770775794,0.0229685101692709,0.0248718952372289,0.0241086441453807,0.0214661105350583,0.0197167583183274,0.016533108713134,0.0147242513002367,0.0133366185171248,0.012003681018403,0.0134517448738493,0.0158758633311481,0.0204828618432925,0.0234562380706185,0.0224584903163971,0.0208062441479838,0.017366090958532,0.0148154641755962,0.0089799800181476,residential,11,autumn,0,1,70.79292465,70.79292465,0
3,2021-11-23,0.0038603122422428,0.0028010137361047,0.0020752703718352,0.0020300333728429,0.0027897194179666,0.0081056771768402,0.0229796695428131,0.0248839002960431,0.0241201399536343,0.0214761851604323,0.0197258792793895,0.0165404423399929,0.014730615599957,0.0133422606905586,0.0120086014703489,0.0134573690674185,0.015882443369815,0.0204915842898489,0.0234665141287085,0.0224683244111757,0.0208152437591372,0.0173734230872588,0.0148218284753165,0.0089834916712171,residential,11,autumn,0,1,70.79292465,70.79292465,0
3,2021-11-24,0.0038612940313071,0.0028014946380324,0.0020753936402811,0.0020301521939232,0.0027901901725171,0.0081088469896191,0.0229907152128085,0.0248957917746099,0.0241315269810415,0.0214861647778492,0.0197349140021477,0.0165477065823997,0.0147369196851942,0.0133478494817552,0.0120134753656046,0.0134629400302225,0.0158889611521874,0.0205002242108119,0.0234766933836423,0.0224780656055742,0.0208241582258501,0.0173806858445918,0.0148281325605537,0.0089869694002088,residential,11,autumn,0,1,70.79292465,70.79292465,0
3,2021-11-25,0.0038622669106957,0.0028019710983119,0.002075515897086,0.0020302698533124,0.0027906562956713,0.0081119855941926,0.0230016476925774,0.0249075663247684,0.0241428018599756,0.0214960457157806,0.019743859697688,0.0165548992869405,0.0147431616890532,0.0133533832356471,0.0120183012389943,0.0134684561683901,0.0158954147500138,0.0205087790475508,0.023486772167105,0.0224877106992934,0.0208329849012693,0.0173878770797344,0.0148343745644127,0.0089904128958508,residential,11,autumn,0,1,70.79292465,70.79292465,0
3,2021-11-26,0.0038632291220484,0.0028024429520037,0.0020756365274488,0.0020303862925175,0.0027911176428647,0.0081150920316982,0.0230124769446066,0.0249192202087688,0.0241539610395537,0.0215058256109647,0.0197527137724427,0.0165620183246253,0.0156499010701732,0.0133588603134654,0.0120230777271626,0.0134739157924526,0.0161130523436676,0.0205172462666317,0.0234967477128134,0.0224972570435844,0.0208417211748898,0.0173949946630703,0.014840552638383,0.008993821118803,residential,11,autumn,0,1,70.79292465,70.79292465,0
3,2021-11-27,0.0038641811086708,0.0028029093967709,0.0020757560552534,0.0020305014981468,0.0027915738590074,0.008118165404589,0.0230231865627362,0.0249125706802112,0.0239402526962866,0.0212907524428645,0.0195367246830732,0.0163443126659354,0.016092781686839,0.014000832162976,0.0118030544287047,0.0140669156510209,0.0158936038914392,0.0205074441763921,0.0235066170669803,0.0225067017765137,0.020850364459547,0.0174020364867947,0.0148466649528867,0.0089971930699689,residential,11,autumn,1,1,70.79292465,70.79292465,0
3,2021-11-28,0.0038651225885203,0.0028033705039202,0.002075874252873,0.0020306154320538,0.0027920252501413,0.0081212023963878,0.023033777703874,0.0249239730885306,0.0239511712174306,0.0213003211395391,0.0195453876846513,0.0163512780676414,0.0169701572877922,0.0141381725124724,0.0122401420940813,0.0143289849226869,0.0166202423370623,0.0207066632634699,0.0238627913170786,0.0225160419936475,0.0208589121919082,0.0174090004655381,0.0148527096978197,0.0090005277406498,residential,11,autumn,1,1,70.79292465,70.79292465,0
3,2021-11-29,0.0038660530760363,0.0028038268179605,0.0020759911124815,0.0020307280574361,0.0027924716814409,0.0081242093394967,0.0230442474488859,0.0249534238760097,0.0241867133577803,0.0215345289932361,0.0197787001986815,0.0166548301634082,0.0182602545069374,0.015443485058338,0.0139753844291564,0.0156290839349451,0.0178371293955383,0.021334630212757,0.0242326580468982,0.0225252752889213,0.0208673618517596,0.0174158845369842,0.014858685083088,0.0090038241467512,residential,11,autumn,0,1,70.79292465,70.79292465,0
3,2021-11-30,0.0038669729136921,0.0028042772020946,0.0020761065614812,0.0020308393434344,0.0027929125810427,0.0081271743077935,0.023054592426302,0.0249645615366001,0.0241973780911665,0.0215438753187418,0.0197871618457934,0.0165897159823925,0.0174443866296753,0.0148469583107278,0.0122428025248916,0.0139486503770795,0.0159266537542628,0.0205501892213856,0.0235355585058506,0.0225343984890543,0.0208757109256983,0.0174226866624805,0.0148645893391379,0.0090070813354132,residential,11,autumn,0,1,70.79292465,70.79292465,0
3,2021-12-01,0.0038678812006219,0.0028047222744059,0.0020762205954881,0.0020309492549904,0.0027933480364992,0.0081301102095179,0.0230648098089365,0.0249755613510913,0.0242079113954841,0.0215531062897505,0.0197955190554999,0.0165964355202889,0.0168127445512687,0.0140234630090758,0.0122064763382543,0.0135003105044809,0.0159326828064222,0.0205581812846405,0.0235449741956888,0.0225434090080567,0.0208839569410679,0.0174294048276418,0.0148704207174798,0.0090102982722246,residential,12,winter,0,1,70.79292465,70.79292465,0
3,2021-12-02,0.0038687777038156,0.0028051619033944,0.0020763331801064,0.0020310577606952,0.0027937779249815,0.0081330048070178,0.0230748964078639,0.0249864206648885,0.0242183097085474,0.0215622191634145,0.0198037693459876,0.0166030690907671,0.0147849646158469,0.0133904429866605,0.0120506204004955,0.0135053978209805,0.0159386347249964,0.0205660711002328,0.0235542698320903,0.0225523043626554,0.0208920974635627,0.0174360370429473,0.0148761774912064,0.0090134741006796,residential,12,winter,0,1,70.79292465,70.79292465,0
3,2021-12-03,0.0038696620181812,0.0028055954092623,0.0020764442629578,0.0020311648271363,0.0027942018919442,0.0081358610258344,0.0230848492910561,0.0249971360596526,0.024228569931165,0.0215712111933912,0.0198119102740114,0.0166096147293581,0.014790645080144,0.0133954789161669,0.0120550120922039,0.01351041769093,0.015944507746966,0.0205738563316683,0.0235634418289075,0.0225610818002732,0.020900130078633,0.0174425813443292,0.0148818579555035,0.0090166078044777,residential,12,winter,0,1,70.79292465,70.79292465,0
3,2021-12-04,0.0038705347176,0.0028060230093462,0.0020765538206429,0.0020312704242595,0.0027946204801693,0.0081386756209864,0.0230946654568905,0.0249895251768294,0.0240139408298049,0.0213553308197122,0.0195951904911237,0.0163913215763499,0.0145965080800169,0.0131756967820796,0.0118345946435427,0.0132906197408778,0.0157255512130538,0.0205633554892488,0.0235724878861399,0.022569738841835,0.0209080524115102,0.0174490357937546,0.0148874604281555,0.0090196984559271,residential,12,winter,1,1,70.79292465,70.79292465,0
3,2021-12-05,0.0038713950432109,0.002806444281308,0.0020766618112488,0.0020313745213262,0.0027950326725342,0.0081414549916159,0.0231043421628314,0.0249999434805759,0.0240239165308174,0.0213640732948407,0.0196031054942647,0.0163976855624941,0.0146020309019046,0.0131805929560978,0.0118388644755985,0.0132955003126927,0.0157312612492194,0.0205709246674574,0.0235814053252978,0.0225782726922633,0.020915862108092,0.0174553984797994,0.0148929832500432,0.0090227452199918,residential,12,winter,1,1,70.79292465,70.79292465,0
3,2021-12-06,0.0038722426961516,0.0028068595991462,0.0020767684152013,0.0020314770922513,0.0027954392360646,0.008144191082129,0.0231138763947249,0.0250283874361262,0.0242584943108963,0.021597436010943,0.0198356529409189,0.0166287048031563,0.0148072119102757,0.0134101659882658,0.0120678203990389,0.0135250579618992,0.0159616361645598,0.0205965616247537,0.0235901912535329,0.022586680935201,0.0209235568595753,0.0174616675182145,0.0148984247856352,0.009025747084349,residential,12,winter,0,1,70.79292465,70.79292465,0
3,2021-12-07,0.0038730781909088,0.002807268639277,0.0020768730112014,0.002031578086148,0.0027958393939063,0.0081468854815799,0.0231232653393605,0.0250384958558915,0.0242681734229666,0.0216059185669944,0.0198433326450155,0.0166348795988748,0.0148125705481128,0.0134149166074028,0.0120719633276147,0.0135297934519671,0.0159671764514596,0.0206039057842375,0.0235988434026979,0.0225949609681798,0.020931134383073,0.0174678410524834,0.0149037834234723,0.0090287032738029,residential,12,winter,0,1,70.79292465,70.79292465,0
3,2021-12-08,0.0038738991013505,0.002807671383897,0.0020769763510619,0.0020316775012415,0.002796233019058,0.0081495373921041,0.0231325062616544,0.0250484449293927,0.0242776999224618,0.0216142673806239,0.0198508912703524,0.0166409570423254,0.014817844701285,0.0134195923279412,0.0120760408986658,0.0135344542727502,0.0159726293894628,0.0206111341551812,0.0236073597254816,0.0226031105791379,0.0209385924428439,0.0174739172543726,0.0149090575766445,0.0090316127956532,residential,12,winter,0,1,70.79292465,70.79292465,0
3,2021-12-09,0.0038747080689099,0.0028080671566451,0.0020770776031767,0.0020317752823414,0.002796620661355,0.0081521460498742,0.0231415964105454,0.0250582314635958,0.0242870709822288,0.0216224796751715,0.0198583265455457,0.0166469353337308,0.014823032807902,0.0134241917652103,0.0120800519822941,0.0135390390527548,0.0159779933640787,0.0206182445969713,0.0236157366809318,0.0226111273503556,0.0209459288303948,0.0174798943244723,0.0149142456832615,0.0090344749091434,residential,12,winter,0,1,70.79292465,70.79292465,0
3,2021-12-10,0.0038755026754515,0.0028084564496948,0.002077177345679,0.0020318714176347,0.0027970015419118,0.0081547106610077,0.0231505330945609,0.0250678530484742,0.0242962838404912,0.0216305539544467,0.0198656363771391,0.0166528127026766,0.0148281333315551,0.0134287135571306,0.0120839953315811,0.013543546435142,0.0159832667868171,0.0206252350039176,0.0236239722126895,0.0226190085419881,0.0209531413603683,0.0174857704927298,0.0149193462069146,0.0090372886748018,residential,12,winter,0,1,70.79292465,70.79292465,0
3,2021-12-11,0.0038762827347211,0.0028088388883606,0.0020772755382678,0.0020319658820086,0.0027973755481393,0.0081572304661125,0.023159313667683,0.0250591276546077,0.0240805868486597,0.0214137376098722,0.0196480695470153,0.0164338384873526,0.0146334052889933,0.0132084074433332,0.0118631210404808,0.0133232261569201,0.0157636991744852,0.0206139241217018,0.0236320638823029,0.0226267521900083,0.0209602279095978,0.0174915440189736,0.0149243576371319,0.0090400529466188,residential,12,winter,1,1,70.79292465,70.79292465,0
3,2021-12-12,0.0038770501248546,0.0028092145139259,0.0020773717674496,0.0020320586325412,0.0027977432333342,0.0081597023080901,0.0231679354752726,0.0250684103532491,0.0240894873972569,0.0214215274321743,0.0196551217684569,0.0164395088182071,0.0146383261416874,0.0132127699506886,0.0118669253146698,0.0133275747689223,0.0157687868359597,0.0206206682846926,0.0236400092939236,0.0226343558778918,0.0209671863752163,0.0174972131934286,0.014929278489826,0.0090427679022438,residential,12,winter,1,1,70.79292465,70.79292465,0
3,2021-12-13,0.0038778024813338,0.0028095830666899,0.0020774660024621,0.0020321496400136,0.0027981038243214,0.0081621327300172,0.0231763961290955,0.0250956983783335,0.0243229913122195,0.0216539201789871,0.0198867910835109,0.0166698220199694,0.0148428944323734,0.0134417997872817,0.0120954075171967,0.0135565909635806,0.0159985282638718,0.02064546549567,0.0236478060950148,0.0226418173538782,0.0209740146965403,0.0175027763372224,0.0149341073077329,0.0090454318094876,residential,12,winter,0,1,70.79292465,70.79292465,0
3,2021-12-14,0.0038785395770799,0.0028099446890531,0.0020775586118662,0.0020322388938408,0.0027984574352108,0.008164513722928,0.0231846929595599,0.0251046311850797,0.0243315768669369,0.0216614160496275,0.0198935776097013,0.0166752786023903,0.0148476297854843,0.0134459978427939,0.0120990685368162,0.0135607756412061,0.0160034241374071,0.0206519554264167,0.0236554519770484,0.0226491344083223,0.020980710851427,0.0175082318028827,0.0149388426608438,0.009048044085386,residential,12,winter,0,1,70.79292465,70.79292465,0
3,2021-12-15,0.0038792633483629,0.0028102986643481,0.0020776493491902,0.0020323263591604,0.0027988037418856,0.0081668470070479,0.0231928235649867,0.0251133850522108,0.0243399904477423,0.0216687617441395,0.0199002280981867,0.0166806258667257,0.0148522702714694,0.0134501117952939,0.0121026603725538,0.0135648764795069,0.0160082219278279,0.0206583153391769,0.0236629446761874,0.0226563050503154,0.0209872728613857,0.0175135779748251,0.0149434831468289,0.0090506040971161,residential,12,winter,0,1,70.79292465,70.79292465,0
3,2021-12-16,0.0038799714181582,0.0028106458199353,0.0020777382220107,0.0020324120100205,0.0027991433035751,0.0081691319129106,0.0232007855380591,0.0251219573862229,0.0243482295463673,0.0216759547945904,0.0199067405607702,0.0166858622293134,0.0148568145160927,0.0134541404264735,0.0121061767964834,0.0135688922732408,0.0160129202146417,0.0206645433505226,0.0236702819739563,0.0226633266284884,0.0209936987696045,0.0175188132698313,0.0149480273914522,0.0090531109798712,residential,12,winter,0,1,70.79292465,70.79292465,0
3,2021-12-17,0.0038806636147468,0.0028109848337455,0.0020778251683491,0.0020324958224667,0.0027994753546167,0.008171367742498,0.0232085765213997,0.0251303456473791,0.0243562917270516,0.021682993658368,0.0199131132636194,0.0166909861437266,0.0148612611736191,0.0134580825432919,0.0121096076420147,0.0135728218315527,0.0160175176064379,0.0206706376160873,0.0236774616978973,0.0226701975913189,0.0209999866866463,0.0175239361375183,0.0149524740489786,0.0090555640268911,residential,12,winter,0,1,70.79292465,70.79292465,0
3,2021-12-18,0.0038813411264237,0.0028113166697926,0.002077910189197,0.0020325777702691,0.0027998000242115,0.0081735538409196,0.0232161942082631,0.0251203681662875,0.024139425679945,0.0214651270403216,0.0196945953015684,0.0164712471691675,0.0146658694544341,0.0132371880570455,0.0118882266822332,0.0133519150625282,0.0157972638202083,0.0206584171469363,0.0236844817222134,0.0226769157280685,0.0210061347458919,0.0175289450607973,0.0149568218025727,0.0090579625117774,residential,12,winter,1,1,70.79292465,70.79292465,0
3,2021-12-19,0.003882003049489,0.0028116408588434,0.0020779932512632,0.0020326578285258,0.0028001172098696,0.0081756895608611,0.02322363634322,0.0251283808716254,0.0241471269121554,0.021471850727852,0.0197006826719268,0.0164761416645535,0.0146701170165497,0.0132409536688458,0.0118915127695338,0.0133556686744864,0.0158016553674625,0.0206642385468039,0.0236913399683972,0.0226834790492246,0.021012141126652,0.0175338385563232,0.0149610693646884,0.0090603057242893,residential,12,winter,1,1,70.79292465,70.79292465,0
3,2021-12-20,0.0038826491879281,0.0028119573048942,0.0020780743299188,0.0020327359758966,0.002800426817777,0.0081777742699293,0.0232309007228398,0.0251543814185584,0.0243793931420277,0.0217031627476181,0.0199313735719831,0.0167056681804262,0.0148740026020908,0.0134693782635425,0.0121194667112529,0.0135840815535149,0.0160306909476229,0.0206881000917376,0.0236980344058462,0.0226898793298391,0.0210180040548986,0.0175386151749337,0.0149652154774503,0.0090625929705538,residential,12,winter,0,1,70.79292465,70.79292465,0
3,2021-12-21,0.0038832793504007,0.0028122659142307,0.0020781534002269,0.0020328121881763,0.0028007287623798,0.0081798073508285,0.0232379852206623,0.0251620090922921,0.0243867242998195,0.0217095633080273,0.0199371683995107,0.0167103274593803,0.0148780460376671,0.0134729629100539,0.0121225914139689,0.0135876547779395,0.0160348714488119,0.0206936417306088,0.0237045630524633,0.0226961238629705,0.0210237217850085,0.0175432735020783,0.0149692589130266,0.0090648235732713,residential,12,winter,0,1,70.79292465,70.79292465,0
3,2021-12-22,0.0038838933502975,0.0028125665954734,0.0020782304392331,0.0020328864425423,0.0028010229480968,0.0081817882015515,0.0232448876659988,0.0251694408267914,0.0243938671347773,0.0217157997056962,0.0199428144774719,0.0167148670452717,0.0148819855986325,0.0134764554681037,0.0121256388238871,0.0135911362067856,0.0160389445542168,0.0206990410064894,0.0237109235191058,0.0227022071210035,0.0210292926283981,0.0175478121582376,0.014973198473992,0.0090669968306368,residential,12,winter,0,1,70.79292465,70.79292465,0
3,2021-12-23,0.0038844910202381,0.0028128592595697,0.0020783056178107,0.0020329587232217,0.0028013092898378,0.0081837162355902,0.0232516060883818,0.0251766747216466,0.0244008195390951,0.0217218695501381,0.0199483098876599,0.0167192855890304,0.0148858201183234,0.0134798549034041,0.0121286049801263,0.0135945248096224,0.016042909057626,0.0207042963204349,0.0237171152908473,0.0227081292014249,0.0210347149301837,0.0175522297993261,0.0149770329936829,0.0090691122229313,residential,12,winter,0,1,70.79292465,70.79292465,0
3,2021-12-24,0.0038850721399126,0.002813144072838,0.0020783783419404,0.0020330289895817,0.002801587392769,0.0081855908748332,0.0232581384742608,0.025183707729238,0.0244075791750045,0.0217277711843506,0.0199536531624621,0.0167235817844866,0.0148895484611831,0.0134831602092443,0.0121314890042875,0.013597819583051,0.0160467637849894,0.0207094061161337,0.0237231351661541,0.022713884010345,0.0210399870944109,0.0175565251171176,0.0149807613365426,0.0090711686409865,residential,12,winter,0,1,70.79292465,70.79292465,0
3,2021-12-25,0.0038856370732478,0.0028134205639275,0.0020784491526431,0.0020330972401609,0.002801858104678,0.0081874115857629,0.0232644783793005,0.0251723597621776,0.0241893956575247,0.021508754330875,0.019734093703099,0.0165030054380798,0.014693430050319,0.0132616214855065,0.0119095411210113,0.0133762706303247,0.015825758673483,0.0206961896961929,0.0237289815422292,0.0227194733458522,0.0210451075590365,0.0175606968395781,0.0149843823984576,0.0090731666032976,residential,12,winter,1,1,70.79292465,70.79292465,0
3,2021-12-26,0.0038861848582571,0.0028136883427928,0.0020785178352479,0.0020331634494483,0.0028021204171133,0.0081891753587429,0.0232706374007726,0.0251789863459165,0.0241957646366449,0.0215143147535364,0.0197391279229929,0.0165070531567074,0.0146969427589462,0.0132647356240871,0.0119122583433627,0.0133793748459995,0.0158293904569789,0.0207010039592879,0.0237346532401815,0.0227248953095895,0.0210500748003136,0.0175647437312969,0.0149878951070848,0.0090751043694247,residential,12,winter,1,1,70.79292465,70.79292465,0
3,2021-12-27,0.0038867154316626,0.0028139480957721,0.0020785843878569,0.0020332275961687,0.0028023745568473,0.0081908890248801,0.0232765958356881,0.0252035853804747,0.0244266841325825,0.0217444509424035,0.0199687543253597,0.016735723741676,0.0149000855468093,0.0134925017027632,0.0121396398666622,0.0136071313107913,0.0160576580599589,0.0207238474797203,0.0237401481392714,0.0227301484179748,0.0210548873487541,0.0175686645938254,0.0149912984221688,0.0090769818397427,residential,12,winter,0,1,70.79292465,70.79292465,0
3,2021-12-28,0.0038872281095959,0.0028141993740413,0.0020786487815165,0.0020332896616727,0.0028026204542323,0.0081925422830555,0.023282369770662,0.0252097978121197,0.0244326548464802,0.0217496634323022,0.0199734735349115,0.0167395181890558,0.0149033784604905,0.0134954209854665,0.0121421870687236,0.0136100412914785,0.0160610625978327,0.0207283605078399,0.0237454653897335,0.0227352309938973,0.0210595437772781,0.0175724582660372,0.01499459133585,0.0090787984056979,residential,12,winter,0,1,70.79292465,70.79292465,0
3,2021-12-29,0.0038877248539193,0.0028144422485737,0.0020787109968434,0.0020333496285867,0.0028028580346068,0.0081941444345162,0.0232879441233464,0.0252157991854514,0.0244384231055508,0.0217546996200373,0.0199780331513058,0.0167431842964403,0.0149065599976038,0.013498241528962,0.0121446481165,0.013612852847581,0.0160643519836617,0.0207327208913318,0.0237506018958488,0.022740141897774,0.0210640427203884,0.0175761236244723,0.0149977728729633,0.0090805535293719,residential,12,winter,0,1,70.79292465,70.79292465,0
3,2021-12-30,0.0038882027216905,0.0028146764536012,0.0020787712110118,0.0020334074853597,0.00280308722759,0.0081956876630637,0.0232933171195157,0.0252215894372171,0.0244439882483374,0.0217595580187026,0.019982431746647,0.0167467209781466,0.014909629215967,0.0135009624979723,0.0121470222811755,0.013615565146483,0.0160675252433254,0.0207369273389097,0.0237555579785006,0.0227448791885747,0.0210683828265168,0.0175796595836696,0.0150008420913265,0.009082246372448,residential,12,winter,0,1,70.79292465,70.79292465,0
3,2021-12-31,0.0038886641434578,0.0028149023669592,0.0020788290252689,0.0020334631998013,0.0028033077408281,0.0081971739520753,0.0232985007732067,0.0252271655153313,0.024449347830779,0.0217642369193729,0.0199866680967442,0.0167501271868198,0.0149125852066603,0.0135035830867084,0.0121493088596638,0.0136181773849629,0.016070581437093,0.020740978604874,0.023760330491046,0.0227494418239087,0.0210725628248202,0.017583065096488,0.0150037980820198,0.0090838773893283,residential,12,winter,0,1,70.79292465,70.79292465,0
4,2021-01-01,0.0026330092402872,0.0017430189631977,0.0011262354657073,0.0010994297169357,0.0017276037504082,0.0062919105909692,0.0192991462172779,0.0208323684937509,0.0200241849375457,0.0177055471097901,0.0161525782897199,0.0133083104131298,0.0117334444342891,0.0105194503769242,0.0093480705358756,0.0105602742523718,0.0124427210361754,0.0163502049431131,0.0189461945559112,0.0181350552103411,0.0167241535316565,0.0138357810555125,0.0118789206083508,0.0069644420638744,residential,1,winter,0,2,95.22357824,190.44715648,0
4,2021-01-02,0.0026333621002991,0.0017432003008607,0.001126281946424,0.0010994744762691,0.0017277810901934,0.0062931027487442,0.019303300905439,0.020836849659932,0.020028492810662,0.0177093066882393,0.0161559823542274,0.0133110481214565,0.0117358198834276,0.0105215562081132,0.0093499080269252,0.0105623724166996,0.0124451757095455,0.0163534582478504,0.018950027745137,0.0181387203747846,0.0167275122577087,0.0138385181251929,0.0118812960574893,0.0069657540207665,residential,1,winter,1,2,95.22357824,190.44715648,0
4,2021-01-03,0.0026337184388107,0.0017433741412941,0.0011263266390202,0.0010995173321212,0.0017279506466878,0.0062942440162743,0.0193072782632693,0.0208411395696421,0.0200326165809564,0.0177129055090622,0.0161592411097027,0.0133136689806306,0.0117380939451335,0.010523572159534,0.0093516670913324,0.0105643810284914,0.012447525614084,0.0163565726970721,0.0189536968770571,0.0181422292533829,0.0167307276261454,0.0138411383727313,0.0118835701191951,0.0069670099812822,residential,1,winter,1,2,95.22357824,190.44715648,0
4,2021-01-04,0.002634059522845,0.0017435404817347,0.0011263695303879,0.0010995582718056,0.0017281123695818,0.0062953340556347,0.0193110771132441,0.0208543265437834,0.0201489297402375,0.0178287175007776,0.0162747281362046,0.0134285466751453,0.0118401356823491,0.0106378720948173,0.0094657216688026,0.0106786739535515,0.0125621445145243,0.0163686369605508,0.0189572013347742,0.0181455806501841,0.0167337986874537,0.0138436410224251,0.0118857421200265,0.0069682092534022,residential,1,winter,0,2,95.22357824,190.44715648,0
4,2021-01-05,0.0026343838565631,0.0017436986689626,0.0011264100037336,0.0010995972615345,0.001728266882387,0.0062963725656971,0.0193146963306896,0.0208582301840413,0.0201526822001423,0.0178319924848385,0.0162776933896073,0.013430931539665,0.0118422049790885,0.0106397065224808,0.0094673223405139,0.0106805017024735,0.0125642828249258,0.0163714709731912,0.0189605397949788,0.018148773694735,0.0167367245404373,0.0138460253331382,0.0118878114167659,0.0069693521216017,residential,1,winter,0,2,95.22357824,190.44715648,0
4,2021-01-06,0.0026346920415544,0.0017438487044849,0.0011264486318995,0.0010996343114255,0.0017284134679438,0.0062973592173427,0.0193181348441153,0.0208619389257685,0.0201562473093955,0.0178351039522767,0.0162805106936697,0.0134331973340605,0.0118441709589333,0.0106414493599118,0.0094688430930781,0.0106822381946226,0.0125663143726837,0.0163741634878146,0.0189637121265047,0.0181518070763753,0.016739504293827,0.0138482905987798,0.0118897773966107,0.0069704382980071,residential,1,winter,0,2,95.22357824,190.44715648,0
4,2021-01-07,0.0026349832754208,0.0017439910025434,0.0011264852277483,0.0010996694032846,0.0017285523066665,0.0062982937256409,0.0193213916355305,0.0208654516699793,0.0201596240115977,0.0178380509819011,0.0162831791074168,0.0134353433846035,0.0118460330396772,0.0106431000909855,0.0094702834761387,0.010683882915753,0.0125682385561743,0.0163767137070583,0.0189667165329197,0.0181546802623358,0.0167421371492307,0.0138504361485126,0.0118916394773546,0.0069714667217337,residential,1,winter,0,2,95.22357824,190.44715648,0
4,2021-01-08,0.002635258894166,0.0017441253643866,0.0011265197708092,0.0010997025267198,0.0017286833574403,0.0062991758138908,0.019324465740746,0.0208687673757629,0.020162811306174,0.0178408327012059,0.016285697840623,0.0134373690557615,0.0118477906698826,0.0106446582268534,0.00947164306314,0.0106854353787962,0.0125700548055689,0.0163791208756989,0.0189695524105054,0.0181573922801855,0.0167446223186838,0.0138524613469527,0.01189339710756,0.0069724374574697,residential,1,winter,0,2,95.22357824,190.44715648,0
4,2021-01-09,0.0026355181048432,0.001744251701725,0.0011265522508526,0.0010997336719221,0.0017288065814568,0.0063000052209163,0.0193273562496593,0.0208627954685055,0.0200534337880361,0.017731073825993,0.0161756916867539,0.0133268992870155,0.0117495735926597,0.0105337488454529,0.0093605469908175,0.0105745206633694,0.0124593881223669,0.0163722946887891,0.0189722189196688,0.0181599424540136,0.0167469590590209,0.0138543655939416,0.0118950497667214,0.0069733502177675,residential,1,winter,1,2,95.22357824,190.44715648,0
4,2021-01-10,0.0026357608306938,0.001744369977159,0.0011265826582603,0.0010997628296679,0.0017289219422252,0.0063007817011348,0.0193300623065233,0.0208657142085309,0.0200562394904044,0.0177335225031581,0.0161779089481584,0.0133286824384228,0.0117511207913578,0.0105351204341857,0.0093617438018599,0.0105758872584539,0.0124609869220973,0.0163744136602173,0.0189747152709617,0.0181623296477791,0.0167491466873898,0.0138561483263695,0.0118965969654194,0.0069742046811674,residential,1,winter,1,2,95.22357824,190.44715648,0
4,2021-01-11,0.0026359870141195,0.001744480409455,0.0011266111892596,0.0010997899993717,0.0017290294056038,0.0063015050246389,0.0193325831101998,0.0208775230785089,0.0201712275919169,0.0178481782310908,0.0162923488155006,0.0134427179762501,0.0118524318077885,0.0106487725868689,0.0094752331418428,0.0106895347593457,0.0125748507312909,0.0163854771624705,0.0189770407253139,0.0181645535357469,0.0167511845588504,0.013857809015898,0.0118980382454658,0.006975000697658,residential,1,winter,0,2,95.22357824,190.44715648,0
4,2021-01-12,0.0026361965595847,0.0017445822045319,0.0011266374149688,0.0010998151560746,0.0017291289397079,0.0063021749772582,0.0193349179143967,0.0208800410458594,0.0201736483667615,0.0178502909652013,0.0162942618143929,0.0134442564901411,0.0118537667423619,0.0106499560038549,0.0094762657593342,0.0106907138677746,0.0125762301876198,0.0163873054268189,0.0189791943047708,0.0181666134896411,0.0167530720831522,0.0138593471711864,0.0118993731800392,0.0069757379787704,residential,1,winter,0,2,95.22357824,190.44715648,0
4,2021-01-13,0.0026363901152466,0.0017446761421694,0.0011266613577028,0.0010998382947782,0.0017292205151234,0.0063027913606273,0.019337066027888,0.0208823579991335,0.0201758755883127,0.0178522345445009,0.0162960218823163,0.0134456719851152,0.0118549949361339,0.0106510447953215,0.0094772158091698,0.0106917986951946,0.0125774993432068,0.0163889875039269,0.0189811759502259,0.0181685084228725,0.0167548086607054,0.0138607623358232,0.0119006013738113,0.0069764159851531,residential,1,winter,0,2,95.22357824,190.44715648,0
4,2021-01-14,0.002636566232025,0.0017447620976082,0.0011266835955876,0.0010998594295077,0.0017293041047113,0.0063033539922405,0.019339026814719,0.0208844729041803,0.0201779085865733,0.0178540088363302,0.0162976283916386,0.0134469640419867,0.0118561160253868,0.0106520386388335,0.0094780830100012,0.0106927889203443,0.0125786578222034,0.0163905228956632,0.0189829847859425,0.0181702383835059,0.0167563937955113,0.0138620540906852,0.0119017224630642,0.0069770355330705,residential,1,winter,0,2,95.22357824,190.44715648,0
4,2021-01-15,0.0026367248438522,0.0017448392837243,0.0011267033128345,0.0010998785256501,0.0017293796837324,0.0063038627055078,0.0193407996943941,0.0208863854866417,0.0201797467693068,0.0178556133121381,0.0162990810252113,0.0134481322781255,0.0118571296781205,0.0106529372400734,0.0094788671050152,0.0106936842499778,0.0125797052815371,0.0163919111473361,0.0189846202763984,0.018171802442789,0.0167578270311845,0.0138632220541802,0.0119027361157978,0.0069775953710268,residential,1,winter,0,2,95.22357824,190.44715648,0
4,2021-01-16,0.0026368673235861,0.0017449085363554,0.0011267211163644,0.001099895597522,0.0017294472297622,0.0063043173498061,0.0193423795942588,0.0208790044987141,0.0200690151006258,0.0177446726024708,0.0161880047678878,0.0133368018869337,0.011758165857767,0.0105413658722935,0.0093671934013738,0.0105821099583162,0.0124682669503771,0.0163840622557407,0.0189860819373923,0.0181732002647462,0.0167591079539461,0.0138642658804564,0.0119036420318286,0.0069780957062206,residential,1,winter,1,2,95.22357824,190.44715648,0
4,2021-01-17,0.0026369936140866,0.0017449695810834,0.0011267370512903,0.0010999106422491,0.0017295064985164,0.006304715320666,0.019343779633248,0.0208805097712374,0.0200704617918938,0.0177459351832626,0.0161891481563052,0.0133377214804913,0.0117589637688165,0.0105420732189367,0.0093678106128258,0.0105828147296681,0.0124690914727688,0.0163851550376299,0.0189873696272935,0.018174431313736,0.0167602361360408,0.0138651852594064,0.0119044399428782,0.0069785363904965,residential,1,winter,1,2,95.22357824,190.44715648,0
4,2021-01-18,0.0026371015927711,0.0017450222542712,0.0011267505473948,0.0010999236389731,0.0017295581453369,0.0063050639090775,0.0193449859209047,0.0208909004097728,0.0201840871651586,0.0178594011583565,0.0163025108483183,0.0134508907835424,0.0118595231749752,0.0106550590705288,0.0094807185565898,0.0106957983553223,0.0125821786045376,0.0163951891693868,0.0189884823829649,0.0181754954688537,0.0167612112821499,0.0138659799192541,0.0119051296126526,0.0069789172933625,residential,1,winter,0,2,95.22357824,190.44715648,0
4,2021-01-19,0.0026371933128493,0.0017450666858803,0.0011267617757821,0.0010999345855334,0.00172960148203,0.0063053556030022,0.0193460024818458,0.0208919968766174,0.0201851411675501,0.0178603210319177,0.016303343758927,0.0134515606452781,0.0118601043992353,0.0106555743247411,0.0094811681534085,0.0106963117336091,0.0125827792133616,0.0163959851871201,0.0189894198743019,0.0181763922879052,0.0167620330786626,0.0138666496241504,0.0119057108369127,0.0069792379274443,residential,1,winter,0,2,95.22357824,190.44715648,0
4,2021-01-20,0.00263726806628,0.0017451030682411,0.0011267712685123,0.00109994349955,0.0017296367200771,0.0063055927859267,0.0193468290704724,0.0208928884389407,0.0201859982010431,0.0178610690018651,0.0163040211026095,0.013452105327978,0.0118605770058571,0.0106559932896216,0.0094815337307739,0.010696729173132,0.0125832675820116,0.0163966324471842,0.0189901826982102,0.0181771215213949,0.0167627013121187,0.0138671941767999,0.0119061834435345,0.0069794992693745,residential,1,winter,0,2,95.22357824,190.44715648,0
4,2021-01-21,0.0026373258024305,0.0017451308842909,0.0011267782239291,0.0010999503494396,0.001729663849043,0.0063057753876415,0.0193474654420721,0.0208935748325442,0.0201866580116776,0.0178616448467552,0.0163045424232467,0.0134525246615281,0.0118609408548826,0.0106563158410976,0.0094818151804235,0.0106970505502701,0.0125836435658621,0.016397130757899,0.0189907697543921,0.0181776829374067,0.0167632157697683,0.013867613415426,0.01190654729256,0.0069797002743053,residential,1,winter,0,2,95.22357824,190.44715648,0
4,2021-01-22,0.0026373665042086,0.0017451501208083,0.0011267832256584,0.0010999551539309,0.0017296828608705,0.0063059033540199,0.0193479114082455,0.0208940558540274,0.020187120403935,0.0178620483961035,0.0163049078219845,0.0134528185305583,0.0118611958385614,0.0106565418836488,0.0094820124190088,0.0106972757698508,0.0125839070535688,0.0163974799716947,0.0189911811605597,0.0181780765022198,0.0167635763040897,0.0138679072158754,0.0119068022762387,0.0069798411011208,residential,1,winter,0,2,95.22357824,190.44715648,0
4,2021-01-23,0.0026373901880453,0.0017451612864112,0.0011267860959648,0.001099957906265,0.0017296937512632,0.0063059766472419,0.0193481668369649,0.0208852417687606,0.0200750107801614,0.0177499050698001,0.016192742644793,0.0133406123844688,0.011761472144998,0.010544296889699,0.0093697509274837,0.0105850303045418,0.0124716835064669,0.0163885903930674,0.018991416794913,0.0181783018450484,0.0167637828140245,0.0138680754916716,0.0119069483190597,0.0069799217601855,residential,1,winter,1,2,95.22357824,190.44715648,0
4,2021-01-24,0.0026373968344103,0.0017451641197094,0.001126786824312,0.0010999586046763,0.0017296965147264,0.0063059952455605,0.0193482316526097,0.020885311679277,0.02007507798315,0.0177499637206867,0.0161927957509659,0.0133406550946862,0.0117615092037121,0.0105443297421793,0.0093697795936649,0.0105850630374135,0.0124717218011359,0.0163886411469598,0.0189914765876907,0.0181783588991723,0.0167638351923133,0.0138681181913916,0.0119069853777738,0.0069799422367078,residential,1,winter,1,2,95.22357824,190.44715648,0
4,2021-01-25,0.0026373864353001,0.0017451586198636,0.001126785410484,0.0010999572489581,0.0017296911504415,0.0063059591294755,0.0193481058359786,0.0208942655648595,0.020187321992987,0.017862224331399,0.0163050671247764,0.0134529466485622,0.0118613070037289,0.0106566404313605,0.009482098409063,0.0106973739587723,0.0125840219262352,0.0163976322183415,0.0189913605211904,0.018178248029127,0.0167637334840374,0.0138680353039802,0.0119069134414063,0.0069799024973496,residential,1,winter,0,2,95.22357824,190.44715648,0
4,2021-01-26,0.0026373589998105,0.0017451447885273,0.0011267818549001,0.0010999538395117,0.0017296776599972,0.0063058683517224,0.0193477894243583,0.0208939242815484,0.020186993927057,0.0178619380143724,0.0163048078754815,0.0134527381493777,0.0118611260935831,0.0106564800548569,0.0094819584688857,0.0106972141661637,0.0125838349825074,0.016397384452214,0.0189910686297747,0.0181779687591577,0.0167634777052156,0.0138678268539814,0.0119067325312605,0.006979802581153,residential,1,winter,0,2,95.22357824,190.44715648,0
4,2021-01-27,0.0026373145343699,0.0017451226321319,0.0011267761586469,0.0010999483782975,0.0017296560496584,0.0063057228971505,0.0193472825113845,0.0208933775225637,0.0201864683432099,0.0178614793150091,0.016304392540491,0.0134524041195134,0.0118608362632339,0.010656223120798,0.0094817342752106,0.0106969581675444,0.0125835354859497,0.016396987514038,0.0189906009998603,0.0181775215533701,0.0167630678995543,0.0138674929020675,0.0119064427009113,0.0069796424564973,residential,1,winter,0,2,95.22357824,190.44715648,0
4,2021-01-28,0.002637253066384,0.0017450921559482,0.001126768323369,0.0010999408650322,0.0017296263244907,0.0063055228228094,0.0193465852471415,0.020892625449928,0.0201857453971892,0.0178608483691113,0.0163038213279474,0.013451944660825,0.0118604375985118,0.0106558697052724,0.0094814258944303,0.0106966060387258,0.0125831235252551,0.0163964415213632,0.0189899577698927,0.0181769064170106,0.0167625042199901,0.0138670335476647,0.0119060440361892,0.0069794219524364,residential,1,winter,0,2,95.22357824,190.44715648,0
4,2021-01-29,0.0026371752820848,0.0017450534174699,0.0011267583524366,0.0010999313028907,0.0017295884933205,0.0063052681879239,0.0193456978380551,0.0208916682865045,0.020184825303222,0.0178600453526853,0.0163030942365993,0.0134513599035007,0.0118599302174775,0.0106554199129408,0.0094810334178691,0.0106961578839876,0.0125825992224219,0.01639574663588,0.018989138648956,0.0181761236893743,0.0167617868023936,0.0138664489262902,0.0119055366551549,0.0069791420499504,residential,1,winter,0,2,95.22357824,190.44715648,0
4,2021-01-30,0.002637079134657,0.0017450062845838,0.0011267462467269,0.0010999196947262,0.001729542569191,0.0063049590679447,0.0193446205468447,0.0208814167238442,0.0200713338733191,0.0177466960752067,0.0161898371356408,0.0133382755630151,0.0117594445340029,0.0105424994163693,0.0093681825011195,0.010583239375411,0.0124695882720819,0.0163858134712849,0.0189881450322016,0.0181751732644195,0.0167609159101174,0.0138657392126228,0.0119049207080646,0.006978801864066,residential,1,winter,1,2,95.22357824,190.44715648,0
4,2021-01-31,0.0026369672009814,0.0017449509594753,0.0011267320113529,0.0010999060447586,0.0017294885602027,0.0063045955543739,0.0193433536924436,0.0208800502904502,0.0200700203597372,0.0177455499315714,0.0161887991752608,0.0133374407708638,0.0117587202032634,0.0105418572985324,0.0093676222065507,0.0105825995953818,0.0124688397839966,0.0163848214615685,0.0189869760005029,0.0181740556511053,0.0167598917411621,0.0138649046147854,0.0119041963773251,0.0069784018181669,residential,1,winter,1,2,95.22357824,190.44715648,0
4,2021-02-01,0.0026368374161085,0.0017448872702773,0.0011267156495705,0.0010998903554034,0.0017294264878276,0.0063041777548589,0.0193418976499061,0.0208875693912397,0.0201808851517019,0.0178566066197875,0.0162999805004105,0.0134488557713529,0.0118577574397628,0.0106534937495874,0.0094793527000887,0.0106942387333649,0.0125803539798237,0.0163927709005052,0.0189856331459217,0.0181727710784568,0.016758714643236,0.0138639453814672,0.0119033638774401,0.0069779420307116,residential,2,winter,0,2,95.22357824,190.44715648,0
4,2021-02-02,0.0026366912244334,0.0017448153823998,0.0011266971678396,0.0010998726332199,0.0017293563714085,0.0063037057930602,0.0193402528502956,0.020885795307423,0.0201791797752925,0.0178551182608336,0.0162986329327989,0.013447771936074,0.0118568170172693,0.0106526600668175,0.0094786252511669,0.0106934080858478,0.0125793821930513,0.0163914829415657,0.0189841158099518,0.0181713198821564,0.0167573849593857,0.0138628617967118,0.0119024234549466,0.0069774226378488,residential,2,winter,0,2,95.22357824,190.44715648,0
4,2021-02-03,0.0026365282005465,0.0017447352630836,0.0011266767649085,0.0010998528891477,0.001729278226468,0.006303179808786,0.0193384197805591,0.0208838185077686,0.0201772792066265,0.0178534597587183,0.0162971310642559,0.0134465640379025,0.0118557689506645,0.0106517309577456,0.0094778145358481,0.0106924823594546,0.0125782991721004,0.0163900475582544,0.0189824247938715,0.0181697028494785,0.0167559030555796,0.0138616541799542,0.0119013753883419,0.0069768438445284,residential,2,winter,0,2,95.22357824,190.44715648,0
4,2021-02-04,0.002636348378459,0.0017446469386516,0.001126654057636,0.0010998311143847,0.0017291920785924,0.0063025974964507,0.0193363989280479,0.0208816388750574,0.0201751839885703,0.0178516311653996,0.0162954753140841,0.0134452324374557,0.0118546135503234,0.0106507066975185,0.0094769207942179,0.0106914618283303,0.0125771052376973,0.0163884651756464,0.0189805602470799,0.0181679201093464,0.0167542693984792,0.013860322890277,0.0119002199880008,0.0069762056687,residential,2,winter,0,2,95.22357824,190.44715648,0
4,2021-02-05,0.0026361518542092,0.0017445504352594,0.0011266290527705,0.0010998073167163,0.001729097953326,0.0063019664115765,0.0193341910570215,0.0208792570587052,0.020172894742104,0.0178496330188991,0.0162936661760817,0.0134437775262084,0.0118533511584069,0.0106495875894613,0.0094759442909495,0.0106903467946956,0.0125758007434146,0.0163867362623492,0.0189785240645601,0.0181659720887886,0.0167524844577786,0.013858868321443,0.0118989575960843,0.0069755085034653,residential,2,winter,0,2,95.22357824,190.44715648,0
4,2021-02-06,0.0026359386289316,0.0017444457814849,0.0011266021473933,0.0010997815178326,0.0017289958785471,0.0063012793817561,0.0193317966551454,0.0208675848707269,0.0200580377050998,0.0177350918936832,0.0161793298863618,0.0133298252801277,0.0117521124123761,0.0105359995043515,0.0093625108545895,0.0105767631281215,0.0124620116149301,0.0163757717382768,0.0189763152164752,0.0181638597141787,0.016750548771723,0.0138572909042089,0.0118975885864377,0.0069747524024845,residential,2,winter,1,2,95.22357824,190.44715648,0
4,2021-02-07,0.0026357088085681,0.0017443330083195,0.0011265731546033,0.0010997537165659,0.0017288858844441,0.0063005390002254,0.0193292164866221,0.020864801910805,0.0200553625243694,0.0177327571312499,0.0161772158520678,0.0133281250848526,0.0117506371904187,0.0105346917228638,0.0093613697200146,0.0105754601079741,0.0124604871924557,0.0163737513428474,0.0189739349977697,0.0181615834624874,0.0167484629087194,0.0138555911057118,0.0118961133644804,0.00697393764058,residential,2,winter,1,2,95.22357824,190.44715648,0
4,2021-02-08,0.0026354624469057,0.001744212149159,0.0011265420829868,0.0010997239219069,0.0017287680036088,0.0062997455576632,0.0193264513153194,0.0208709090035982,0.0201648700038351,0.0178426294228324,0.0162873247810868,0.0134386774467018,0.0118489259294079,0.0106456646322852,0.0094725212251612,0.0106864381201306,0.0125712279274345,0.0163806756743818,0.0189713838252041,0.0181591439762028,0.0167462274983655,0.0138537694297408,0.0118945323670853,0.0069730640874542,residential,2,winter,0,2,95.22357824,190.44715648,0
4,2021-02-09,0.0026352003275762,0.0017440832883117,0.0011265089417454,0.0010996921426788,0.0017286422709496,0.0062988992651789,0.0193235019598767,0.0208677278487335,0.0201618120381344,0.0178399605879559,0.0162849082589309,0.0134367339783417,0.0118472396247725,0.0106441697264007,0.0094712168109246,0.0106849486568646,0.0125694853824077,0.0163783661899268,0.0189686633177753,0.0181565421464438,0.0167438431871713,0.0138518264149322,0.0118928460624498,0.0069721330666045,residential,2,winter,0,2,95.22357824,190.44715648,0
4,2021-02-10,0.0026349204106699,0.0017439463183984,0.0011264737399134,0.0010996583882929,0.0017285087237001,0.0062980003733521,0.0193203692934633,0.0208643489809533,0.0201585640276689,0.0178371258773972,0.0162823415441564,0.0134346697187851,0.0118454485122798,0.0106425819085481,0.0094698313242304,0.0106833666199023,0.0125676345340492,0.0163759131655016,0.0189657731304117,0.0181537784599391,0.0167413106721073,0.0138497626371166,0.0118910549499571,0.006971143839169,residential,2,winter,0,2,95.22357824,190.44715648,0
4,2021-02-11,0.0026346248823245,0.0017438014255195,0.0011264364890551,0.0010996226679806,0.0017283674013891,0.0062970491483358,0.0193170542435195,0.0208516838094123,0.0200427524630336,0.0177217519017108,0.0161672508679387,0.0133201108159388,0.0117436833859665,0.0105285271883091,0.0093559907147418,0.0105693180171132,0.0124533014698346,0.0163642277354588,0.0189627152670609,0.0181508537557774,0.016738630704583,0.0138475787071042,0.0118891595600282,0.0069700970679766,residential,2,winter,0,2,95.22357824,190.44715648,0
4,2021-02-12,0.0026343138162549,0.0017436486525749,0.0011263972001989,0.00109958499344,0.0017282183458947,0.0062960458717828,0.0193135577914828,0.0208479125778143,0.0200391272839718,0.0177185880083385,0.0161643861728612,0.013317806846281,0.0117416842799031,0.0105267549845477,0.009354444337916,0.0105675522655499,0.0124512356910569,0.0163614898527061,0.0189594892995927,0.0181477692599656,0.0167358041199049,0.0138452752727188,0.0118871604539648,0.0069689929167269,residential,2,winter,0,2,95.22357824,190.44715648,0
4,2021-02-13,0.0026339859540874,0.0017434879477969,0.0011263560797993,0.0010995453830443,0.001728061601357,0.0062949908407525,0.0193098809724972,0.0208439471459369,0.0200353148603807,0.0177152608993398,0.0161613736586429,0.0133153840231698,0.0117395820497217,0.0105248913614497,0.0093528181910623,0.0105656954274875,0.0124490633488413,0.016358610735954,0.0189560974169032,0.0181445255204019,0.0167328317003174,0.0138428530147089,0.0118850582237833,0.0069678318588486,residential,2,winter,1,2,95.22357824,190.44715648,0
4,2021-02-14,0.0026336413494304,0.0017433193587841,0.0011263127497268,0.0010995038337315,0.0017278972141847,0.0062938843676322,0.0193060203448731,0.0208397879860394,0.020031316809168,0.017711771568766,0.0161582142020157,0.0133128430668698,0.0117373773179776,0.0105229368709095,0.0093511127557487,0.010563748052811,0.0124467850865066,0.0163555912378258,0.0189525403361909,0.018141123492345,0.0167297143641341,0.0138403126517158,0.0118828534920393,0.0069666141893171,residential,2,winter,1,2,95.22357824,190.44715648,0
4,2021-02-15,0.0026332815127932,0.0017431430324587,0.0011262674181806,0.001099460365452,0.0017277252330688,0.0062927267800402,0.0193019861126478,0.0208354364011241,0.0200271340619587,0.0177081210377746,0.0161549087023788,0.0133101847271779,0.0117350707375814,0.0105208920917309,0.0093493285370237,0.0105617107182168,0.0124444015787383,0.0163524322525172,0.0189488190198055,0.0181375644283697,0.0167264530085217,0.0138376549348147,0.011880546911643,0.0069653402687013,residential,2,winter,0,2,95.22357824,190.44715648,0
4,2021-02-16,0.0026329065513573,0.0017429590210272,0.0011262199033874,0.0010994149825898,0.001727545708907,0.0062915184207296,0.0192977794643472,0.0208308946698386,0.0200227681394751,0.0177043104179075,0.0161514584388999,0.0133074097993855,0.011732662991605,0.010518757629456,0.0093474660632668,0.0105595840270423,0.0124419135313899,0.0163491347155317,0.0189449339065261,0.01813384944266,0.0167230486251197,0.013834880651954,0.0118781391656666,0.0069640105209635,residential,2,winter,0,2,95.22357824,190.44715648,0
4,2021-02-17,0.0026325144688849,0.0017427672335026,0.0011261706092512,0.0010993677147511,0.0017273584713183,0.0062902596402862,0.0192933925920921,0.0208261627602029,0.0200182197917626,0.0177003407970133,0.0161478640930806,0.0133045190972118,0.0117301547930795,0.0105165341161854,0.009345525886032,0.0105573686090871,0.012439321681273,0.0163456996034038,0.0189408868107687,0.01812997929296,0.0167195022038608,0.0138319906244142,0.0118756309671412,0.0069626248808163,residential,2,winter,0,2,95.22357824,190.44715648,0
4,2021-02-18,0.0026321082156144,0.0017425679206466,0.0011261193554977,0.0010993185673875,0.0017271642464126,0.0062889483805772,0.0192888312677551,0.0208303330023414,0.0201258651174541,0.0178085878179736,0.01625650138671,0.01341388794003,0.0118274166211686,0.0106265966710273,0.0094558830405199,0.0106674395810617,0.012549001256575,0.0163512175254967,0.0189366794864438,0.0181259551165201,0.0167158148038687,0.0138289857082515,0.0118730230588459,0.0069611848552162,residential,2,winter,0,2,95.22357824,190.44715648,0
4,2021-02-19,0.0026316850767877,0.0017423609475347,0.0011260663519964,0.0010992675627072,0.0017269624210218,0.0062875885121642,0.0192840969521266,0.0208252266955426,0.0201209563159287,0.0178043037940546,0.0162526223612681,0.013410768296654,0.0118247097754108,0.0106241970573593,0.0094537892028654,0.0106650487038513,0.0125462041340895,0.0163475103553519,0.0189323117780782,0.0181217784359895,0.0167119875078532,0.0138258667929136,0.0118703162130882,0.0069596899126377,residential,2,winter,0,2,95.22357824,190.44715648,0
4,2021-02-20,0.0026312472720012,0.0017421465209085,0.0011260112250694,0.0010992147013926,0.0017267530551022,0.0062861821874264,0.019279186474347,0.0208108453292984,0.0200034956006354,0.0176874900024248,0.0161362283211837,0.0132951610909368,0.0117220350574131,0.0105093359858045,0.0093392449931388,0.0105501966854915,0.0124309311421578,0.0163345791908128,0.0189277858228319,0.0181174504602109,0.016708021459216,0.0138226348022649,0.0118675112314748,0.0069581406788643,residential,2,winter,1,2,95.22357824,190.44715648,0
4,2021-02-21,0.002630794275832,0.0017419246557753,0.0011259541857808,0.001099160006311,0.0017265368807828,0.0062847256413347,0.0192741148387739,0.0208053707007501,0.019998232668161,0.017682896661123,0.0161320692619149,0.0132918162014963,0.0117191327706126,0.0105067631140201,0.0093369999751619,0.0105476331809588,0.0124279320604237,0.0163306043536993,0.0189231032346671,0.0181129722474218,0.0167039178210369,0.0138192906934287,0.0118646089446743,0.0069565377925557,residential,2,winter,1,2,95.22357824,190.44715648,0
4,2021-02-22,0.0026303261649264,0.0017416956708652,0.0011258950660938,0.0010991034864548,0.0017263132919515,0.0062832231334825,0.0192688700514842,0.0208088033871448,0.020105169303968,0.0177905251495997,0.0162401464164221,0.0134007346188898,0.0118160037744943,0.0106164792039379,0.0094470548137756,0.0106573589494107,0.0125372077770369,0.0163355870211219,0.0189182648451531,0.0181083451443838,0.0166996778147789,0.0138158354566398,0.0118616102121716,0.0069548812335093,residential,2,winter,0,2,95.22357824,190.44715648,0
4,2021-02-23,0.0026298431354411,0.001741458874999,0.0011258344382468,0.0010990451801745,0.0017260825782187,0.0062816677704009,0.0192634535074801,0.0208029661970562,0.0200995579543443,0.0177856279011968,0.0162357122360067,0.0133971684453207,0.0118129094843356,0.0106137361215379,0.0094446612746426,0.0106546258539612,0.0125340102883898,0.0163313492251326,0.0189132722711576,0.018103570500282,0.0166953026976028,0.0138122701154079,0.0118585159220129,0.00695317225924,residential,2,winter,0,2,95.22357824,190.44715648,0
4,2021-02-24,0.0026293452872477,0.0017412150972822,0.0011257717654633,0.001098985083124,0.0017258448079065,0.006280067358177,0.0192578805035823,0.0207969505475616,0.0200937755004431,0.0177805808617041,0.0162311424069576,0.013393493197513,0.0118097205528656,0.0106109091397937,0.0097070842910551,0.0106518091646263,0.0125307150020241,0.016326981812802,0.0189081272668132,0.0180986500780954,0.0166907937701001,0.013808595725301,0.0118553269905429,0.0069514113304764,residential,2,winter,0,2,95.22357824,190.44715648,0
4,2021-02-25,0.0026288327821624,0.0017409641568879,0.0011257070568634,0.0010989232131072,0.001725600051427,0.0062784199219282,0.0192521391067981,0.0207907581257534,0.0200878228977417,0.0177753856033312,0.0163732867592894,0.0133897099638566,0.0163530634147899,0.0132538161104272,0.0094396563276048,0.0116564892833993,0.0138385026177001,0.0165381559302392,0.0199259233404206,0.0180935848185928,0.0166861523518581,0.0138048133745463,0.0118520443621335,0.0069495980198031,residential,2,winter,0,2,95.22357824,190.44715648,0
4,2021-02-26,0.0026283057719517,0.0017407061281278,0.0011256409146566,0.0010988596100387,0.0017253483812607,0.0062767245530818,0.0192462310252364,0.0207843907665225,0.0200817019102061,0.0177938426212516,0.0190860774038591,0.0175165959943697,0.0144982306335271,0.0132489265013831,0.0173703087795873,0.0142003779221559,0.0148238655266472,0.0219287804598569,0.0208039254964315,0.018872960029518,0.0178300699558876,0.0155835162525247,0.0131982993451607,0.0069477341285115,residential,2,winter,0,2,95.22357824,190.44715648,0
4,2021-02-27,0.0029467316428463,0.0018544220740587,0.0011255727753835,0.0010987942711614,0.0017250898719358,0.006274985942338,0.0192401670125225,0.020768760827958,0.0199630403344097,0.0176521818071921,0.0166046000408943,0.0132694495914845,0.0116997257563714,0.0108625049928651,0.0093219915755562,0.0105304915378315,0.0124078777977247,0.0163040254089666,0.0188917906459628,0.0180830268557969,0.0166764776172722,0.0137969293031626,0.0118452019304331,0.0069458192609036,residential,2,winter,1,2,95.22357824,190.44715648,0
4,2021-02-28,0.0026272088646507,0.0017401691132313,0.0011255028535909,0.0010987272230228,0.0017248246000057,0.0062732004157888,0.0192339443597283,0.0207620494003806,0.0199565888512366,0.0176465510142932,0.0160991600719199,0.0132653492487426,0.0116961679794019,0.0104864048698483,0.0093192391606253,0.0105273490605669,0.0124042013644617,0.0162991528429824,0.0188860502203764,0.0180775328549406,0.0166714471618136,0.0137928299173267,0.0118416441534635,0.006943853597932,residential,2,winter,1,2,95.22357824,190.44715648,0
4,2021-03-01,0.0026266393133498,0.0017398905870533,0.0011254309854521,0.0010986584782903,0.0017245526440266,0.0062713723396228,0.019227564964171,0.0207642581859025,0.0200623495362805,0.0177531528079771,0.0162063076327955,0.013373520050772,0.0117923902939197,0.0105955458978664,0.0094287889799584,0.010636501859341,0.0125128067570349,0.0163032470956013,0.0188801648787902,0.0180718978897959,0.0166662899545478,0.0137886272397378,0.0118379967315971,0.0069418398665117,residential,3,spring,0,2,95.22357824,190.44715648,0
4,2021-03-02,0.0026260558500627,0.0017396046886591,0.0011253575517416,0.0010985880716988,0.0017242740845339,0.0062694973723984,0.0192210350938952,0.020757210647473,0.0200555746450288,0.0177472396623876,0.0162009537803195,0.0133692143189509,0.0117886543073059,0.0105922339527671,0.0094259065426281,0.0106332019729381,0.0125089461705447,0.0162981304619709,0.0188741371729779,0.0180661261088746,0.0166610075227329,0.0137843225149788,0.0118342607449832,0.0069397764398642,residential,3,spring,0,2,95.22357824,190.44715648,0
4,2021-03-03,0.0026254594559649,0.0017393127061647,0.0011252826123431,0.0010985160240907,0.0017239890040187,0.0062675760729125,0.0192143432156317,0.0207499980801059,0.0200486413361172,0.0177411883838783,0.0161954747620779,0.0133648077956893,0.0117848308623217,0.0105888444759872,0.0094229509224327,0.0106298248370596,0.012504995208837,0.0162928940494213,0.0188679676306632,0.0180602174586105,0.0166556014352946,0.0137799170178534,0.0118304372999991,0.0069376644351207,residential,3,spring,0,2,95.22357824,190.44715648,0
4,2021-03-04,0.0026248481372701,0.0017390137751775,0.0011252055788034,0.0010984423352553,0.0017236974869031,0.0062656163253851,0.0192075094249315,0.0207426227475218,0.0200415519404563,0.0177350008010403,0.0161898718796115,0.0133603017771167,0.0117809210912442,0.010585378471288,0.009419923972171,0.010626371451896,0.0125009550419517,0.0162875394086664,0.0188616594249492,0.0180541789349271,0.0166500732794449,0.0137754120530078,0.0118265275289215,0.0069355042562031,residential,3,spring,0,2,95.22357824,190.44715648,0
4,2021-03-05,0.0026242241954674,0.0017387081297558,0.0011251273071686,0.0010983670557388,0.0017233996195155,0.0062636075680224,0.0192005175888599,0.0207350869791068,0.020034307533285,0.0177286780857841,0.0161841470811725,0.0133556976063153,0.011776926151915,0.0107454856863536,0.0094168346934967,0.0106228428385501,0.0124968268663458,0.0162820681254324,0.0188552138790088,0.0180480070936903,0.0166444247060445,0.0137708089545446,0.0118225325895924,0.0069332989686348,residential,3,spring,0,2,95.22357824,190.44715648,0
4,2021-03-06,0.0026235871132892,0.0017383963162897,0.0011250470856581,0.001098290186296,0.0017230952678107,0.0062615604836867,0.0191933878654633,0.0207183031257509,0.0199145368852426,0.0180475678458608,0.0160659274066642,0.015069288795703,0.0137406510095341,0.0143756547835798,0.0123060972747858,0.0137348124751409,0.0147901056810159,0.0187562045570049,0.021236617670707,0.0205256353813767,0.0184281334576852,0.0162317485330176,0.0138611122197449,0.0069310461732482,residential,3,spring,1,2,95.22357824,190.44715648,0
4,2021-03-07,0.0026229370793617,0.0025695883895436,0.0011249653043454,0.0010982117568711,0.0024767355243082,0.0062594732468466,0.0191861088736394,0.0207104521812514,0.0213887130912939,0.0222012567571351,0.0236311321091269,0.0197655139745536,0.0198861334145876,0.0192134310543721,0.0161295157778519,0.0187668553650895,0.0196699886167422,0.0228213451911409,0.0254690093838953,0.0235384703308574,0.020787789782185,0.0192089602168218,0.0167739240237238,0.0101725635919795,residential,3,spring,1,2,95.22357824,190.44715648,0
4,2021-03-08,0.0066099228563249,0.0054086897484828,0.0028562883830486,0.0044655295856381,0.0039580171666773,0.0062573423153969,0.0216199639460861,0.0233210645230807,0.0200117030056509,0.0205179294695703,0.0194897738689289,0.0157897335505449,0.0171765489767982,0.0160949351268794,0.0110715257041573,0.011440659281098,0.013255503689016,0.0162649707933663,0.0199773978064834,0.019603243836596,0.0166267733560786,0.0137564246319658,0.0118100487167287,0.0069264037960012,residential,3,spring,0,2,95.22357824,190.44715648,0
4,2021-03-09,0.0026215996343745,0.0017374235871081,0.0011247967458689,0.0010980503042689,0.0017221464390776,0.0062551762876919,0.0191711252406412,0.0207033816335045,0.0200038588636898,0.0177020769746381,0.0161600615213429,0.013336327044458,0.0117601187442683,0.0105669372298591,0.0094038376031952,0.0106079973537892,0.0124794589104075,0.0162590494810706,0.018828095150248,0.0180220410603108,0.0166206601709814,0.0137514429151797,0.0118057251819457,0.0069240162431157,residential,3,spring,0,2,95.22357824,190.44715648,0
4,2021-03-10,0.0026209119006702,0.0017370871046065,0.0011247102217588,0.0010979673360704,0.0017218181801479,0.0062529667869217,0.0191634249809071,0.020695076830296,0.0199959099244187,0.0176951091304722,0.0161537525548814,0.0133312531082154,0.0117557162016517,0.0105630343841183,0.0094004341710166,0.0106041087256475,0.0124749095376902,0.016253019963318,0.0188209916348089,0.01801523950168,0.0166144352741633,0.0137463701630093,0.011801322639329,0.0069215847086073,residential,3,spring,0,2,95.22357824,190.44715648,0
4,2021-03-11,0.0026202113178545,0.0017367442416275,0.0011246221609643,0.0010978829034964,0.0017214841274744,0.0062507182873064,0.0191555888034821,0.0206866254708965,0.019987820655888,0.0176880182973133,0.0161473322363297,0.0133260896179372,0.0117512359549726,0.0105590626538724,0.009396970666671,0.0106001514568633,0.0124702798691426,0.0162468840256931,0.0188137627355067,0.0180083178967984,0.0166081005090685,0.0137412078777019,0.01179684239265,0.0069191102570098,residential,3,spring,0,2,95.22357824,190.44715648,0
4,2021-03-12,0.0026194994873115,0.0017363959069788,0.00112453260866,0.0010977970315506,0.0017211443799819,0.0062484314546364,0.0191476190284798,0.0206780300592432,0.0199795935183896,0.017680806574637,0.0161408024670041,0.0133208381027421,0.0117466793310139,0.0105550232153119,0.0093934481160919,0.0105961267262972,0.0124655712760368,0.0162406434852956,0.0188064105926883,0.0180012782954334,0.0166016577516777,0.0137359575880195,0.0117922857686913,0.006916593621059,residential,3,spring,0,2,95.22357824,190.44715648,0
4,2021-03-13,0.002618775915489,0.0017360418432241,0.0011244415818143,0.0010977097456631,0.0017207990382815,0.0062461069660541,0.0191395180155779,0.0206602035498451,0.0198588564218844,0.0175611016370837,0.0160217907199984,0.0132031256571811,0.0116421779427922,0.0104385428040426,0.0092774931017165,0.0104796612651993,0.0123484106921424,0.0162252105981152,0.0187989373831985,0.0179941227822966,0.0165951089099525,0.0137306208487857,0.0117876541168539,0.0069140355459831,residential,3,spring,1,2,95.22357824,190.44715648,0
4,2021-03-14,0.0026180408166579,0.001735682144912,0.0011243491073835,0.0010976210716826,0.001720448204641,0.0062437455098536,0.0191312881633199,0.0206513277153768,0.0198503607853857,0.0175536545763694,0.0160150478821534,0.0131977027833191,0.011637472634696,0.0104343715572741,0.0092738556050662,0.0104755052063518,0.0123435484560958,0.0162187664268333,0.0187913453197354,0.0179868534764252,0.0165884559232702,0.0137251992404251,0.0117829488087576,0.0069114367892823,residential,3,spring,1,2,95.22357824,190.44715648,0
4,2021-03-15,0.0026172944085027,0.0017353169239709,0.0011242552127464,0.0010975310358689,0.0017200919829549,0.0062413477852699,0.0191229319084051,0.0206514051854735,0.0199541091242683,0.0176584675974652,0.0161205759986843,0.0133045710887572,0.0117325648001576,0.0105425107102817,0.0093825367026017,0.0105836597805323,0.0124509860078022,0.0162213128798302,0.0187836366501959,0.0179794726481,0.0165817007659033,0.0137196943684959,0.0117781712378349,0.0069087977859827,residential,3,spring,0,2,95.22357824,190.44715648,0
4,2021-03-16,0.0026165369267434,0.0017349462858143,0.0011241601975174,0.0010974396720229,0.0017197304787128,0.0062389120820391,0.0191144472320872,0.0206422596352405,0.019945355076933,0.0176507943492358,0.0161136281081538,0.0132989832794355,0.0117277163812408,0.0105382125960402,0.0093787885686689,0.0105793773161489,0.012445975888009,0.0162146727106198,0.0187758136570106,0.0179719821304843,0.0165748454261689,0.0137141078632137,0.0117733228189182,0.0069061203210166,residential,3,spring,0,2,95.22357824,190.44715648,0
4,2021-03-17,0.0026157685516392,0.0017345703416696,0.0011240632745326,0.0010973469857906,0.0017193637989694,0.0062364463814585,0.0191058501238471,0.0206329827984445,0.0199364754380845,0.0176430108640746,0.0161065807170077,0.0132933154724821,0.0117227985501433,0.0105338529480313,0.0093749880847324,0.0105750335424686,0.0124408940410515,0.0162079374777128,0.0187678784089967,0.0179643844904689,0.0165678919463696,0.013708441378969,0.0117684049878207,0.0069034041837754,residential,3,spring,0,2,95.22357824,190.44715648,0
4,2021-03-18,0.0026149902629931,0.0017341895020355,0.0011239652972963,0.0010972530260302,0.0017189920523114,0.006233944153559,0.0190971252218843,0.0206235781705508,0.0199274735816566,0.0176351195597271,0.0160994359289704,0.0132875693463644,0.0128265280084974,0.0133508435070934,0.0140413065197134,0.0155118772075092,0.017217021330743,0.0203375209705953,0.0216959258972531,0.019969054842181,0.0173013273022362,0.0137026965938376,0.0117634192009116,0.0069006504880792,residential,3,spring,0,2,95.22357824,190.44715648,0
4,2021-03-19,0.0026142008755827,0.0017338030297672,0.0011238659945026,0.0010971578134296,0.0017186153488263,0.0062314085595525,0.0190882928909327,0.0206140478107226,0.0199183511103879,0.0184673192525015,0.0206545428914835,0.0207828761375642,0.017666352267306,0.0190775153694827,0.0193021171992573,0.0218687150924821,0.0206301556100344,0.0248400098479854,0.0226517000299893,0.020735397618837,0.019489011892602,0.0163993464555534,0.0140125039148938,0.0087468663500369,residential,3,spring,0,2,95.22357824,190.44715648,0
4,2021-03-20,0.0026463118277886,0.0017334118409218,0.0011237654240839,0.0010970613761848,0.0017182338000696,0.0062288403587066,0.0190793380361546,0.0205953054567441,0.0197967374766227,0.0189202706116553,0.0176861329540283,0.0136448710715312,0.0176763567244097,0.0165717481480572,0.013736565592132,0.018991542751519,0.0193723910209917,0.019893190112122,0.0237194315086593,0.0229475029702078,0.0170951099154618,0.0162644305140853,0.0127617916844265,0.0068950335172362,residential,3,spring,1,2,95.22357824,190.44715648,0
4,2021-03-21,0.0026125910825452,0.0017330157519184,0.0011236638775181,0.0010969637499739,0.0017178475190315,0.0062262378739323,0.0190702765303107,0.0205855332307922,0.0197873831613089,0.0186378205055044,0.0187847099536294,0.0156980335051814,0.0149895807972044,0.0150385820755933,0.0139905522764046,0.0133868507276723,0.014200804838067,0.0190854502181115,0.020070171671819,0.0181427703221677,0.0167710801322055,0.0136850095586706,0.0117480689682433,0.0068921725087495,residential,3,spring,1,2,95.22357824,190.44715648,0
4,2021-03-22,0.002611771862483,0.001732614976672,0.0011235608209079,0.0010968649494731,0.0017174566201043,0.0062236067265451,0.0190611111524973,0.0205847334429139,0.0198902918988464,0.0176025270756662,0.0160699257313231,0.0132638360207402,0.0116972198799972,0.0105111775051045,0.0093552127931214,0.0105524406626467,0.0124144622900452,0.0161729061198902,0.0187266064880327,0.0179248677005131,0.0165317254444178,0.0136789688069125,0.0117428263176745,0.0068892769449325,residential,3,spring,0,2,95.22357824,190.44715648,0
4,2021-03-23,0.0026109432191047,0.0017322095866458,0.001123456599151,0.0010967650110536,0.0017170612190467,0.0062209452733779,0.0190518357333056,0.0205747305453085,0.019880716928776,0.0175941342386927,0.0160623263645416,0.0164071182118506,0.0149964111025637,0.0129661907902175,0.0152733281796737,0.0151504188697628,0.01649021322738,0.0186205420144157,0.0211484005281769,0.0214177331597226,0.016626775765218,0.0149767249873875,0.0126720122817506,0.0068863480532009,residential,3,spring,0,2,95.22357824,190.44715648,0
4,2021-03-24,0.002610105353435,0.0017317996985798,0.0011233511644718,0.0010966639643164,0.0017166614329517,0.0062182543024935,0.0190424574362482,0.0205646165557399,0.0205220896569926,0.019300595542911,0.0192586518916094,0.0181690621587387,0.0170871773970459,0.0125386327014657,0.0107848618728696,0.0105430206711353,0.0124034417290015,0.0161583000048293,0.0187093985681072,0.0179083912595446,0.0165166460325684,0.01366668039432,0.0117321614441874,0.0068833863777318,residential,3,spring,0,2,95.22357824,190.44715648,0
4,2021-03-25,0.0026092592399471,0.0017313857354482,0.0011232446717791,0.0010965618391853,0.0017162570749986,0.0062155346036525,0.0190329790381721,0.0205543944867631,0.0198612512392611,0.017577071141728,0.0160468770260518,0.0132452992604452,0.0116811359418929,0.0104969191242568,0.0093427788195056,0.0105382341743405,0.012397841931729,0.0161508783057894,0.0187006549632799,0.0179000192633738,0.0165089838425502,0.0136604363725826,0.0117267423795702,0.0068803930231183,residential,3,spring,0,2,95.22357824,190.44715648,0
4,2021-03-26,0.0026084037067823,0.0017309672211121,0.0011231370765192,0.0010964586659037,0.0017158489594613,0.0062127869963768,0.019023398950775,0.0205440676875262,0.0198513660992547,0.0175684062172418,0.0160390316542114,0.0132389896815685,0.011675661259451,0.0104920658285794,0.0093385465178206,0.0105333985742698,0.0123921846623554,0.0161433804351615,0.0186918209705232,0.0178915613352723,0.0165012430126979,0.0136541282661863,0.0117212676971283,0.0068773696991811,residential,3,spring,0,2,95.22357824,190.44715648,0
4,2021-03-27,0.0026075390057921,0.0017305442852497,0.0011230284676109,0.0010963544750251,0.0017154367347754,0.0062100146889351,0.0190137288579183,0.020524549670722,0.0197290091181725,0.0174472814069395,0.0159187344396712,0.0131202434109603,0.0115702628440753,0.010374790204427,0.0094812389346023,0.010970458551282,0.0122740971336468,0.0161267190212818,0.0186829006373618,0.0178830199939878,0.0164934258353852,0.0136477579432173,0.011715739018137,0.0068743161761036,residential,3,spring,1,2,95.22357824,190.44715648,0
4,2021-03-28,0.0026066668174623,0.0017301178889269,0.001122918734564,0.0010962492974048,0.0017150206050309,0.0062072112977146,0.0190039670605265,0.0205140223487808,0.0197189321840115,0.0174384481749943,0.0159107366534273,0.0131138112568431,0.0136158016916846,0.012160361367043,0.010585557123727,0.0125233625258652,0.0133012083248876,0.0172876542157617,0.0202188555745195,0.0186140993918802,0.0164855346255948,0.0136413272901862,0.0117101579798621,0.0068712337331866,residential,3,spring,1,2,95.22357824,190.44715648,0
4,2021-03-29,0.0026057866880111,0.0017296871192835,0.0011228080430548,0.0010961431641899,0.0017146009140858,0.0062043848644491,0.0189941209929215,0.020512489039014,0.0198211380673321,0.0175419091369447,0.0178164972762253,0.0152628410310958,0.0147232977587811,0.0136158705224181,0.0135789034374722,0.014613687197643,0.015263602003615,0.0179342418807311,0.0212322894747514,0.0205152267962599,0.016477571720234,0.0151189999803358,0.0128487206710547,0.0068681229105177,residential,3,spring,0,2,95.22357824,190.44715648,0
4,2021-03-30,0.0026048988780736,0.0017292528504352,0.0011226963972373,0.0010960361068107,0.0017141773469588,0.0062015338101869,0.0189841847510126,0.0206305044886915,0.0198500449868466,0.0191440960665713,0.0202991835746013,0.0182961368535515,0.0187035179698687,0.0166716371729508,0.0154898719586525,0.0151801819285113,0.0181850727393013,0.020606710827999,0.0235089864879726,0.0217224908933661,0.0182177788157132,0.0162401373225746,0.0138684932129782,0.0068649857473081,residential,3,spring,0,2,95.22357824,190.44715648,0
4,2021-03-31,0.0026040036505614,0.0017288149613546,0.0011225838207088,0.0010959281569711,0.001713750248815,0.0061986613807431,0.0189741657166998,0.0213865286197718,0.021262598956894,0.0223270707012261,0.020212363809248,0.0178676610562226,0.0178953196033025,0.0181783211066864,0.0164422832398432,0.0180841049677818,0.019933684923644,0.0212460742642545,0.0238338388192157,0.0230134252269047,0.0210884264766337,0.0171699116831614,0.0134443252010071,0.0068618220545486,residential,3,spring,0,2,95.22357824,190.44715648,0
4,2021-04-01,0.0026031019857402,0.0017283738781321,0.0011224701647887,0.0010958193395575,0.0017133197461341,0.0061957636365798,0.0189640667481984,0.0204800780450998,0.0197901133057252,0.0175147135634567,0.0159904172974861,0.0131998920113987,0.0118405040821698,0.0119221696245341,0.0093123207536593,0.0105034343135234,0.0123571290617442,0.016096919447392,0.0186370832210224,0.0178391513210108,0.0164532765140822,0.013615039721095,0.0116873435116359,0.0068586334479728,residential,4,spring,0,2,95.22357824,190.44715648,0
4,2021-04-02,0.002602191990358,0.001727928842231,0.0011223558177895,0.001095709700961,0.0017128859664042,0.0061928438321294,0.0189538908900964,0.0204691044111855,0.0197796088063288,0.0175055056166611,0.0159820803196143,0.0131931870472063,0.0116359193237314,0.0104568346773874,0.0093078232156631,0.0104982957033675,0.0123511172830332,0.01608895172707,0.0186276959808623,0.0178301633854665,0.0164450506096376,0.013608336320887,0.0116815257614087,0.0068554202481904,residential,4,spring,0,2,95.22357824,190.44715648,0
4,2021-04-03,0.0026012761241511,0.001727480874601,0.0011222406503148,0.0010955992665636,0.0017124488191551,0.00618990282491,0.018943641155517,0.0204489616937984,0.0196566535855498,0.0173838560614335,0.0158613083127526,0.0130740589538781,0.0115301896097682,0.010339265357661,0.0091909185716256,0.0103807452595621,0.0122326874063182,0.0160718365820426,0.0186182405907114,0.01782111021221,0.0164367649985804,0.0136015842649571,0.0116756657838299,0.0068521837349364,residential,4,spring,1,2,95.22357824,190.44715648,0
4,2021-04-04,0.0026003546149523,0.0017270298596766,0.0011221248781776,0.0010954880761389,0.0017120090905631,0.0061869415070074,0.0189333205794739,0.0204378321025577,0.0196459995411174,0.0173745174600579,0.0158528528125023,0.0130672586554351,0.0115242891402147,0.0103340346025108,0.0097252278286857,0.0110201484868781,0.0127887661859448,0.0160637555731758,0.0186087198503968,0.017811994482253,0.0164284221346158,0.0135947855528626,0.0116697653142764,0.006848924860668,residential,4,spring,1,2,95.22357824,190.44715648,0
4,2021-04-05,0.002599426317881,0.0017265758336645,0.0011220079623001,0.0010953761414089,0.0017115662541281,0.0061839607341525,0.0189229322179722,0.0204266294693737,0.0196352756903095,0.0173651172578728,0.0158443417531963,0.0143689689555382,0.0127378860527952,0.0115958873016252,0.0137374233354845,0.0110710346402616,0.0127449946332462,0.0186887880419969,0.0187873631827225,0.0179282324385739,0.0164200244912968,0.0135879421979777,0.0116638261001163,0.0068456442837395,residential,4,spring,0,2,95.22357824,190.44715648,0
4,2021-04-06,0.0025984915062188,0.0017261189339909,0.0011218907015965,0.0010952635237886,0.001711120659919,0.0061809613960807,0.0189124791471035,0.0204244467046348,0.0197368596178314,0.0174680328956139,0.0162415623473945,0.0138348784297024,0.0128787387912708,0.0104358460709938,0.0092895199269959,0.0104773834909767,0.0123266518010747,0.0160565263679206,0.018589493614568,0.0177935861681117,0.0164115745468282,0.0135810562268972,0.0116578499001916,0.0068423438674492,residential,4,spring,0,2,95.22357824,190.44715648,0
4,2021-04-07,0.0025975518917242,0.0017256593893543,0.0011217723674638,0.0010951502283788,0.0017106724398933,0.0061779443809643,0.0189019644621356,0.0204131079630852,0.0197260053453605,0.0174585183989958,0.0159395376184163,0.0131589724204118,0.01160623204662,0.0104305169621214,0.0092848727727638,0.010472073813643,0.0123204398978455,0.0160482934121021,0.0185797936020621,0.0177842991129684,0.01640307481503,0.0135741296788362,0.0116518384842974,0.0068390237067287,residential,4,spring,0,2,95.22357824,190.44715648,0
4,2021-04-08,0.0025966070353501,0.0017251972886443,0.0011216537567701,0.0010950363169637,0.001710221726786,0.0061749105822221,0.0188913912765966,0.0204017062627689,0.0197150906823015,0.0174489505966116,0.015930875157249,0.0131520057207677,0.0116001871949802,0.0104251582125235,0.0092801996432474,0.0104667345747969,0.0123141934427913,0.0160400146642403,0.0185700400442008,0.0177749602472197,0.0163945278018117,0.0135671646050263,0.0116457936326575,0.0068356850773868,residential,4,spring,0,2,95.22357824,190.44715648,0
4,2021-04-09,0.0025956572169023,0.0017247327695216,0.001121534390544,0.0010949218021091,0.0017097684359785,0.0061718585138188,0.0188807626674264,0.0203902448438704,0.0197041188606263,0.0174393330226987,0.0161771141749535,0.0189653429444138,0.0162582676248417,0.0148994584709424,0.0175267720640595,0.0130284940752842,0.0147404479758151,0.02115117532033,0.020504525551277,0.0196976338052945,0.0185357179544193,0.0153856201149024,0.0129889181018887,0.0068323289680986,residential,4,spring,0,2,95.22357824,190.44715648,0
4,2021-04-10,0.002594702717656,0.0017242659671035,0.0011214141338545,0.0010948067177406,0.001709313355919,0.0061687962320853,0.0188700819436806,0.0220168758097955,0.0205311087893219,0.0202689596468186,0.0192829049032051,0.0168627121178976,0.0179644845341238,0.017771689632689,0.0146938920566003,0.0174838601146942,0.0191889336294212,0.0209185768798878,0.0245806907939625,0.0227594811450828,0.0180781508474959,0.0162743199045963,0.0128450474781104,0.0068289563727172,residential,4,spring,1,2,95.22357824,190.44715648,0
4,2021-04-11,0.0025937438202732,0.0017237970220727,0.0011212937638168,0.0010946911190681,0.0017088559671629,0.0061657174913142,0.0188593521063383,0.0211382794262905,0.0208501984824117,0.022273207625504,0.0200878469714948,0.0202454831087271,0.0174324736902223,0.0163229845227076,0.0201291025886461,0.0158195621231655,0.0174733778998111,0.0227841214166022,0.0232782558025116,0.022435809118712,0.0200786953140701,0.0190367628630546,0.015480134282289,0.008646761772702,residential,4,spring,1,2,95.22357824,190.44715648,0
4,2021-04-12,0.0053280128213744,0.0041553297366374,0.0012263197087505,0.0019620659306853,0.0025176156173797,0.0061626232161253,0.0206019753362322,0.0232302426592858,0.0231575283953385,0.0237495318927069,0.0228571270068123,0.0244562591888062,0.0202954553962923,0.0192727848283329,0.0242864200029162,0.0183453093622409,0.018639941193857,0.0254641194682359,0.0241933414599675,0.0233209424477442,0.0222322620021481,0.0188006921602857,0.016297828219084,0.0106291250012372,residential,4,spring,0,2,95.22357824,190.44715648,0
4,2021-04-13,0.0049125785098655,0.0036438025387733,0.0026077595982509,0.0026510448888859,0.003128947726707,0.0075737192161988,0.0216622014137398,0.0242261821600311,0.0253734134862609,0.0250363518686276,0.0252311803396026,0.0266358281674267,0.0244404903408616,0.0230029206929911,0.0247670088484959,0.0206587042311004,0.0222546557460185,0.026335746328935,0.0260086402676083,0.0251481141105155,0.0237461512029893,0.0206896455735671,0.0170122541665835,0.0119398077497219,residential,4,spring,0,2,95.22357824,190.44715648,0
4,2021-04-14,0.0067863897653032,0.0054854013494132,0.0050756394734471,0.0055921015303739,0.0050322634717339,0.0094278636408577,0.0231477805727569,0.0255383012019363,0.0259489177402215,0.0262121712077569,0.0234833764572767,0.0173592341679976,0.0206260341563186,0.0179722375744146,0.0144122568809427,0.0171387506709357,0.0190809356246071,0.0204830410574691,0.0243338505208297,0.022487957515306,0.0183517928784126,0.0167179505703653,0.0143164990051296,0.007677205728505,residential,4,spring,0,2,95.22357824,190.44715648,0
4,2021-04-15,0.0041845799764055,0.0029706399667833,0.001120806784106,0.0010942240991334,0.0017070082235454,0.0061532777073267,0.0190087030512754,0.0214620584051044,0.0205600242176953,0.0201961451501571,0.0202156224892633,0.0173939908410087,0.0167075394381028,0.0181403948367527,0.0148087602495787,0.0166154155022918,0.0173080119653966,0.020572000647508,0.0228840712485797,0.0210868989493995,0.0183168242921084,0.0165273252704104,0.0140911649897877,0.0074087753583408,residential,4,spring,0,2,95.22357824,190.44715648,0
4,2021-04-16,0.0040235481550741,0.0028240780614833,0.0011206839502795,0.0015054378740721,0.0024753196454055,0.0061501423448727,0.0203846086596239,0.022766954628851,0.0211911477457715,0.021662221596225,0.0206691780299932,0.0181682827962906,0.0177370829934518,0.0176622681773025,0.017030807597308,0.0177412930959867,0.0180894566126874,0.0217065684120306,0.0245445419709118,0.0237389227600703,0.0198634392842126,0.0179983348230325,0.0155406759959206,0.0087804758532702,residential,4,spring,0,2,95.22357824,190.44715648,0
4,2021-04-17,0.005475090880658,0.0042867190850109,0.0014084621019634,0.0021466451273651,0.0026924822972625,0.0061469984310711,0.0208245550382085,0.024471161242117,0.0233776313128933,0.0249934866244607,0.023989725425145,0.024900977199385,0.0201627639729278,0.0192937683947729,0.0229462660403003,0.0181840703705929,0.0197214287343404,0.0264765372830322,0.0252952021877888,0.0243969172377688,0.0220142058855653,0.0188523019036342,0.0164401263502523,0.0107710009302081,residential,4,spring,1,2,95.22357824,190.44715648,0
4,2021-04-18,0.0063256451345777,0.0038771654708378,0.0027134961553805,0.0028022819188004,0.0033225451623384,0.0066122532713291,0.0216583403207423,0.0240265682207718,0.0243370186215735,0.0230727844757549,0.0235240710591634,0.0258571249073968,0.0207073076879386,0.0196767122880169,0.0205043797566095,0.0200226404873446,0.0202040028929115,0.0262307736408842,0.0254742814455107,0.0245789003092711,0.0220841441292677,0.0190516489942588,0.0166134606516938,0.010937738221929,residential,4,spring,1,2,95.22357824,190.44715648,0
4,2021-04-19,0.0064410320347454,0.0051758328335991,0.0027609916659597,0.0028646038663904,0.003402580319434,0.0070888423831961,0.0217070592668983,0.025539784586854,0.0254529288032736,0.0274546149724092,0.0247071299066038,0.0256702662850479,0.0219480804770885,0.020858565087357,0.0228902799967036,0.0203034816578699,0.0207307301599033,0.0272372330647857,0.0258358440337822,0.0249436091032017,0.0234668362006262,0.019322064456852,0.0168521210560519,0.0117963030712312,residential,4,spring,0,2,95.22357824,190.44715648,0
4,2021-04-20,0.0067168342347731,0.0054098192379066,0.0043918222971054,0.0043576795352657,0.004889486305279,0.0092012103251465,0.0227223449606701,0.0250679374384303,0.025528315366077,0.0233994162953521,0.0234138240129958,0.0227535938692881,0.0199089288394839,0.0193460670328109,0.0223580230327644,0.0199673001176808,0.0202518799470919,0.0263190087791325,0.0267550470432602,0.0246720184130792,0.0236089391291604,0.0202649872238057,0.0178360530058627,0.0120737771773393,residential,4,spring,0,2,95.22357824,190.44715648,0
4,2021-04-21,0.0066072994263075,0.0065183989990931,0.0048752513714576,0.0055274820375066,0.0060443948133194,0.0095690041140036,0.0243610963844036,0.0268337145649082,0.02466585453509,0.0256446172065396,0.0262000371770603,0.0215820144290521,0.0239635818875145,0.0212151374387746,0.0184111537144646,0.0218767848672881,0.0219489255284738,0.0235520965545419,0.0269159246774223,0.0261290731789134,0.021742886936919,0.0203252200695213,0.0179295008886371,0.0107724878348654,residential,4,spring,0,2,95.22357824,190.44715648,0
4,2021-04-22,0.0066013812459626,0.0053670252713633,0.0034233261248304,0.0043305566903479,0.0059572760254697,0.0081108330416589,0.022922107829976,0.0267205811365174,0.0244045643242376,0.025130394482014,0.0239466744720557,0.0224923042382253,0.0217950263013415,0.0199408409632387,0.0188881740178161,0.0176405368919625,0.0194689631232138,0.0237114556700266,0.0266418670992611,0.0245771556017947,0.0229945285961527,0.0201121096950779,0.0177717526691833,0.0129951826422286,residential,4,spring,0,2,95.22357824,190.44715648,0
4,2021-04-23,0.0077468952168988,0.0064643960782799,0.005369791690938,0.0055019068047482,0.0060752826485928,0.009129807547257,0.0226069919508255,0.024879147460958,0.0225508268084938,0.0219013841174165,0.0219531720752877,0.0177713982413757,0.0181587750979331,0.0165504631253094,0.011957618617678,0.0152874829923819,0.0162109406219883,0.0181403525740176,0.0218931342915188,0.0210213263539109,0.0181110601142671,0.0164293625369138,0.0139997811623933,0.0074929087844346,residential,4,spring,0,2,95.22357824,190.44715648,0
4,2021-04-24,0.0038718713870616,0.0026545566162355,0.0011196927533851,0.0014821687672201,0.0022810207799673,0.0061248300519855,0.0200071595487895,0.0224114868891768,0.0204527643671067,0.0207341631804638,0.0198291770320419,0.0162480182956398,0.0183986782380929,0.0154580986613095,0.0114818161338311,0.015009831112959,0.0169076018886277,0.0187817031398153,0.0226811950138705,0.0218350289775466,0.0184479788114288,0.0173246797343877,0.0149481462612669,0.0081113932227382,residential,4,spring,1,2,95.22357824,190.44715648,0
4,2021-04-25,0.0049540925331494,0.0037811977193314,0.0011195682819432,0.0016115769971717,0.0034171658548664,0.0061216513933664,0.0201997330802813,0.0239095108556682,0.0216484503165369,0.0221863797260058,0.0241648691277176,0.0197449893909039,0.020776520354742,0.019719907363836,0.0196004066820981,0.020240225508504,0.0206859541830444,0.0231195510899596,0.0261284557528847,0.0253486400900818,0.0214151757813903,0.0196176615083275,0.017194749917567,0.0102870204298831,residential,4,spring,1,2,95.22357824,190.44715648,0
4,2021-04-26,0.0071316486456091,0.0059529211504769,0.0033788874704614,0.0038248838522546,0.0043878911568324,0.0076540967218155,0.0223129861723184,0.024746288707362,0.0236220806660996,0.0246108680972399,0.0245611272323732,0.0200501124694628,0.0234370847793112,0.0176928003911083,0.0106781180955847,0.0119498507765554,0.016253894623358,0.0198374451325239,0.0231900113582475,0.0222463228970104,0.0201133706218486,0.0166471510552201,0.0142455729832167,0.0089436125330467,residential,4,spring,0,2,95.22357824,190.44715648,0
4,2021-04-27,0.0041699612546362,0.0029370304851873,0.0011193193628663,0.0010927978624594,0.0017013653766094,0.0061152970331361,0.0190270244430561,0.0231857471702361,0.024088199715838,0.0252667455464417,0.024825422230781,0.0252432392722247,0.0226215371642445,0.0211943047272167,0.0207229378479067,0.0218067542142212,0.0222369532030751,0.0270020725130482,0.0275145581741934,0.0254681196866753,0.0243260011017779,0.0210128159007239,0.018576520293594,0.0121662651958814,residential,4,spring,0,2,95.22357824,190.44715648,0
4,2021-04-28,0.0074808235080614,0.0063153588794009,0.0046151562549229,0.0042250737225437,0.0035574776489929,0.0086647377759785,0.0215514796138069,0.0250660618220765,0.024151714365284,0.023554593209785,0.0240711426247999,0.0219759451694854,0.0216477268783945,0.020423826557813,0.0203649353264899,0.0205035960247292,0.022251765065097,0.0263746365872979,0.0273102319396213,0.0265405631658531,0.0228657413734621,0.0198199256891651,0.0176237041576341,0.011287126152068,residential,4,spring,0,2,95.22357824,190.44715648,0
4,2021-04-29,0.0076090742524095,0.0063252437288571,0.0036920067096715,0.0043453453675016,0.0049043198864027,0.0081839685073809,0.0231651194841182,0.025679002648216,0.0249134018619135,0.0258654883283439,0.0250391092188871,0.0241157537884218,0.0210137534844094,0.0194717297836123,0.0179498281195823,0.0179252322307298,0.0196863071537208,0.021852136578615,0.0261922621071154,0.0242739654944295,0.0211498374983216,0.0186125117430888,0.0161894694633088,0.010123261886061,residential,4,spring,0,2,95.22357824,190.44715648,0
4,2021-04-30,0.0051329493387277,0.0027088255726679,0.0011189466057839,0.0010924404161353,0.0017742000391857,0.006105777578829,0.0196616741940946,0.0225880183502606,0.0212412656653525,0.0200095935737143,0.0214809473523908,0.0196098253090557,0.0168485024557542,0.0150054476441191,0.0144247469352725,0.0142311908263387,0.0162015908722646,0.0198677284472842,0.0213645031201671,0.0198192185522149,0.0178932832206154,0.0151290404962029,0.0135736250196859,0.008680858067812,residential,4,spring,0,2,95.22357824,190.44715648,0
4,2021-05-01,0.0043011561487868,0.0030584405933318,0.0018802343190765,0.0021107296023267,0.0029830445024901,0.007184470812268,0.0209050063958692,0.0232064732895232,0.0211009905894379,0.0199838272653976,0.019852135236055,0.0166019173491004,0.0171861535169539,0.0160986041175602,0.012290048648802,0.0143834520678127,0.0163262757190965,0.0180025657703642,0.0223274865737597,0.0204532637262376,0.0180791005705827,0.013799823069412,0.0124370321246305,0.0067561228675067,residential,5,spring,1,2,95.22357824,190.44715648,0
4,2021-05-02,0.0025731018282555,0.0017137038421103,0.0011186989791035,0.0010922029216024,0.0016990115153074,0.0060994503153054,0.0186284080376509,0.0206931208614656,0.0204007769724894,0.0204595574022256,0.0209823157956161,0.0192557752883754,0.0174387731689724,0.0175405544855065,0.0164334361122809,0.019791835707293,0.0186369922059778,0.0215861500728663,0.0269091753694609,0.024758159180212,0.0204175996331058,0.0190511507064447,0.0166993475771911,0.0096959056372657,residential,5,spring,1,2,95.22357824,190.44715648,0
4,2021-05-03,0.006726822355997,0.0044054992118726,0.0029268618340116,0.0034305429621402,0.0052367333998187,0.0080415036201248,0.0230726201234731,0.0262153070765708,0.0265050995105009,0.0262970725969478,0.0257515484321174,0.0256696440899119,0.023685159030649,0.0244010476421688,0.0230924084057689,0.0222449353606173,0.0237409794892943,0.0296686174418325,0.0288620765234106,0.0266061390670487,0.0261992962696335,0.0223017269822234,0.0198617448178825,0.0144191525666488,residential,5,spring,0,2,95.22357824,190.44715648,0
4,2021-05-04,0.0098653075036968,0.0086572885165344,0.0073925920263162,0.0076988235571361,0.006930994758879,0.0122692599393415,0.0262035274689568,0.031375383053844,0.0305454623465074,0.0316898219409335,0.0301446426344905,0.0290363329181846,0.0257627273659506,0.0245453895371051,0.0258097777555651,0.0171358620988167,0.017447920688657,0.022520137230887,0.025332524243013,0.0255052414172426,0.022251282616164,0.0196187170950102,0.0171277327486975,0.0114076378790045,residential,5,spring,0,2,95.22357824,190.44715648,0
4,2021-05-05,0.00700024558995,0.0056729352971692,0.0034345661613743,0.0033284835234584,0.003782374569552,0.0086362471878103,0.0226646829215471,0.0267700819693806,0.0246740062904835,0.0254469166792854,0.0275746430411147,0.0255351434272529,0.022715572032532,0.0223371294803616,0.0219042245295818,0.0234748392964211,0.0252715678721711,0.0302241744959841,0.0304569484372362,0.0281810846194174,0.0266144345153651,0.0224666352974491,0.0214833986935034,0.0150558184838764,residential,5,spring,0,2,95.22357824,190.44715648,0
4,2021-05-06,0.0115011933447111,0.0088830894186073,0.0081405974548325,0.0079741983411458,0.0084700729554341,0.0123921394636613,0.026355024510762,0.0315674825562342,0.0324553278651704,0.0293196114434344,0.0298622480438903,0.0308719832310292,0.0261155144391352,0.026494511476029,0.0271844666364685,0.0252673080754561,0.0268868590840225,0.0307275591853994,0.031844499172827,0.0294673624827562,0.0285749430922519,0.0250232327152755,0.0239954070824744,0.0175193783706649,residential,5,spring,0,2,95.22357824,190.44715648,0
4,2021-05-07,0.0124642657942099,0.0112946775188783,0.0101114034103385,0.0103539466066061,0.0109102178464234,0.0145194312987762,0.0287096519789669,0.0324323838170902,0.0347962220797152,0.0330424517604991,0.0318666258264999,0.0322753842056254,0.03012439388216,0.0283623861031022,0.0268106931598108,0.0258978556392587,0.0273943038232501,0.0309307647008179,0.0322351388509568,0.0313856838787301,0.0289255781896747,0.0212180546452353,0.0184297291303808,0.0127551569192888,residential,5,spring,0,2,95.22357824,190.44715648,0
4,2021-05-08,0.0106281528342652,0.009425739266142,0.0069390760096688,0.0083912872285777,0.0089387729000128,0.0130340768974629,0.0268298297324937,0.0319196928217736,0.0328563886381313,0.0324869804601598,0.0311530076904069,0.0292964692117747,0.0290578848688134,0.0282614770788053,0.0259380412914173,0.0273385024805411,0.0288248029783932,0.0331274907028414,0.0334571713726285,0.0311141622304547,0.0290876340533132,0.0268595487028037,0.0229186827746341,0.0185756972327034,residential,5,spring,1,2,95.22357824,190.44715648,0
4,2021-05-09,0.0128476612934586,0.0116205010699364,0.0110369929819852,0.012147144921028,0.0110462762858469,0.0150090284343999,0.0287006430432075,0.0333986712589163,0.0330685235566152,0.031673225361487,0.0305734498580133,0.0308483989363643,0.0264727022647772,0.0255417896154283,0.026888430451488,0.0272299069879854,0.0270272398863859,0.0310754642680305,0.0319011848042942,0.0309298002606132,0.029369179851268,0.0266297077727948,0.0242704006884466,0.0181437847693894,residential,5,spring,1,2,95.22357824,190.44715648,0
4,2021-05-10,0.0142720024048473,0.012960485322388,0.0108009715251852,0.0104102120108791,0.0109938865094323,0.0149143054048014,0.0287986365645299,0.0343103183903648,0.0341021685140846,0.0349763732747342,0.0318427732536766,0.0318874520375499,0.0276955656200205,0.0283561083861739,0.0286844231517149,0.0262770791135154,0.0276963271644284,0.0320326810824241,0.032328949451829,0.0314951714228047,0.0296984090791251,0.0270318724248708,0.0246103128567532,0.0181544249122174,residential,5,spring,0,2,95.22357824,190.44715648,0
4,2021-05-11,0.0130329530861431,0.0118325179471361,0.0112626427644256,0.0108495075224164,0.0113797344686722,0.0157069754017148,0.0233135557207136,0.0278228029598036,0.0254382632978284,0.024187829160418,0.0202978359342438,0.0183472241417982,0.0181912365835772,0.01842588212809,0.0160652071753652,0.0181306459828788,0.0199848414511864,0.0239241552979557,0.0269839255856382,0.0261288119355914,0.0234457573085597,0.0203408534955184,0.017900209293643,0.0133057214966237,residential,5,spring,0,2,95.22357824,190.44715648,0
4,2021-05-12,0.0078565501488323,0.0053773432150868,0.0036223728688278,0.0029532376285014,0.0034004546606866,0.007041718630569,0.0198270101773965,0.0241414362860483,0.0246566399186447,0.0240621453881038,0.0244887996054964,0.0249639199538478,0.0223648244945426,0.0208928912228059,0.0232323190511987,0.023172964985469,0.024649084001711,0.0260891754577506,0.026750290409508,0.0261033336083805,0.023214440781548,0.0217397905526877,0.0180387498304811,0.01153102059899,residential,5,spring,0,2,95.22357824,190.44715648,0
4,2021-05-13,0.0068421438710549,0.0055709677239723,0.0039703235707029,0.0033252499871422,0.0038094607014164,0.0080338860357222,0.0226755151774397,0.0264947805319566,0.0270031288741881,0.0282004839273331,0.0269241980237313,0.0257549388768988,0.0242260632434571,0.0231803314953514,0.0239280641270976,0.0215846053415822,0.0204965385221315,0.0259747870597885,0.0273093721647164,0.0264501886080479,0.0239176530633548,0.0232715140256167,0.0207746810967491,0.0127555797521423,residential,5,spring,0,2,95.22357824,190.44715648,0
4,2021-05-14,0.0094681842452271,0.0083160130743499,0.005823600569163,0.0060898345143058,0.0066219581975948,0.0101988241061222,0.0243435077278671,0.0299831864436104,0.028311283173414,0.0287784717319121,0.0284096386699604,0.0249094276386659,0.0245968208636388,0.0234885480080964,0.0231397345762502,0.0234667707411288,0.0265908857712414,0.0267575742372666,0.031268894907982,0.028994839991951,0.0250345983506363,0.0231673247724953,0.0209124069167698,0.0137183432002201,residential,5,spring,0,2,95.22357824,190.44715648,0
4,2021-05-15,0.0111853945922018,0.0087357683096872,0.0070072831523844,0.0077207576765257,0.0082783187791899,0.011098302237491,0.0259142785854629,0.0289531913892992,0.0268980805834638,0.0287743172131381,0.0289292743586731,0.024309898485494,0.0279372808899802,0.0251146499986014,0.0232181017562722,0.025898604504163,0.0242171995668306,0.0284095811434552,0.0323781220185686,0.0313055820905783,0.0257520756607116,0.023811225671592,0.0215349271407165,0.0144561981284191,residential,5,spring,1,2,95.22357824,190.44715648,0
4,2021-05-16,0.0102787921724684,0.0090779688177979,0.0073222503554762,0.0068462921795903,0.008641568979485,0.0118388666447756,0.0250381747725684,0.0318109866402003,0.0303730308475646,0.0305690492746777,0.0298647768705658,0.0313381266762091,0.0276075290167708,0.0264621040692861,0.0291636479085575,0.0251785035944837,0.0265949347999172,0.0317343650308963,0.0315945703360204,0.0254021298902224,0.0226469767450013,0.020555850042845,0.018059660688807,0.0124115065789932,residential,5,spring,1,2,95.22357824,190.44715648,0
4,2021-05-17,0.0066637225731078,0.0039140510000034,0.0027761557865475,0.0025041057103456,0.0016921623122098,0.0060994742534646,0.0201571621342165,0.0232033873007585,0.0219986530168691,0.0214292261841639,0.0212488673262248,0.0195641508826141,0.0214756397132578,0.0215854008229185,0.0197211016917698,0.0209039150448187,0.0236555310224594,0.0246712500416807,0.0279627060929347,0.025895844969974,0.0232477912241432,0.0215329212633467,0.0182033542909262,0.0118413789533339,residential,5,spring,0,2,95.22357824,190.44715648,0
4,2021-05-18,0.0088821554646865,0.0066275939224106,0.0044810413096301,0.0057734007051059,0.0063439542272578,0.0085891985505108,0.0226023183449616,0.0249539402455366,0.0239338570585935,0.0231900087904725,0.0219416961425227,0.0205890445918708,0.0189765134857713,0.0163735255448413,0.0157038629356099,0.0185342014567795,0.0190813677529283,0.0210626540976557,0.0256133575678792,0.0237019068877819,0.0193388287166701,0.0182168540445416,0.0158269967912799,0.0095477640513803,residential,5,spring,0,2,95.22357824,190.44715648,0
4,2021-05-19,0.0058037756320715,0.0045922838444165,0.0029548357016061,0.0035840431910684,0.0041282284271367,0.0073751388423843,0.0215941621021826,0.0244041991442029,0.0238612010718024,0.0245251691745928,0.0247836511244678,0.0228058258813289,0.0214037624369967,0.0202722367446152,0.0194950097087165,0.0212696691422952,0.0228125881677546,0.0236817323282314,0.0288520402235459,0.026640094503765,0.0222736766024253,0.0207094132161597,0.0184597714083635,0.0107665173141412,residential,5,spring,0,2,95.22357824,190.44715648,0
4,2021-05-20,0.0073419815826201,0.0061722972806099,0.0045753877752628,0.0053661999153975,0.0059971463644458,0.0088424280363009,0.0236329935053884,0.0270278220748692,0.0256641260101202,0.0251401097126895,0.0270184776109322,0.0246427762018038,0.0235696357503807,0.0225091936081008,0.0217126304292309,0.0236446419741146,0.0252283400557078,0.0271569326921739,0.0300584948113101,0.027898863873794,0.0238967043772823,0.0221276142034381,0.0197053053251093,0.0131651165359999,residential,5,spring,0,2,95.22357824,190.44715648,0
4,2021-05-21,0.0097250105775525,0.0085309084388579,0.0067722050693487,0.0075654494114992,0.0081318399674144,0.0112229069293177,0.025581787157062,0.0280411532471047,0.0267657849793159,0.0280252785868413,0.0266248442989839,0.0219839160231144,0.0224566834318485,0.0181625284290562,0.0149343771101443,0.016274392829202,0.0183007751634093,0.0223284141782469,0.0255170831014283,0.0246040647271569,0.0223517217768444,0.0200574519333624,0.0176223773601885,0.0111197268252654,residential,5,spring,0,2,95.22357824,190.44715648,0
4,2021-05-22,0.0076421063764744,0.0064537975781984,0.0045398902333738,0.0055007947446913,0.0060906782104205,0.0093668103174163,0.0234266874811973,0.0257398879040046,0.0240916359287096,0.0222531836760297,0.023172803047625,0.0206494358744542,0.0215037049690245,0.0217957323280997,0.0214407133379868,0.025056786055486,0.0248115482076643,0.0270832934989441,0.0295248392745691,0.0287809295137817,0.0256194141617176,0.0230603110982299,0.0205941223649922,0.0131262511659652,residential,5,spring,1,2,95.22357824,190.44715648,0
4,2021-05-23,0.0093988706832561,0.0082309752147909,0.0064251176392926,0.0060371787615799,0.0064827436174335,0.0103199078343201,0.0228528752922855,0.0288701766557217,0.0279693242831351,0.02903446370013,0.0293131868834083,0.0262369372606943,0.0270834166060475,0.0272771794081039,0.0225648244850591,0.0263731887694557,0.0279592627121107,0.0285781586948904,0.0330724715251174,0.030755616804113,0.0271841162684369,0.0250206368103217,0.0227382876332444,0.0150917841204312,residential,5,spring,1,2,95.22357824,190.44715648,0
4,2021-05-24,0.0114427566989717,0.0102140000676555,0.0073474867439114,0.0079183346251396,0.0084467418501947,0.0110525892275651,0.0248069604657452,0.0296846024433479,0.0308936276432066,0.0304374676262107,0.0309042612353602,0.0295097668567924,0.0268474539284618,0.0273269789284403,0.0259759720198507,0.0283365288739669,0.0297392028796759,0.0305692774861755,0.0340275100166328,0.028778070667529,0.0269440884925046,0.0247969933262906,0.0225660757058721,0.0159883041414143,residential,5,spring,0,2,95.22357824,190.44715648,0
4,2021-05-25,0.0111799345458039,0.0099695739870643,0.0082197820073737,0.0089094629234288,0.0094466166917327,0.0124661283951766,0.0270450446046713,0.0307265470771909,0.0318505055510797,0.0300670993768045,0.0303718955229998,0.0314726277041586,0.0281322165943187,0.0286262901407516,0.0278166779031203,0.0273115524558955,0.027142747476261,0.0299911844086971,0.0317010464922015,0.0309874645405865,0.0280637737996805,0.0250431927114458,0.0226413294831423,0.0171789575655279,residential,5,spring,0,2,95.22357824,190.44715648,0
4,2021-05-26,0.0127581488287702,0.0114776886254108,0.009298052022846,0.0103935632304214,0.0095349920434166,0.0139909631632313,0.0273063036906576,0.0332636963636456,0.0343153588875253,0.0331299298406044,0.032051657609915,0.0303637495984617,0.0285122905047142,0.0275626565745037,0.030722734558607,0.0281320985733034,0.0293731678441778,0.0327527937260959,0.0369496239020781,0.0325136291828178,0.02825996797132,0.0263206741312874,0.0239629100769107,0.0170768694672911,residential,5,spring,0,2,95.22357824,190.44715648,0
4,2021-05-27,0.0127678858503569,0.011631851941279,0.0100499622160717,0.0105971740100712,0.0111086636051642,0.0141864127854662,0.0286520801840207,0.0340778138486059,0.0328529672919229,0.034516389304713,0.0350055762000572,0.0302637971037197,0.0311991364849457,0.0283990510761068,0.0264076972999047,0.0313268570151995,0.0330219269414915,0.0327226815457499,0.0368971705155555,0.0344452504237104,0.0298519818784029,0.0283912218021576,0.0260323754569443,0.0189317490463429,residential,5,spring,0,2,95.22357824,190.44715648,0
4,2021-05-28,0.0160904334336429,0.0135287360743117,0.0122229667823828,0.0143210581441791,0.0132312687123589,0.0158364261377105,0.0292739481426116,0.034184755758366,0.031669513649987,0.0327577173933084,0.0334025154065501,0.0312722371162823,0.0317460503339043,0.0318129720762336,0.0230550378451236,0.0250823090379712,0.0304615671011645,0.0303557269319513,0.0335366891864818,0.0327903973814346,0.0277712169690727,0.0286484370144417,0.0245846988167895,0.017306587991977,residential,5,spring,0,2,95.22357824,190.44715648,0
4,2021-05-29,0.0130240522018068,0.0119853965223886,0.0109486633544012,0.0081251271753978,0.0099091911661836,0.0162017121640788,0.0302710372284967,0.0309268789744105,0.0311457901461964,0.0274775575689485,0.0256470715798837,0.031666948689938,0.0242706386915493,0.0207258372570058,0.0253497807982264,0.0198112310473001,0.0202597749279142,0.0235708679876977,0.0280293574947957,0.0270839738106593,0.0239567059347562,0.0225153675864637,0.0200809092284858,0.0144411915268851,residential,5,spring,1,2,95.22357824,190.44715648,0
4,2021-05-30,0.0116489210527058,0.0104990336960756,0.0081373089930634,0.0096061650762007,0.0102536445753733,0.0134222609600382,0.0280331298696637,0.0326500742866744,0.0333868569114917,0.031223402359157,0.0319631899902574,0.0323608817468906,0.0308791164880509,0.0276079176878852,0.0289753230066682,0.0271141512449356,0.0287965273743357,0.031656782549796,0.0319993333138751,0.0311491606883826,0.0305650101617854,0.026801304368188,0.024372417674485,0.0196830679777169,residential,5,spring,1,2,95.22357824,190.44715648,0
4,2021-05-31,0.0145056709000066,0.0133341020453274,0.0117790394712524,0.0124168977347218,0.013015182220222,0.0166932139228956,0.0307694261072529,0.0337833968525765,0.0360211127468671,0.0342806057487135,0.0346268799796001,0.0319372701794684,0.0304322757152856,0.0300958475491948,0.0320837622716202,0.0280321867529118,0.029663536805188,0.0355607397983448,0.0344772186714436,0.033411002437817,0.0316104793520487,0.0288995258219879,0.0264193532816005,0.0200750056435121,residential,5,spring,0,2,95.22357824,190.44715648,0
4,2021-06-01,0.0150961365097548,0.0135028468105136,0.0118161455755095,0.0125021921828148,0.0135116665268112,0.0179695426203366,0.0327641971005438,0.0358015120519879,0.0355268909885612,0.0383333900295556,0.0372877332744401,0.032228353518837,0.0331344652288466,0.035450478037587,0.0319013500633541,0.0308004539258535,0.0318377598831179,0.036254203812813,0.0364227798774553,0.0355607459679068,0.0322565950709871,0.0293479518902355,0.0269862215254464,0.0220925087624885,residential,6,summer,0,2,95.22357824,190.44715648,0
4,2021-06-02,0.0171584121840741,0.0160649450716833,0.0149445574057467,0.0151554686641489,0.0141141302407441,0.0171691062255706,0.0329059623958774,0.0342620042109942,0.0347809032389582,0.037954762647571,0.0365155317082494,0.0349087671526276,0.0292470805242546,0.0301697626820988,0.0284881369037399,0.0249909662649401,0.0265910766367427,0.0310389804646178,0.0361035766231469,0.0334501731081326,0.0321113507695285,0.0290170928999759,0.0267494181864769,0.0208905769401577,residential,6,summer,0,2,95.22357824,190.44715648,0
4,2021-06-03,0.0168715147664356,0.0150790421461011,0.0139039133468003,0.0132107021706972,0.0154679564787196,0.0186285303899301,0.0313401481179689,0.0360883660844447,0.0377081364099401,0.0381740005301729,0.0368136035083125,0.0339054965784486,0.0350330567411515,0.0354129135347112,0.0320186835298797,0.0327295085633279,0.0340702179121182,0.0360754395256212,0.03645149168997,0.03552251389675,0.0333013260091911,0.0312773791199122,0.0273318972068666,0.0215088930496939,residential,6,summer,0,2,95.22357824,190.44715648,0
4,2021-06-04,0.0172016562691097,0.0161862657620443,0.0147610776712574,0.0151344944224493,0.015533084630019,0.0191584776110001,0.0332476040393734,0.0364852435457292,0.0382886195543302,0.0392837393321903,0.0373976294539661,0.0349526218100433,0.0325462651393692,0.0332121151306995,0.0308546114880858,0.0304234962661999,0.0321576587879227,0.0344949958698023,0.0364828332113734,0.035850739220758,0.0334864243764607,0.0314481621609612,0.0290694526180833,0.0215938421788455,residential,6,summer,0,2,95.22357824,190.44715648,0
4,2021-06-05,0.0174211729922608,0.0161738986760098,0.0150955071755943,0.0152183453666147,0.0140425410751083,0.0184120665802574,0.0331503482190705,0.0363520268138443,0.0361435083606434,0.0385389481325642,0.0372726099999509,0.0346016905308684,0.0351211530262975,0.0354392659530253,0.0320911614750098,0.0306054120754054,0.0319726115447557,0.0340217077655829,0.0345835433262666,0.0348115897547607,0.0319568263493281,0.0305952696479523,0.0286469776796911,0.0218817317982949,residential,6,summer,1,2,95.22357824,190.44715648,0
4,2021-06-06,0.0172552133367498,0.0175763013588723,0.0142591246098482,0.0148211393873284,0.0153584309388324,0.0184861464521248,0.0331502044948933,0.0362025254563824,0.0350804456944852,0.0363429006027766,0.0368583190992731,0.0317270964813891,0.0348175521084122,0.0323484952164985,0.0276888058275883,0.0297936039194952,0.0279801042302084,0.0320741685449231,0.0366417504990342,0.035795488377078,0.0328542824334636,0.0294188414572791,0.0270885055583946,0.0213588013308898,residential,6,summer,1,2,95.22357824,190.44715648,0
4,2021-06-07,0.0189272215279303,0.0167405710177592,0.0147825149634975,0.0149230454765338,0.0138073473820073,0.0143134395456235,0.0309888122798618,0.0355227355942333,0.0333890565303517,0.034749084737303,0.0296268055716474,0.0249993968428032,0.0291467330211401,0.0284878421048767,0.0246193773794439,0.0292567014818546,0.0291002434958238,0.0317133557713481,0.0357000994134537,0.034886575539812,0.0314211986840782,0.0256225349754361,0.0225793006664478,0.0164901740825259,residential,6,summer,0,2,95.22357824,190.44715648,0
4,2021-06-08,0.0137952268131921,0.0144121828619643,0.0136056616588428,0.0143040353524247,0.0150004822778746,0.0185155479050877,0.0323675682382175,0.0346141611630628,0.0334010304518591,0.0297712416454287,0.0235727334376544,0.0208706708261852,0.0215080635974971,0.0235680604687518,0.0227368812818206,0.0206810853441446,0.022262004743277,0.0233993095716459,0.0288772721584134,0.0280417610665775,0.0255454306240726,0.0237542340643864,0.0213684158183375,0.0156203075501102,residential,6,summer,0,2,95.22357824,190.44715648,0
4,2021-06-09,0.0130566230091649,0.0108124816285301,0.009115611939356,0.0129524080833695,0.012106802857222,0.016520810116684,0.0295991802444061,0.0338539035162078,0.0324924328964186,0.032589580161276,0.0314199750362967,0.0295488108549354,0.0277949790903439,0.0266956082333106,0.0231712930611636,0.0207456236542582,0.0210746127300303,0.023058849404994,0.0275383858174489,0.0281583881406653,0.024947238935695,0.0251337291077319,0.0245554035760775,0.0155220461048583,residential,6,summer,0,2,95.22357824,190.44715648,0
4,2021-06-10,0.01515322870697,0.0142861466162812,0.010392488400617,0.0086014686410592,0.0076893822961792,0.0103171057719238,0.0246069953505242,0.0281519685708372,0.0252651545239727,0.02459666207317,0.023303520035527,0.0188048410797892,0.0208401903440058,0.0195351310580178,0.0152796749005621,0.0176144815907151,0.0198273769949476,0.0227383993145312,0.0278873929627917,0.0272500303634222,0.0244893565752941,0.0229416066642344,0.0205973328142085,0.0146714515900125,residential,6,summer,0,2,95.22357824,190.44715648,0
4,2021-06-11,0.0107842789782776,0.0082659366083663,0.0072695401166791,0.0088069609108103,0.0094660272891779,0.0123344904340629,0.0272965138551558,0.0304706875575852,0.0308625103368386,0.0299244664623065,0.0287282052069885,0.0291738761472058,0.0279363185010885,0.0304760089365685,0.0297187430111199,0.0287913276392774,0.0283817914501285,0.0310784518785658,0.0329643191045104,0.0323568705488657,0.0289750694457192,0.0280343483055133,0.0257009738396789,0.0187835651551997,residential,6,summer,0,2,95.22357824,190.44715648,0
4,2021-06-12,0.0128300988003861,0.0114587352465324,0.0105660877361827,0.0104684510578985,0.0110327836293459,0.0147402806438553,0.0284825519352312,0.032928030589393,0.0337856287891624,0.0323224043688166,0.031242464255752,0.0260902119389035,0.0256912258259507,0.0287905243211487,0.0244339466964734,0.0246102925349477,0.0262761129013526,0.0298207855484208,0.0331226383445966,0.0300913102262322,0.0262568759119686,0.0232663849676895,0.020785320337337,0.0146170378989268,residential,6,summer,1,2,95.22357824,190.44715648,0
4,2021-06-13,0.0122208765956715,0.0126472189747265,0.0108982417429823,0.0119707768443065,0.0125741446425987,0.0157209925440915,0.0301368957699255,0.0329848242106229,0.0336166746737767,0.0344414669847202,0.0330678644544926,0.0298488667988416,0.0248678545874706,0.0260275676411871,0.0260290564493825,0.0251588793876999,0.0269977893816872,0.0319192310933685,0.0336023254566595,0.0280442172891757,0.0252274447263687,0.0231233503499354,0.020654796079837,0.0147399995727035,residential,6,summer,1,2,95.22357824,190.44715648,0
4,2021-06-14,0.0121333041126583,0.0110413891255186,0.0085445411136917,0.0084361899183757,0.0088820004701183,0.0114458001533101,0.0247213437447592,0.0285605521364333,0.0269349197026939,0.027058152604269,0.026733970076876,0.021503604264315,0.0202590696470677,0.0180024572865907,0.0168629736986659,0.0194061014446521,0.0197947913692579,0.0243138414589561,0.0255935572334929,0.0234064982409258,0.0225736292731432,0.0200304633120523,0.0177106993633252,0.0126594396465279,residential,6,summer,0,2,95.22357824,190.44715648,0
4,2021-06-15,0.0091991552622635,0.0080048277422692,0.0060312254077066,0.0058100875655905,0.0063875116862014,0.0104965898312218,0.023912372837924,0.0265044421750917,0.027599359025196,0.0281048705195112,0.0283251396965243,0.0257373473053337,0.0271455907969196,0.0268996269599755,0.0248000449783459,0.0255888748523519,0.02586775994485,0.0300482236646703,0.0306899498220969,0.0283489757756872,0.0266744122020514,0.0240322136303757,0.021689788463243,0.0163315830379453,residential,6,summer,0,2,95.22357824,190.44715648,0
4,2021-06-16,0.011809253765869,0.0106736097713033,0.009007928050474,0.0084903764696139,0.0088607771711896,0.0133361688002822,0.0280863644981031,0.0325671358387194,0.0333638298539758,0.0308903998653681,0.0309062451335695,0.0295469088192933,0.0286360194408822,0.0285145346576997,0.0301047833887174,0.0250556691652445,0.0268061925788999,0.0313032271518852,0.031605145985492,0.0308459310893491,0.0288567884112713,0.0264514378258371,0.0240814166698836,0.0183938954044768,residential,6,summer,0,2,95.22357824,190.44715648,0
4,2021-06-17,0.012575999352257,0.0128039520970092,0.0110872170362508,0.0103382206006349,0.0108677746904758,0.0149222211608545,0.0285302514935513,0.0329364480114398,0.0339641658202245,0.0354661764172992,0.0323373835588114,0.032770155407666,0.0276093995602628,0.0253396206707675,0.0224824973430096,0.022959996924881,0.0251814654547894,0.0299058153450058,0.0316665966174616,0.0307388938624003,0.028681724171902,0.026197684520723,0.0238047689033487,0.0164281320537787,residential,6,summer,0,2,95.22357824,190.44715648,0
4,2021-06-18,0.0123995152508402,0.0111584811183547,0.0091683871789485,0.0101577436960292,0.010678374645424,0.0135887669321348,0.0266874166806623,0.0307764807141373,0.0332678340192117,0.0340742402069395,0.0346876908656776,0.0338581528833191,0.0314832029977799,0.0313205882773644,0.031393488873718,0.0261989892902488,0.0313938354183655,0.0331615670243528,0.0338749461853945,0.0329433980143691,0.0304322839022384,0.0269088225320649,0.02458534849957,0.0182584107425545,residential,6,summer,0,2,95.22357824,190.44715648,0
4,2021-06-19,0.0145954375429803,0.0133880161152176,0.0110319026965204,0.0108732089519956,0.0112915650822851,0.0147941554548247,0.0289080365171419,0.0321371242210423,0.035616990735629,0.0377493583097857,0.0380237436010901,0.0347070681974377,0.0319567982979143,0.0329931768372433,0.0283725051984937,0.0299376667650532,0.031525693363782,0.037153823467073,0.0344483871067066,0.0335157965855177,0.0318581242235162,0.0274523544477432,0.0250813536879828,0.0202815484809299,residential,6,summer,1,2,95.22357824,190.44715648,0
4,2021-06-20,0.016792736822052,0.0138704303989489,0.0121511500101382,0.0126637668147956,0.0116600060324027,0.0155966677503611,0.029229715368993,0.0338790220759657,0.0368155817161154,0.0361207411542929,0.0347349421662949,0.0358340074113048,0.0341360313921428,0.0348012800028639,0.0283660521264522,0.0303695227877468,0.0321911980558507,0.0377650922315153,0.0360950819945527,0.0335762880170797,0.032039443040422,0.0275931053294974,0.0252401853054363,0.0206176853205487,residential,6,summer,1,2,95.22357824,190.44715648,0
4,2021-06-21,0.0153050309862916,0.0157615326965896,0.0127592990753722,0.0129811480465512,0.0134341395967978,0.0166726021227873,0.0310159097671542,0.0355293113784107,0.0364388287903308,0.0343598746027355,0.034711860375934,0.0369165843629571,0.0340538770241681,0.0345491214282128,0.0339726526705476,0.032182840401857,0.0337330801844004,0.03642003087127,0.0363678212907124,0.035521303788103,0.0325431694780859,0.0294839144731951,0.0271681551495801,0.021057446711058,residential,6,summer,0,2,95.22357824,190.44715648,0
4,2021-06-22,0.0171510813896231,0.0160157455948375,0.013381792114113,0.0131559434051561,0.0136591247288961,0.0176127945476391,0.0310740041045599,0.0373229833366156,0.0384640116252976,0.0363205033138355,0.0367939437494083,0.0375228444923176,0.0345934680976526,0.0352981038531425,0.0327558663208207,0.0324021486873292,0.0344021173504919,0.0369119236280892,0.0365939746637413,0.0356866608730336,0.0331021113108395,0.0295549569328992,0.0272395568304333,0.0214059797148365,residential,6,summer,0,2,95.22357824,190.44715648,0
4,2021-06-23,0.0173691810576564,0.016168734309458,0.0138308602566215,0.0133222079880058,0.0154004787851473,0.0173087968473939,0.0315143889030627,0.0364539654758622,0.0391528707937559,0.0363961747516472,0.036969315892323,0.0378202716324477,0.0346460124124071,0.0352512881759921,0.0342403021782641,0.0321379573242782,0.0341015328551827,0.0364526952751883,0.0385713013453381,0.036064035773638,0.0339911199028601,0.0313881981575901,0.029215848400479,0.0225135528523706,residential,6,summer,0,2,95.22357824,190.44715648,0
4,2021-06-24,0.0177427336204253,0.0166520726435546,0.0151995142423179,0.0152607233702385,0.0158918350813099,0.0198731721823414,0.033556415652524,0.0364630304160364,0.0391553356839363,0.0371997287045982,0.0374095181979777,0.037473533603084,0.035300950559583,0.0368090315313549,0.0328837233270465,0.0343324922454589,0.0344817380610619,0.0365785910018874,0.0388247496476072,0.0362053971609009,0.0340838126013737,0.0318108557797477,0.029233891943617,0.023096752192068,residential,6,summer,0,2,95.22357824,190.44715648,0
4,2021-06-25,0.0177182644235896,0.0183744619740329,0.0160660554929698,0.0155378959305222,0.0158807447771879,0.0199747331400907,0.0334379984312168,0.0362804491274696,0.0364452782752315,0.0384457633922227,0.0372799799879144,0.0368263218544184,0.0347299868900188,0.0352855443804109,0.0337967910156041,0.0327686673350169,0.0345361723650787,0.0368222259565189,0.0385047946876441,0.035808091112241,0.0339314001294478,0.0312768044115917,0.028942661551489,0.0222267302937661,residential,6,summer,0,2,95.22357824,190.44715648,0
4,2021-06-26,0.0175864708318645,0.0164112078121784,0.0150041248207011,0.0155067323051861,0.0156882040606285,0.0169764407818968,0.0331803996332351,0.0362058327263815,0.0392192392536816,0.0379071045448528,0.0364374935698245,0.0378329406414523,0.0344883151313408,0.0353961763491495,0.0283329776105774,0.032305893519819,0.0342534640624174,0.0387207155887421,0.0384373987459313,0.0356806666671653,0.0332470684668781,0.0312153591002103,0.0288860486113047,0.0212520548117545,residential,6,summer,1,2,95.22357824,190.44715648,0
4,2021-06-27,0.0173964322348417,0.0163257320305696,0.0141277974097573,0.0152911383263501,0.0158035853795571,0.0187159296690864,0.0331726375614959,0.0360457484813744,0.0376102875503514,0.0355041238229938,0.0317654498866305,0.031302047945236,0.0322705584884253,0.0312698809012168,0.0289692476670007,0.031764855700667,0.0314004666027226,0.0356335996519614,0.0375832955950491,0.0364596959233477,0.0308306697198946,0.0302634821400825,0.0264598516308465,0.0205816607908538,residential,6,summer,1,2,95.22357824,190.44715648,0
4,2021-06-28,0.0110937850169069,0.0110545590502394,0.0098064570745595,0.0113897813751043,0.0119067979140763,0.0130245442242103,0.0274136751309507,0.0284441085897332,0.0299798273545187,0.0283932306945148,0.0272686879747408,0.0245970938605423,0.0249350376668379,0.0244745271395648,0.0185882907824964,0.0223181554075296,0.0259297145791026,0.0265112872885396,0.0309992225512195,0.0300670112199574,0.0266198243949051,0.0255778232048643,0.0232205337963997,0.0167951550626099,residential,6,summer,0,2,95.22357824,190.44715648,0
4,2021-06-29,0.0135974985494103,0.0110286418957865,0.0093516043001978,0.0101300276335814,0.0106999546528617,0.0125172756403834,0.0263069718125793,0.0272322699890769,0.02725495101011,0.03074423297135,0.0314718635651728,0.0262345047072652,0.0225790706853209,0.0242528657868701,0.0197530819853129,0.0222379111382713,0.0241435583317441,0.027753206068253,0.0305804805654831,0.0297347259697048,0.0267990017855096,0.0237519916154288,0.0213688669807787,0.0158929810387558,residential,6,summer,0,2,95.22357824,190.44715648,0
4,2021-06-30,0.0115788212140687,0.0104289651833719,0.0084936770753026,0.0094875537719901,0.0100783329553287,0.0126003449572121,0.0260119448814408,0.0302437353976892,0.0296311596645689,0.0314531332005951,0.0313722790122204,0.0288041305209151,0.0202931621224491,0.0212901198618611,0.019188847952475,0.0242892449586593,0.025850904252062,0.0239473786368084,0.0283107306600582,0.0275275600352414,0.025497803978811,0.0238716546300536,0.0222428239451958,0.0173315358977852,residential,6,summer,0,2,95.22357824,190.44715648,0
4,2021-07-01,0.0141244410450996,0.0130138841328983,0.0116437417241908,0.0121659466800085,0.0127502170268848,0.0173209650956555,0.0309572400850602,0.0339520465498279,0.0355818693789315,0.0357383257701302,0.0344092011587736,0.0306362155902657,0.0322861792301559,0.0331203318426157,0.0289517614693849,0.0310318610542949,0.0329954457092885,0.0345638053838809,0.036906859915047,0.0343980318800949,0.0314322826714879,0.0302229234905376,0.0279412285525264,0.0203185348286906,residential,7,summer,0,2,95.22357824,190.44715648,0
4,2021-07-02,0.0164801188121396,0.0155543440732387,0.0138094565470314,0.0144665551244316,0.0149503281518968,0.0179163142476672,0.0322282799531999,0.0350320689453502,0.0349970838032874,0.0371491310197674,0.0377962970625864,0.0312222982849655,0.0335919465669121,0.0345499989625617,0.0297459618854441,0.031525503795293,0.0316354969095674,0.0327696267295299,0.0358078510819966,0.0349866429001176,0.0316620551819075,0.0305294039769676,0.0282312686729518,0.0209882388299812,residential,7,summer,0,2,95.22357824,190.44715648,0
4,2021-07-03,0.0167191947968341,0.0173021676878732,0.0139382966576814,0.0145495022738863,0.0151272416733777,0.0184787440400185,0.0325963844304134,0.0352943177179605,0.034648403564633,0.0331671807872068,0.0358303283632924,0.0288693001353566,0.032763028256614,0.0334743715542293,0.0267676822485549,0.0290704436968704,0.0308600139046669,0.0317775711350113,0.0353605748221931,0.0346493637152541,0.0310022191093957,0.0303284706274688,0.0280221322435171,0.0203978648350719,residential,7,summer,1,2,95.22357824,190.44715648,0
4,2021-07-04,0.016585654571602,0.0155031030743707,0.0135472481496319,0.0145303582398274,0.0150713199633393,0.0166054780094804,0.0322626386601532,0.0346500669241491,0.0311871565778591,0.0286192271254106,0.0272741268152853,0.0258311880118892,0.023766396245924,0.0257636023781714,0.0217922749366829,0.0260390198994515,0.0280356935656293,0.0272361539787084,0.0329379590883226,0.032307883320918,0.0269220491571335,0.0232333734001909,0.0194295901444681,0.0127398866364084,residential,7,summer,1,2,95.22357824,190.44715648,0
4,2021-07-05,0.0093385178552042,0.0069186786783286,0.0054407607107715,0.0068808257532123,0.0073124219774707,0.0103343447625964,0.0245195996473767,0.0288162565435715,0.0269985531044698,0.0293351482566123,0.0312170972405748,0.0253495556606094,0.0292675951929739,0.0268428299872744,0.0222165726968281,0.0166314751218181,0.019521199767286,0.022726841660433,0.0274124680823162,0.0251665465358454,0.0229273087385002,0.0233071724941214,0.0195124749257399,0.0129517068825423,residential,7,summer,0,2,95.22357824,190.44715648,0
4,2021-07-06,0.0097991205341006,0.0073163627781193,0.0064039879082651,0.00764776494934,0.0081842843964103,0.0100810643686421,0.0254828044013599,0.0297907911187647,0.029184776537063,0.0311370837186449,0.0312427694783728,0.0291962962291377,0.0286012446582877,0.0311801735235823,0.0301364903880088,0.0286338618121386,0.0289153913379034,0.0319079312041644,0.0338680634787458,0.0332552815236453,0.0292968161121572,0.027518878517147,0.0250805443561214,0.0185404394928682,residential,7,summer,0,2,95.22357824,190.44715648,0
4,2021-07-07,0.0154974897347597,0.0128957166972113,0.0112975884764604,0.0120820935318657,0.0126512404059715,0.0155352840093897,0.0286451647280394,0.0332626741863404,0.0337511518721729,0.0357745702869889,0.035920973459153,0.0333228161125936,0.0329612594828281,0.0337701251458291,0.0311927450813146,0.0310009798853666,0.0330915526650801,0.035051944579151,0.0368382161390926,0.0344865543429511,0.0311063098895001,0.0303291385929602,0.0265231761337885,0.0198974215511581,residential,7,summer,0,2,95.22357824,190.44715648,0
4,2021-07-08,0.0168185592381665,0.0156349912737758,0.0120703435265405,0.0130206552268784,0.0135953117994834,0.0160077726358923,0.0309635821133089,0.0356189987629766,0.0366732908065068,0.0376010864634107,0.0361170396174364,0.0334415547116457,0.0339221479352345,0.0344285322569185,0.0315995474215033,0.0333611590822474,0.0330904169831904,0.0341882915702392,0.0367140386904084,0.0343859624446098,0.0311178714204014,0.0289560971169539,0.0267439297764554,0.0199860758904079,residential,7,summer,0,2,95.22357824,190.44715648,0
4,2021-07-09,0.0169517982409264,0.0157618301227437,0.0125958351197132,0.0132885911291509,0.0137260558809035,0.0167538937610052,0.0310578422358121,0.0357031554544602,0.0364328812861983,0.0361685326536652,0.0364849611442487,0.0344108843028169,0.0342350683144771,0.0367030564218522,0.0326457798512954,0.0355387694539014,0.0355238094979395,0.0363473542174856,0.0377345919068797,0.0352917758172123,0.0323796554801749,0.0314887955774081,0.0275156730838911,0.0213995130942991,residential,7,summer,0,2,95.22357824,190.44715648,0
4,2021-07-10,0.0174993921906026,0.0162984311003578,0.0139670527980643,0.0150908783751827,0.0139534875581405,0.0173871532985535,0.0313832778702055,0.0343628238429494,0.0371055097724953,0.0363551179639116,0.0365849196541144,0.0365514184486097,0.0364785040672047,0.0371064248182804,0.0339262377962405,0.0361874886750704,0.0379278316521237,0.0411345100508659,0.0430030900555802,0.0383849667084158,0.0352048857426359,0.0314469546394037,0.0309972801469433,0.0248156098816551,residential,7,summer,1,2,95.22357824,190.44715648,0
4,2021-07-11,0.0232657046724981,0.020242336614789,0.0156825502171208,0.0149940336389488,0.0152658932610932,0.0197924895262337,0.0325806778067437,0.0369830434637603,0.0367841901140783,0.0370023678254756,0.0357366087942069,0.0311702601585513,0.0340368196875317,0.03421071822095,0.0296531858867639,0.0350413180826798,0.034610094830916,0.0280686225849309,0.0341491684898304,0.0335643179855565,0.0299972566020391,0.0291092593390875,0.026659147543903,0.0201156086149686,residential,7,summer,1,2,95.22357824,190.44715648,0
4,2021-07-12,0.015145594090686,0.0138983752749338,0.0127340871133825,0.0143588671200179,0.0147737388551215,0.0172655678023346,0.0319304560422223,0.0347787330628943,0.035080831092284,0.0385251736521271,0.038982357697858,0.0348510195298937,0.0312886354373464,0.0386129546022352,0.0319146077988171,0.0367187827706655,0.0369430029854207,0.0356364004649398,0.0386347526530268,0.0350129843444195,0.0323033370516824,0.0309203830331793,0.028352432507898,0.0202390758480634,residential,7,summer,0,2,95.22357824,190.44715648,0
4,2021-07-13,0.0168321632838445,0.0157608663552155,0.01331073652177,0.0131892138475556,0.0138471083609151,0.0171745237920102,0.0312830306890591,0.0357303269013597,0.038639298210109,0.0363828963772727,0.0367948439743881,0.0366577449800336,0.0358437403344541,0.036188322518584,0.0341054885135907,0.0375788419780943,0.0369995607465509,0.0368851460815719,0.0389424542693136,0.0369079015266543,0.0329581276034698,0.0313267755919612,0.0290344853877124,0.0218593954505216,residential,7,summer,0,2,95.22357824,190.44715648,0
4,2021-07-14,0.0177033168855117,0.0166362526151709,0.0145423510803589,0.0138029661500945,0.0142020180906103,0.0179277129409181,0.0316420879079294,0.0344299675833281,0.0359127229645766,0.0368181632708914,0.0348799345408873,0.033452693078338,0.0332677000991856,0.0325963203745362,0.028222414365283,0.0309374610436069,0.0311705507254335,0.0335398365840171,0.0357307873665926,0.0348903862242314,0.0319890351243274,0.0305647246946886,0.0282514479172193,0.0209081823700289,residential,7,summer,0,2,95.22357824,190.44715648,0
4,2021-07-15,0.0182698053744352,0.0153633108939985,0.0133114742239274,0.0143066440754645,0.0148512467279699,0.017258632561567,0.032081757389222,0.0348594943514155,0.0335366733797793,0.0295919973375057,0.0314458678540884,0.0290523664247707,0.0354280995335309,0.0354222478831814,0.0298130494748115,0.0328467509264171,0.0363890636490237,0.0347217408357085,0.0397259848826134,0.037259893639999,0.0307310258982581,0.0318181580528256,0.0280291460417737,0.0206361281854532,residential,7,summer,0,2,95.22357824,190.44715648,0
4,2021-07-16,0.0183105227782403,0.015716521872775,0.0133763854985832,0.0147620447910942,0.01514000596462,0.0174179361156453,0.0324103464464512,0.0337206495471065,0.0356217108171139,0.0393464735223551,0.0378260465361764,0.0341728848376575,0.0367669295750264,0.0370463316776688,0.0308211953129021,0.0331335073060771,0.0365431243210612,0.0341420473713771,0.0387926636760932,0.0364940886164948,0.0313888902302037,0.0306659352832128,0.0282592620627885,0.0209256613755065,residential,7,summer,0,2,95.22357824,190.44715648,0
4,2021-07-17,0.0169010605715775,0.0157353344011966,0.0132350211203158,0.0131525121329001,0.0137017506611871,0.017332295066059,0.0310489113278627,0.0357396654436098,0.0364578324682556,0.0396204443647865,0.0383623096112437,0.0363575482088947,0.0356203411532773,0.0364151928134263,0.0324144410369883,0.0337703425078928,0.0348788131867871,0.0360583856474137,0.040330686425706,0.0362034225738178,0.0338264052565197,0.0320433216543528,0.0283689970176816,0.0226558227052929,residential,7,summer,1,2,95.22357824,190.44715648,0
4,2021-07-18,0.0188119602117826,0.0180740493678601,0.0158790666103542,0.0171782595401105,0.0174557017686651,0.0193025529756661,0.0331120823533808,0.0380056588798091,0.0378640833228833,0.0399813140737027,0.0402648295226011,0.0380327399254624,0.0387496151341531,0.0420982906716374,0.0361983360575177,0.039081024267119,0.03889443586782,0.0324357994820039,0.0339405525407714,0.0306196886613621,0.0288120203983913,0.0278930773714382,0.0269918369883226,0.0183952671799945,residential,7,summer,1,2,95.22357824,190.44715648,0
4,2021-07-19,0.0154236742695375,0.012793017704146,0.0089222552222584,0.0088259942293418,0.00926071726654,0.0140263912788906,0.028925605628776,0.0295328803514701,0.0297889172673096,0.0280959330338786,0.0272891906752859,0.0219548348065242,0.0208907185043021,0.022794854447881,0.0198397346659636,0.0261369255323409,0.0300453735221481,0.0295323648911586,0.0334270935025619,0.0308966325629805,0.0258143884229367,0.0251810756174657,0.0215174442732005,0.0155323671759042,residential,7,summer,0,2,95.22357824,190.44715648,0
4,2021-07-20,0.0133262103104158,0.012172444564804,0.0081053454836622,0.0085592579807505,0.0105985095396656,0.0142861656248737,0.0280785899631345,0.0324184847882884,0.0340660079483068,0.0341172688616813,0.0326957363999663,0.0312387087516081,0.0320289717137358,0.0338397909903209,0.0287297661605693,0.0326968324454089,0.0327609229948807,0.0328884201015968,0.0383599585014292,0.0339452368465729,0.0301763776734208,0.0281640686707958,0.0274301744923351,0.0194935187193942,residential,7,summer,0,2,95.22357824,190.44715648,0
4,2021-07-21,0.015957986799385,0.014770806359265,0.0121323636350347,0.0123964593391606,0.0129951690702748,0.0161612952506581,0.0288481953990844,0.0348396422138769,0.0369196234220877,0.0371685210987618,0.0340812339645971,0.0333079972404396,0.0338412129934267,0.0345924046147699,0.0309117185726608,0.0317555095097373,0.0335958531826676,0.03662010276492,0.0373241628818912,0.0348440497751662,0.0318798343177357,0.0289492247009341,0.0264200884912046,0.0199167735233954,residential,7,summer,0,2,95.22357824,190.44715648,0
4,2021-07-22,0.0165189311968267,0.0153707869028605,0.0125306215695813,0.012882219439148,0.0133973196569592,0.016162339005846,0.0307111293277267,0.0352702661898119,0.0358961264279729,0.0355479734640984,0.0343063606133203,0.0334708606253577,0.0339391980164705,0.0344360790246418,0.0304549514325778,0.0316008815596814,0.0336786957901578,0.0366610569943784,0.0373178743756586,0.0348454689467897,0.0308580531076087,0.0290355620805156,0.0265525110358559,0.0195698598908677,residential,7,summer,0,2,95.22357824,190.44715648,0
4,2021-07-23,0.0166090731192398,0.0139510521233702,0.0122778253948719,0.0128352853207414,0.0133684742524036,0.0160064304923192,0.0306658703860972,0.035140756239434,0.0348022531574698,0.0352166771443753,0.032547834069854,0.0311719088282606,0.0321133618124976,0.0330177923819721,0.0307756598371691,0.0314580735621314,0.0310488488510211,0.0350558279918482,0.0373336687004334,0.0350253565950499,0.0306403365369902,0.0288847697064636,0.0266469254481343,0.0201116625534516,residential,7,summer,0,2,95.22357824,190.44715648,0
4,2021-07-24,0.0169927590284761,0.0157885582991565,0.0132923900990637,0.014766026561671,0.0121206239313554,0.0177437643756356,0.0325519164970082,0.0337890316936719,0.0368734895237262,0.0353735697642328,0.0321458227942488,0.0311818605757803,0.0336009599137092,0.0341014895706238,0.0265332012137044,0.0277852857519184,0.0316199026439015,0.0332842510979791,0.0360083361181547,0.0349861334179462,0.0315377532613735,0.0291769816589693,0.0267521178223344,0.0205483943097784,residential,7,summer,1,2,95.22357824,190.44715648,0
4,2021-07-25,0.0169313628986358,0.0157364237830853,0.0136041426722202,0.0147463735856144,0.0153094912280364,0.0176058493919519,0.0325833519053461,0.0353319202163264,0.0340630272006762,0.0351613721837653,0.0357026547103679,0.0319504209386549,0.0344156518670606,0.0330754736785175,0.0308072231453726,0.0233395704634509,0.0265275581770087,0.0330542359053307,0.0359846863984754,0.0352436790849109,0.031900081071565,0.0290442316009507,0.0266726044892872,0.0208452142420148,residential,7,summer,1,2,95.22357824,190.44715648,0
4,2021-07-26,0.0168630076198194,0.0157126429146554,0.014349544918758,0.0146787100641934,0.0136219907166994,0.018172252848342,0.0307484225848914,0.0352480387060319,0.0354132728455427,0.0376371557016722,0.0361731779923061,0.0326421297207859,0.0341304107905098,0.0340977198595246,0.0332803443081179,0.0317166823509306,0.0315296959635289,0.0332425992515993,0.0374811751085982,0.0347816083421586,0.031367398536432,0.030599175297126,0.0282437386291246,0.0208607344414444,residential,7,summer,0,2,95.22357824,190.44715648,0
4,2021-07-27,0.0187043627743252,0.0176598061522582,0.013773391655037,0.0147856061155147,0.0155222418829224,0.018623456884046,0.0311213250706146,0.0339963501832428,0.0336583858612886,0.0340256242191883,0.0344018781704877,0.0318358936496371,0.0323831932633482,0.0328959981959114,0.0292753855423139,0.0304073124704823,0.0320672185059158,0.0343178493343746,0.0357630798443995,0.0348961787638714,0.0311007198657434,0.0305778157436435,0.026550149459232,0.0200874212310932,residential,7,summer,0,2,95.22357824,190.44715648,0
4,2021-07-28,0.0166426529331737,0.0156506557319638,0.0134533799388959,0.0145586604014102,0.0150012214868512,0.0154392741047294,0.0305014833491021,0.0317819069851697,0.0296847536389854,0.0331585176181012,0.0299645534386899,0.0305457879807605,0.0315926766507733,0.0314019916421674,0.0276691158380555,0.0301040856743193,0.0339285328933899,0.0351564007155929,0.0371570881185407,0.0345637879072887,0.0315875721503517,0.0287839624957933,0.0282413348271734,0.0209678898580978,residential,7,summer,0,2,95.22357824,190.44715648,0
4,2021-07-29,0.0164560624985554,0.0152657246519385,0.0134934405932206,0.0144171426040464,0.0149910228349733,0.0173263424613373,0.0306324849819514,0.035024920613066,0.0350282661463593,0.0368296154363644,0.0373317317689438,0.0343216904606368,0.0339036853866576,0.0310115362970868,0.029195326862025,0.0303774747382548,0.0334742767380267,0.0351822098777466,0.0386234653413277,0.0343510035773326,0.0315936068181237,0.030421325931307,0.0281661888290473,0.020382443044343,residential,7,summer,0,2,95.22357824,190.44715648,0
4,2021-07-30,0.0168070992431027,0.0156069752396839,0.0136569629429959,0.0145563984616598,0.0135740758790575,0.0177068675577942,0.0318217091966839,0.0345629529188398,0.0334190389610777,0.0351809050573559,0.0292038025413033,0.0329605189515171,0.0335911817570065,0.0350723606908852,0.0275149538340645,0.0331173147057,0.0310506733864251,0.0311050138812646,0.0369516242405514,0.036326701423205,0.0302252249192772,0.0272076994279675,0.0264988095034119,0.0201412536141785,residential,7,summer,0,2,95.22357824,190.44715648,0
4,2021-07-31,0.0166231198847538,0.0151662710909479,0.0123193685254377,0.0128261638271631,0.0134948476402855,0.0167177724311765,0.0316677647407338,0.0341402860124299,0.0332219951034943,0.0362047767932376,0.0371991633761335,0.0332907996820567,0.0349917361006459,0.0348140670191186,0.0309137911579859,0.0328856521671756,0.0343067466480389,0.0343104392001164,0.0361269057998083,0.0340280679855746,0.0318128749620685,0.0299405730559026,0.0280351401116011,0.0230255736589743,residential,7,summer,1,2,95.22357824,190.44715648,0
4,2021-08-01,0.0192834625190055,0.0182919268894049,0.0166851583092354,0.0166367689868283,0.017025335217552,0.0209615154873501,0.0354865029502065,0.0379696017931732,0.0372359166033461,0.0377365757677763,0.0389676937566576,0.037243443663243,0.0354659341046874,0.0373628396367473,0.0367921830717925,0.0351075872412408,0.0369024321276656,0.0400242173090352,0.0433059364482231,0.0376478188565208,0.0303562515753687,0.0246588303225163,0.022345372079858,0.0167943949879343,residential,8,summer,1,2,95.22357824,190.44715648,0
4,2021-08-02,0.0143266090481219,0.0146573009489331,0.0105709063873221,0.0134291337124196,0.0137331378652569,0.0152432395546231,0.0299022170964629,0.0339683431365376,0.0342061957103432,0.0350710954363215,0.0340782745551129,0.033889441922614,0.0328200327089092,0.0354289069534164,0.0339830273801838,0.0347322183310578,0.0362684739287782,0.0396316594304582,0.0400682546488685,0.0377098381893181,0.0350027691649494,0.033727235278428,0.0230519578980236,0.0188221357822821,residential,8,summer,0,2,95.22357824,190.44715648,0
4,2021-08-03,0.0140047683696837,0.0113981541327712,0.0099494793713372,0.0117842550468974,0.0137961771849787,0.0151680575512127,0.0316042009936169,0.0343116905356181,0.0333496822659451,0.0339117994360646,0.0348597464160557,0.0348654935681533,0.0328214448614271,0.0350955227854508,0.0300999376742702,0.0324355280170627,0.0339020494523129,0.0362889286042909,0.0378904917975354,0.0370972667335955,0.0332725743698093,0.030997822356845,0.0290750333724234,0.0224461342111543,residential,8,summer,0,2,95.22357824,190.44715648,0
4,2021-08-04,0.0178265276079394,0.0178803168950275,0.0145520325509637,0.0135629325572751,0.0141833815608296,0.0173576139085548,0.0316779289414762,0.0360288718793499,0.0348797228760409,0.0356515760053655,0.0345375076652633,0.035433425387756,0.0341863461422438,0.0344608374866193,0.0320510915527968,0.030493894572521,0.0316172306956628,0.0346103561888046,0.0375010644008682,0.0368450793881799,0.0335321976284005,0.0326350338580013,0.0285389125914546,0.0220549592877885,residential,8,summer,0,2,95.22357824,190.44715648,0
4,2021-08-05,0.0188523329349457,0.0175875206809524,0.0145013050031263,0.0150285948785509,0.0156353470047767,0.0183321433623186,0.0323894638270411,0.0370992885241539,0.036066169276097,0.0380102056759027,0.038383036687897,0.0347478180588,0.0337805271455322,0.033110589925894,0.027499115397981,0.0317803224872607,0.0337471627357858,0.03727713717131,0.0378167206356617,0.0371920469388633,0.0330083250810546,0.0310036934348913,0.0286860632802404,0.0217823436035458,residential,8,summer,0,2,95.22357824,190.44715648,0
4,2021-08-06,0.0187340116622372,0.0176883585249976,0.0151516094336876,0.0167073909886121,0.0140528749741777,0.0161734715410624,0.0321024788580347,0.0361836369113744,0.0356922717912839,0.038833131209847,0.0337212702806099,0.0278922560582404,0.0264749996664217,0.0256844378717545,0.0260747271896299,0.0284709002469299,0.0301960407736449,0.0326616949523742,0.0353590318819267,0.034525228784896,0.0307600371406392,0.0303485121073624,0.0282525313348892,0.0208314564239088,residential,8,summer,0,2,95.22357824,190.44715648,0
4,2021-08-07,0.0187045553795763,0.0158255622927117,0.0132361603585698,0.0149034187498933,0.0152817784756466,0.0176911919847933,0.0327819995669557,0.035226208254337,0.0306985628013938,0.0325115323111658,0.0316858280833955,0.0301556049832308,0.029580656309928,0.0313874129229641,0.0252312054756425,0.0275785746148111,0.0289861276642748,0.0311434755702836,0.0355545122797419,0.0347166132926275,0.0304785891128421,0.0304055803971088,0.0279819541439362,0.0202330610284038,residential,8,summer,1,2,95.22357824,190.44715648,0
4,2021-08-08,0.0182311145154089,0.017112176863204,0.0130212672438114,0.0144677594136812,0.0151371488811606,0.0174106733486053,0.0334428918210634,0.0362916259700501,0.0356230981027574,0.0370716020961756,0.0358043419482818,0.0345517289097157,0.0334437694060878,0.0335603970406749,0.0314481035498087,0.0298423737349473,0.0315026937446469,0.0342330391933152,0.0380602452293787,0.0355596554845406,0.0325977838500878,0.0309524072426078,0.0284632459283305,0.0213946743687859,residential,8,summer,1,2,95.22357824,190.44715648,0
4,2021-08-09,0.0185234969977028,0.0174492550844861,0.0148645136304867,0.0149956556470398,0.0172723496214906,0.0192758095411447,0.0334997681641998,0.0380817739208408,0.0374148238155269,0.0370148378367321,0.0356488594511662,0.0348356068379511,0.0319748040928455,0.0341515663463155,0.0316999910224751,0.0265653037044578,0.0283546330943321,0.0331695707597181,0.0363243251441771,0.0356360384639385,0.033737795127073,0.0306593008746994,0.0284461711430673,0.0224191746866312,residential,8,summer,0,2,95.22357824,190.44715648,0
4,2021-08-10,0.0171384052378624,0.0160549299968282,0.0150314777673831,0.0152187506180286,0.015614066976643,0.0194130183167985,0.0334638597765958,0.036069130022633,0.0351051232709719,0.0360599207665607,0.0351386758940221,0.0320178044529073,0.0317397943148049,0.0338896086834784,0.0314874297049062,0.0303150035616701,0.0319134068913554,0.0352821905707978,0.0379670566543349,0.0356428054496664,0.0331822626791887,0.0311297472879901,0.0288059193943866,0.0223405259566282,residential,8,summer,0,2,95.22357824,190.44715648,0
4,2021-08-11,0.0189908520734114,0.0181092148923772,0.015660591772446,0.0170376586704304,0.0172790695603781,0.0191297091278023,0.0337059910648953,0.0382939585145568,0.0369847898955114,0.0357271387304436,0.0367831876255018,0.0380333439700526,0.0347678280308634,0.0321419539225063,0.0310517373827018,0.0317282543857525,0.0320516451580655,0.0344352669131083,0.0382290397093283,0.0356384700049226,0.0330462878477884,0.0312393184117059,0.0289579050863324,0.0227225734058845,residential,8,summer,0,2,95.22357824,190.44715648,0
4,2021-08-12,0.0175491723294258,0.0183475819249407,0.0154078952450215,0.0155440320362627,0.0161644525930164,0.0203440755476148,0.0359516433973279,0.038297286440175,0.0357951740934055,0.0350733320628303,0.0355496920603223,0.0333556853931307,0.0328991443724355,0.0302829147176956,0.0269394485901701,0.0230149590031009,0.0260812035964905,0.0300380645285739,0.0335921451486241,0.0329052678601234,0.0291205958768536,0.027095614699293,0.0263810197035581,0.0179350430186056,residential,8,summer,0,2,95.22357824,190.44715648,0
4,2021-08-13,0.0167106202071776,0.0157589226752692,0.0139762688127114,0.0116426515367276,0.0089741790311502,0.0141101117212924,0.0272311030691347,0.0308054139990807,0.028647623464467,0.0282273507845007,0.0250059279500662,0.0224355769344218,0.0216366846542261,0.0202687104212522,0.0170130809789491,0.0183693316001781,0.0220595279369219,0.0241650569770271,0.0287450477227993,0.0278410940109602,0.0245279894577869,0.0235194596514898,0.0211253989003613,0.0150443687282329,residential,8,summer,0,2,95.22357824,190.44715648,0
4,2021-08-14,0.011387940237,0.0118131931003087,0.0082293420061173,0.0110543246000374,0.0117638436252819,0.0141453322038728,0.0291835231646897,0.0335547948512145,0.0320350348415555,0.032851380378152,0.0322570572320613,0.0305382145925558,0.0281045069427635,0.0255225161747894,0.0241479178216109,0.0261990847225888,0.0264966599254062,0.0289590370423432,0.0346854713370605,0.0338038098564707,0.0291043893804856,0.0278379543211597,0.0256884168736368,0.0190505266107272,residential,8,summer,1,2,95.22357824,190.44715648,0
4,2021-08-15,0.0160006059812865,0.0147736055761138,0.0116677366742367,0.0138429924380053,0.0144301800978862,0.0152364257358436,0.0289278192734171,0.0334583202586237,0.0351611959715629,0.0342739563005275,0.033733491976683,0.0327217775860713,0.031329527030045,0.0319128365250386,0.0312903891117358,0.0295955782353499,0.0312116605424663,0.0352442721588263,0.0357819273270577,0.0351401592315084,0.0321731745857184,0.0306733048278058,0.0283371226052212,0.0210223448145903,residential,8,summer,1,2,95.22357824,190.44715648,0
4,2021-08-16,0.0151583709599479,0.0137089617940668,0.0135531425006398,0.0128527827855008,0.0135084977240826,0.0177812578224499,0.0319453891311283,0.0363459955291901,0.0349445401598439,0.0354044463264517,0.0348979743849964,0.0346563137627166,0.0326856158727797,0.0344324506177988,0.03255814179116,0.0321517277848497,0.0317906494434847,0.0334837842977674,0.0376503794307904,0.0370788526484474,0.0322638313534997,0.0309193951589031,0.0283286311762733,0.0203829548925038,residential,8,summer,0,2,95.22357824,190.44715648,0
4,2021-08-17,0.016813920846158,0.0156362473325845,0.0130174075179938,0.0145949601151713,0.0149641268421099,0.0166320966195927,0.0313851741807672,0.035881513746166,0.0350653133596909,0.0352397941809856,0.034200325849442,0.0328339215480105,0.0320977016059087,0.0323204129573874,0.0321171574414006,0.0323929608041004,0.0339592798245972,0.0367615140662038,0.0380527795235012,0.0355753656190386,0.0331732821652972,0.0311435904841735,0.0286841729555723,0.0211070789056153,residential,8,summer,0,2,95.22357824,190.44715648,0
4,2021-08-18,0.0188499904548053,0.0160534278434848,0.0138513155065359,0.0150669236820885,0.0154734714155687,0.0178759473592051,0.0334994835137493,0.0362162052728189,0.0350768359945168,0.0356556630347906,0.0348800456773843,0.0337871928898242,0.0327037884218138,0.0334087011637996,0.0326966656772659,0.0309082825670798,0.0341418686022792,0.0369163022347202,0.0378122739472427,0.0353662529606856,0.0330842501833563,0.0314185082444616,0.0291899127612308,0.0227370119026747,residential,8,summer,0,2,95.22357824,190.44715648,0
4,2021-08-19,0.0191761762165202,0.0179410763255217,0.0152364186877034,0.0171563827651101,0.0176155418087695,0.0197381924553613,0.0333684611389123,0.0356057090479694,0.0320055708379406,0.0352983629572325,0.0346113425223701,0.0305865597201977,0.0333250228852304,0.0304601019278638,0.0284385152198161,0.0237437816829027,0.0251041856601976,0.0277125536504893,0.0304683707446213,0.0296382899163042,0.0263860042792005,0.0251775924925304,0.0227748487614929,0.0149681550576793,residential,8,summer,0,2,95.22357824,190.44715648,0
4,2021-08-20,0.0112376754283108,0.0100130942818836,0.0085343211654102,0.0090561869280856,0.0109438258029146,0.0134238431773704,0.0263384680725503,0.0271773188181728,0.0249955419758803,0.0253474416145735,0.0237351368769463,0.0213040858051464,0.0207930939356646,0.0181069914485918,0.0171780751122193,0.0196644543131446,0.0200089982661272,0.0224657061141224,0.0253906441693075,0.0258954181610862,0.0229141946375286,0.0215084838114392,0.019129299907594,0.012656857554976,residential,8,summer,0,2,95.22357824,190.44715648,0
4,2021-08-21,0.0092896131171389,0.0081477688720163,0.0059329935497398,0.0072241879189752,0.0078169047536472,0.0107212842718645,0.0242979336968542,0.0298183316009388,0.0271847829485965,0.0301274236713703,0.029217526888374,0.0296029703630656,0.0268347946035752,0.0291349002642643,0.0277180192510631,0.0257561282328408,0.0276059986207453,0.0311257952007305,0.0323335184525286,0.0315509568820712,0.028157961278864,0.0259519148816858,0.0237216987030889,0.0186065158918307,residential,8,summer,1,2,95.22357824,190.44715648,0
4,2021-08-22,0.0138954732468826,0.0126804838321424,0.0118969610641989,0.0102612432351234,0.0108358443872611,0.013816446426127,0.026040629504968,0.0315976155874691,0.0330224537328367,0.0307045436528376,0.0318348114152376,0.0278045666987467,0.028164208220974,0.0293893938826116,0.0288088463251883,0.0275577844986627,0.0290314560807781,0.0327548148631315,0.0335189048547694,0.0327410566408027,0.0314082065151255,0.0286176132676437,0.0261642449368516,0.0210901080429706,residential,8,summer,1,2,95.22357824,190.44715648,0
4,2021-08-23,0.0147934104790878,0.0134689212313515,0.012632584527784,0.0124384238662051,0.0114252921996488,0.0152147927550379,0.0292448632901879,0.0336080912856309,0.0324988285507751,0.0314222154247292,0.0326270647535524,0.0321081888553421,0.0306803966796081,0.0325369375203585,0.0300512300166096,0.0302506268692385,0.0299962593091839,0.033439231384306,0.0358451836323759,0.0332632561335935,0.0301172286439708,0.0287187419294037,0.0264096037788608,0.019063194869471,residential,8,summer,0,2,95.22357824,190.44715648,0
4,2021-08-24,0.0164766050320882,0.015187622734517,0.0120087029206031,0.0123927895640461,0.0115181677268667,0.0152885485913753,0.0296608237859025,0.0338179438255763,0.0345371155448978,0.0332212416078354,0.0340848631009521,0.0346195139880689,0.0303875653114144,0.0323768196858099,0.0320303256080884,0.0312213978646721,0.0311574366927628,0.0358973054004541,0.035470744399554,0.0346588185669574,0.031063276484876,0.0287789083944057,0.0264699325197151,0.0196578058628636,residential,8,summer,0,2,95.22357824,190.44715648,0
4,2021-08-25,0.016730054825243,0.0152787374407991,0.0116899864202063,0.0126952572609713,0.0117561882286135,0.0156625110580716,0.0298733757476038,0.032542767158673,0.0358393333929682,0.0367732186077778,0.0336325240627034,0.034317232286755,0.0316760435743182,0.033530963412246,0.0331103969067821,0.0323569290392198,0.0318174220401326,0.037323238003936,0.0374235779323979,0.0367975697667254,0.0328031163602606,0.0302845703190999,0.0279031338767184,0.020606170420846,residential,8,summer,0,2,95.22357824,190.44715648,0
4,2021-08-26,0.0166169013211456,0.015402712420249,0.0130488516257447,0.0129111806710958,0.0135870722769971,0.0171208843258153,0.0301815181473703,0.0358405858080631,0.0357401467424641,0.0372167866272973,0.03635652977385,0.0351993283181156,0.0321431299402431,0.032564745714606,0.0333682823611565,0.0315688288993346,0.0335215408254314,0.0376611290098972,0.0389429701531014,0.0376376978632452,0.0321353599837286,0.0299144547948007,0.0278313269817019,0.0206396956038464,residential,8,summer,0,2,95.22357824,190.44715648,0
4,2021-08-27,0.016568854187485,0.0154860676458621,0.0146319501361795,0.0147395221417871,0.0137563733081408,0.0177119310632568,0.0313867490911883,0.0354686296712934,0.0355468758149403,0.035713088435967,0.0360417651742656,0.0324352803181875,0.0328678971090702,0.0328133196922169,0.028268312221529,0.0316745623004711,0.0337742639499152,0.0341076291954855,0.0384101201520352,0.0359231215009088,0.0314506721934682,0.0302419422052845,0.0279122615186932,0.0201833993699772,residential,8,summer,0,2,95.22357824,190.44715648,0
4,2021-08-28,0.0150166264343808,0.015784309076284,0.0133311849186861,0.0131919494350063,0.0136619601753706,0.0185024268812829,0.0312879404685432,0.0352669639715257,0.0349006181221603,0.0360169586027233,0.0346708055533777,0.0333843606539865,0.0346245149057808,0.0325568401132028,0.0304263874206898,0.0306881978457443,0.0341845220994988,0.0351538588763399,0.0386152014498261,0.0343531525651679,0.0320910112086831,0.0287616646145124,0.0264355746151334,0.0205751660898037,residential,8,summer,1,2,95.22357824,190.44715648,0
4,2021-08-29,0.0164998898203868,0.0154182787525668,0.0133560853253061,0.0128918980266269,0.0134942333987783,0.0168522946807359,0.0310892457174782,0.0337675979500657,0.0345175241979342,0.0354112004376739,0.036197400707455,0.0359466942327105,0.0318718630044855,0.0308761624629386,0.0333896924396737,0.0314814012832753,0.0329701223997901,0.0373528867146183,0.0371412511796541,0.0349611340518104,0.034247381631242,0.0302397660906529,0.0264064867479839,0.0221372305339809,residential,8,summer,1,2,95.22357824,190.44715648,0
4,2021-08-30,0.0165537045992954,0.0155112871299327,0.0149939973357392,0.014579619236317,0.0135921834735034,0.0179085128037979,0.0311976258607247,0.0350943873821245,0.0344378436240876,0.0364303565199509,0.0369286919115735,0.0359734687319029,0.032861633065576,0.0322873533316796,0.0354178637173013,0.0311429349180717,0.0326115665796651,0.0367795409205753,0.0371483385068595,0.0350296093286352,0.0331520048258977,0.0307762604707083,0.0278468066065319,0.0206454514133197,residential,8,summer,0,2,95.22357824,190.44715648,0
4,2021-08-31,0.016549813309041,0.0154462731145958,0.0137469708336451,0.013029304587085,0.0152369483155523,0.017875261092412,0.031125594985259,0.0352850531837823,0.0356053730987199,0.0351573507940986,0.0377625614935424,0.0354064180981275,0.0295993060965134,0.0254641855153651,0.0286013281364767,0.024586992119208,0.0262703367901546,0.0316746578059008,0.032740926380391,0.0317443921504918,0.0303500432636106,0.0276975300264438,0.0253529439398791,0.0198995511812195,residential,8,summer,0,2,95.22357824,190.44715648,0
4,2021-09-01,0.0148070648831409,0.0129818518396155,0.0117361960260476,0.01159542244118,0.0121168439610646,0.0164205448770288,0.0297035834927662,0.0319528558061674,0.0313455788705037,0.0315466562734719,0.0285858414270382,0.0278908475120784,0.023177610861867,0.0230299076070184,0.0207254841907599,0.0241064263526045,0.0260183856638042,0.0263937487646937,0.0310715951499624,0.0317783542162669,0.0273601068319197,0.024283207668346,0.0220095781111512,0.0158754652903486,residential,9,autumn,0,2,95.22357824,190.44715648,0
4,2021-09-02,0.0123877561983647,0.0111190597404027,0.0085339997212323,0.0103319330779907,0.0093619728671501,0.0135840086770725,0.0282788721014019,0.0310337658388505,0.0317203763886734,0.0322675152471547,0.0325336839144597,0.0304898284920355,0.0299986360774764,0.0304210043843913,0.0268072958007573,0.0289587025672745,0.0305875723090803,0.0304577129774311,0.0328126867621332,0.0320210488503997,0.0292950440753633,0.0262656415878679,0.0256164731766329,0.0185133140622775,residential,9,autumn,0,2,95.22357824,190.44715648,0
4,2021-09-03,0.0142988783168147,0.0145059425180331,0.0112137672192339,0.0119155124144787,0.0125058354064075,0.013364867567573,0.0287665740729264,0.0313109890714219,0.0291260719689879,0.0326765919133273,0.0265005816309129,0.0274181617897408,0.0264479240350247,0.0250117308325514,0.0252218626347955,0.0304468786867497,0.0302259573187931,0.0333834648033669,0.0342932005807985,0.031689543158508,0.0288557318722036,0.0279156840394874,0.025641481161511,0.0178625014050951,residential,9,autumn,0,2,95.22357824,190.44715648,0
4,2021-09-04,0.0140997571657184,0.0128869374815065,0.0107774762745612,0.0120120881761125,0.0110738264072362,0.0153870377581764,0.0287766180938225,0.0329051306660218,0.0320618556787008,0.0355481009047687,0.0334544970937419,0.0317267461375521,0.0333197183556821,0.0335065704669431,0.0296808487532866,0.0318471551349496,0.0313467846571404,0.0265432950897291,0.0349714047466076,0.0342808358447216,0.0288980859097485,0.0267660628310821,0.025903427437439,0.018406365702933,residential,9,autumn,1,2,95.22357824,190.44715648,0
4,2021-09-05,0.016276280973464,0.0150900126902586,0.0119681823784567,0.0141869323574807,0.0131336181309562,0.0160146674945403,0.0292122258478846,0.0334355329119246,0.0332604309318287,0.0372579940813702,0.0342014254597627,0.0334619902523032,0.0332376152118858,0.0322209038795044,0.0269662869435236,0.0327393991469762,0.0325403357463215,0.0332377709313962,0.0367782459753266,0.0361536302841512,0.0304420319107383,0.0285176944503867,0.0274864636540669,0.0193678335467776,residential,9,autumn,1,2,95.22357824,190.44715648,0
4,2021-09-06,0.0162745180545988,0.0135608419991521,0.0118604029509028,0.0127136073150605,0.0132430208517399,0.0160500302753481,0.0308583372286301,0.0351118685010346,0.0340916828628857,0.037242976596087,0.0359795874339075,0.0273897718225074,0.0348891351789412,0.03169176593798,0.0273244382131008,0.0310916209418145,0.0344351181713872,0.0327439238072744,0.0384418528763017,0.0357798339045455,0.0301808825896935,0.0298370880696305,0.0260811013533566,0.0190216444792331,residential,9,autumn,0,2,95.22357824,190.44715648,0
4,2021-09-07,0.0161775168453971,0.0134186906856722,0.0116892483908947,0.0125059744222623,0.0131444887745612,0.0162287008383615,0.0324289071630635,0.0351720752520546,0.0338052289528307,0.0366581627543733,0.0354340029796633,0.0330049303855389,0.0332106639605818,0.0338660636141952,0.0304739070249235,0.0345734687915236,0.0340794208303974,0.0334465290507861,0.0384192614316439,0.0357585464404486,0.0307662469617138,0.0297816992068073,0.0275627618724924,0.0196643578160428,residential,9,autumn,0,2,95.22357824,190.44715648,0
4,2021-09-08,0.0164410552207992,0.015239924086751,0.0126536841242732,0.0128885598066079,0.0134518265133438,0.0169322310252863,0.0310431716419314,0.0337198483843591,0.0335561209973722,0.0352424285848053,0.0359553371498008,0.0341392088404822,0.0354843543728293,0.0318049942277543,0.0303155877513445,0.0327332220105876,0.0276294159278473,0.0330575019465701,0.0353693766893853,0.0342599533759595,0.0305674272997541,0.0284089127570259,0.0261041686726046,0.0200566990563458,residential,9,autumn,0,2,95.22357824,190.44715648,0
4,2021-09-09,0.0163812837018261,0.0151136964455392,0.0126523069907181,0.0125609918279243,0.0129943442290076,0.0165456915309769,0.0303964134131824,0.0330257248397386,0.0334070103226,0.0368798465314426,0.0357027390216988,0.034614596352125,0.0360799765741653,0.0344991147719968,0.0309217539502298,0.0351945938057939,0.0360323429218953,0.0324895691940481,0.0373028085682867,0.0352086393291629,0.0311489355591686,0.0317730354750564,0.027940120696428,0.0204553645267232,residential,9,autumn,0,2,95.22357824,190.44715648,0
4,2021-09-10,0.0180570957397656,0.0169406762735315,0.0135267338557093,0.0144741988628948,0.0151220192848879,0.0178545020029144,0.0309639309452513,0.0349115582953326,0.0339765472678132,0.0357691307160685,0.036379685439964,0.0343551452947659,0.036263652454475,0.0363408869004828,0.0301428155627774,0.0347734627771666,0.0359042639971837,0.0314285354774058,0.0373807915517862,0.0357999607936202,0.0306514006832397,0.0299523629746526,0.0276286828112193,0.0202973169122701,residential,9,autumn,0,2,95.22357824,190.44715648,0
4,2021-09-11,0.0164642273221852,0.0138065332532934,0.0124626533979121,0.0127645102969317,0.0118146311100901,0.0164811049527341,0.0290561932177844,0.0330371793897062,0.0317421090830664,0.0336999894798521,0.0345138982340096,0.0307354763988296,0.035834644523416,0.0340985018647171,0.0241921584003504,0.0298302242054096,0.0314003139766062,0.0322884490444495,0.0376524255250364,0.0349689914947596,0.0297562894827505,0.0293693757954347,0.0274124750366999,0.0199517290605933,residential,9,autumn,1,2,95.22357824,190.44715648,0
4,2021-09-12,0.0178991339722537,0.0149665117733014,0.0129287852083622,0.01403800370504,0.0131069729463077,0.0168450549037369,0.0305230134141563,0.0329399226354084,0.0325187367963805,0.0336312544216712,0.0358492935096185,0.0308978281934499,0.033804741763122,0.0324549854268258,0.0316946589235962,0.0334085426869319,0.0330568261362104,0.0334754345039974,0.0362956264446228,0.0357431415648669,0.0297215608788237,0.0281361296060097,0.0260409174883108,0.0195479127563414,residential,9,autumn,1,2,95.22357824,190.44715648,0
4,2021-09-13,0.0163058914184055,0.0150780467356871,0.0125753640186535,0.0126125558260728,0.0131060712799265,0.0162893463308844,0.029073813243282,0.0332684427359594,0.0330664176003445,0.0364603028084364,0.0366170331812026,0.0315555708777162,0.0320088510845313,0.0309310194634347,0.0320712815560639,0.0318333550729094,0.031468609372854,0.0348065777725766,0.0358877878529238,0.033540889817517,0.0304146167287528,0.029732003164501,0.0273282939484057,0.0193516941735878,residential,9,autumn,0,2,95.22357824,190.44715648,0
4,2021-09-14,0.0159252776468724,0.0147826393029428,0.0117919214606927,0.0123698935879635,0.0128715174511161,0.0157815398318636,0.0289304431942995,0.0332859113991408,0.0341619688758178,0.0368230964774067,0.0371883078686595,0.0326379099820852,0.0322992452395679,0.0330635117685838,0.0287138643354768,0.030931017832157,0.0318257841765967,0.027805246433748,0.0344625171402048,0.0337000828549108,0.0300522968407018,0.0279861161169148,0.0255954384757513,0.0190357427470072,residential,9,autumn,0,2,95.22357824,190.44715648,0
4,2021-09-15,0.015760220114186,0.0145131305714739,0.011987013999133,0.0136419733783325,0.0143325686276237,0.0141072577322185,0.028954780868938,0.0332105360292377,0.0313733135665804,0.0365150487938928,0.0372713822678934,0.0327072919848943,0.0344895586548543,0.0345456732386436,0.0281856076540842,0.0280769071529695,0.0313992498642737,0.0326773133035607,0.038053122360202,0.0353470020192874,0.0298235349129896,0.0296211929975265,0.0258649297389206,0.0192104047065276,residential,9,autumn,0,2,95.22357824,190.44715648,0
4,2021-09-16,0.016253583801451,0.0149618650778181,0.012428303084022,0.0126735515871783,0.0132492773538668,0.0167575146973342,0.0292327366373788,0.0334730896011916,0.0341093111441671,0.0366818449429963,0.0370427729165407,0.0329879370571875,0.0343621013732303,0.0342483787370138,0.0213095995221044,0.0321029898403699,0.0323346482502315,0.0314354564305984,0.0369739007401797,0.0344357574802561,0.0292148636777547,0.0282711825902449,0.0258462085635751,0.0186036451554192,residential,9,autumn,0,2,95.22357824,190.44715648,0
4,2021-09-17,0.0146111188659705,0.0133801406490317,0.0118024924807888,0.0125370538382963,0.0131034897474094,0.0154032814557579,0.0290942625236562,0.0333727458408951,0.033190435878588,0.0343195376377239,0.034701068409491,0.0312018708191772,0.0342355918264934,0.0343073925005265,0.030354215512809,0.0333572695946684,0.0267133905608598,0.0343215487812625,0.0364830867193823,0.0358033167922035,0.0307367856577414,0.0300570965314016,0.0276545567479513,0.0197248880364166,residential,9,autumn,0,2,95.22357824,190.44715648,0
4,2021-09-18,0.0163080092519686,0.0149898434259985,0.0125796193388532,0.0124626693422038,0.0131402956605329,0.0167060236839347,0.0292442054077321,0.0333359166109097,0.0332306673813128,0.036006105968378,0.0365697488751794,0.0328643333608382,0.0362967645277354,0.0382904028182244,0.029175438051911,0.032538941118193,0.0339186652866093,0.0307218028032341,0.0353142193191843,0.0327906000825468,0.0286665004048045,0.0290528020121219,0.025358543713416,0.0184965101033666,residential,9,autumn,1,2,95.22357824,190.44715648,0
4,2021-09-19,0.0159301453496271,0.0148203091299536,0.0122441849664071,0.0124350182966879,0.0129174977818495,0.0167413640284214,0.0290774338514928,0.0333279934075948,0.0321099444190487,0.0357192013559462,0.0345921134685992,0.0310878832897891,0.0313901839129494,0.0318267893330808,0.0292303556569666,0.0305376426559615,0.0306229591955709,0.0314050084193729,0.0278212129127713,0.0271583318098836,0.0252740646707257,0.0256105092874003,0.0229840386164199,0.0152759198345556,residential,9,autumn,1,2,95.22357824,190.44715648,0
4,2021-09-20,0.0112236159353838,0.0097076088420583,0.0071027137174152,0.007193186928852,0.0075494929445454,0.0110792699268077,0.0234467018962648,0.0255757272980964,0.0246250779830583,0.0226901050364071,0.0228765724538714,0.0182003346216445,0.0201136734426467,0.0184306030789871,0.0149255721681284,0.0189546951486928,0.0206102079629624,0.0226049840523407,0.0273583739494489,0.0265584034085677,0.0229566098004216,0.0207854336639961,0.018437847056645,0.011966453402682,residential,9,autumn,0,2,95.22357824,190.44715648,0
4,2021-09-21,0.0064336496349476,0.0051696299823172,0.0032068864587903,0.0030174853086096,0.0034582847825052,0.0061919426080887,0.0195047423229156,0.0219665019454573,0.0215391948564891,0.021432394647089,0.0210822947636642,0.0196420107964956,0.0199960513266855,0.0189168058192097,0.0173613119163083,0.0203362477012011,0.0206458079820267,0.0238238255451088,0.027629173850313,0.0269761299656693,0.0238019042907951,0.0226048554105692,0.0191262435350177,0.0128652073457369,residential,9,autumn,0,2,95.22357824,190.44715648,0
4,2021-09-22,0.00716658776759,0.0059078691829071,0.0038732021409208,0.0028832059995287,0.0033334450500325,0.0073568680981074,0.0195323009757916,0.0228184503366806,0.0222095969198693,0.0216558633618243,0.0231444271885821,0.0219155900685641,0.0223104887943569,0.0207538178017926,0.0191101301516145,0.0226268470456041,0.0241055150537906,0.0238029962182084,0.0292224965875122,0.0272632366431629,0.0239553401406877,0.0231917177339204,0.0208595851189777,0.013041452323513,residential,9,autumn,0,2,95.22357824,190.44715648,0
4,2021-09-23,0.0100095429663809,0.0076450872239577,0.0056638186677496,0.0055666802336321,0.0060014249167918,0.0094635463030886,0.0231729494802589,0.0255285516100512,0.0235729065341898,0.0240460188083586,0.0240797529424476,0.0194438522852101,0.0200490170667844,0.0208822318905932,0.0151259441637495,0.0190314222582924,0.0210525149631492,0.0226187715848823,0.0277865448848717,0.0272317620483655,0.0233112875016512,0.0229512090362514,0.0183324517723543,0.0123418528596731,residential,9,autumn,0,2,95.22357824,190.44715648,0
4,2021-09-24,0.0086697442130509,0.0064233197880235,0.0049688055853418,0.0055446292895197,0.0058962136406363,0.0092709640856403,0.0219770694097253,0.0242750988631177,0.022638636224133,0.0220571756955748,0.0205495402021322,0.0186853649400328,0.0192292467714903,0.0203233409724636,0.0157628139177889,0.0163440922160931,0.0172846162885958,0.0202156708307001,0.0232731202509258,0.0235727953646525,0.0215960543306493,0.0202090745581276,0.0189670878486117,0.0118277950036346,residential,9,autumn,0,2,95.22357824,190.44715648,0
4,2021-09-25,0.0080167467074594,0.0068483573598382,0.0048030011664101,0.0059762271647841,0.006495503098809,0.0093074116510473,0.0226075629028073,0.0248185139084813,0.0230810251974352,0.022449418966765,0.0208053444672867,0.017506837400238,0.0178003126261516,0.0165474484068553,0.0124947254329533,0.0165598202857667,0.0173421183843371,0.0207949083025806,0.0248622928800358,0.0241360896659158,0.0208446531895035,0.0188075277878461,0.0142921576652785,0.0093987804229147,residential,9,autumn,1,2,95.22357824,190.44715648,0
4,2021-09-26,0.0056604150667989,0.0032469911123868,0.0035513597077736,0.0035577552143147,0.0040789969985597,0.0091791747056094,0.0213805901162089,0.024723699068057,0.0239189116191231,0.0246198472201136,0.0249335729769655,0.0225776116394936,0.024992058145846,0.0257316325390656,0.0239949639090253,0.0245499178730544,0.026310942961401,0.028285752407698,0.0317504980400699,0.0299695519533391,0.025855295012562,0.0245432184118963,0.0222901961359265,0.0149293484799638,residential,9,autumn,1,2,95.22357824,190.44715648,0
4,2021-09-27,0.0110619616610471,0.0086073008730031,0.007502109950259,0.0078001352450905,0.0083573323474863,0.0122707414445261,0.025978244294184,0.0286164720692359,0.0296064620198014,0.0311053673979657,0.0317930373682468,0.0300197132660785,0.0328032368827407,0.0294515083932221,0.0264710235836858,0.0295665507483052,0.0329158378400068,0.0293758289768454,0.0315866808478338,0.0315007324301157,0.0281204736067144,0.026045742903244,0.0237458885764128,0.0170945324340768,residential,9,autumn,0,2,95.22357824,190.44715648,0
4,2021-09-28,0.0123537855157464,0.0111761082700379,0.0094028481610249,0.0103017849698962,0.0094511197350177,0.0136239076940187,0.0281391439035821,0.0306865740389768,0.0304716392156164,0.0330362961130024,0.0336171389036603,0.0301037513663667,0.032219933787331,0.0305234513404059,0.0268425983698473,0.0308615322848079,0.0309225295452208,0.0327524002640812,0.0381341527692308,0.0357950236394685,0.0302337313256408,0.0319039192372796,0.028086846637559,0.0166966516745521,residential,9,autumn,0,2,95.22357824,190.44715648,0
4,2021-09-29,0.0142421155722327,0.0149533093860797,0.0094573945809884,0.0143499367793687,0.0146695201739565,0.0175820882732523,0.0286847732457208,0.0306895501668033,0.0291023322649942,0.0293864318919871,0.0268093055839145,0.0232181869709268,0.0247289335280464,0.0251631229958903,0.0200785104261085,0.0186099747958552,0.0243046037628252,0.0257595993199879,0.0293638036535246,0.0299889273222302,0.0282903071464184,0.026874315129485,0.0242802012640335,0.0159322921812261,residential,9,autumn,0,2,95.22357824,190.44715648,0
4,2021-09-30,0.0132308927676784,0.0123215369027143,0.0103451081194405,0.0112065679902241,0.0117640199912948,0.0145400114483759,0.0294108183869786,0.0321350509041552,0.0322277504552754,0.0333251109541951,0.0339682211284426,0.0281448643076602,0.0299508441599618,0.0282803652986638,0.0232550893130178,0.024344451728209,0.0216546636767634,0.0277143260893028,0.0311878097149951,0.0302401257209864,0.0279438634524818,0.0262077631189151,0.024470521604647,0.0190760565393321,residential,9,autumn,0,2,95.22357824,190.44715648,0
4,2021-10-01,0.0150420022486981,0.0128820100928745,0.0110844373101577,0.0108978403758611,0.0111715778898884,0.0157918669550208,0.0289252977583359,0.0318477086562427,0.0326827304619374,0.0334097458886514,0.0339970124120554,0.0339574950325147,0.0316654128217709,0.0318907078773621,0.0307252610331871,0.0309786358629642,0.0307614399630352,0.0340903483182391,0.0344170143094295,0.0341212692624325,0.0312153993653947,0.0285621082602614,0.0262535336416313,0.020194149602588,residential,10,autumn,0,2,95.22357824,190.44715648,0
4,2021-10-02,0.0146793805018451,0.0151316439793413,0.0122237917510646,0.0142949973348772,0.0131032742733863,0.0162815476034075,0.0307412461547945,0.0335738511664489,0.0330931539032525,0.035301930186182,0.0359267263647607,0.0312380559660498,0.0316595955931508,0.0302950535377887,0.0313924963401407,0.0296884313754103,0.0293948112359755,0.0328745969230751,0.0353032443531188,0.0331636465730465,0.0305213477550542,0.0289572951494684,0.0263530598279367,0.0184103095349379,residential,10,autumn,1,2,95.22357824,190.44715648,0
4,2021-10-03,0.0163160881938371,0.0148380958071625,0.013457891725856,0.012733128708086,0.0131417308461092,0.0148180220426777,0.0290486318563681,0.0333684218542135,0.0321794856350552,0.0328398049639261,0.0336530038833251,0.0307010745487359,0.0312092976550844,0.0296861301842977,0.0288350527773957,0.028211596656002,0.0297575950115877,0.0320392285441547,0.034624131793804,0.032189395027053,0.0287002353906141,0.0279259664841889,0.0256473045887994,0.0169024769260189,residential,10,autumn,1,2,95.22357824,190.44715648,0
4,2021-10-04,0.0142286991813299,0.0130700446922048,0.0096500809801102,0.012010975466241,0.0125533236130254,0.0138706362631703,0.0286431140122257,0.031617611247941,0.0315667894115387,0.0326502936099711,0.0317301285307601,0.0331825200486655,0.0307895904130041,0.0285186113104172,0.0279565502049144,0.0287122917267221,0.0284973385536971,0.0306835015817302,0.0326796049332977,0.0322207723477258,0.0284918981222592,0.0279883616543602,0.0256138833152899,0.016931025809879,residential,10,autumn,0,2,95.22357824,190.44715648,0
4,2021-10-05,0.0141098334820729,0.0129674009653678,0.0094247139261374,0.0118554585294054,0.0110159441302304,0.0132931297117408,0.0286017417899906,0.0315907574130222,0.0317942265555849,0.0328954643420593,0.0334122538037955,0.032083889869093,0.030440122625302,0.0304678022788585,0.0284803853832846,0.030919168014494,0.0317174086418939,0.0299908651070319,0.0345842734129676,0.0327354509267407,0.0298257782231075,0.027394717241855,0.0267500113767747,0.0185991102431553,residential,10,autumn,0,2,95.22357824,190.44715648,0
4,2021-10-06,0.0151252670136201,0.0124993415947021,0.0111267513879878,0.0119036505710758,0.0125032372310547,0.0156214054730391,0.0297779208407133,0.0325847189634559,0.0319847272189253,0.0313096641955921,0.0315154918649768,0.0267100136575586,0.028747071440269,0.026707178679102,0.0226864218045163,0.0239658572094509,0.0232935387484735,0.0226510295503891,0.0282022740794633,0.0273271508909341,0.0236333011941976,0.0225333333773885,0.0201027649508513,0.0125507609187468,residential,10,autumn,0,2,95.22357824,190.44715648,0
4,2021-10-07,0.0090416851511393,0.0067097929294735,0.0044223548460279,0.0055687698126262,0.0059883725310534,0.0100188258667087,0.0244884834387045,0.0268332014834798,0.0252137670132757,0.0256925384900332,0.0260885957185765,0.0267383230746371,0.0285999544004149,0.0269082396198671,0.0224753181425071,0.0258324062095317,0.027561911276763,0.0272970552809699,0.0313624185085567,0.0306625915692975,0.0263494126286673,0.0248898227650424,0.0226767388461074,0.0155384197058725,residential,10,autumn,0,2,95.22357824,190.44715648,0
4,2021-10-08,0.0114776336206032,0.0103433987630588,0.0081651880968946,0.0095312357911436,0.0100846870125067,0.0124375905839843,0.0262626656098683,0.0304345915688122,0.0296037150207943,0.0301766448661882,0.0324930310026278,0.0280897063099572,0.0301359180529093,0.0303763383228532,0.026580710047756,0.0256776446437912,0.0273661210658179,0.0299371743265766,0.0323968484321466,0.0317817509276815,0.0280148201460284,0.0259508786433239,0.0235052186080941,0.0164068616369962,residential,10,autumn,0,2,95.22357824,190.44715648,0
4,2021-10-09,0.0135383121956749,0.0123675305879194,0.0093170674877534,0.0099135146920023,0.0091518537181723,0.0132312809000282,0.0266105908801496,0.0292574573323804,0.0295229046507005,0.0314156157090918,0.0317791348432765,0.0292991001553496,0.0296982385695905,0.028096488428755,0.0241032583213928,0.0279450026341509,0.0264197636085924,0.028760059352325,0.0321356133634115,0.0312995733806638,0.0268129951012919,0.0255838303416438,0.0219419909637229,0.0159431104620691,residential,10,autumn,1,2,95.22357824,190.44715648,0
4,2021-10-10,0.0120769615889902,0.0109294290245571,0.0090148942195935,0.0086440799595295,0.0104269990287717,0.0133571902411514,0.0264655184399581,0.0293265724187061,0.0294428858334872,0.030434265877458,0.0308811803047258,0.0297766838933486,0.0281569961556045,0.0267221998768863,0.0266802327519714,0.0257597788838424,0.0271394165752267,0.0286480571408102,0.0327655204035312,0.0306014606613094,0.0272109815510494,0.0259682990482555,0.0236808733104457,0.0161428200021065,residential,10,autumn,1,2,95.22357824,190.44715648,0
4,2021-10-11,0.0137008787308111,0.0111091169179996,0.0083559118803438,0.0101061144885012,0.0106652795506164,0.0127154812403021,0.0281611192350622,0.0310308648118116,0.0302461387274082,0.0311020193952561,0.0315764842258309,0.0301079403400487,0.0289370445395902,0.0290848227042272,0.0287226279156945,0.0296778246164116,0.0312008321001073,0.0314571623674807,0.0343308444396643,0.0339292760419989,0.0297182122344126,0.0282960614188503,0.0259171001703495,0.0179863860877253,residential,10,autumn,0,2,95.22357824,190.44715648,0
4,2021-10-12,0.0144374400959845,0.0133051135052064,0.0106198318461395,0.0123416262797646,0.0127404755709076,0.0145011987690012,0.0301883732702839,0.0330267608517131,0.0319176841944767,0.0330126179177147,0.0336846865384886,0.0301066568098296,0.031549881772263,0.0298530329878637,0.0286004446951516,0.0304483551322372,0.031916510034344,0.0322076109748524,0.0353157308882049,0.0344321994793896,0.0297339574095831,0.0284672829575421,0.0262314188107862,0.0188084115746661,residential,10,autumn,0,2,95.22357824,190.44715648,0
4,2021-10-13,0.0162640283996821,0.0150750840684191,0.0113524548178993,0.0070573059462013,0.0084719669068067,0.0104472823528068,0.0246397322569551,0.0270714216065811,0.0265269720731202,0.0259396421852136,0.025853335279669,0.0234443535912204,0.0231218454862951,0.02306833113147,0.021690207415323,0.0232274380006919,0.0249966445734972,0.0277973593386251,0.0302954587661183,0.0294990237392072,0.0254097173788242,0.0237633910344444,0.0214121115099452,0.0149753795648727,residential,10,autumn,0,2,95.22357824,190.44715648,0
4,2021-10-14,0.0114153548741494,0.0102496230547274,0.0073193821601088,0.0079094844315347,0.0084250098322715,0.0096807405110419,0.0246793036723282,0.0269323249731019,0.0248817284430067,0.0251854529796998,0.0224473473330106,0.0213898104647124,0.0227304263040189,0.0227025741812123,0.01838450472162,0.0219894964546714,0.0222591787250973,0.0243597897816461,0.0290903285205909,0.0270426229056949,0.0243757315538328,0.0226349671092048,0.0203096611301349,0.01318159328761,residential,10,autumn,0,2,95.22357824,190.44715648,0
4,2021-10-15,0.0089506303737794,0.0077931211225299,0.0053776037593422,0.0056096277240818,0.0061086420395144,0.0095105600323596,0.0235094973493407,0.02618157858959,0.0242046505270909,0.0269985993498811,0.0274406633248521,0.0238652080579208,0.0245704651022411,0.0231904404349806,0.0218636176415688,0.0234000119510483,0.0221638973342807,0.0255934820709452,0.028973879368212,0.0283088837267281,0.0246660660295407,0.0227338800370886,0.0204177310646737,0.0129688327547603,residential,10,autumn,0,2,95.22357824,190.44715648,0
4,2021-10-16,0.0094607280194007,0.0083085978764414,0.0062323563029841,0.0060233572031627,0.0065555316101789,0.0095232325423014,0.0227863975501751,0.0252786229365758,0.0254229587978587,0.0251764070662533,0.0252912185228417,0.0230350716174692,0.0227160474751018,0.0223750517918852,0.0196605144098301,0.0221963488697956,0.0228337130160635,0.0253453870901072,0.0297175858168809,0.0278105387070676,0.0236204429823208,0.0222938253563979,0.0189466183944258,0.0122826109121766,residential,10,autumn,1,2,95.22357824,190.44715648,0
4,2021-10-17,0.0079242992680417,0.0066868175440772,0.0044156412943294,0.0057629869779765,0.0052025440385288,0.0084259835111592,0.0225665884326659,0.0248960490856729,0.0238826613835078,0.0246294782014256,0.0251682628383347,0.0223786143405135,0.0243834732400929,0.0227246066516399,0.0200555970015972,0.0225872121640698,0.0241049320223226,0.0253051277213656,0.0281957205887286,0.0262449849242586,0.0238661811702366,0.0218657421523279,0.0184728093300173,0.0125198378919724,residential,10,autumn,1,2,95.22357824,190.44715648,0
4,2021-10-18,0.0089683434999292,0.006723156174734,0.0054710683483697,0.0058318542299154,0.0062173789257024,0.0096859126878354,0.0223844768204594,0.0247337880802601,0.0242011653032094,0.0246161911954903,0.0262619150917679,0.0222208517852715,0.0238980016546525,0.0226286846278928,0.0198417917496431,0.0227181958819629,0.0229178667595732,0.0253650399690799,0.0283356195411625,0.0263729968133821,0.0240768128942389,0.0219276732504459,0.0176077460014772,0.0119968771805744,residential,10,autumn,0,2,95.22357824,190.44715648,0
4,2021-10-19,0.0091786470200943,0.0079127705995954,0.0051471027229286,0.0056366692445341,0.0051527167675163,0.008880547713929,0.0223681407025622,0.0246295709035753,0.0238958053427469,0.0244492256319933,0.0247947043989272,0.0223793950357392,0.0239943968636689,0.0240526614990351,0.0208344353255484,0.0215957557797518,0.0232581814477614,0.0259515532989093,0.0285995709103491,0.0265415320381545,0.0233745196546129,0.0223896509975104,0.0189802124074741,0.0125382895162829,residential,10,autumn,0,2,95.22357824,190.44715648,0
4,2021-10-20,0.009327978391389,0.0069841092359973,0.0053785754121025,0.0060160206773014,0.0054457070621697,0.0098140543793854,0.0229572763691982,0.0254459205519174,0.0257375267481456,0.0261348980562159,0.0265248590117611,0.0230203689963103,0.0250435647869533,0.0248743795644443,0.0202426480486943,0.021867176616346,0.0233782620313279,0.0239202891986563,0.0276509775886805,0.027203309858583,0.0229369088211335,0.0204018366622455,0.0180104058761349,0.0115642850693421,residential,10,autumn,0,2,95.22357824,190.44715648,0
4,2021-10-21,0.0068936883957702,0.0056018339464669,0.003939237879094,0.0034312173808795,0.003889645749353,0.0077890776286636,0.0214795031885465,0.0251703366769852,0.0243802042635975,0.0261013811248358,0.0252390479133056,0.0222574548195183,0.0236654299137884,0.0219834488134155,0.0217591350017853,0.02052219595352,0.0218253976022559,0.0233907998188585,0.0262532199353746,0.0256804071296865,0.0222893791919806,0.0199456407963689,0.0175116746133008,0.0106929521844154,residential,10,autumn,0,2,95.22357824,190.44715648,0
4,2021-10-22,0.0064214584802897,0.0051647116715427,0.0032343060365071,0.0030217233179427,0.0034687223222248,0.0068158932406334,0.021000641549993,0.0236382768265482,0.0237350590378158,0.0250843772090296,0.0256013553292651,0.0231409733783223,0.0229296113924289,0.0215698678938716,0.0181645958432189,0.0201440379273922,0.0213348582302127,0.0223517873392347,0.0255488700776086,0.0238129333081378,0.021184035359672,0.019213327965251,0.0168195852602167,0.010175363817062,residential,10,autumn,0,2,95.22357824,190.44715648,0
4,2021-10-23,0.0059982261407663,0.0048139385296625,0.0029790789993528,0.0028289069026806,0.0033309535843262,0.0070928293595294,0.0208583058574785,0.0233908759498033,0.0231233300547582,0.0232613336497209,0.0249308965068116,0.0221864958613407,0.022423403579972,0.0199028711804885,0.0210894450117816,0.0198346001209607,0.0214172037024945,0.0238029815711824,0.0271275870704317,0.0252997762114736,0.0225137025191797,0.0209455108005068,0.0185870599535274,0.0116456272633908,residential,10,autumn,1,2,95.22357824,190.44715648,0
4,2021-10-24,0.0074562384532464,0.0062419603102558,0.0045482458326028,0.0052785879813016,0.0058341254548271,0.0093818292857421,0.0232726213361347,0.0257074009892617,0.0242071062766847,0.024416114502026,0.0247572929007799,0.022723458117381,0.023808434073066,0.0222916546961853,0.0192211498588032,0.0223815538504747,0.0239799898636288,0.0240884948135621,0.0285909510910879,0.0265293034915486,0.0229445695554435,0.0222700065598913,0.0187547243256703,0.0125395692439203,residential,10,autumn,1,2,95.22357824,190.44715648,0
4,2021-10-25,0.0077947428113987,0.0065830610279823,0.0046807656208355,0.0045474131297152,0.0049888926382108,0.0086184785006669,0.0213940544241414,0.024917944421207,0.0246944691669038,0.025015217542686,0.0264969944089649,0.0236589670402815,0.022554074432026,0.0215533332865549,0.0195733204614421,0.0206829076611354,0.0223121386791034,0.0248355912069307,0.0289948258724542,0.0267154330104833,0.0227015394945913,0.0212186029015894,0.0189185864667814,0.0119850273944965,residential,10,autumn,0,2,95.22357824,190.44715648,0
4,2021-10-26,0.007798047887649,0.0066227441101984,0.0051058989627992,0.0056375197341037,0.0056821441251679,0.0095118147831969,0.0232203294635408,0.0263776047835891,0.026170552076819,0.0260707705244583,0.026592877509504,0.0232791205191711,0.0228820361171805,0.0211999319989413,0.0190501153726316,0.0192174085993175,0.0223233254321252,0.0236559408124666,0.0277200579523377,0.0269934074864919,0.0230268678817981,0.020105028152088,0.0175845324445433,0.0109510109291397,residential,10,autumn,0,2,95.22357824,190.44715648,0
4,2021-10-27,0.0064102737849154,0.0051864449380648,0.0031709078231301,0.0040914088078384,0.0034899489973368,0.0074135363011335,0.0209349958064812,0.0234388296736167,0.0220029175257517,0.0222304618331164,0.0237047574940153,0.0204807121526912,0.0214770594312601,0.0198920472606039,0.0196320008534482,0.0199378494700837,0.0215662179040224,0.0235531590918027,0.0274102644028524,0.0254399181956076,0.0234470525958471,0.0209599248829954,0.0184810423880226,0.0117556269273514,residential,10,autumn,0,2,95.22357824,190.44715648,0
4,2021-10-28,0.0086541619752592,0.0062897366480852,0.0044987429905173,0.0054013696391962,0.0060004141651031,0.009469541679103,0.0236666784703929,0.0262763712070931,0.0246122015288724,0.0255352174046188,0.0269875909568827,0.0240357967943521,0.0215218266637559,0.0183404325797242,0.0176591660384796,0.0159865980222276,0.0155698511145815,0.0188923846634186,0.0212040324037758,0.0202673204732094,0.0179820888990435,0.0155722219121985,0.0130836744877753,0.006788294895017,residential,10,autumn,0,2,95.22357824,190.44715648,0
4,2021-10-29,0.0025840839528634,0.0017191214480378,0.0011200916602777,0.0010935384108469,0.0017042953270805,0.0061350167621834,0.0187523635484089,0.0202517889382916,0.019571572872126,0.0173231053913328,0.0170238880548191,0.0148140914611025,0.0162524733419049,0.0157610613669758,0.0108034123781707,0.0149615095573892,0.0158565909704907,0.0178803878857429,0.0220587735772377,0.0213604198793566,0.0176541169982397,0.0171180410865956,0.013982010302017,0.0073643499605049,residential,10,autumn,0,2,95.22357824,190.44715648,0
4,2021-10-30,0.0031783108105211,0.0017196039157845,0.00112021570967,0.0010936573620531,0.0017047659524061,0.006138186979718,0.0187634041236182,0.0202546042699324,0.0194705954719822,0.0173834382717164,0.0169806709919813,0.0149931458742597,0.0162703515849427,0.015987409772297,0.0135695467083049,0.0153115691891596,0.016120474762148,0.019197899435916,0.0223638977970465,0.02076383817312,0.0187560057894787,0.0164168766595934,0.014112535938187,0.0082598044026422,residential,10,autumn,1,2,95.22357824,190.44715648,0
4,2021-10-31,0.0043239759548248,0.0032277987766116,0.0011570883329187,0.0014518689893505,0.0020155211006046,0.0061413474750949,0.0192045450548679,0.0216447777339812,0.0199654560431213,0.0193588404353128,0.0188720591510443,0.0150409569761732,0.0167594699523525,0.0158180841438129,0.0142285295596037,0.0179428311402549,0.0186548973505339,0.0210602359201107,0.0234407592662527,0.0222304595174405,0.0202822190065588,0.0170544748908915,0.0143172932311161,0.0086560457234339,residential,10,autumn,1,2,95.22357824,190.44715648,0
4,2021-11-01,0.0035425799315858,0.0021107188937934,0.0011204629842373,0.0010938946578191,0.0017057048325259,0.0061445067395032,0.0187854294935734,0.0212487442532974,0.0214024640042637,0.0228143783353492,0.0230826015135698,0.0203077576591695,0.0196113065844684,0.0207899591041349,0.0181671751520945,0.0176041714996847,0.019300017954176,0.0222412215786568,0.0241922456344606,0.0246526603473367,0.0216824293285054,0.0204186346614478,0.0167907702566685,0.0107072735897828,residential,11,autumn,0,2,95.22357824,190.44715648,0
4,2021-11-02,0.0067978666158726,0.0056583883061939,0.003843455859815,0.004770134001612,0.0042716458989149,0.0078542990932143,0.0217927351219586,0.0244344407458795,0.023860845843975,0.0249238222265078,0.0251891601996931,0.020709763043449,0.0207433622051344,0.0195709193582384,0.0183352368210098,0.0187167639044528,0.0202841844994387,0.0231215464506467,0.0273646107280568,0.0265834960443056,0.022146201909888,0.0208250029939808,0.0173375570833173,0.0107102526521007,residential,11,autumn,0,2,95.22357824,190.44715648,0
4,2021-11-03,0.0061940322635073,0.0050050677181789,0.0036615953454177,0.0040063238056877,0.0045465229310969,0.0086317828134448,0.0220890646982166,0.0245761619999895,0.0237631917495147,0.0235291150520125,0.0242963100164906,0.0238765481670477,0.0228899477564161,0.0194471455483804,0.0170007409543757,0.0172472174168058,0.0190953179039235,0.0228083642066858,0.0262029405743066,0.024229500129751,0.0215780333936384,0.0195256596025108,0.0171130959219684,0.010390376874166,residential,11,autumn,0,2,95.22357824,190.44715648,0
4,2021-11-04,0.0070185430334606,0.0047567179867734,0.003117668842388,0.00378468260857,0.0032348190557173,0.0077344271897746,0.0207392382278313,0.0244532886288215,0.0243260025838158,0.0248660936172379,0.0253147791393405,0.0226987906944279,0.0211149633874,0.0198206578803201,0.021307787202616,0.0204861905089907,0.0219168648005144,0.0246021025376371,0.0264383047098219,0.0258142819971404,0.022688857197265,0.0211516099151676,0.0174767086991498,0.0113297503370592,residential,11,autumn,0,2,95.22357824,190.44715648,0
4,2021-11-05,0.0073640798885714,0.0061938507139488,0.0049155342153289,0.0052809508348219,0.0058593147061674,0.009295614344695,0.0223291367783006,0.0249705216793895,0.0255080343008801,0.0267416221804498,0.0259034187775681,0.0260711383824663,0.0233367300862555,0.0235058707732194,0.022521603242576,0.0210920373805576,0.0225975302645634,0.0255413409450843,0.0283759193123145,0.0262967935623251,0.023603845927411,0.0205438681568974,0.0193767611758725,0.0119267195614978,residential,11,autumn,0,2,95.22357824,190.44715648,0
4,2021-11-06,0.0068234996333164,0.0067000156138482,0.0035934687641719,0.0044947715302662,0.0050374473971984,0.008409306193559,0.0225733630210938,0.0250390391389178,0.0246594671961901,0.0267581993995084,0.0257404335577438,0.0246013520868021,0.023086819653258,0.0218272809479419,0.0227270680689387,0.0218742792345711,0.0219310224601129,0.0263489978920935,0.0280269749191147,0.0274220971669112,0.0249015540431217,0.0217805308406467,0.0194606537683415,0.013113514941388,residential,11,autumn,1,2,95.22357824,190.44715648,0
4,2021-11-07,0.009436710405359,0.0081936618915501,0.0057052529558621,0.0060134116285038,0.0065500810283612,0.0099864266730443,0.0241268390488965,0.0268210700968459,0.0263965564997855,0.0272966302988326,0.0262267153832228,0.0257378244240473,0.0234984245208657,0.0205285921993656,0.0225052754524554,0.0210675941220057,0.0224863814877789,0.0255125623669141,0.0285094518174112,0.0277417737838022,0.0235412458121159,0.0216631228062038,0.0180262659402745,0.0122292490432693,residential,11,autumn,1,2,95.22357824,190.44715648,0
4,2021-11-08,0.0030802803248257,0.0017238953264035,0.0011213187559126,0.0010947152502103,0.0017089511690583,0.0061663579536399,0.0188615924506401,0.0203695724474159,0.0196843295082135,0.0174219865670565,0.0159064615900038,0.0131323712938477,0.011583150835753,0.0104100555121436,0.0092670292465371,0.0104516868659349,0.0122965888995303,0.0160166824584348,0.0185425506713199,0.0177486405028744,0.0163704395447341,0.0135475347602363,0.0116287572734304,0.0068262757256372,residential,11,autumn,0,2,95.22357824,190.44715648,0
4,2021-11-09,0.0025948073232268,0.0017243634931369,0.0011214391946235,0.0010948307496725,0.0017094084343903,0.0061694362166974,0.0188723123775877,0.02038113222261,0.019695395597972,0.017431686801041,0.015915244171388,0.0131394346134231,0.0115892795223764,0.0104154885812965,0.0092717671875284,0.0104571001207312,0.0123029219845041,0.0160250760227936,0.0185524397551483,0.0177581088090394,0.0163791050921649,0.013554596431429,0.0116348859600537,0.0068296603720566,residential,11,autumn,0,2,95.22357824,190.44715648,0
4,2021-11-10,0.0025957606067603,0.0017248297852267,0.0011215592757389,0.0010949457189806,0.0017098632797617,0.0061724978346969,0.0188829825305277,0.020392638442689,0.0197064103611242,0.0174413420184714,0.0159239860326773,0.0131464651841931,0.0115953797935836,0.0104208964602365,0.0092764831619902,0.0104624883099062,0.0123092257074675,0.0160334306707191,0.0185622829733852,0.0177675332157726,0.0163877304621235,0.0135616253614591,0.0116409862312609,0.0068330299043444,residential,11,autumn,0,2,95.22357824,190.44715648,0
4,2021-11-11,0.0025967098847242,0.0017252938122362,0.0011216785716202,0.0010950601116751,0.0017103158716745,0.0061755419022368,0.0188935997497543,0.0204040877918349,0.0197173705373075,0.0174509493493927,0.0159326845868951,0.0131534609241208,0.011601449842837,0.0104262775474714,0.0092811757691147,0.0104678498341358,0.0123154982015442,0.0160417439280614,0.0185720774112741,0.0177769110110822,0.0163963131030109,0.0135686194687753,0.0116470562805144,0.0068363824500124,residential,11,autumn,0,2,95.22357824,190.44715648,0
4,2021-11-12,0.0025976542004637,0.0017257553914111,0.0011217972389815,0.001095173902501,0.001710766076428,0.0061785746563109,0.0189041610532301,0.020415476602124,0.0197282728772191,0.0174605060522591,0.015941337254659,0.013160419761484,0.0116074878725492,0.011441649663431,0.0102577327397583,0.011230396543782,0.0124064625038428,0.0160500133329281,0.0185818201685163,0.0180465556073783,0.0164048504649921,0.0135755766821392,0.0116530943102266,0.0068397170198883,residential,11,autumn,0,2,95.22357824,190.44715648,0
4,2021-11-13,0.0025985932288707,0.0017262143861093,0.0011219152412373,0.00109528705486,0.0017112137614385,0.0061815880603854,0.018914658808558,0.0204177121539519,0.019626739695745,0.0173576347405314,0.0158375670120297,0.0130549651748535,0.0123659295521374,0.0121547856310244,0.010685178896694,0.0118629778596056,0.0135894545232198,0.016049146844326,0.0191918400325252,0.0177955151998453,0.0164133400279754,0.0135824949412379,0.0116590985322921,0.0068430335001797,residential,11,autumn,1,2,95.22357824,190.44715648,0
4,2021-11-14,0.0025995266919277,0.0017266706603683,0.0011220325445907,0.0010953995375339,0.0017116587900151,0.0061845812163612,0.0189251029353594,0.0204289702772653,0.0196375165666976,0.0173670815479823,0.0158461202368072,0.0130618440362453,0.0125260646051359,0.0125437693115887,0.0104831563720382,0.0128103319930296,0.0136331539525361,0.0167504554173723,0.0193159757892708,0.0185660581022434,0.0164217792751346,0.0135893721972944,0.0116650671686176,0.006846330029409,residential,11,autumn,1,2,95.22357824,190.44715648,0
4,2021-11-15,0.0026004550761749,0.0017271241272293,0.0011221491131526,0.0010955113149153,0.0017121010353587,0.0061875580038121,0.0189354774208596,0.0204492476614089,0.019760600708882,0.0174888436594738,0.0159669943938912,0.0131810543085497,0.0116253920139704,0.0110950263449508,0.0094696014145482,0.0108652632204784,0.0129566694574122,0.0162930153471152,0.0192653174394183,0.0178138995759368,0.0164301657072664,0.0135962064136746,0.0116709984516478,0.0068496059282509,residential,11,autumn,0,2,95.22357824,190.44715648,0
4,2021-11-16,0.0026013759085367,0.001727574756846,0.0011222649232959,0.0010956223568204,0.0017125403640022,0.0061905175542989,0.0189457835363644,0.0204603616119935,0.0197712396179611,0.0174981694529259,0.0161916614764499,0.0138079888766183,0.0145321846617753,0.0138284985720755,0.0143053897107662,0.0135910284886694,0.0162857577666159,0.0180651739097544,0.0206770710474984,0.0199319196891575,0.0177020879269518,0.015636026696164,0.0124517083130136,0.0068528602247469,residential,11,autumn,0,2,95.22357824,190.44715648,0
4,2021-11-17,0.0026022916022956,0.0017280221108241,0.0011223799205265,0.0010957326276878,0.0017129766466714,0.0061934518169513,0.0189560137049958,0.0204713985086278,0.0197818047421812,0.0175074302096754,0.0187802815785469,0.0164631210344695,0.0170265640669224,0.0164945360318674,0.0126655415162659,0.0145501727142433,0.0163476332679639,0.0186867771812383,0.0206105998448348,0.0187832428417479,0.0170479624259664,0.0143388722200777,0.0116827419434314,0.0068560919552016,residential,11,autumn,0,2,95.22357824,190.44715648,0
4,2021-11-18,0.0026032003307993,0.0017284659130506,0.0011224940715594,0.0010958420964368,0.001713409753908,0.0061963670924545,0.0189661781469446,0.0204823551748992,0.0197922929531559,0.0175166241785434,0.0159921472181395,0.0132012832689461,0.0133127478238272,0.0134879556435762,0.011835157661004,0.0117992128205484,0.0136376545051515,0.0177772626410761,0.0198768504380424,0.018142882770026,0.0164549833636286,0.0137738878280215,0.0116885506744609,0.0068593001734996,residential,11,autumn,0,2,95.22357824,190.44715648,0
4,2021-11-19,0.0026041012157932,0.0017289067760608,0.0011226071789675,0.0010959507234669,0.0017138395574504,0.0061992601282576,0.0189762607113059,0.0204932282723856,0.019802701145289,0.0178434310708392,0.0179660596715224,0.016162878248954,0.0148802955025183,0.0144962134498269,0.0114097883150699,0.0127912799116158,0.0147617398240651,0.0175807816850042,0.0211550261822088,0.0204180833739418,0.0179683595944945,0.0160641966982704,0.0137564052863654,0.0072281945389274,residential,11,autumn,0,2,95.22357824,190.44715648,0
4,2021-11-20,0.0038932921738265,0.001729343668247,0.0011227198031684,0.0010960584961072,0.0017142659299728,0.006202130072749,0.0189862627753838,0.020494925019127,0.0206617090034519,0.0200167823611453,0.021534382536868,0.019053890586483,0.020028146208129,0.0202132751880646,0.0159072200073156,0.0156530549050416,0.0173748909163422,0.0201343572263017,0.0235586577592479,0.0228025429211161,0.0187695163636831,0.0162564875200143,0.0138487146435154,0.0077929120898991,residential,11,autumn,1,2,95.22357824,190.44715648,0
4,2021-11-21,0.0037729519350553,0.0025524212965742,0.0011228311942199,0.0011770779901361,0.0017146887452842,0.0062049784594038,0.0189961814318005,0.0205056212459152,0.0210730415443421,0.022371194507225,0.0224345426225041,0.0191037960399961,0.017444463448545,0.0159329133970899,0.0152636358897046,0.0149581574610643,0.0165815062933546,0.0215603527415158,0.0230606638449634,0.0222683221506627,0.0196622116150187,0.0166666010488172,0.0153279633234744,0.0080858110724283,residential,11,autumn,1,2,95.22357824,190.44715648,0
4,2021-11-22,0.0040177016295663,0.0027766474015819,0.0011229416713683,0.001717523596756,0.0017151075263997,0.0062077996583469,0.0190060054508961,0.0205253140701618,0.0198334147273451,0.017552670538128,0.0160247841839186,0.013227531307234,0.011665719081613,0.0104832521066445,0.0093308605313153,0.0105246169440142,0.0123819109003665,0.0161297640904733,0.0186757792817295,0.0178762015089019,0.0164871854472006,0.0136426725669239,0.0117113255192904,0.0068718781993283,residential,11,autumn,0,2,95.22357824,190.44715648,0
4,2021-11-23,0.0026076332437737,0.0017306329623979,0.0011230509621975,0.0010963762677066,0.0017155232050576,0.0062105952470321,0.0190157565283604,0.0205358210948751,0.0198434724586987,0.0175614864149392,0.0160327665084039,0.0132339510398294,0.0116712893420553,0.0104881901320393,0.0093351667350486,0.0105295369888749,0.0123876669360091,0.0161373928602883,0.0186847668987269,0.0178848070900805,0.0164950614178663,0.0136490908013873,0.0117168957797327,0.0068749553780758,residential,11,autumn,0,2,95.22357824,190.44715648,0
4,2021-11-24,0.0026084963118354,0.0017310545038243,0.0011231593905174,0.0010964802486615,0.0017159345991067,0.0062133643764271,0.0190254072265749,0.0205462287126755,0.0198534348340744,0.0175702191618518,0.016040673356247,0.0132403100345912,0.0116768069006501,0.0104930814373455,0.0093394321859707,0.0105344104844559,0.0123933685121312,0.0161449494521024,0.0186936699028825,0.017893331359328,0.0165028628751796,0.0136554483110753,0.0117224133383275,0.006878002743433,residential,11,autumn,0,2,95.22357824,190.44715648,0
4,2021-11-25,0.0026093516393622,0.0017314721881729,0.0011232669533395,0.001096583214068,0.0017163419463301,0.0062161062434671,0.0190349584719677,0.0205565340148335,0.019863299090667,0.0175788661877223,0.0160485023344922,0.0132466064061859,0.0116822701234247,0.0104979245740494,0.0093436556287667,0.0105392359868211,0.012399013940265,0.0161524316281024,0.0187024850038309,0.0179017715813379,0.0165105875018945,0.0136617432132717,0.011727876561102,0.006881020113576,residential,11,autumn,0,2,95.22357824,190.44715648,0
4,2021-11-26,0.0026101975028058,0.0017318858679101,0.0011233730402137,0.0010966851097844,0.001716745119569,0.0062188200067795,0.0190444206360651,0.0205667336987033,0.019873062095336,0.0175874243473498,0.0160562511041088,0.0132528382910638,0.0116876773924973,0.0105027181079018,0.0093478358127888,0.0105440120669439,0.0124046015485705,0.0161598371725128,0.0187112098095166,0.0179101253595607,0.0165182330138673,0.0136679736438008,0.0117332838301747,0.0068840065753577,residential,11,autumn,0,2,95.22357824,190.44715648,0
4,2021-11-27,0.0026110343799272,0.0017322947579267,0.0011234781793306,0.0010967859267261,0.001717143780961,0.0062215048851042,0.0190537777175573,0.0205677350406205,0.0197703468987037,0.0174835169901358,0.0159515429351267,0.0131466293830758,0.0115931573701722,0.0107445555474151,0.0092395970395657,0.0116877403767211,0.0127183282407905,0.0161580743001645,0.0187198417365471,0.0179183901141958,0.0165257971433001,0.0136741377575796,0.0117386335442339,0.0068869612545823,residential,11,autumn,1,2,95.22357824,190.44715648,0
4,2021-11-28,0.0026118620227723,0.0017326989465739,0.0011235821473247,0.0010968856310075,0.0017175382535927,0.0062241600986562,0.0190630313284694,0.0205777146319076,0.0197798993757945,0.0174918903982639,0.0159591244785172,0.013152726777623,0.0123247387798656,0.0114038441156362,0.0099579132938392,0.0122765600292623,0.0141086361719183,0.0169764634415799,0.0199175247179058,0.0183624581558767,0.0165332776573968,0.0136802337291643,0.0117439241190125,0.0068898832661221,residential,11,autumn,1,2,95.22357824,190.44715648,0
4,2021-11-29,0.0026126799794921,0.0017330989952161,0.0011236849405836,0.0010969841900403,0.0017179284194943,0.0062267848286854,0.0190721787820514,0.020596669336201,0.0199017166859441,0.0176125422179549,0.016078993495983,0.0138134878648541,0.0138925094833462,0.0138698529344452,0.0127242245963317,0.014374063575075,0.015987666401189,0.0180082582664913,0.0205518109283818,0.018140252555956,0.0168013557755618,0.0136862597532905,0.011749153987757,0.0068927717480878,residential,11,autumn,0,2,95.22357824,190.44715648,0
4,2021-11-30,0.0026134886258852,0.0017334937837189,0.0011237864906755,0.0010970815771308,0.0017183137235528,0.0062293745264704,0.0190812172621301,0.020606417248148,0.0199110473507566,0.0176207210846721,0.0160969840979386,0.0134674645422866,0.0131913187366923,0.0129621337583197,0.0098811726322957,0.0115501819932474,0.0125770165667065,0.0161886495266177,0.0187451544154877,0.0179426269522467,0.0165479789968856,0.0136922140454082,0.0117543216016911,0.0068956258684224,residential,11,autumn,0,2,95.22357824,190.44715648,0
4,2021-12-01,0.0026142863845422,0.0017338838983398,0.0011238867973323,0.0010971777613366,0.0017186942695207,0.0062319397897407,0.0190901442738505,0.0206160444680105,0.0199202626028805,0.017628798607527,0.0160937127280823,0.0132829665205655,0.012042152210719,0.0114044052216021,0.0095969440867841,0.0107749193476724,0.0127283119900081,0.0161956394933115,0.0187533897244081,0.0179505118285367,0.0165551954609938,0.0136980948422104,0.0117594254304751,0.0068984447120793,residential,12,winter,0,2,95.22357824,190.44715648,0
4,2021-12-02,0.0026150751833896,0.0017342693687092,0.0011239858302233,0.0010972727153142,0.0017190699510941,0.0062344684906053,0.019098957010418,0.0206255487476747,0.0199293599501294,0.0176367734075414,0.016100933101085,0.0132887734356825,0.0117188575249809,0.0105303592366447,0.0093719400910519,0.0105715525520491,0.012436821577737,0.0162025400328158,0.0187615197410724,0.0179582959415023,0.0165623196039462,0.0137039004021547,0.0117644639626583,0.0069012275404446,residential,12,winter,0,2,95.22357824,190.44715648,0
4,2021-12-03,0.0026158525210264,0.0017346493862127,0.0011240835409837,0.0010973664096642,0.0017194404296923,0.0062369636629622,0.0191076529170468,0.0206349270700821,0.0199383366939261,0.0176446421898074,0.016108057765512,0.0132945033767164,0.0117238292684498,0.0105347666778694,0.0093757835425522,0.0105759439332776,0.0124419591346961,0.016209349101601,0.018769541738055,0.0179659768676499,0.016569349312184,0.0137096290059794,0.0117694357061271,0.0069039734536008,residential,12,winter,0,2,95.22357824,190.44715648,0
4,2021-12-04,0.0026166197124856,0.0017350242323168,0.0011241799101738,0.0010974588182925,0.0017198062639377,0.0062394245893321,0.0191162294190087,0.020635087064728,0.0198348157157736,0.0175400284650913,0.0160027101176556,0.0131877801861638,0.0116288630144852,0.0104267391451669,0.0092671998092778,0.0104679005850017,0.0123346516942091,0.0162069750911385,0.0187774535847218,0.0179735523362091,0.0165762825039257,0.013715278957213,0.0117743391885469,0.0069066816386967,residential,12,winter,1,2,95.22357824,190.44715648,0
4,2021-12-05,0.0026173760301514,0.001735393500306,0.0011242748997866,0.001097549914366,0.0017201664523299,0.0062418505125651,0.019124683976941,0.0206442054021178,0.0198435433214439,0.0175476785551548,0.0160096370310051,0.0131933511117258,0.011633696783736,0.0104310242725071,0.0092709366352551,0.0104721701093788,0.0123396466757515,0.0162135951968473,0.0187852529384689,0.0179810201037764,0.0165831171259722,0.0137208485826757,0.0117791729577977,0.0069093513739601,residential,12,winter,1,2,95.22357824,190.44715648,0
4,2021-12-06,0.0026181212059622,0.0017357575795792,0.0011243685006582,0.0010976396684995,0.0017205217772954,0.0062442407427649,0.0191330141032961,0.0206622789324581,0.0199645169153174,0.0176675911023869,0.0161288364985907,0.0133112145036257,0.0117383291447272,0.0105476207908899,0.0093869932764923,0.0105887512451684,0.012456942600177,0.0162292074582456,0.0187929372375583,0.0179883780739729,0.0165898511584268,0.0137263362329758,0.0117839355824045,0.0069119817587217,residential,12,winter,0,2,95.22357824,190.44715648,0
4,2021-12-07,0.0026188557847526,0.0017361161617266,0.0011244606756021,0.0010977280550508,0.0017208714771537,0.0062465945508278,0.0191412172845842,0.0206711257953943,0.0199729850296024,0.0176750140407865,0.0161355575010024,0.0133166198150971,0.0117430192142839,0.0105517785287218,0.0093906186193306,0.0105928938539311,0.0124617890898047,0.016235630759532,0.0188005047100995,0.0179956237182916,0.0165964825947354,0.0137317402829976,0.0117886256519613,0.0069145721277958,residential,12,winter,0,2,95.22357824,190.44715648,0
4,2021-12-08,0.0026195773702758,0.0017364692438873,0.0011245515998478,0.0010978150545294,0.0017212154398462,0.0062489112397519,0.0191492911390854,0.020679833429689,0.0199813196299154,0.0176823199427714,0.0161421725214339,0.0133219399060439,0.0117476353398709,0.0105558707153637,0.0093941871698999,0.0105969711405177,0.012466559168993,0.0162419527905941,0.0188079531199892,0.0180027552488348,0.016603009483395,0.0137370591323829,0.0117932417775483,0.0069171215968164,residential,12,winter,0,2,95.22357824,190.44715648,0
4,2021-12-09,0.0026202884205938,0.0017368161644074,0.0011246406389055,0.0010979006225723,0.0017215542299151,0.0062511877168394,0.0191572332058378,0.0206883990240366,0.0199895182425522,0.01768950634053,0.0161486796224735,0.0133271732009715,0.0117521761544662,0.0105598961389533,0.0093976974780767,0.010600981907421,0.0124712514254733,0.0162481716792222,0.0188152797525364,0.0180097705493774,0.01660942989167,0.0137422912060049,0.0117977825921436,0.0069196295001468,residential,12,winter,0,2,95.22357824,190.44715648,0
4,2021-12-10,0.0026209871994842,0.0017371574299274,0.0011247283745254,0.0010979847509832,0.0017218870829422,0.0062534305702907,0.0191650412976846,0.0206968200406702,0.0199975784401017,0.0176965720416813,0.0161550769310025,0.0133323181500892,0.0117566403133506,0.0105638536073996,0.0094011485655724,0.010604924966056,0.0124758644696781,0.0162542855837514,0.0188224826924054,0.0180166671766509,0.0166157419054615,0.0137474349544344,0.011802246751028,0.0069220950977212,residential,12,winter,0,2,95.22357824,190.44715648,0
4,2021-12-11,0.0026216728669139,0.0017374926799847,0.0011248147699621,0.0010980674182049,0.0017222139005612,0.0062556318522884,0.0191727129385077,0.0206960046471207,0.0198931397711791,0.0175911391877782,0.0160489879779652,0.0132249987691335,0.0116611567581215,0.0104553674881,0.0092921648886828,0.0104964246820966,0.0123680224746273,0.0162512031015194,0.0188295595472082,0.0180234434538555,0.0166219436682822,0.0137524888543991,0.0118066329321832,0.0069245172521269,residential,12,winter,1,2,95.22357824,190.44715648,0
4,2021-12-12,0.0026223475856219,0.0017378219698372,0.0011248992210277,0.00109814857764,0.0017225352500434,0.0062577909282048,0.0191802458568473,0.0207041290714091,0.0199009118738051,0.0175979559693104,0.0160551598208642,0.0132299624803683,0.0116654636626214,0.0104591855508304,0.0092954943850159,0.0105002288497092,0.0123724730200512,0.0162571016377522,0.018836509000733,0.0180300972639693,0.0166280333392864,0.0137574514092344,0.0118109398366831,0.0069268962738343,residential,12,winter,1,2,95.22357824,190.44715648,0
4,2021-12-13,0.0026230090039106,0.0017381450535061,0.0011249822829544,0.0010982282250079,0.0017228503719353,0.0062599144337394,0.0191876379869333,0.020721190893276,0.0200209500698359,0.0177170191021649,0.016173590748099,0.0133472078177816,0.0117695597514014,0.0105753066649077,0.0094111360686698,0.0106163363218517,0.0124892147872571,0.0162719794456541,0.0188433279538125,0.0180366266190758,0.0166340091150756,0.0137623211493266,0.0118151661890787,0.006929230530138,residential,12,winter,0,2,95.22357824,190.44715648,0
4,2021-12-14,0.0026236569216321,0.0017384620868569,0.0011250637451054,0.001098306331582,0.0017231593938124,0.0062619944508167,0.0191948869756072,0.0207290090887135,0.0200284654882566,0.0177235789058578,0.0161795300766547,0.013351984417764,0.0117737043000986,0.0105789807995247,0.0094143400509126,0.0106199970735353,0.0124934975616984,0.0162776556269253,0.0188500154345455,0.0180430296031951,0.0166398692259806,0.0137670966325484,0.0118193107377759,0.0069315195356968,residential,12,winter,0,2,95.22357824,190.44715648,0
4,2021-12-15,0.0026242933014652,0.0017387723664269,0.0011251435584981,0.0010983828729705,0.0017234620047623,0.0062640327887935,0.0192019907314984,0.020736670674438,0.0200358303716639,0.0177300066945667,0.0161853503318264,0.0133566653222944,0.0117777658177284,0.0105825813272568,0.009417479843647,0.0106235844964374,0.0124976945362299,0.0162832180927056,0.0188565686755987,0.0180493044377074,0.016645611941097,0.0137717764446857,0.0118233722554058,0.0069337627534212,residential,12,winter,0,2,95.22357824,190.44715648,0
4,2021-12-16,0.0026249157922657,0.0017390767325168,0.0011252217339444,0.0010984578264562,0.0017237587769544,0.0062660288655486,0.0192089471513817,0.0207441733804145,0.0200430425223511,0.0177363014611517,0.0161910498292625,0.0133612491450465,0.011781743101511,0.0105861071818419,0.0094205596309906,0.0106270975131732,0.0125018044674352,0.0162886651957236,0.0188629859991733,0.0180554488763035,0.0166512355462393,0.0137763591998564,0.0118273495391884,0.00693595941232,residential,12,winter,0,2,95.22357824,190.44715648,0
4,2021-12-17,0.0026255242476579,0.0017393738757287,0.0011252982126332,0.0010985311712529,0.0017240489573978,0.0062679820685982,0.0192157541756647,0.0207515149836661,0.0200500998086788,0.0177424610423672,0.016196626990746,0.0133657345328374,0.0117856349736114,0.0105895573191315,0.0094235635089506,0.0106305350880374,0.012505826138371,0.0162939953228713,0.0188692655052532,0.018061461491871,0.016656738389565,0.0137808435409209,0.0118312414112888,0.006938108897503,residential,12,winter,0,2,95.22357824,190.44715648,0
4,2021-12-18,0.002626119880736,0.0017396647724765,0.0011253729986563,0.0010986028842304,0.0017243326876932,0.0062698918267489,0.0192224097889924,0.0207496037168471,0.019944625679034,0.017636109159681,0.0160897056426538,0.0132577456946099,0.0116895705451042,0.0104805562567646,0.0093141325839402,0.0105215217427945,0.0123973838974222,0.0162901173035946,0.0188754053346323,0.018067340372983,0.016662118836947,0.0137852281398842,0.0118350467191658,0.0069402105724688,residential,12,winter,1,2,95.22357824,190.44715648,0
4,2021-12-19,0.0026267018120477,0.0017399489656505,0.0011254460617533,0.0010986729435179,0.0017246098774744,0.0062717575745219,0.0192289120208442,0.0207566166275219,0.0199513670102011,0.0176419929337983,0.0160950330913528,0.0132620302528745,0.0116932881618521,0.0104838519170124,0.0093170082874817,0.0105248054032181,0.0124012255013702,0.0162952087787104,0.0188814036694647,0.0180730837786645,0.0166673752950168,0.0137895116982888,0.0118387643359138,0.0069422638148738,residential,12,winter,1,2,95.22357824,190.44715648,0
4,2021-12-20,0.0026272698692671,0.0017402263710914,0.0011255173802564,0.0010987413307362,0.001724880444772,0.0062735787594738,0.0192352589461331,0.0207725516669358,0.0200703218047901,0.0177601106401107,0.0162126077591751,0.0133785869388,0.0117967867229182,0.0105994433238963,0.0094321897679626,0.0106403850944514,0.0125173498124981,0.0163092682404265,0.0188872587338024,0.0180786837271977,0.0166725062118293,0.0137936929475994,0.0118423931605956,0.0069442680167171,residential,12,winter,0,2,95.22357824,190.44715648,0
4,2021-12-21,0.002627823884177,0.0017404969066466,0.0011255869321191,0.0010988080245706,0.0017251443155935,0.006275354842349,0.0192414487100943,0.020779227593479,0.0200767391918298,0.0177657116511118,0.0162176791848574,0.0133826655925887,0.0118003256808918,0.0106025806034769,0.0094349272728394,0.0106435109533195,0.012521006799239,0.0163141150327884,0.0188929687941208,0.0180841477473916,0.0166775100585391,0.0137977706495786,0.0118459321185692,0.0069462225438945,residential,12,winter,0,2,95.22357824,190.44715648,0
4,2021-12-22,0.0026283637071727,0.0017407604922116,0.0011256546972059,0.0010988730050172,0.0017254014056328,0.0062770852972478,0.0192474794070059,0.0207857320308791,0.0200829917305239,0.01777116903955,0.0162226204330712,0.0133866394693959,0.0118037737241283,0.0106056372873143,0.0094375944520616,0.0106465565063557,0.0125245698390309,0.0163188373125518,0.0188985317036937,0.0180894705440327,0.0166823853579727,0.0138017435966537,0.0118493801618057,0.0069481268982224,residential,12,winter,0,2,95.22357824,190.44715648,0
4,2021-12-23,0.0026288891494823,0.0017410170497195,0.0011257206550559,0.001098936251851,0.0017256516407854,0.0062787696118145,0.0192533493245605,0.0207920630518606,0.0200890775682733,0.0177764806456347,0.0162274298058744,0.0133905073876809,0.0118071298315224,0.0106086124702005,0.0094401911206701,0.0106495208574335,0.0125280378768614,0.0163234336812582,0.0189039471837837,0.0180946524393911,0.0166871306612251,0.0138056106122685,0.0118527362691997,0.0069499805177507,residential,12,winter,0,2,95.22357824,190.44715648,0
4,2021-12-24,0.0026294000555436,0.0017412667561812,0.0011257847965645,0.0010989977487078,0.00172589463691,0.006280407280113,0.0192590567004845,0.0207982187805204,0.0200949946492702,0.0177816451261264,0.0162321060681087,0.0133942682043365,0.0118103930091946,0.0106115052710632,0.0094427146951629,0.010652403125515,0.0125314098856217,0.0163279027777367,0.0189092122627487,0.0180996875587758,0.0166917445728285,0.0138093705512594,0.0118559994468719,0.006951782411458,residential,12,winter,0,2,95.22357824,190.44715648,0
4,2021-12-25,0.0026298967956224,0.0017415091506425,0.0011258470831102,0.00109905747513,0.0017261312521908,0.0062819978388023,0.0192645953347611,0.0207951080770176,0.0199883675260218,0.0176742866244662,0.0161242732407758,0.0132855463449968,0.0117136925544014,0.0105019403725913,0.0093327917820948,0.0105428279980546,0.0124223104061247,0.0163231536864192,0.0189143255613171,0.0181045779134047,0.016696225725675,0.0138130223001396,0.0118591687284631,0.0069535331732146,residential,12,winter,1,2,95.22357824,190.44715648,0
4,2021-12-26,0.0026303784288196,0.0017417438531554,0.0011259074966268,0.0010991154153292,0.0017263604882736,0.0062835407953667,0.0192699771170784,0.0208009075253625,0.019993942633156,0.017679152185759,0.0161286789971024,0.0132890896492498,0.0117167670013589,0.0105046658640307,0.0093351699718339,0.0105455435665883,0.0124254873897747,0.0163273643060823,0.0189192863952584,0.0181093218168165,0.016700572785344,0.0138165647774838,0.0118622431754205,0.0069552311357865,residential,12,winter,1,2,95.22357824,190.44715648,0
4,2021-12-27,0.0026308449087695,0.0017419715598533,0.0011259660376654,0.0010991715504793,0.0017265825817262,0.006285035700141,0.0192751869246215,0.0208156162357088,0.0201117183445589,0.0177962411780672,0.0162453220723461,0.0134048970677795,0.0118196154395985,0.010619680938253,0.0094498485601015,0.0106605490269262,0.012540939895738,0.0163405333897908,0.0189240922017591,0.0181139179715336,0.0167047844623469,0.0138199969340946,0.0118652218772759,0.0069568762705643,residential,12,winter,0,2,95.22357824,190.44715648,0
4,2021-12-28,0.0026312955732624,0.0017421918314023,0.001126022679645,0.0010992258643032,0.0017267974723911,0.0062864796629553,0.0192802276863033,0.020821053413562,0.0201169448971724,0.0178008025392334,0.0162494521542146,0.0134082186626767,0.0118224975142375,0.0106222358919942,0.0094520779432811,0.0106630946786513,0.0125439180912094,0.0163444805452672,0.0189287426277102,0.0181183649184727,0.016708859518529,0.01382331775395,0.0118681039519148,0.0069584680377983,residential,12,winter,0,2,95.22357824,190.44715648,0
4,2021-12-29,0.0026317324016327,0.0017424047479581,0.0011260774054777,0.0010992783417231,0.001727005094789,0.006287879598074,0.0192850980265377,0.0208263060473043,0.0201219944177262,0.0178052096086325,0.0162534425690536,0.0134114279109181,0.0118252821081609,0.0106247044292647,0.0094542319217974,0.0106655542285288,0.0125467955548602,0.0163482941956862,0.0189332350373287,0.018122661675049,0.016712796749578,0.0138265262532421,0.0118708885458382,0.0069600059661419,residential,12,winter,0,2,95.22357824,190.44715648,0
4,2021-12-30,0.0026321524686813,0.0017426100526243,0.0011261303945558,0.0010993289734058,0.0017272053874109,0.006289227749183,0.0192897918642177,0.0208313738639282,0.0201268656989214,0.0178094611005392,0.0162572920575311,0.0134145238621154,0.0118279683967376,0.0106270858190304,0.0094563098577701,0.0106679269481861,0.0125495714345567,0.0163519732116714,0.0189375697622137,0.0181268065084442,0.0167165949679281,0.0138296214817232,0.011873574834415,0.0069614892815991,residential,12,winter,0,2,95.22357824,190.44715648,0
4,2021-12-31,0.002632558222074,0.001742808131795,0.0011261812502661,0.0010993777293006,0.0017273980664617,0.0062905261574302,0.0192943214145065,0.0208362541585226,0.0201315572608671,0.0178135554832755,0.016260999558069,0.0134175055994318,0.0118305555844488,0.0106293793560654,0.0094583111358383,0.0106702121349649,0.0125522449082486,0.0163555165037169,0.0189417438397316,0.0181307985429379,0.0167202530812241,0.013832602523392,0.0118761620221261,0.0069629185006212,residential,12,winter,0,2,95.22357824,190.44715648,0
5,2021-01-01,0.002214288163996,0.0013856443739238,0.0008086837342041,0.0007880654202664,0.0013689572995698,0.0056562945501719,0.0179641872852241,0.0193715145981108,0.0196561973688776,0.0222023790792395,0.0245968795435301,0.022527976776659,0.0215838274551174,0.0212330599752571,0.0239848631392104,0.0230485918345882,0.0223690101953583,0.0195849114863509,0.0188174245298252,0.0166275773121217,0.0154235694318014,0.0125854760003642,0.0108362441763927,0.0062573840922433,residential,1,winter,0,3,119.1753794,357.5261382,0
5,2021-01-02,0.0022146239871041,0.0013858174462982,0.0008087280948645,0.0007881080499162,0.0013691261206204,0.0056574267513582,0.0179681417278921,0.0193757829873367,0.021047677294187,0.0230961006613361,0.0249053752609538,0.0224951997186752,0.019865445454213,0.0170044192427204,0.0162666312800171,0.0144728312786731,0.0151181556893634,0.0164216831817183,0.0188234437723627,0.0168404274230377,0.0152763971330501,0.0126263980037424,0.0108385067522979,0.0062586342414247,residential,1,winter,1,3,119.1753794,357.5261382,0
5,2021-01-03,0.0022149633318134,0.0013859828296449,0.0008087707390476,0.0007881488669824,0.0013692872981991,0.005658515419594,0.0179719274950852,0.0193798685503108,0.0186301736221322,0.016432912189162,0.0149543050241241,0.0122398481309551,0.0107436886423168,0.0096026502452369,0.0096539685197911,0.0115063411259292,0.0117446359517508,0.0148972970201409,0.0173469298601572,0.0166021368724982,0.0152794595877319,0.0125905790409453,0.0108406727583551,0.0062598310771516,residential,1,winter,1,3,119.1753794,357.5261382,0
5,2021-01-04,0.0022152888375738,0.0013861413809486,0.0008088116831311,0.0007881878593826,0.0013694414557286,0.005659550432917,0.017975538712414,0.0193898310755374,0.0187088414354041,0.0165111024489913,0.0150321858899475,0.0123171488875842,0.0108123372613381,0.0096794005046138,0.0103971022836702,0.010685023880907,0.0117482709745784,0.0149061892678414,0.017350266502465,0.0166053287188877,0.015282384610791,0.0125929629063009,0.0108427415531221,0.0062609738780288,residential,1,winter,0,3,119.1753794,357.5261382,0
5,2021-01-05,0.0022155983296442,0.001386292217934,0.0008088503012708,0.0007882249939055,0.0013695885477099,0.0056605413089886,0.0179789881284264,0.0193935487576985,0.0187124157858948,0.0165142215367098,0.0150350102634544,0.0123194205872949,0.010814308232161,0.0096811477375967,0.0098698486089502,0.0120246773847838,0.0118018116570728,0.0149088878504459,0.0173534456996374,0.0166083695501066,0.0152851713152586,0.0125952340494498,0.010844712523945,0.0062620629452552,residential,1,winter,0,3,119.1753794,357.5261382,0
5,2021-01-06,0.0022158921895115,0.0013864353862081,0.0008088873715288,0.0007882602884431,0.0013697280829535,0.0056614779131426,0.0179822609042149,0.0193970815987853,0.0187158119506628,0.0165171849542228,0.0150376936040928,0.012321578864433,0.0108161807953554,0.0096828077338472,0.0085713433762767,0.0096990093954412,0.0113928641601264,0.0149114516968527,0.0173564665117208,0.016611258486772,0.0152878188837356,0.0125973917978145,0.0108465850871394,0.0062630979579426,residential,1,winter,0,3,119.1753794,357.5261382,0
5,2021-01-07,0.0022161710035831,0.0013865710550972,0.0008089221029155,0.0007882937036487,0.0013698602439615,0.0056623698047438,0.0179853608246107,0.019400427419096,0.018719028041841,0.0165199916582218,0.0150402351503916,0.0123236230798453,0.0108179543963795,0.0096843800017731,0.0085727153127616,0.0097005756534239,0.0113946965250398,0.014913880047803,0.017359326997193,0.0166139948149291,0.0152903265321696,0.0125994355123981,0.0108483586881635,0.0062640779678838,residential,1,winter,0,3,119.1753794,357.5261382,0
5,2021-01-08,0.0022164340154749,0.0013866991138429,0.0008089552652925,0.0007883252585267,0.0013699849915967,0.0056632093468079,0.0179882868060685,0.0194035855643175,0.0187220640611055,0.0165226410087664,0.0150426341247255,0.0123255526281566,0.0108196285099981,0.0096858640757622,0.008574010292592,0.0097020540545882,0.0113964261062783,0.0149161721841637,0.0173620270675481,0.016616577618444,0.0152926935179443,0.0126013645879741,0.0108500328017821,0.0062650030551656,residential,1,winter,0,3,119.1753794,357.5261382,0
5,2021-01-09,0.0022166813586913,0.0013868195245263,0.0008089860685644,0.0007883549148275,0.0013701020648769,0.0056639987414205,0.0179910380376272,0.0194004955272005,0.0186500024627977,0.0164502156332259,0.0149699735178972,0.0122524506308614,0.0107546228161841,0.0096123432092318,0.0098198887177001,0.0101885078079392,0.0113231360845546,0.0149122676990823,0.0173645662894528,0.0166190061790078,0.0152949191359508,0.0126031784532649,0.0108516069322223,0.0062658724756937,residential,1,winter,1,3,119.1753794,357.5261382,0
5,2021-01-10,0.0022169123053395,0.0013869322029808,0.0008090150888487,0.0007883826854488,0.0013702121011875,0.0056647377764921,0.0179936137047855,0.0194032755710875,0.0186526750162296,0.0164525481197507,0.0149720852760785,0.0122541491648453,0.0107560964972821,0.0096136496031118,0.0085014515641203,0.0096298292542632,0.011324658592436,0.01491428541042,0.0173669441375602,0.0166212797144591,0.0152970027227748,0.0126048765706816,0.0108530806133204,0.0062666870837064,residential,1,winter,1,3,119.1753794,357.5261382,0
5,2021-01-11,0.0022171281371649,0.0013870372128272,0.0008090423180423,0.0007884085629883,0.0013703141717891,0.0056654262043426,0.017996013045019,0.0194119251352571,0.0187300809064119,0.0165296368688735,0.0150489687738924,0.0123306477271037,0.0108240491168755,0.009689782870526,0.00857742977182,0.009705957869886,0.0114009931790462,0.0149222247206508,0.0173691581767314,0.0166233975126545,0.0152989436899576,0.0126064584386323,0.0108544534086595,0.0062674456274326,residential,1,winter,0,3,119.1753794,357.5261382,0
5,2021-01-12,0.0022173288041127,0.0013871342691361,0.0008090673469302,0.0007884325228698,0.0013704091427275,0.0056660638500023,0.0179982353480055,0.0194143236750931,0.0187323867964375,0.0165316489747197,0.0150507908059865,0.0123725286019414,0.0121911924992133,0.0118979407840152,0.0099712501058163,0.0112188031495077,0.012205695762565,0.014923965617038,0.0173712089295004,0.0166253593324571,0.0153007414443532,0.0126079235873724,0.0108557249116994,0.0062681482007248,residential,1,winter,0,3,119.1753794,357.5261382,0
5,2021-01-13,0.0022175128547285,0.0013872237537599,0.0008090901885401,0.0007884545604494,0.0013704963136468,0.005666648041637,0.018000279900501,0.0194165307129986,0.0187345082951083,0.0165335002796604,0.0167432948022419,0.016266156744222,0.0163470586890204,0.015954190575179,0.018332750833532,0.0171188555039135,0.015822986461582,0.0149255673120899,0.0173730955645038,0.0166271641005997,0.0153023954425481,0.0126092715834417,0.0108568947458965,0.0062687942745099,residential,1,winter,0,3,119.1753794,357.5261382,0
5,2021-01-14,0.0022176809307018,0.0013873056887961,0.0008091114213242,0.0007884746900783,0.0013705758828321,0.0056671835351696,0.0180021462078658,0.0194185450434193,0.0187364448046986,0.0165351901536494,0.0153094689478669,0.0154069938044627,0.0156298813218895,0.0151020932091897,0.0163244930711504,0.0165581989705725,0.0174284553584721,0.0149270293314795,0.017374817961272,0.0166288115512652,0.0153039051991961,0.0126105020276441,0.0108579625648154,0.0062693846745087,residential,1,winter,0,3,119.1753794,357.5261382,0
5,2021-01-15,0.002217832967604,0.0013873792883153,0.0008091302297915,0.0007884928774411,0.0013706478267349,0.0056676701731366,0.0180038337176017,0.0194203664064485,0.0187381958190387,0.0165367182131395,0.0150553808479494,0.0123358051076141,0.0116737419497778,0.0098332808144094,0.0136346456494039,0.0119244431901668,0.0124883795684183,0.0153030502204313,0.0173763754481038,0.0166303010552552,0.0153052702624985,0.0126116145551058,0.0108589280522318,0.0062699181578574,residential,1,winter,0,3,119.1753794,357.5261382,0
5,2021-01-16,0.0022179689501218,0.001387445292193,0.0008091472211322,0.0007885091371235,0.0013707121240073,0.0056681028883217,0.0180053372716649,0.0194159341578721,0.0186648443439229,0.0164631673759058,0.0185586210631092,0.0170823746948094,0.0169519692956443,0.0155806911992238,0.0195265124215787,0.0204055015473478,0.0195994040233075,0.0190337649668063,0.0187832224994684,0.0169247411821113,0.0171311785063856,0.01261260883783,0.0108597909222256,0.0062703949395593,residential,1,winter,1,3,119.1753794,357.5261382,0
5,2021-01-17,0.0022180881270123,0.0013875036323708,0.0008091623924487,0.000788523466492,0.0013707685313586,0.005668481544498,0.0180066700669401,0.0194173675485724,0.0186662226041899,0.0164643699340759,0.0149827900244236,0.012262759283097,0.0107635668032279,0.0096202719055777,0.008507230082029,0.0096364262431923,0.0113323764085185,0.01492451348556,0.0173789937816256,0.0166328046672629,0.0153075648012519,0.0126134845799017,0.0108605509192661,0.0062708148784341,residential,1,winter,1,3,119.1753794,357.5261382,0
5,2021-01-18,0.0022181918542982,0.0013875536268843,0.000809175318719,0.0007885358448999,0.0013708177048829,0.0056688109755219,0.0180078181775247,0.0194246664977921,0.0187423302118805,0.0165403260224228,0.0150586477199078,0.0123384327182458,0.0108308035265034,0.0096957705427658,0.0085826545212855,0.0097119226544425,0.0114079713793545,0.0149314726162124,0.0173800533621126,0.0166338181204607,0.0153084935736538,0.0126142415224675,0.0108612078182874,0.0062711777982683,residential,1,winter,0,3,119.1753794,357.5261382,0
5,2021-01-19,0.0022182794199045,0.0013875959741317,0.0008091862204892,0.0007885462776061,0.0013708589572143,0.0056690910628579,0.0180087858113248,0.0194257114852351,0.0187433341142746,0.0165412019686501,0.0150594410190964,0.0123390707934712,0.010831357132971,0.0096962613057281,0.0085830827533968,0.0097124115414793,0.0114085433282051,0.0149322305943447,0.0173809456873041,0.0166346723372381,0.0153092763082363,0.0126148794413658,0.010861761424755,0.0062714836952014,residential,1,winter,0,3,119.1753794,357.5261382,0
5,2021-01-20,0.0022183507694002,0.0013876306616507,0.0008091950949636,0.000788554760676,0.0013708925004196,0.0056693143424062,0.0180095725158056,0.0194265606815853,0.0187441504715718,0.0165419145012725,0.0150600860611055,0.0123395896269017,0.0108318072829396,0.009696660356218,0.0085834309586342,0.0097128090666116,0.0114090083927811,0.0149328469235469,0.0173816721328175,0.0166353666939865,0.0153099127435579,0.0126153981471606,0.0108622115747236,0.0062717324269202,residential,1,winter,0,3,119.1753794,357.5261382,0
5,2021-01-21,0.002218405895911,0.0013876571728807,0.0008092017240163,0.0007885612843606,0.0013709183245657,0.0056694905997812,0.0180101782795026,0.0194272138329783,0.0187447792955207,0.0165424627409787,0.0150605825493508,0.0123399890619486,0.0108321538431016,0.0096969675760604,0.00858369903388,0.0097131151121161,0.0114093664353581,0.0149333214212988,0.0173822314270381,0.0166359013665353,0.0153104027510913,0.0126157974878096,0.0108625581348856,0.0062719239719069,residential,1,winter,0,3,119.1753794,357.5261382,0
5,2021-01-22,0.0022184447688658,0.0013876757490129,0.0008092065067942,0.000788565860249,0.0013709364219815,0.0056696123938811,0.018010602757003,0.0194276723529971,0.0187452194058954,0.0165428472309903,0.0150609307240346,0.0123402689891452,0.0108323967108264,0.009697182874275,0.0085838868997462,0.0097133295873603,0.0114096173499051,0.0149336539470824,0.0173826225288979,0.0166362762159387,0.0153107461249381,0.0126160773429557,0.0108628010026104,0.0062720581692381,residential,1,winter,0,3,119.1753794,357.5261382,0
5,2021-01-23,0.0022184674052375,0.0013876861368568,0.0008092094314247,0.0007885684888869,0.0013709467886417,0.0056696821519085,0.0180108458780076,0.0194218750399336,0.0186705554587034,0.0164681511216499,0.0149862136111204,0.0122655130067382,0.0107659559899369,0.0096223898800153,0.00850907819351,0.0096385361217412,0.0113348447550281,0.0149277846743654,0.0173828472555478,0.0166364907868691,0.0153109428148877,0.0126162376318305,0.0108629401059751,0.0062721349790312,residential,1,winter,1,3,119.1753794,357.5261382,0
5,2021-01-24,0.0022184738000551,0.0013876890904164,0.0008092101361933,0.0007885691540736,0.0013709494192064,0.0056696998531633,0.0180109075705403,0.0194219416283679,0.0186706194014884,0.0164682068241058,0.0149862643218175,0.0122655536932007,0.0107659912877474,0.0096224211709395,0.0085091054974828,0.0096385672930569,0.0113348812223443,0.0149278330028623,0.0173829035481628,0.0166365452901289,0.0153109927268451,0.0126162783053806,0.0108629754037856,0.0062721544829407,residential,1,winter,1,3,119.1753794,357.5261382,0
5,2021-01-25,0.0022184646150008,0.001387683897953,0.0008092085919559,0.0007885678556122,0.0013709443128967,0.0056696654784102,0.0180107878163249,0.0194278722594926,0.0187454114272094,0.0165430146187315,0.0150610824524146,0.0123403910276494,0.0108325025938047,0.0096972767377812,0.0085839688035786,0.0103691821512225,0.0114097267410543,0.0149337989182611,0.0173827928716401,0.0166364395814182,0.0153108958454492,0.0126161993520893,0.0108629068855887,0.0062721166752124,residential,1,winter,0,3,119.1753794,357.5261382,0
5,2021-01-26,0.0022184384644749,0.0013876707153775,0.0008092051985646,0.0007885646083589,0.0013709312472097,0.0056695790726462,0.0180104821004508,0.0194275472701816,0.018745098938832,0.0165427419262321,0.0150608355297143,0.0123401924222401,0.01120132456565,0.0109198399536518,0.0116421973540669,0.0131538745453952,0.0130905468653261,0.0149335629922273,0.0173825150854748,0.0166361737274183,0.0153106522232175,0.012616000795338,0.0108627345716754,0.0062720206933235,residential,1,winter,0,3,119.1753794,357.5261382,0
5,2021-01-27,0.0022183960882336,0.0013876496715743,0.0008091999579393,0.0007885594142258,0.0013709106780476,0.0056694406338709,0.0180100041632447,0.0194270265245458,0.0187445983000354,0.0165423049544723,0.0150604399427661,0.0123398742428762,0.0108320542212909,0.010577415049506,0.0110703338688274,0.0136435275305893,0.0132417482092761,0.0149331850226864,0.0173820697925544,0.0166357478398796,0.015310261908491,0.0126156826939273,0.0108624585130749,0.0062718685507439,residential,1,winter,0,3,119.1753794,357.5261382,0
5,2021-01-28,0.0022183374681533,0.0013876205539168,0.0008091924800676,0.0007885522583787,0.00137088260477,0.0056692502170559,0.0180093359465315,0.0194263100489693,0.0187439097074706,0.0165417040324494,0.0150598958087195,0.0123394365837832,0.0118896288017882,0.0117870398733906,0.0115205898548815,0.0140791362203558,0.014233726899419,0.0149326651215704,0.0173814573008387,0.0166351620118452,0.015309725032678,0.01261524514206,0.0108620787915394,0.0062716587345231,residential,1,winter,0,3,119.1753794,357.5261382,0
5,2021-01-29,0.0022182623962834,0.0013875835852001,0.0008091829629554,0.0007885431511242,0.001370846369603,0.0056690053954454,0.0180084912418965,0.0194253984795732,0.0187430332474029,0.0165409392382282,0.0152578768319776,0.0135037982396181,0.0148468564765128,0.0129829898543028,0.0141123542275091,0.014723283903928,0.0149641644133852,0.0149320034428431,0.0173806774975481,0.0166344164231024,0.0153090417443115,0.0126146882693128,0.0108615955195196,0.0062713917011751,residential,1,winter,0,3,119.1753794,357.5261382,0
5,2021-01-30,0.002218171363083,0.0013875387782695,0.0008091712147603,0.0007885320879305,0.0013708028779014,0.0056687136541039,0.0180074659153246,0.0194182319941565,0.0186670529791978,0.0164650944911491,0.0149834462907743,0.0154362780053547,0.0125322561821837,0.0127263560465462,0.0151482944516967,0.0145548726962556,0.0159326339748648,0.0161299127329967,0.0173797313227361,0.0166335113293234,0.0153082122535626,0.0126140122405985,0.0108610088401322,0.0062710678522811,residential,1,winter,1,3,119.1753794,357.5261382,0
5,2021-01-31,0.002218063686385,0.0013874856788232,0.000809157814161,0.0007885190946031,0.0013707514664775,0.005668365211547,0.0180062600489354,0.0194169304920962,0.0186658018121775,0.0164640026802549,0.0162363700380517,0.0155402554604393,0.0139717255029699,0.0136508105561154,0.0160691751352208,0.0171747513684376,0.0167078874189089,0.0168585756354896,0.0173786183503987,0.0166324469228581,0.0153072368034617,0.0126132172561165,0.0108603189271166,0.0062706866387215,residential,1,winter,1,3,119.1753794,357.5261382,0
5,2021-02-01,0.0022179410375195,0.0013874250236259,0.000809142199081,0.0007885041516158,0.0013706921577952,0.005667970019315,0.0180048787686899,0.0194214941211705,0.0187392801815783,0.0165376644624728,0.0150562376831195,0.0123364942721568,0.010829121693,0.0096942796252268,0.0085813535698801,0.0097104374358875,0.0114062338224519,0.0149291699100622,0.0173773397638603,0.0166312235769369,0.0153061156779358,0.0126123035512939,0.010859525984784,0.0062702484959646,residential,2,winter,0,3,119.1753794,357.5261382,0
5,2021-02-02,0.0022178015909296,0.0013873567607587,0.0008091243747566,0.0007884872653236,0.0013706256356621,0.0056675208291336,0.0180033132229025,0.0194198043403523,0.0187376556526356,0.0165362469273228,0.0150549541085554,0.0123354618646409,0.0108282259561728,0.011565529910035,0.0142607962886225,0.0121648732313794,0.0137765939516922,0.0149279434993047,0.0173758947988772,0.0166298416427437,0.0153048492238466,0.0126112713967157,0.0108586302479568,0.0062697535537494,residential,2,winter,0,3,119.1753794,357.5261382,0
5,2021-02-03,0.0022176453885525,0.0013872800989361,0.0008091049018114,0.0007884684608844,0.0013705512492534,0.0056670202149493,0.0180015684786645,0.0194179214811692,0.0187358453711751,0.0165346669944354,0.0150535236172499,0.0152205833384966,0.0159720110649465,0.015264659095744,0.0174007831336593,0.0152088135406781,0.0158381335344684,0.0149265767091995,0.0173742847438554,0.016628301532863,0.0153034377966282,0.0126101210980448,0.010857631981899,0.0062692019586338,residential,2,winter,0,3,119.1753794,357.5261382,0
5,2021-02-04,0.0022174738676243,0.0013871959179516,0.0008090832304007,0.0007884477219833,0.0013704692448253,0.0056664658708848,0.0179996449971701,0.0194158452437631,0.0187338498494602,0.0165329255061147,0.0150519466068582,0.012333042871208,0.0108261271904536,0.0096916250483271,0.0113658253067878,0.0112872839952228,0.0114031401044597,0.0149250699445088,0.0173725094706918,0.0166266037090544,0.0153018818288447,0.0126088529959312,0.0108565314822376,0.0062685935520292,residential,2,winter,0,3,119.1753794,357.5261382,0
5,2021-02-05,0.0022172870765136,0.0013871042440726,0.0008090595617899,0.0007884250633302,0.0013703796466951,0.0056658653441796,0.0179975435138434,0.0194135764357127,0.0187316692542617,0.0165310224878979,0.0150502234412683,0.0123316569987871,0.0108249247830912,0.0096905591341197,0.0085781071273321,0.0097067311662372,0.0114018978582991,0.0149234236514465,0.0173705704425099,0.0166247486055628,0.0153001817764192,0.0126074674659114,0.0108553290748752,0.006267929479762,residential,2,winter,0,3,119.1753794,357.5261382,0
5,2021-02-06,0.0022170829913458,0.0013870041974052,0.0008090336793127,0.0007884004845862,0.0013702824814003,0.005665211453377,0.0179952644848441,0.0194050568363147,0.0186543878743078,0.0164540427725476,0.0149734387082505,0.0122552377787389,0.010757040999855,0.0096144868889958,0.0085021821667317,0.009630663339649,0.0113256343887688,0.0149155785894886,0.0173684668499919,0.016622736875379,0.0152983381300631,0.0126059649178574,0.0108540251158933,0.0062672090232326,residential,2,winter,1,3,119.1753794,357.5261382,0
5,2021-02-07,0.002216863737466,0.001386896968406,0.0008090060187588,0.0007883740059141,0.0013701777776755,0.0056645067818991,0.0179928086402083,0.0194024064679322,0.0186518399967258,0.0164518189509047,0.0149714251788521,0.0122536182617166,0.0107556358754087,0.0096132412694518,0.0085010952585333,0.0096294224814454,0.0113241827089945,0.0149136547434612,0.0173662008627195,0.016620569065623,0.0152963514616498,0.0126043457976277,0.010852619991447,0.00626643261657,residential,2,winter,1,3,119.1753794,357.5261382,0
5,2021-02-08,0.0022166287152148,0.0013867815251631,0.0008089763549272,0.0007883456286814,0.0013700655665458,0.0056637516098495,0.0179901767069863,0.019405625579722,0.0187240250452674,0.0165243523145012,0.015044183630677,0.0123267989301906,0.0108207098258666,0.0096868226443662,0.0092467220283212,0.0115534422050074,0.0115787617308899,0.0149176526830928,0.0173637712382444,0.0166182458596942,0.0152942223623729,0.0126026105846666,0.0108511141176505,0.0062656001688095,residential,2,winter,0,3,119.1753794,357.5261382,0
5,2021-02-09,0.0022163786905931,0.001386659035988,0.0008089447351627,0.0007883153612919,0.0013699456572433,0.0056629461297899,0.0179873694643604,0.0194025956991797,0.0187211122272512,0.0165218102951004,0.0150418820079985,0.0123249476839775,0.0108274974814729,0.0120958683876188,0.0120492111458634,0.0124706631615753,0.0121986878871645,0.0149154535628465,0.0173611804620561,0.0166157678794813,0.0152919514321093,0.0126007597920051,0.0108495079404543,0.0062647129912756,residential,2,winter,0,3,119.1753794,357.5261382,0
5,2021-02-10,0.0022161123166597,0.0013865284671581,0.0008089113345517,0.0007882832199349,0.0013698185332466,0.0056620905946412,0.0179843832062579,0.0193993773605051,0.0187180183747892,0.0165191104838109,0.0150394373339798,0.0126843914155373,0.0109792843135671,0.0104605305951411,0.0129748090174856,0.0123518494398414,0.0126470131018617,0.014913117762029,0.0173584285088141,0.0166131358740147,0.015289539354053,0.012598793968163,0.0108478019355124,0.0062637703321226,residential,2,winter,0,3,119.1753794,357.5261382,0
5,2021-02-11,0.0022158296860975,0.0013863900692555,0.0008088757731228,0.0007882491989126,0.001369684232058,0.0056611828000362,0.017981232371615,0.0193899120624595,0.0186398280877764,0.0164413372521351,0.0149619340033461,0.0122459842886563,0.0107490124920038,0.0096073697497881,0.0084959718619952,0.0096235734054754,0.0113173398761394,0.0149045862443076,0.0173555175753521,0.0166103504654048,0.0152869868296421,0.0125967136949425,0.0108459966080421,0.0062627727915591,residential,2,winter,0,3,119.1753794,357.5261382,0
5,2021-02-12,0.0022155329725518,0.001386244719008,0.0008088382861848,0.0007882133166477,0.0013695421218209,0.0056602303654365,0.0179778999150454,0.0193863199343409,0.0186363749751993,0.0164383238241115,0.0149592054628432,0.0148546890545026,0.0128681724508115,0.0122380434490674,0.0171352859636723,0.0169333385183104,0.0172960998233038,0.0169678246554565,0.0173524451413245,0.0166074129826863,0.0152842946691443,0.0125945195894704,0.0108440924926739,0.0062617203448906,residential,2,winter,0,3,119.1753794,357.5261382,0
5,2021-02-13,0.0022152201739353,0.0013860912995704,0.0008087988456824,0.0007881755837612,0.0013693929162609,0.0056592237658255,0.0179744047394952,0.0193825428055406,0.0186327437295227,0.0164448652314498,0.0171485870604155,0.0169142738472742,0.0138976818917452,0.0142719044351042,0.0172633365370003,0.0172544780180615,0.0182300318254539,0.0179094147688559,0.01734921549916,0.0166043237911516,0.0152814636103061,0.0125922123004368,0.0108420901532936,0.0062606142645323,residential,2,winter,1,3,119.1753794,357.5261382,0
5,2021-02-14,0.0022148913823086,0.0013859306170727,0.0008087574922386,0.0007881360110772,0.0013692364356554,0.0056581731180327,0.0179707299702274,0.0193785813683081,0.0187672982953763,0.0194686691596907,0.0193754218289737,0.0203581747024371,0.0207128562770063,0.020333885924679,0.0173180032377621,0.0180990714318326,0.01954477787508,0.0188425698899709,0.02074314722306,0.0187302478259351,0.015851657868294,0.0142022815348199,0.0108399901828751,0.0062594539172356,residential,2,winter,1,3,119.1753794,357.5261382,0
5,2021-02-15,0.0022145480891924,0.0013857625625078,0.0008087142286326,0.0007880946107378,0.0013690729500508,0.0056570713720303,0.0179668901243724,0.019374436393454,0.0186249512181869,0.0164283551632441,0.0162942376131887,0.0156302334581353,0.0117474445025845,0.0102944823975674,0.0087784571145498,0.0097475339789279,0.0113088646718475,0.0148933544365788,0.017342285383827,0.0165976943074144,0.0152753882519503,0.0125872609389269,0.0108377932033047,0.006258239966883,residential,2,winter,0,3,119.1753794,357.5261382,0
5,2021-02-16,0.0022141903968687,0.001385587439019,0.0008086688821027,0.0007880513865147,0.0013689020604451,0.0056559212959736,0.0179628863881409,0.019370110428188,0.0186207922776372,0.0187667638900296,0.022879873469641,0.0221307692789639,0.0179239333550731,0.0157675780288284,0.0168537276165655,0.0175595905220547,0.0185133574807497,0.0207855313258061,0.0185597891082773,0.0165941563411287,0.0152721457737614,0.0125846183332984,0.010835499865197,0.0062569728196771,residential,2,winter,0,3,119.1753794,357.5261382,0
5,2021-02-17,0.0022138163039859,0.0013854043929026,0.0008086218270409,0.0007880063673746,0.0013687238176512,0.005654723230395,0.0179587108935634,0.019365603690334,0.0186164597923247,0.020913170411628,0.0228973622374463,0.022579051643422,0.0225355961444469,0.0204259178943093,0.0210657897892605,0.0225604144880364,0.0209060610713486,0.0234137029775342,0.0190115434635152,0.0165904705736971,0.0152687680042019,0.0130160726604502,0.0108331108477025,0.0062556523917921,residential,2,winter,0,3,119.1753794,357.5261382,0
5,2021-02-18,0.0022134287554548,0.00138521468569,0.0008085729209992,0.0007879595581034,0.0013685389451152,0.0056534750991816,0.0179543693499148,0.019366977759549,0.0198855882120097,0.02124513563656,0.0230070547699843,0.0219660550600107,0.0213078664448538,0.0199266467057391,0.017072883517725,0.0181727553234285,0.0201154394148542,0.0197116028336893,0.0203051857900504,0.0190385101764378,0.0152652559593735,0.0125790031836035,0.0108306268583061,0.0062542801708725,residential,2,winter,0,3,119.1753794,357.5261382,0
5,2021-02-19,0.0022130250309782,0.0013850171664795,0.0008085223346723,0.0007879109802169,0.0013683468268995,0.0056521821553453,0.0179498631528997,0.0193621137704741,0.018682195928292,0.0175083116364169,0.0189529676733634,0.0179984909326652,0.0163615460686275,0.0158731523445699,0.0141914615671899,0.015050684452174,0.015508910498975,0.0158584558462289,0.0181067106738048,0.0165826605641403,0.015261610672011,0.012576032302685,0.0108280486326176,0.0062528555600618,residential,2,winter,0,3,119.1753794,357.5261382,0
5,2021-02-20,0.0022126073587736,0.0013848127989589,0.0008084697225217,0.0007878606336787,0.0013681477434838,0.0056508423356213,0.0179451935814025,0.0193510140675279,0.0186024344707254,0.0167093318857816,0.0189741481686426,0.0171382806486955,0.0169494457486987,0.0166692078830645,0.020453533020673,0.0193433779453438,0.0165663373276884,0.016897340122075,0.0201149152190284,0.0170541765184018,0.0152578332269278,0.0125729537133976,0.0108253769341542,0.0062513793000557,residential,2,winter,1,3,119.1753794,357.5261382,0
5,2021-02-21,0.0022121751643486,0.0013846013418831,0.0008084152852474,0.0007878085406115,0.0013679417538235,0.0056494560367213,0.0179403620178787,0.0193457992644143,0.0185974213908066,0.0195125673641539,0.0251091942748453,0.0244302846298955,0.0205237895086821,0.0186563186749119,0.0216015603244504,0.0164647590953094,0.0184803301843097,0.0223947206088603,0.0205886701976875,0.0180938695657476,0.0181219895885966,0.0132150581506949,0.0108226125541142,0.0062498518721632,residential,2,winter,1,3,119.1753794,357.5261382,0
5,2021-02-22,0.0022117292605117,0.0013843831593739,0.0008083588540421,0.000787754709237,0.0013677289189191,0.0056480261178754,0.0179353699478702,0.0193464709063825,0.0194795720374128,0.0221897711643139,0.0242406443720916,0.0246770282024761,0.0207366445054834,0.0196450320142364,0.0218590930279762,0.0169799076220351,0.0159414489187031,0.0197208120988308,0.0191117182552847,0.0180686683678578,0.0163648390673568,0.014526390591335,0.0119079929536183,0.0062482732790865,residential,2,winter,0,3,119.1753794,357.5261382,0
5,2021-02-23,0.0022112677250347,0.0013841574116453,0.0008083010003481,0.0007876991771096,0.0013675093017979,0.0056465456569224,0.0179302186839618,0.0193409109903171,0.0186618134441918,0.0177772965116837,0.0203010649676615,0.0201552582488659,0.0197923269205929,0.016771061564488,0.0145827061319938,0.0147763183694197,0.0147585233817635,0.0165001463387696,0.0202696539051286,0.0192589982430277,0.0152457193147298,0.0134807830646824,0.0112529300804453,0.0062466447552517,residential,2,winter,0,3,119.1753794,357.5261382,0
5,2021-02-24,0.0022107927488619,0.0013839250699389,0.0008082411865671,0.0007876419390617,0.0013672829674961,0.005645022437768,0.0179249099165843,0.019335181180044,0.0186563049493154,0.019046545653423,0.0212891945278599,0.0194608926083528,0.0198335188419183,0.020578449867074,0.0212231530805307,0.0198338868812649,0.0174211852748874,0.0196581461222625,0.0209950423436722,0.0211355133363606,0.0160333617210303,0.0140880681288917,0.0116007976841005,0.0062449667375628,residential,2,winter,0,3,119.1753794,357.5261382,0
5,2021-02-25,0.0022103037878212,0.0013836859015668,0.0008081794209728,0.0007875830120505,0.0013670499830388,0.0056434569083344,0.0179194452173959,0.0211856460845561,0.0218692933895657,0.0254927458843135,0.0284320262026278,0.023498554182581,0.0289507141383866,0.0253200258998925,0.0228638688072854,0.0240668349669723,0.0239991800009337,0.0239538177536956,0.0243557188510861,0.0219222587020688,0.0188894497545071,0.016897243820274,0.0142586890026275,0.006864190899432,residential,2,winter,0,3,119.1753794,357.5261382,0
5,2021-02-26,0.0030185594315857,0.0014154385500806,0.000808116304903,0.0010933494088234,0.0014841804736558,0.005641842195896,0.018384605454666,0.0230907908456392,0.0237182944395723,0.0265134639651344,0.0309678909453622,0.030751742980115,0.0270414548313411,0.0257611442213801,0.0342012852166235,0.0299101399420361,0.0280199626126122,0.0306875703821821,0.0257715381322485,0.0231673155787375,0.0215559957741775,0.0192640295523383,0.0167017695882102,0.0102303934076221,residential,2,winter,0,3,119.1753794,357.5261382,0
5,2021-02-27,0.0064950035722094,0.0050496803689257,0.0024782019148319,0.0036923720421864,0.0039931927494744,0.0069717339774194,0.0208155610410999,0.0214314442319538,0.0199946306993083,0.0215739328301647,0.022572825687955,0.0170580069753245,0.0182717163252268,0.0169870839042066,0.0124418461656721,0.014905919886875,0.015944993815861,0.0166592803892031,0.0196726835392731,0.0175158053109021,0.0152277894732095,0.0127371141880082,0.0108041276949343,0.0062396379159219,residential,2,winter,1,3,119.1753794,357.5261382,0
5,2021-02-28,0.0022087544638807,0.0013829281546958,0.0008079845418967,0.0007873963461625,0.0013663118284031,0.0056384867098333,0.0179021268897162,0.0193045364916363,0.018557754644438,0.0175706860932364,0.0206480214469978,0.017474195677543,0.0182345608422525,0.020375074098878,0.0198762865604881,0.0206564005426567,0.0202304610000851,0.0192865696490728,0.020698424367613,0.0190167648686892,0.0166592279892524,0.0125445634705248,0.0108007389713801,0.0062377647538758,residential,2,winter,1,3,119.1753794,357.5261382,0
5,2021-03-01,0.0022082110730379,0.0013826627087469,0.0008079161379347,0.0007873308786755,0.001366052952653,0.0056367469252134,0.0178960548795415,0.0193040426718926,0.0186263705000164,0.0164391330756259,0.0149670186217941,0.0122647334060259,0.0107668605707645,0.0096390861717992,0.0085331967225261,0.0096554549594044,0.0113419098317086,0.0148439242131459,0.0172769119631686,0.0165351558975529,0.0152180862913109,0.0125405602664287,0.0107972648625484,0.006235845854116,residential,3,spring,0,3,119.1753794,357.5261382,0
5,2021-03-02,0.0022076544054232,0.0013823902081888,0.0008078458595637,0.0007872638143548,0.0013657877909965,0.0056349623933831,0.0178898398584157,0.0192973301762099,0.0186199173869087,0.016433501668201,0.0149619194059447,0.012460149869732,0.0107633021054799,0.0096359316512749,0.0091015619587107,0.0096523124973122,0.0113382334654658,0.0148390520900257,0.0172711718614808,0.0165296589017033,0.0152130550735466,0.0125364598586714,0.0107937063972639,0.0062338796001937,residential,3,spring,0,3,119.1753794,357.5261382,0
5,2021-03-03,0.002207085419783,0.0013821119371701,0.0008077741540483,0.0007871951874326,0.001365516421957,0.0056331336463579,0.0178834701998302,0.0192904603393699,0.0186133132523072,0.0164277383820866,0.0156173220303017,0.0209829597606419,0.016513426250855,0.0179159176963338,0.0254355798835857,0.0206017116180625,0.018722744632208,0.0239894057420928,0.0189662871516975,0.0167126156185087,0.0170867116653579,0.0125322634615497,0.0107900646293321,0.0062318672784515,residential,3,spring,0,3,119.1753794,357.5261382,0
5,2021-03-04,0.0022065021576912,0.0013818270272375,0.0008077008197581,0.0007871250110438,0.001365238925896,0.0056312685409491,0.0178769659039134,0.0192834353758459,0.0186065601031836,0.0193427610834157,0.0181820915777792,0.0174726146632158,0.018434616494645,0.0196655218672582,0.0150582606287728,0.0183028594323595,0.0186742771159678,0.0167175773232014,0.0207162284181975,0.0185570131268986,0.0152026408151228,0.0137842730876858,0.0115430699917021,0.0062298088624058,residential,3,spring,0,3,119.1753794,357.5261382,0
5,2021-03-05,0.0022059068688613,0.0013815357082973,0.0008076261297436,0.0007870533131476,0.0013649553849898,0.0056293564873357,0.0178703107401541,0.019276257681808,0.0185996597759676,0.0200956467697054,0.0203966817665068,0.0164846058180903,0.0205705305300313,0.0230575063637584,0.019760316682345,0.0183643373826731,0.0193161327405422,0.0222259218894591,0.0203535129838039,0.0189569478313595,0.0159401498392346,0.0139503592893603,0.0114859006675926,0.0062277070183858,residential,3,spring,0,3,119.1753794,357.5261382,0
5,2021-03-06,0.002205299042004,0.0013812385224965,0.0008075495651495,0.0007869801006213,0.0013646658832045,0.0056274081469037,0.0178635247668964,0.0208350793878657,0.02029374304592,0.0258605382708224,0.0240561208563075,0.0266819222351213,0.0242483747994473,0.0252515916768413,0.0250016897070878,0.0245118523006637,0.024414378575129,0.0248659889238181,0.0253321200247942,0.0242495038404702,0.0219766126148008,0.0197275571134471,0.0172102331511047,0.0097287076659224,residential,3,spring,1,3,119.1753794,357.5261382,0
5,2021-03-07,0.005629142754381,0.0052374682506758,0.0023852205869982,0.0043292827890922,0.0046449307319794,0.0067135680764403,0.0190552310881683,0.0239829296596565,0.0261399235978991,0.0279230311122747,0.0308997562479896,0.0288777344174672,0.0276179624864692,0.0286748132479652,0.0283666803100211,0.0292378794671621,0.0297496515544488,0.029455973017127,0.0286953315037962,0.0264305242824713,0.0233555281604732,0.0218391658662965,0.019213700910066,0.0125913086876952,residential,3,spring,1,3,119.1753794,357.5261382,0
5,2021-03-08,0.0092315864207128,0.0077338048481634,0.0049642356715249,0.0063654402309656,0.0055247422497534,0.0063867568436738,0.0223032223788545,0.0241681402435008,0.0209506014988141,0.0236404624424961,0.0235935767841632,0.0204199392756828,0.0219364281650675,0.0216079855395053,0.0162887900371227,0.0157491536799793,0.0164509974064128,0.0175635509700633,0.0213691460297957,0.0204961535794819,0.0157653170259225,0.0145756119104649,0.0120784589660545,0.0062211364219699,residential,3,spring,0,3,119.1753794,357.5261382,0
5,2021-03-09,0.002203402855778,0.0013803114396594,0.0008073106369464,0.0007867516301803,0.0013637624785617,0.0056213320565719,0.0178423348311677,0.0192460588085694,0.0185706842841046,0.0163904877028873,0.0149229714190243,0.0122293052972336,0.0107361224549776,0.0096118373413699,0.0085094274876227,0.0096283102921832,0.0113101532843746,0.0148018386867684,0.017227330448067,0.0164876715506508,0.0151746264613265,0.0125051408374506,0.0107665267467616,0.0062188612794384,residential,3,spring,0,3,119.1753794,357.5261382,0
5,2021-03-10,0.0022027466984956,0.0013799907453687,0.0008072280598891,0.0007866726090345,0.001363450007843,0.0056192291262256,0.0178350055943906,0.0192381486702687,0.0185630876604011,0.0163838517223717,0.0149169624416488,0.0122244721311641,0.0107319291061558,0.0096081200071075,0.0085061858633362,0.009624607175781,0.0113058209995577,0.0147960973038654,0.017220566379163,0.0164811936503442,0.0151686975934634,0.012500308855497,0.0107623333979398,0.0062165442094592,residential,3,spring,0,3,119.1753794,357.5261382,0
5,2021-03-11,0.0022020789545663,0.00137966424921,0.0008071440253596,0.0007865921931779,0.0013631320220395,0.0056170890779823,0.0178275469884091,0.0192300989415395,0.018555383996749,0.0163770979914274,0.0149108473242396,0.0122195536587544,0.0107276617455035,0.0096043370625835,0.0085028870653123,0.0096208386924576,0.0113014122504717,0.0147902545866168,0.0172136829175644,0.0164746014162962,0.0151626640821799,0.0124953915899561,0.0107580660372875,0.0062141862426688,residential,3,spring,0,3,119.1753794,357.5261382,0
5,2021-03-12,0.0022013991004186,0.0013793319553818,0.0008070585487005,0.0007865104064249,0.0013628086153178,0.0056149125455158,0.0178199612215226,0.01922191200738,0.0185475490377518,0.0163702294249397,0.0149046280295608,0.0122145513403153,0.010723321636759,0.0096004896280809,0.0084995320076347,0.0096170059659493,0.0112969283429655,0.014784312265288,0.0172066821013201,0.0164678968007345,0.0151565277142432,0.0124903904970297,0.010753725928543,0.0062117880773069,residential,3,spring,0,3,119.1753794,357.5261382,0
5,2021-03-13,0.0022007087482614,0.0013789945014598,0.0008069716743129,0.0007864272729955,0.0013624798834501,0.005612700173304,0.0178122505396884,0.0192075305653618,0.018464668730778,0.0162883314474199,0.0148233900229233,0.01213455034825,0.0106523302409503,0.0095216625358929,0.0084212053975916,0.0095381938239327,0.0112174542978178,0.0147722123715831,0.0171995660032327,0.0164610817891674,0.0151502903068805,0.0124853070577441,0.0107493143569885,0.0062093504235179,residential,3,spring,1,3,119.1753794,357.5261382,0
5,2021-03-14,0.0022000073973815,0.0013786516771233,0.0008068834183761,0.0007863428175089,0.0013621459237852,0.0056104526164389,0.0178044172258573,0.0191990765371422,0.0184565780696941,0.0162812387401934,0.0148169677906149,0.012129384802516,0.0106478485130308,0.0095176895583378,0.0084177408591913,0.0095342360241507,0.011212824078586,0.014766076150356,0.0171923367302452,0.016454158399796,0.015143953707241,0.0124801427775116,0.0107448326290691,0.006206873974439,residential,3,spring,1,3,119.1753794,357.5261382,0
5,2021-03-15,0.002199295270139,0.0013783035893038,0.0008067938070193,0.0007862570649757,0.0013618068352206,0.0056081705404252,0.0177964635992974,0.0191965524274425,0.0185232791991509,0.0163489537264291,0.0148853633222455,0.0121990562345094,0.010709877780222,0.0095885718719753,0.0084891393761852,0.0096051337694822,0.0112830390575152,0.0147659054187907,0.0171849958460018,0.0164471288369407,0.0151375197959019,0.012474899185685,0.010740282072006,0.0062043592149714,residential,3,spring,0,3,119.1753794,357.5261382,0
5,2021-03-16,0.0021985725480971,0.0013779503383406,0.0008067031385887,0.000786170047928,0.001361462718172,0.0056058522007508,0.0177883919602616,0.0191878417989262,0.0185149424493806,0.0163416451522489,0.0148787457652573,0.0121937335798891,0.0107052597416197,0.009584478057258,0.0106692906225592,0.0096010555891829,0.0112782680112367,0.0147595825658625,0.0171775472542935,0.0164399948364309,0.0151309904700505,0.0124695778351043,0.0107356640334037,0.0062018078071586,residential,3,spring,0,3,119.1753794,357.5261382,0
5,2021-03-17,0.0021978401529792,0.0013775920786502,0.0008066106246331,0.0007860817707249,0.0013611136727053,0.0056035055439569,0.0177802048625266,0.0191790058606157,0.0185064862374277,0.0172011121748609,0.0214005314278071,0.0202171702234667,0.0196849311133509,0.0201224587935336,0.025156795776837,0.0220683136138563,0.0225084414030234,0.0239182494565074,0.0207425498765657,0.0194110772612795,0.0179882461696894,0.012671844976408,0.0107309798808505,0.0061992195317623,residential,3,spring,0,3,119.1753794,357.5261382,0
5,2021-03-18,0.0021970969162135,0.0013772290704952,0.0008065171173509,0.0007859922809187,0.0013607598070867,0.0056011240048208,0.0177719001362584,0.0195224154369232,0.0195429596294997,0.0206002976053315,0.0231469299368494,0.0249505151558619,0.0258730243973128,0.0257940560494729,0.0285372674553751,0.0289691902499192,0.0303914266147547,0.0292088218331501,0.0263757298309775,0.023957414859915,0.0209556250418604,0.0171071605829019,0.0144352982676535,0.0084176690787712,residential,3,spring,0,3,119.1753794,357.5261382,0
5,2021-03-19,0.0030851648803858,0.0017276251574209,0.0008064223441127,0.0007859015978736,0.001360401222441,0.0055987107088134,0.0177634935835259,0.0234644430703873,0.028087047606651,0.0308314949523414,0.0341457128551332,0.0343173162066285,0.0297380437476973,0.0319909364922047,0.0334429708104675,0.0367052422829609,0.0353450523613133,0.0344495987636019,0.0274534111120985,0.0249329863937653,0.0232904987769457,0.0201230583900038,0.0173180110736146,0.0117945721268147,residential,3,spring,0,3,119.1753794,357.5261382,0
5,2021-03-20,0.0055950657018043,0.0039417373633405,0.0024481203769023,0.0012197269543028,0.0014888238921577,0.005785312028743,0.0193021159696189,0.0247720447429018,0.0251962193682683,0.0269651107160408,0.0259051526199405,0.0237032627721489,0.0269969344424375,0.0265786525842552,0.0255633820915893,0.0310934031510163,0.0313199817866401,0.0270139571892765,0.0273157499962872,0.0259188489085248,0.0197677069681137,0.0188193934702234,0.0151267649253597,0.0076285860569113,residential,3,spring,1,3,119.1753794,357.5261382,0
5,2021-03-21,0.0048598444059772,0.0033818367312687,0.0008062294381288,0.0007857167669553,0.0013596703227752,0.0055937893015633,0.0177463494980727,0.0237280967592961,0.0240060548137007,0.0284521854664498,0.0294070629332225,0.0258450237021029,0.0246945839840627,0.0257414321525204,0.0264382457957685,0.0243142279884952,0.0241399377210342,0.0252704330261996,0.0238702978816365,0.0214999678221369,0.0198661336601675,0.015341514968418,0.0126274009800722,0.0071927175481328,residential,3,spring,1,3,119.1753794,357.5261382,0
5,2021-03-22,0.0032516689973443,0.0016377786259458,0.0008061311032929,0.0007856226666919,0.0013592982248181,0.0055912850607258,0.0177376215259223,0.0199595406191485,0.0205209509155411,0.0220282275030987,0.0232073111614833,0.0208853301020149,0.0193979223906626,0.0203324029580315,0.0207574222393584,0.0203706197282485,0.0203207861544004,0.0202742188894259,0.0223244639060005,0.0189426247537756,0.0151876766457194,0.0129673079249865,0.0114243762913241,0.0061857573291706,residential,3,spring,0,3,119.1753794,357.5261382,0
5,2021-03-23,0.0021932356059794,0.0013753420219326,0.0008060316359124,0.0007855274826489,0.0013589218412665,0.0055887519757229,0.0177287930181178,0.021320970443978,0.0224018378864576,0.0256283290834808,0.0271444333793989,0.0289683790144634,0.0261669468185059,0.0253007276936423,0.0311346718107006,0.029106937660896,0.0298085856371531,0.0272181313088726,0.0261282316645638,0.0261343633516912,0.020971766503832,0.0190758313972377,0.0166031135614844,0.0098775941880984,residential,3,spring,0,3,119.1753794,357.5261382,0
5,2021-03-24,0.0066538507575709,0.0052108787939106,0.0028331332593386,0.0034387679457881,0.0025292763729171,0.0057776102817044,0.0185670279261394,0.0275912657726926,0.0286771521463263,0.0297778652517514,0.0304454068699208,0.030215770756365,0.0277037325116641,0.0220960480997482,0.0194468304486743,0.0151808885688075,0.0146126177624485,0.0163987441581628,0.0171143056378324,0.0163794299823621,0.0150755587854698,0.0124244014365532,0.0106964585066754,0.0061801440448562,residential,3,spring,0,3,119.1753794,357.5261382,0
5,2021-03-25,0.0021916289508785,0.0013745568327634,0.0008058293740476,0.0007853339762877,0.0013581563592467,0.0055836022746891,0.0177108448806509,0.0191041524702503,0.0184348475800331,0.0162714298886143,0.0160113801256795,0.0137491792985592,0.0134625158032037,0.014708320207355,0.0160900149201797,0.0181889976253075,0.0191484293406668,0.0182675174686852,0.0183555712642229,0.016371456423222,0.0150682609757503,0.0124184537775034,0.0106912969375083,0.0061772915839795,residential,3,spring,0,3,119.1753794,357.5261382,0
5,2021-03-26,0.00219081268386,0.0013741579515004,0.0008057266870559,0.0007852357112743,0.0013577678767825,0.005580987190657,0.0177017261704727,0.0190943165030863,0.0184254338131952,0.0186307951611735,0.0203060763544041,0.0167858570422898,0.0176560613915778,0.0190590196988397,0.0203359928362869,0.0206082318701439,0.0214639326607918,0.0197340177097647,0.018546801028904,0.0171074882433312,0.0150608882659639,0.0124124450754726,0.0106860823932855,0.0061744105998225,residential,3,spring,0,3,119.1753794,357.5261382,0
5,2021-03-27,0.0021899883488668,0.001373754890617,0.000805623034826,0.0007851364770741,0.0013573753938239,0.0055783487135299,0.0176925220053778,0.0190783239697832,0.0188700405830033,0.0201674115307074,0.0211030753610271,0.0197710814485929,0.0174073509060507,0.0184950740952243,0.0227714849791652,0.0228870922454831,0.023059217866756,0.0222830743106064,0.0222710119749589,0.0200080682324074,0.0160158707516824,0.0137027843221809,0.0113496833730927,0.0061715008204163,residential,3,spring,1,3,119.1753794,357.5261382,0
5,2021-03-28,0.0021891554769304,0.0013733485303039,0.0008055183053996,0.0007850363030742,0.0013569792786161,0.0055756828200127,0.0176832306026191,0.0192178661197369,0.0204978872974971,0.0216520249277097,0.0232091435245365,0.0212607483764876,0.0214942797400216,0.0207608593706507,0.0221947708694016,0.0233973803817772,0.0247634956040414,0.0245291549406155,0.0242642685789079,0.0218867366026574,0.0180724644049095,0.0160263548769381,0.0135039909622519,0.0064649204905413,residential,3,spring,1,3,119.1753794,357.5261382,0
5,2021-03-29,0.0025003631581556,0.0013729378871905,0.0008054126629712,0.0007849352189402,0.0013565798689256,0.00557299031198,0.0176738590943064,0.0232013405458987,0.0248623292397892,0.0266187471092435,0.0280806606551932,0.0245355052425604,0.0229492950371137,0.0231269332570992,0.0267393411667255,0.0263227129281308,0.026541708182061,0.0254203060391373,0.0253902486022952,0.0240388810764732,0.0194203447031303,0.0179570457904387,0.0154577856862962,0.0080236544650901,residential,3,spring,0,3,119.1753794,357.5261382,0
5,2021-03-30,0.0043352467956005,0.0029318326879083,0.0008053061101998,0.0011728872035911,0.0013561766739826,0.0055702767699598,0.017664401598722,0.0278756682386964,0.028504116282873,0.0283742074448791,0.0304685042699912,0.02851785524468,0.0276346750820953,0.0273604376221767,0.0286032278062715,0.0265894739106028,0.030031419354131,0.0281075013216327,0.0277505351351951,0.0251267893328239,0.0211395230918447,0.0192653942216898,0.0166484221473693,0.0094659435350708,residential,3,spring,0,3,119.1753794,357.5261382,0
5,2021-03-31,0.0052449606036579,0.0038536487418238,0.0016463996507283,0.0021168315484481,0.0024159328369153,0.0057288060575169,0.0187822239974883,0.0283607669133166,0.0297263701766385,0.0322206731542312,0.0306227757615502,0.0282134042506627,0.0274979233727356,0.0294946694817997,0.0292893506333662,0.0293449580811422,0.0291935850528191,0.026765653329407,0.0275461084150002,0.0262895736111046,0.0239965383828869,0.019929804870074,0.0161566064827033,0.0095359553118041,residential,3,spring,0,3,119.1753794,357.5261382,0
5,2021-04-01,0.0041287517689773,0.0028007200686763,0.0016935370936979,0.0016855838813871,0.0018596765917579,0.0057042260690308,0.0192510078793154,0.0221255804345728,0.0209546098537083,0.020464235397421,0.0201594260626763,0.0160009915600091,0.015849588061873,0.0169929470789593,0.0138519428180724,0.0119032509591799,0.013514970099177,0.016408024140368,0.0182643704239232,0.0172995110754887,0.015015202841435,0.0125276736540198,0.0106537701692707,0.0061565563652718,residential,4,spring,0,3,119.1753794,357.5261382,0
5,2021-04-02,0.0021848860091122,0.0013712620934576,0.0008049810585358,0.0007845223765412,0.0013549474045636,0.0055620060420678,0.0176355629877275,0.0190229155107292,0.0183570971959305,0.0166567499596628,0.0163231990478088,0.0131976510605952,0.0115592543097402,0.0131327960019487,0.0140338998680527,0.0125684796490294,0.0133072423776634,0.015429727056985,0.017105995784866,0.016304924545578,0.0150073681251448,0.0123688265729565,0.0106482288586726,0.0061534944249091,residential,4,spring,0,3,119.1753794,357.5261382,0
5,2021-04-03,0.0021840121725096,0.0013708351406298,0.0008048711447617,0.0007844171958444,0.0013545312721168,0.0055592068847629,0.017625811462764,0.0190063279554577,0.0182721042764115,0.0162816489929562,0.0146705381779105,0.0120116081637909,0.0116687576600861,0.0113902172808827,0.0125845988071002,0.0180195738044515,0.0161197143316686,0.0174041471125088,0.0184206889977386,0.0172438575014858,0.014999476544641,0.0128345101902569,0.0106426473272224,0.0061504102689707,residential,4,spring,1,3,119.1753794,357.5261382,0
5,2021-04-04,0.0021831329833363,0.0013704052857181,0.0008047606626276,0.0007843112954228,0.0013541127035375,0.0055563883969464,0.0176159764173178,0.0241390236859928,0.0264981470481689,0.0241516241777478,0.0245959169252279,0.0197847388946014,0.018927166449744,0.0189511537769904,0.0209098346497633,0.0214607010486806,0.0218829282242124,0.0210603641267321,0.0222463465742082,0.0197618509127881,0.0161852851647217,0.0130345485262275,0.0106370272278378,0.0061473048047948,residential,4,spring,1,3,119.1753794,357.5261382,0
5,2021-04-05,0.002182247284179,0.0013699728082365,0.0008046492719457,0.0007842046924971,0.0013536911660595,0.0055535513920514,0.0176060850479164,0.0221021780093351,0.0243492426125524,0.0244910625354343,0.0248525143389656,0.0227812100957492,0.0193805153552019,0.0203642907219566,0.0256777033426606,0.0223172463735292,0.0224801597784778,0.0249610695371103,0.0225195499947757,0.0210107355516794,0.0187303747033822,0.0158510269460152,0.0132893865900893,0.0068379157555589,residential,4,spring,0,3,119.1753794,357.5261382,0
5,2021-04-06,0.0025751351604311,0.0013695370905832,0.0008045371686843,0.0007840974257102,0.0013532670034442,0.0055506967172377,0.020553599355675,0.0226382319593221,0.0211286070966773,0.0216646933211991,0.0230487412354106,0.0214075803190018,0.0191948887946741,0.0141324727452617,0.0084005454516987,0.009503927492301,0.011164637855606,0.0146089936223672,0.0170001304492692,0.0162700878912929,0.0149754840379427,0.0123428412857939,0.0106256779935512,0.0061410336080694,residential,4,spring,0,3,119.1753794,357.5261382,0
5,2021-04-07,0.0021804588369775,0.0013690991038304,0.0008044242240225,0.0007839895197714,0.0013528403413023,0.0055478252178369,0.0175861384707349,0.0189695803756885,0.0194605439054952,0.0198937447585663,0.0193390651857775,0.0165098669780124,0.0166862089907773,0.0156456966376377,0.0124219461787851,0.0138669847878874,0.0140640377757596,0.0153013959458235,0.0193162085971835,0.0184245450885337,0.015080803095186,0.0128974678959272,0.0106199522196174,0.0061378697420064,residential,4,spring,0,3,119.1753794,357.5261382,0
5,2021-04-08,0.0021795573361827,0.0013686586809101,0.0008043110327762,0.0007838810278037,0.0013524113059847,0.0055449377441748,0.0175760709690161,0.0208119825791087,0.021005170221716,0.021513095968236,0.0213719423090451,0.019237789764653,0.0174344452826866,0.0182658092856699,0.0176246745508716,0.0180883884133634,0.0173276082411757,0.0208670353313138,0.0212794731853563,0.0210941809300903,0.0175169273276036,0.0152378592380179,0.0117588938375986,0.0061346882766395,residential,4,spring,0,3,119.1753794,357.5261382,0
5,2021-04-09,0.0026841818613439,0.0014984787196179,0.0008041971143691,0.0007837719607681,0.001351980024545,0.005542032773919,0.0175659582090908,0.0217345690107441,0.0229868831560252,0.0233154373228037,0.0247541347849124,0.0280874377545689,0.0238993195055081,0.0242714879244649,0.0303488954107708,0.0250915808925589,0.0257217510442736,0.0281771717670598,0.0245230402276156,0.0232229276750145,0.0218120142714917,0.0184445057005182,0.0158024836747905,0.009207327835233,residential,4,spring,0,3,119.1753794,357.5261382,0
5,2021-04-10,0.0042742557888252,0.003958800146836,0.0018686667713874,0.0024743768385532,0.0028070416429197,0.0059072704665928,0.0235719261663722,0.0284474476147295,0.028329670435119,0.02838106620157,0.02747182558757,0.0248623122214242,0.0246932076156348,0.0258262552030314,0.025119554208621,0.0288669890563759,0.0295720601184085,0.027335993801183,0.0278098096942367,0.0253330015103095,0.0202875381089276,0.0183733029037583,0.0147870735272903,0.0086044164681467,residential,4,spring,1,3,119.1753794,357.5261382,0
5,2021-04-11,0.0046915987597037,0.003227378542085,0.0014716826085133,0.0007835522520184,0.0019277435243499,0.0055361880502358,0.0225532361978719,0.0274071083720661,0.0301708167463165,0.031470736931167,0.0292194077762508,0.0294247664504474,0.0255349755719056,0.0258392499521585,0.0322911854648262,0.0268827696564847,0.0270541804870061,0.0289489486788598,0.026809811035756,0.0256247474652611,0.0230505242795023,0.0218860487425851,0.0181133619382967,0.011193761085553,residential,4,spring,1,3,119.1753794,357.5261382,0
5,2021-04-12,0.0079587116411161,0.006654119664575,0.0034271624614925,0.0039585372802822,0.0042766752619195,0.0070757157130054,0.0255337871819503,0.0318602007027799,0.0333773540685516,0.033679663961373,0.0319294063782432,0.0333326542828451,0.027865970659362,0.0286867662085369,0.0374426138331735,0.0301230406636261,0.0285234978546669,0.0320054149118012,0.0278906324539808,0.026640144759344,0.0254104369983046,0.0217508947811672,0.0192377432961097,0.0132768955579728,residential,4,spring,0,3,119.1753794,357.5261382,0
5,2021-04-13,0.0076021780618366,0.0060189237592138,0.0047594391619471,0.0046639079964164,0.0049903833457948,0.0088608805444441,0.0293077088443202,0.0344156699836805,0.0366250031513827,0.0364580527962999,0.0352504167786091,0.0355744490723089,0.0322392548508667,0.0331800637322627,0.037403625546105,0.0337627174861582,0.0343532124701752,0.034288319775031,0.0302070712577318,0.0290045212786545,0.0273656887035709,0.0242259780363902,0.0203196802965283,0.0151566646600336,residential,4,spring,0,3,119.1753794,357.5261382,0
5,2021-04-14,0.0099983026240179,0.0084457203025317,0.0076884516894933,0.0080378554680074,0.0071182766080081,0.0111599150710212,0.0287864313185113,0.031558557993861,0.0317878766824642,0.0327289542347992,0.0305814710959533,0.0245748380315917,0.0272591583925999,0.0250675249149647,0.0225382332653428,0.0246244116293507,0.0252140744116138,0.0243481673414244,0.026736498012016,0.0244587235167395,0.0201917016345577,0.018487972641271,0.0160016275182374,0.0094213561460599,residential,4,spring,0,3,119.1753794,357.5261382,0
5,2021-04-15,0.00601535288668,0.004607678754101,0.0017407102932546,0.0021389150162837,0.002357294691383,0.0055243481401386,0.0223850838573799,0.027366341980541,0.0287058005657949,0.0284046236608272,0.0280232710849855,0.0247429373349017,0.0231165917196384,0.0266290995934481,0.0247394843069253,0.0275378274055276,0.0264826378405123,0.0262051777269863,0.0262586315420014,0.0240275275930153,0.0208999741579948,0.0190414122226549,0.0165745600455578,0.0099080098439566,residential,4,spring,0,3,119.1753794,357.5261382,0
5,2021-04-16,0.0065489352769069,0.0052182410944498,0.0027955641915074,0.0034792831078735,0.0039250898893195,0.0063607092933327,0.0257928839502432,0.0303318202458403,0.0301768686188132,0.0308976529682991,0.0293451150975597,0.026408875263211,0.0248768922811172,0.0259758601343001,0.028759240810495,0.0299030843340675,0.0287654196525813,0.0282958732575098,0.0282836997333528,0.0269837960916634,0.0226866095325182,0.0206505992945996,0.0180301076062769,0.0112436406242421,residential,4,spring,0,3,119.1753794,357.5261382,0
5,2021-04-17,0.0079428601937052,0.0065380769896764,0.0035589370905217,0.0038983777459073,0.0042085579919523,0.007243919465604,0.0257606368082005,0.0322182006908368,0.0337205681418169,0.034971278414004,0.0327959989431916,0.0332545422922265,0.0270893279393122,0.0285751651310819,0.0349647812470894,0.029652549528062,0.0300193702392287,0.0335646053283012,0.0289249808030225,0.0275828501680038,0.0247929096174759,0.0214151135104727,0.0187572562779185,0.0130365280277799,residential,4,spring,1,3,119.1753794,357.5261382,0
5,2021-04-18,0.0084146686334539,0.0058010357485723,0.0044596966028782,0.004378909779143,0.0046760798375385,0.0076541006638112,0.0270721387405496,0.0308482740604482,0.0343949596189439,0.033754588166603,0.0333777362960693,0.0355085367600276,0.0284881647700602,0.029714295980564,0.032763403932291,0.0324683987326332,0.0317388846362588,0.0342022220688573,0.0293354595447573,0.0279224918142605,0.0250137917015566,0.0217306007941244,0.0190924805271647,0.0132789769366662,residential,4,spring,1,3,119.1753794,357.5261382,0
5,2021-04-19,0.0087526870761868,0.0072616720743059,0.0045727742695806,0.0045683864526785,0.0048255241398458,0.0080082935766213,0.0280628397007791,0.0353941361478914,0.036305481903426,0.0383284178022195,0.0338462338979234,0.0338224976421824,0.0295687865605376,0.0303914921919909,0.0356603725764325,0.0319839086714645,0.0317707126211994,0.0350124269726033,0.0297288786967108,0.0283454992700577,0.0266091331506608,0.0222756222344888,0.0196153948629678,0.0144658346210245,residential,4,spring,0,3,119.1753794,357.5261382,0
5,2021-04-20,0.0093450490921015,0.0077771763449698,0.0064692575355687,0.0065641398036698,0.0067943142705255,0.0108448316487192,0.0253094080549578,0.0284007314575792,0.0306411019531266,0.029357463885626,0.0299509334317285,0.0291197981151964,0.026248901262253,0.0281577649297284,0.0336425594355285,0.0305017964337881,0.0298583604412073,0.032497190955068,0.0298354900576847,0.0274131413863517,0.0262516976430057,0.0227977025965798,0.0202158466976932,0.0143690435306738,residential,4,spring,0,3,119.1753794,357.5261382,0
5,2021-04-21,0.0090285118045407,0.0088213408179636,0.0069370195626016,0.0074066113985478,0.0078304860464468,0.0108180610169885,0.0295802615287435,0.0346175687990552,0.0343223782701783,0.0346149749598389,0.0347404364452247,0.0290984413914333,0.0310694547555065,0.0303730812073359,0.0301948186062955,0.0340540672771075,0.0319542896168243,0.0306687225258331,0.0305674573614235,0.0293161127874069,0.0246804488523371,0.0232253476032714,0.0206059132789539,0.0133612723810886,residential,4,spring,0,3,119.1753794,357.5261382,0
5,2021-04-22,0.0092259003625199,0.0076718608780689,0.0054778540242551,0.0061798344469059,0.0076767435550733,0.0093316576683468,0.0278245178879905,0.0333319762961225,0.031580295332697,0.0329092088532233,0.0315780791366422,0.0308556162945646,0.0295560756468126,0.0282071511430363,0.0271344356072752,0.0245203087976985,0.0243168840616267,0.0272012155843657,0.0294036392991102,0.0271251540369612,0.0254135551877331,0.0224622479188596,0.0200500191341318,0.0153699122998441,residential,4,spring,0,3,119.1753794,357.5261382,0
5,2021-04-23,0.0100288455207939,0.0086320796497872,0.0073965088382129,0.0072944653645005,0.0077940346085814,0.0104653687492984,0.0239852572300025,0.0270051168533906,0.0268749651506688,0.0275580475513181,0.0279127587366013,0.0239093419785586,0.0237009537595512,0.0229083031149593,0.0175420393387387,0.0204810307410637,0.0201381187350813,0.0207211968637623,0.0237062644534035,0.0226719245199556,0.0197546351492163,0.0180037555617992,0.0155857316127616,0.0092291864704541,residential,4,spring,0,3,119.1753794,357.5261382,0
5,2021-04-24,0.005612936888694,0.0042829511371751,0.0022177743427662,0.0030975762252424,0.0034491347766366,0.0056442903358705,0.0235947188760598,0.0275039559062125,0.0276847408409738,0.0281854422473271,0.0278393828236494,0.0239984537836673,0.0252572769319417,0.0231376318070943,0.0196617179474324,0.0237300346612927,0.0243295418950482,0.0238544342885458,0.025635677521024,0.024387780454365,0.0207668340368016,0.0195658388797551,0.0170956484858582,0.0103688629599237,residential,4,spring,1,3,119.1753794,357.5261382,0
5,2021-04-25,0.0072386497511135,0.0059635922376377,0.0032598856307667,0.0036417241107558,0.00517017968836,0.0073665923166289,0.0239881385209374,0.0295543158143442,0.0290650193465923,0.0299160575941152,0.0325458820011528,0.0277563640883989,0.0279895610094413,0.0287263064281413,0.0305552264696708,0.0301641091719176,0.0294216125807725,0.0300163235858904,0.0294852818773702,0.0281705446925515,0.0241111430554814,0.0224546017718291,0.0199093572677746,0.012990541807599,residential,4,spring,1,3,119.1753794,357.5261382,0
5,2021-04-26,0.0099968722143128,0.0086510415234891,0.0059019696510557,0.0061992817317691,0.0064921024470056,0.0093411598674698,0.0257029108454152,0.0297432717271234,0.0304617578187866,0.0320988601606283,0.0316645462418408,0.0279612704295989,0.0318532280150408,0.0256550553836123,0.0168954302683911,0.0176746654690889,0.0218990695871308,0.0246075673770473,0.0257925570764305,0.0243676239983496,0.0220508695867116,0.0185431643930223,0.0160247998789311,0.0107318590512779,residential,4,spring,0,3,119.1753794,357.5261382,0
5,2021-04-27,0.0060548735147217,0.0046524682673421,0.0026918971340438,0.0022334047005339,0.0024865206614991,0.0062552844159437,0.0242159958342723,0.0316957636140143,0.0350129477747508,0.0358691702362227,0.0339816979439815,0.0333812501886105,0.0303462594208181,0.0308986858922346,0.0322921528910322,0.0320660669932161,0.0301736161410187,0.0325539238749846,0.0309617476004359,0.0285511503735043,0.0271614326534917,0.0236565618218474,0.0210230857442091,0.0145976342757499,residential,4,spring,0,3,119.1753794,357.5261382,0
5,2021-04-28,0.0099864149579866,0.0086651014340685,0.0066116145518394,0.0059396238217682,0.0049376812043597,0.0094587939754472,0.0263900523000947,0.03332094454859,0.0336510909305225,0.0317323668869327,0.0314907719130102,0.0285801474549886,0.0276570840168005,0.0288618937495128,0.0309789414850925,0.0312495335904173,0.0319547988052838,0.0338861510102634,0.0307446349659162,0.0293629834622631,0.0256856063685427,0.0226511648102308,0.0202286242645585,0.0136860756128677,residential,4,spring,0,3,119.1753794,357.5261382,0
5,2021-04-29,0.0099505252620288,0.0082665254102448,0.0053116544862405,0.0059134009131011,0.006009079993194,0.008823917149324,0.0297819890218087,0.0355442244544341,0.035695798324969,0.0356420231627376,0.033402730360649,0.0313343039720173,0.0274107191596262,0.0281771953013382,0.0272783331628661,0.0258134851215769,0.0258131274588312,0.0257797689488615,0.0290688606308376,0.026878961417439,0.02348622790833,0.0208810539462636,0.0183782954571243,0.0123792645557842,residential,4,spring,0,3,119.1753794,357.5261382,0
5,2021-04-30,0.0073890301861118,0.0049396134248553,0.0031242530252223,0.0024803550369414,0.0039216204056988,0.0068507281212746,0.024276820308154,0.0299834146236536,0.0304942824998423,0.0293542549903779,0.0303098990717453,0.0273902315441082,0.023383787975083,0.0223016662489386,0.022110333801314,0.0212018941458597,0.0220722442240337,0.0240382211508292,0.024245748503241,0.022399509593018,0.0203478458089022,0.0175666955175017,0.0159214852787198,0.0109690607206538,residential,4,spring,0,3,119.1753794,357.5261382,0
5,2021-05-01,0.0065020500042555,0.0050447126354196,0.0036733708099264,0.0036409584869569,0.0041644489144619,0.0080023279682467,0.0232292386229252,0.0257013832044154,0.0242677461134455,0.0249736211528574,0.0254847323622433,0.0218460673846942,0.0220842924689122,0.021969539823153,0.0183480100714647,0.0200252402816264,0.0206707497185174,0.020630268463414,0.0241241939013363,0.0220658347428383,0.019675887716929,0.0154795351702926,0.0141774000537806,0.007290818410138,residential,5,spring,1,3,119.1753794,357.5261382,0
5,2021-05-02,0.0042961011037312,0.0029544494381048,0.000801490992194,0.0012431054401188,0.0020878753426173,0.0054731168924107,0.0202880817265584,0.0258987913493703,0.0276979347301664,0.0301058941040603,0.029870693193403,0.0265723142752062,0.0236121887481009,0.0257592804412241,0.0267683411170836,0.0296344130285015,0.0266054587107615,0.0283496046554053,0.0302444909665867,0.0276359308943312,0.0230254999082174,0.0217019827073836,0.0192153026369024,0.0121718097699321,residential,5,spring,1,3,119.1753794,357.5261382,0
5,2021-05-03,0.0093457266426396,0.0067410344043806,0.0051157581845704,0.0053961956292807,0.0069709368798676,0.0093967189777925,0.0285130006438314,0.0330421991447394,0.0362924891834575,0.0353983459384709,0.0342121878052772,0.0324696001123829,0.0288771950025511,0.0323887854725775,0.0349598848390219,0.0334223946339061,0.0335110534797731,0.03743891673476,0.0323893515839167,0.0297937375796688,0.0292149365288687,0.0252774272654147,0.0226938571209352,0.0171605302012398,residential,5,spring,0,3,119.1753794,357.5261382,0
5,2021-05-04,0.0127859832272562,0.011439492662794,0.0099429234549381,0.0100985609512364,0.0091482158057574,0.0140807226642671,0.0331150831730487,0.0409541050942132,0.0431932014980233,0.0422792644426479,0.0389931383171332,0.0369077660570083,0.033092010280895,0.0333801361588036,0.0368245571398187,0.0270238772917885,0.0251745391453977,0.0279306993035074,0.0287094368171186,0.0285455255865781,0.0251351691933918,0.0223601571611587,0.0196760258897009,0.0139912480706454,residential,5,spring,0,3,119.1753794,357.5261382,0
5,2021-05-05,0.0094901079481248,0.0080453226899243,0.0057230216919401,0.0053612436283227,0.0056158273888561,0.0101397774152616,0.0270425940253794,0.0323152817982523,0.031851716259894,0.0344909033250737,0.0360754079635511,0.0320824325119674,0.0279636852923628,0.0303915421719265,0.0318240718433563,0.03346145778358,0.0344580191091388,0.0374303390331822,0.0337164284240162,0.031052150336307,0.0292621140319376,0.0252324384268298,0.0240556938324071,0.017606931377699,residential,5,spring,0,3,119.1753794,357.5261382,0
5,2021-05-06,0.0140805003584047,0.0112501956636838,0.0102631907359555,0.0099718689389736,0.0102483091685329,0.0136173282834506,0.034465865432987,0.0410726231743202,0.0448600694681303,0.0400867855096329,0.0384967940281252,0.0378199153889918,0.032012871497906,0.035191065177876,0.0387690942383008,0.0357443916094866,0.0362664344149179,0.0384303269069058,0.0355825434220845,0.0327151983591206,0.0316889243071011,0.0281663917220649,0.027032287780361,0.0202169193907582,residential,5,spring,0,3,119.1753794,357.5261382,0
5,2021-05-07,0.0152299236820101,0.0138189535942085,0.0123721801478804,0.012496667456363,0.0128061750473226,0.0159713925284801,0.0355149926094727,0.0415497599082106,0.0469048278736137,0.0439665199457199,0.0416553027600905,0.0407676688241892,0.0362575410053293,0.0364546449760295,0.0384291558023669,0.0362846083558835,0.0354936985829488,0.0365493867760865,0.0356389553291415,0.0344579803516364,0.031753032503182,0.0239983432069622,0.0210253288772785,0.015240239241879,residential,5,spring,0,3,119.1753794,357.5261382,0
5,2021-05-08,0.0132186059241972,0.0118060054362934,0.0091455821452407,0.0102827653536935,0.0106253091197091,0.0142792670178633,0.0331511746477362,0.0409029995268058,0.0446230403834351,0.0430906833891804,0.0404147908365037,0.0375687257116162,0.0364497073853137,0.0376521794909983,0.0378351893432593,0.0390831291483075,0.0392890136769143,0.0414412221882836,0.0373518548853695,0.0345192953907765,0.0322111575466646,0.0299676983278522,0.0258700796890549,0.021382473877654,residential,5,spring,1,3,119.1753794,357.5261382,0
5,2021-05-09,0.0155904785601494,0.0140913467121062,0.0132474948454877,0.0143124297589626,0.0130142112529458,0.0164667826290654,0.0347673369381151,0.0403502707717446,0.041259404958445,0.0402626696340594,0.0395268255280842,0.0403635522809975,0.0346911267253629,0.0347428565314996,0.0385646697394367,0.0380968606887005,0.0364596705073899,0.0381189532283101,0.0354733361971244,0.0339720724290258,0.0321776618817506,0.0294570197918999,0.0269510476541724,0.0206524681738206,residential,5,spring,1,3,119.1753794,357.5261382,0
5,2021-05-10,0.0168553562955518,0.0152623052824278,0.0128827089511051,0.0122640338331581,0.0126193922617009,0.0160364479487177,0.0354940377473055,0.0444367856534609,0.0453778446403792,0.0457237990159692,0.0402070998191317,0.0387681168840175,0.0338404343515041,0.0363096458027539,0.0407131596682467,0.0374600436465323,0.0369850063576206,0.0388858410760429,0.0359166186288428,0.0346416324013222,0.0326289869824662,0.0299905880361566,0.0274210129018323,0.0207887298955023,residential,5,spring,0,3,119.1753794,357.5261382,0
5,2021-05-11,0.0158180173624286,0.0143815698255496,0.0135663081838137,0.0130829202796863,0.0134890315218103,0.0172850653704503,0.0247128200935341,0.029680794088815,0.027763256545375,0.0271922918338215,0.0242105383321335,0.0233298342640871,0.0228456011783365,0.0237155136490541,0.0225149201877101,0.0234300434990068,0.0235615476342047,0.0261550972327938,0.0286803761351276,0.0277030426332449,0.0249041121371722,0.0216902557201059,0.0191639067985349,0.0144889822557357,residential,5,spring,0,3,119.1753794,357.5261382,0
5,2021-05-12,0.0091571527776812,0.0064374266829151,0.0041746101913176,0.0035828057283907,0.0037337374910301,0.0068239330221412,0.0260901279995806,0.0320419383943537,0.0349224980712195,0.0332717209361623,0.0316638776994412,0.0296837089229325,0.0258178063241462,0.026846378835085,0.0329666122929127,0.0337396638497625,0.0343955752752579,0.0334308013307642,0.0298116032062496,0.0286374655753876,0.0256507714385116,0.0243098450081287,0.0204836490424705,0.0135330779317143,residential,5,spring,0,3,119.1753794,357.5261382,0
5,2021-05-13,0.0089018241812348,0.0073280675420927,0.0053594479011637,0.0044228546429084,0.0047150400422017,0.0083598198993362,0.0318738645052772,0.0363724762273311,0.0383028922504388,0.0388746747818952,0.0357173446704799,0.0330696951731283,0.0318186653733053,0.0325969619204906,0.0354583912940852,0.0304647043941515,0.0273083671816448,0.0319773506599834,0.0308413655449763,0.0294183640690361,0.0267769915082922,0.025938372372751,0.0232778118388397,0.0152882920702222,residential,5,spring,0,3,119.1753794,357.5261382,0
5,2021-05-14,0.0120123481586441,0.0106296533226699,0.0077497562336153,0.0078431844788552,0.0081923431611191,0.0112245397965121,0.0323660948584353,0.0407886242052427,0.0402723675597734,0.0403095597465054,0.0381367991743389,0.033488672294033,0.0326547697055188,0.0337033801646145,0.034110411413377,0.0326580367190647,0.0336625167972458,0.0318705073254365,0.0347292666893359,0.0319825348150773,0.0276384091847081,0.025795256058543,0.0234366997783619,0.0162245819644777,residential,5,spring,0,3,119.1753794,357.5261382,0
5,2021-05-15,0.0136621421144677,0.0110382281736112,0.0090973794730796,0.009740366282073,0.0101462999622,0.0125295750570262,0.0301214286082669,0.0349150745657698,0.03476996881747,0.0366234323105834,0.0362612549925822,0.0319003118989146,0.0342015341354474,0.0333840627869598,0.0342447291637778,0.0367075314693119,0.0326610911011267,0.0347065147718634,0.0355974047104023,0.0340323157691795,0.0282962781301577,0.0262959749527041,0.0239525349514082,0.0168680741243215,residential,5,spring,1,3,119.1753794,357.5261382,0
5,2021-05-16,0.012631746494124,0.0113017485600427,0.0093754721616957,0.0087025080280268,0.0102586661398717,0.012933465059798,0.0333039160193455,0.0423491399426326,0.0416310429507722,0.0410439268759803,0.0388597306573072,0.0377329092550399,0.0326595935835962,0.0345789785058123,0.0409316636158661,0.0364768392686999,0.0365038265105491,0.0392040678917944,0.0351371729520181,0.0285983043482239,0.0256791105990483,0.0234660516542948,0.0209234939409852,0.0152898972490857,residential,5,spring,1,3,119.1753794,357.5261382,0
5,2021-05-17,0.0094747743998245,0.0064462018224318,0.0049403188529889,0.0042399955650438,0.0029747117556644,0.0069111170708753,0.0261647036678693,0.0307741379810235,0.0319672200914665,0.0300971302619631,0.0280604478167603,0.0244306052172674,0.0251614160942025,0.0278131843892992,0.0289929711443074,0.0309674994017941,0.0332788489544021,0.0319413311490907,0.0310309987377304,0.0283046618633989,0.0253959248183267,0.0237048504318569,0.0204251060741932,0.0141894237426274,residential,5,spring,0,3,119.1753794,357.5261382,0
5,2021-05-18,0.0113175347193354,0.0089477065020022,0.0066178978628282,0.0076352948747443,0.0080059621001393,0.0098081729893204,0.0253660925553145,0.0288392092952252,0.0290915548770367,0.0291110968204934,0.0286372386683338,0.0277059717406623,0.0256128351446148,0.0231411511799785,0.023369119893761,0.0255501462613566,0.0251958143047183,0.0256549945623727,0.0280163990477036,0.0258538102133007,0.0211864959732297,0.0199387509747624,0.0175423355424211,0.0113890233632378,residential,5,spring,0,3,119.1753794,357.5261382,0
5,2021-05-19,0.0076535125350552,0.0063065711545715,0.0044660725030759,0.0048358251636284,0.0053322206853462,0.0082530249577839,0.0250513329890837,0.0293771362827747,0.0311288355177523,0.0325909554066058,0.0322785721905012,0.029051951242134,0.0266561062566121,0.0273955924037168,0.0292445878718646,0.0313344684400098,0.0315736069691574,0.0297413641499712,0.0317733573847834,0.0290520368353337,0.0245985046648989,0.0229725735301172,0.0205764335934522,0.0128181782597113,residential,5,spring,0,3,119.1753794,357.5261382,0
5,2021-05-20,0.0095655955556128,0.0082155627278988,0.0065562297351664,0.0070381849805236,0.0074496567472012,0.0097789029069939,0.0299007225634782,0.0347655315167943,0.0348392190300058,0.0330001008714159,0.0352478437970793,0.0318094462112725,0.0296265326134192,0.0305704196427085,0.0322980436691607,0.0337140689084955,0.0335757039382432,0.0328439706642687,0.0333092014135663,0.0307428068899653,0.0266502558797497,0.0248472816861524,0.0222725373147384,0.0157758605477247,residential,5,spring,0,3,119.1753794,357.5261382,0
5,2021-05-21,0.0122469753063242,0.0109339002496981,0.0091068380732916,0.0097371816308058,0.0101590928604932,0.012844555644458,0.0273563562691378,0.030881565793102,0.0315531742955825,0.0334842986857991,0.0322237965424339,0.0281672518562556,0.0287069250269592,0.0240489209054058,0.0193742480768379,0.0202275119803264,0.0214558923411149,0.0245511682863852,0.0273152060485363,0.0262725769049562,0.0239133786137604,0.0216248912512187,0.0191945062012475,0.0128379830396312,residential,5,spring,0,3,119.1753794,357.5261382,0
5,2021-05-22,0.009457619897748,0.0081643757003037,0.0061961879441014,0.0070540566905361,0.0074915798469301,0.0104448670154871,0.0241001533122451,0.0269453283662013,0.026748760912687,0.0255538632214591,0.029003991513388,0.0263596190601489,0.0258700760902474,0.0281183839408144,0.0308359950035954,0.0343187485964692,0.0330022984865245,0.0330956234098488,0.0319589294978126,0.0307840857991507,0.0275179728278012,0.0250253650934646,0.0223320667145528,0.0150033246000735,residential,5,spring,1,3,119.1753794,357.5261382,0
5,2021-05-23,0.0112065541528192,0.0098973750222058,0.0079341494942313,0.0075042484933962,0.0076419931316747,0.0108275261464069,0.0307802363322779,0.0375261211154272,0.0381096958821156,0.0386053300479576,0.0375038212851178,0.033325868814722,0.0323957226114407,0.0349969658399476,0.0321771664869174,0.0366039184475598,0.0370498936558801,0.0342697928969664,0.0362199219209772,0.0332903262533079,0.0294941193695536,0.0272972252724443,0.0249000852519867,0.0170719654746548,residential,5,spring,1,3,119.1753794,357.5261382,0
5,2021-05-24,0.0133207113281941,0.0118453240257908,0.0087426089984558,0.00927568815689,0.0095622518485137,0.0116341832320842,0.030944125768461,0.0380866269073625,0.0422096848526567,0.0410108026413057,0.0400038281360241,0.0365595578182393,0.0320944354757158,0.0352923438627636,0.0372297409197088,0.0397954763042322,0.0402709431017235,0.0386622353370813,0.0376888091939445,0.0317783782357112,0.0298740118119427,0.0277485618855708,0.0253178189156644,0.0186686446717129,residential,5,spring,0,3,119.1753794,357.5261382,0
5,2021-05-25,0.0137710152256879,0.0123208085301454,0.0103722159871565,0.0109006858712754,0.0113178100549605,0.0138864877468026,0.0333726168222873,0.039663003775409,0.0439144109825858,0.0411404781790945,0.0399878534233554,0.0383608760613706,0.0337046262359364,0.0379045094098355,0.0401975824494387,0.039630324635161,0.0377266258552075,0.03792232244653,0.0356587123596343,0.034449773483154,0.0314251248470291,0.0282921453425599,0.025741185732427,0.0201434824102494,residential,5,spring,0,3,119.1753794,357.5261382,0
5,2021-05-26,0.0156851090517025,0.0141240235977794,0.0117654668098011,0.0125954592481261,0.0114990795070812,0.0156208141802761,0.0381839768701671,0.0450171163905896,0.0462303651594969,0.0441732895175509,0.0413565086409307,0.0371216665927433,0.033992668221566,0.0363033886918305,0.043190604067659,0.0406592194557115,0.0410499379875272,0.0425551328958115,0.0411961173851684,0.0359579668422256,0.031419144913963,0.0295592429904964,0.0270566241074403,0.019994295144917,residential,5,spring,0,3,119.1753794,357.5261382,0
5,2021-05-27,0.0157326559978275,0.014382276769834,0.0125997781802108,0.0127935835791505,0.0130564861233258,0.0157397063494273,0.0363767231191385,0.0442535614880054,0.0434158200614073,0.0458056087752754,0.0450187646586291,0.0374710453326306,0.0371829639575358,0.0369193763839032,0.0369203087274731,0.0428558568375989,0.0438428115415708,0.0412257314190899,0.0410413921650647,0.0379606214981927,0.0330410957519698,0.0316930677162812,0.0292021974904198,0.0218919943833942,residential,5,spring,0,3,119.1753794,357.5261382,0
5,2021-05-28,0.0191487417928011,0.0163608611862997,0.0149480568604784,0.0168386677580369,0.015548875842362,0.0177133251718709,0.0344284336920278,0.0412178889092658,0.0409620106227698,0.0413134591484535,0.0410992568824722,0.0379347221911351,0.0368599179144769,0.0393087084846601,0.0322492689362526,0.0324476850749899,0.0363675598338694,0.034586791815785,0.0364921970966217,0.035456308103719,0.0301279880937322,0.031167682124459,0.0269411468988086,0.0194902219235497,residential,5,spring,0,3,119.1753794,357.5261382,0
5,2021-05-29,0.015281697572045,0.0141109526151399,0.0127922036824622,0.0100280516780044,0.0115363481023193,0.0175442842307388,0.0322020402428614,0.0330702375727407,0.0343488083459966,0.031269954253189,0.0326746633839427,0.0386435333025516,0.0288404077195251,0.0271825733815988,0.0329157312695844,0.0267580640986358,0.0266736210212928,0.0273318542009977,0.0300925605222427,0.0290150888605977,0.0258527666339051,0.0244603892682598,0.0219218308317753,0.0163563287438962,residential,5,spring,1,3,119.1753794,357.5261382,0
5,2021-05-30,0.0136357911662998,0.0124797946613733,0.0100420813437805,0.0114234437919287,0.011916330624905,0.0148080313905409,0.0311975120062881,0.0379669078862396,0.0407397089161862,0.0386086821134892,0.0403561105229891,0.0400103258582898,0.0370660496872988,0.0361719403534574,0.0400241897457794,0.0372016146113222,0.0378558307711177,0.0382386606814915,0.0352695531596559,0.0339122392293158,0.0333142525929569,0.0295079225267734,0.0269482515642173,0.0222453760315137,residential,5,spring,1,3,119.1753794,357.5261382,0
5,2021-05-31,0.0170742411113134,0.0157272310918174,0.0139119309921727,0.0145052252072468,0.0148789780741589,0.0181279493350107,0.0382457171776395,0.0444080308743365,0.0469368757462506,0.0454585434627811,0.0442087903066481,0.0395511600309633,0.0367203099293825,0.0372454766108456,0.0436498046644606,0.0374917014368355,0.0373543764358306,0.0419188284493698,0.0380872654460372,0.0364753247671776,0.0345141101561055,0.031757936909185,0.0290559625173629,0.0226443705481756,residential,5,spring,0,3,119.1753794,357.5261382,0
5,2021-06-01,0.0175622273301297,0.0157293484328747,0.0139133849736359,0.0144375387827127,0.0152321522352486,0.0193419497162677,0.0432048591533573,0.049338134317211,0.0478782363212136,0.0500617295191327,0.0477822790948148,0.0399300994085867,0.0388415033298053,0.0419915670773689,0.0428425262948955,0.0430112893828963,0.0429766985128316,0.046126984108511,0.0406467167040994,0.0390871192616125,0.0354680540090559,0.0326837824591249,0.0301101540767497,0.0252083899835762,residential,6,summer,0,3,119.1753794,357.5261382,0
5,2021-06-02,0.0201939938980087,0.0188245750558776,0.017429230735236,0.0175683191065537,0.0163308568428431,0.0186835609017827,0.0415987922153368,0.0457616372367313,0.0462270324155396,0.049128742458655,0.046374134843834,0.0423475284699685,0.0349050833483411,0.0370252556515499,0.0378160465443908,0.0340500981583724,0.0345040995566478,0.0373898631650623,0.0406585448969386,0.0365275883409264,0.0350553089634741,0.0319361758267035,0.0295434986619959,0.0235745955637091,residential,6,summer,0,3,119.1753794,357.5261382,0
5,2021-06-03,0.019679233783585,0.0175906734608278,0.016242911679672,0.0154188231106597,0.0174952566866493,0.020220435061778,0.039761050135472,0.0486057004089843,0.0493280530342108,0.0498146334814089,0.0473962329764475,0.042156085399311,0.0410229543329262,0.0421379191478495,0.0428915211230784,0.0448303779040624,0.045389532429119,0.0449760716893574,0.0423219642040469,0.0392266631458082,0.036728319944183,0.0347128802348865,0.030628642310749,0.0245515198707995,residential,6,summer,0,3,119.1753794,357.5261382,0
5,2021-06-04,0.0202925036819112,0.0190404215281988,0.0173229120601486,0.0174732134122141,0.0176822738555097,0.0208083260517375,0.0419991632026573,0.0494464295645364,0.0505080236923648,0.0518798220660282,0.0474449209675252,0.0423025666359192,0.038105688444464,0.039448864952987,0.0409322232336454,0.0411330630838877,0.0428854633785065,0.0436071419363662,0.042165247999845,0.0394219984946737,0.0367347452666291,0.0348540606890334,0.0322475332262296,0.0245590500512326,residential,6,summer,0,3,119.1753794,357.5261382,0
5,2021-06-05,0.0204140791319271,0.018899919237707,0.0175967066289703,0.0174652444414907,0.0160057944448991,0.0199171541280388,0.0441834225751875,0.0503295473311676,0.0485397988202427,0.0505327244764439,0.0472555194814455,0.0416686833315348,0.0404034781058918,0.0417083978348999,0.0428015475650603,0.0415431406566646,0.0415937817064664,0.0422483187741501,0.0399537921867133,0.0379736670115347,0.0349177863482383,0.03367819621801,0.0317398693666349,0.0249404284174101,residential,6,summer,1,3,119.1753794,357.5261382,0
5,2021-06-06,0.0201582154813893,0.020174911153295,0.0165866622571451,0.016969762585999,0.0172523581375681,0.0199993180319333,0.0430670922407705,0.0498264853038454,0.0466358511656888,0.0481547960789681,0.0478721383457263,0.0399694485015771,0.0420027084170614,0.0401507344442032,0.0385000358696329,0.0404994988252841,0.0359128344075353,0.0385243672823495,0.0411521546006252,0.0392541375484895,0.0360464179331242,0.0326147789918341,0.0301586971239026,0.024314184165003,residential,6,summer,1,3,119.1753794,357.5261382,0
5,2021-06-07,0.0218787488429327,0.0195846063285984,0.0173969819603015,0.0172807240380849,0.0160558050779641,0.0160861015190092,0.0349457032638905,0.0420170775031799,0.040692502843379,0.0427897777145239,0.0367663808784775,0.0333590581229457,0.0372595034244783,0.0360393793547054,0.0339946805535385,0.0384457666494418,0.0352987836095426,0.0356241338465848,0.0387623938431824,0.0377604595890426,0.0340824345205864,0.0280885255019897,0.024783226010348,0.0185885793668892,residential,6,summer,0,3,119.1753794,357.5261382,0
5,2021-06-08,0.0158970683165889,0.0164821894788689,0.0156453301186148,0.0164097387896875,0.0169000941316997,0.0199650503468501,0.0340520302131777,0.0367539068683901,0.0363297542350753,0.0334247520524617,0.027369393472651,0.0251158684517043,0.0254459891828289,0.0277555473814203,0.0278064051423527,0.0248356337628025,0.0255676854561099,0.0254995649475766,0.0303414514650597,0.0291391677166455,0.0265313156012593,0.0248591609404268,0.0224145029851908,0.0167861135844728,residential,6,summer,0,3,119.1753794,357.5261382,0
5,2021-06-09,0.0142896169025157,0.0119407905205479,0.010167719301502,0.0141455439428072,0.0132546540599521,0.0172997219141909,0.0307162314783635,0.0363561857810467,0.0361054378200552,0.0374721333299961,0.0372022348834908,0.0362828841556758,0.0349606446536576,0.0335432993690234,0.0292163501889456,0.0255411247055467,0.0251842408212234,0.0257258356746785,0.0292887216924334,0.0295652589723961,0.0262997596673122,0.0265951978163254,0.0260854686085424,0.0171627228732482,residential,6,summer,0,3,119.1753794,357.5261382,0
5,2021-06-10,0.0170241246500115,0.0160288543932281,0.0119045383124619,0.0100208290114493,0.0089958712911712,0.0113006603011948,0.02531439349999,0.0293918289233437,0.0267003087352271,0.0265980224973951,0.0263201592964762,0.0228434387639992,0.0256816937499002,0.0240427173293076,0.0187940348900201,0.0215354498719807,0.0239019288732124,0.0252512593381074,0.0290611843805347,0.0283408701310484,0.0256358761132971,0.0241319524782803,0.0217381946342151,0.0158230731485206,residential,6,summer,0,3,119.1753794,357.5261382,0
5,2021-06-11,0.01194403569975,0.0094469875466522,0.0083935471052036,0.0097139680557621,0.0102472548549383,0.0127500122215653,0.0352798483962779,0.0406434235798419,0.0418199003166298,0.040912596894278,0.0376973372726237,0.035778574877303,0.0326826105600631,0.0361583534316667,0.0400128386888514,0.0403099780557837,0.0387722372382177,0.0384081844882836,0.0371256976359748,0.0355543983408921,0.0318088993974378,0.0310466163661976,0.0285859084758383,0.0216661708503646,residential,6,summer,0,3,119.1753794,357.5261382,0
5,2021-06-12,0.0155771147323605,0.013940251890699,0.0128371603011809,0.012559752518745,0.0128829480416669,0.0162000462829521,0.0361030117453728,0.0425936753385652,0.0423403356219486,0.041669631572472,0.0404568169990475,0.0336663218250753,0.0319550452490938,0.0363972132855906,0.0340300101792455,0.0338538474915437,0.0332629829517745,0.0344144070724206,0.0363739154226456,0.0329937774318442,0.0290014404656341,0.025954429719778,0.0232960303482804,0.0171877942820273,residential,6,summer,1,3,119.1753794,357.5261382,0
5,2021-06-13,0.0149314476331681,0.0152630339737103,0.0133704459523067,0.0142250560904975,0.0147081623451238,0.0174151974241208,0.0357103100632447,0.0414347064356823,0.0428605362816279,0.0438595807476637,0.0416314222030873,0.0377197956785812,0.0325169406034573,0.0333285608600607,0.0351931973776454,0.0341233123521368,0.0350200269899472,0.0378620149826402,0.0373998266541472,0.0309888117866744,0.0279163221912721,0.02574314656548,0.0232813599492229,0.0173643662259164,residential,6,summer,1,3,119.1753794,357.5261382,0
5,2021-06-14,0.0148330414010209,0.013641100088322,0.0109670271245532,0.010568474262776,0.0108001355679628,0.0130399217014511,0.0264093215264145,0.0319342005827389,0.0334817642304865,0.0330788855457283,0.0314067184537713,0.0256970430274785,0.0236111480403211,0.0227575324446267,0.0232860472474243,0.0246220718629182,0.0231898281055245,0.0264403212655811,0.0273344979867102,0.0248782917831975,0.0238755560963788,0.0213632956285822,0.0189578054686739,0.0139548621355278,residential,6,summer,0,3,119.1753794,357.5261382,0
5,2021-06-15,0.0106153629139156,0.0093282830018195,0.0073769902813836,0.0069100604263351,0.0075175336568718,0.0112779991851349,0.0285811150651593,0.034249320326928,0.0364902551711563,0.0381302400511267,0.0369696023635141,0.0325161594192225,0.0325581379440796,0.0327374087916548,0.0337276217354394,0.0352435903174707,0.0343328185144795,0.0374714655156523,0.0356964435069682,0.0312012763420071,0.0291786128568817,0.0265616229050299,0.0242659413182886,0.0188546375250558,residential,6,summer,0,3,119.1753794,357.5261382,0
5,2021-06-16,0.0142639632637728,0.0129838591523038,0.011155509614961,0.0103550644533275,0.0105231860503648,0.0145517869030923,0.0380047924331077,0.0430867197021842,0.0443526525361142,0.0415465148455124,0.0405101360324559,0.0377348497989677,0.0355191723059186,0.0358149530755987,0.0416148676012332,0.035125824820633,0.0354524120460702,0.0394179291769194,0.0364067999809193,0.0342100884355064,0.0321084905284567,0.0296382232128194,0.0271093859269209,0.0212962278973586,residential,6,summer,0,3,119.1753794,357.5261382,0
5,2021-06-17,0.0154757171440545,0.0153568076706695,0.0135541464777915,0.0126137819934847,0.0128786284328729,0.0166728241041974,0.0337819908364278,0.0424269614570282,0.0461888284064015,0.0471194472338076,0.0420101884319998,0.0411211497671824,0.0338832475593656,0.0328738962471747,0.0306943020006399,0.0297683586859861,0.0313341989916204,0.0344854500087004,0.0349469018551312,0.0334058073125022,0.0312575714393654,0.0287001809085549,0.0262862854183138,0.0188718648898406,residential,6,summer,0,3,119.1753794,357.5261382,0
5,2021-06-18,0.0147532443647356,0.0133526662165361,0.011161020185941,0.0119282370887507,0.0120713395365437,0.0149295632601207,0.0331762538642583,0.0387611314150004,0.0425746287554718,0.044255239426656,0.0442365937934974,0.0411916943116393,0.0363797387254532,0.037229287330892,0.0423657915823033,0.0369227554148386,0.0420942841163178,0.0420249773850496,0.0393032732249969,0.0361207932920033,0.0332804468011574,0.0297302883393109,0.0272742564067808,0.0208278257667227,residential,6,summer,0,3,119.1753794,357.5261382,0
5,2021-06-19,0.0171363652985176,0.015688420364039,0.0131992434365216,0.0127410678043288,0.0129429769885461,0.0160058966315102,0.0399382725287171,0.0455068872119841,0.0479754591861773,0.0498998318229448,0.0487956408257996,0.042786274807243,0.0376219333785946,0.03963218014837,0.0394930857606606,0.0422300953449979,0.0430280048307886,0.047008605920425,0.0400390545354557,0.0371798328854926,0.0352351798652063,0.0308404582156817,0.0282390011354205,0.0234734428065346,residential,6,summer,1,3,119.1753794,357.5261382,0
5,2021-06-20,0.0198305029017196,0.0166241777429773,0.0146488562054468,0.0149859297828657,0.0135236179368939,0.0171221909899616,0.0365566577343613,0.0453785719887699,0.0489834244805183,0.0478406242575698,0.0443533115205718,0.0427778276380065,0.0391634621232451,0.040941855854803,0.0392146057622277,0.0421384106371355,0.0438294309764306,0.0478054225901925,0.0421310920494236,0.0371646174805633,0.0352590361588885,0.0308049347963241,0.0282712725499284,0.0237704427338906,residential,6,summer,1,3,119.1753794,357.5261382,0
5,2021-06-21,0.0181719882647759,0.0185024835628182,0.015128822695374,0.015192034940445,0.0153446916334009,0.0182317063075394,0.0412654463190651,0.0494305839421058,0.0495057890689307,0.04576076404219,0.0443456095160652,0.0445652272936489,0.0394393570058151,0.0409245849651395,0.0455058093469446,0.0439249070127377,0.0453438046784748,0.0470100676200584,0.0428574075013304,0.0392478592556369,0.0358509941311971,0.0328757616630195,0.0304559584431181,0.0241387472084251,residential,6,summer,0,3,119.1753794,357.5261382,0
5,2021-06-22,0.0202181408354281,0.0188617569687115,0.015825909007047,0.0154803573732731,0.0158162632912365,0.0192503952269599,0.0419005574379129,0.0502147558665648,0.0509740738691728,0.0480293011119207,0.0467412944112121,0.0450083832200781,0.0399505202394549,0.0415284086329198,0.0431338536611178,0.0438896406363557,0.0465620686453279,0.0477430945637744,0.0431086445202296,0.0394227427167052,0.0364231214824124,0.0329313748813929,0.0304931485677567,0.0245693371165139,residential,6,summer,0,3,119.1753794,357.5261382,0
5,2021-06-23,0.0204170874490034,0.0189692763092078,0.0163766072032356,0.0156503240410791,0.0174807442182824,0.018890605965605,0.043172775258279,0.0520478522472288,0.051845529629949,0.0476080430060434,0.0470371529581913,0.0454381553438381,0.0400764991398157,0.0417918419523603,0.0455595018583126,0.0436475872371452,0.0446799265918733,0.0444526224499865,0.043568392443178,0.0398250729150227,0.0374437124521845,0.0347426507619459,0.0324144305430838,0.0255459041355478,residential,6,summer,0,3,119.1753794,357.5261382,0
5,2021-06-24,0.0209031894909137,0.019583492090936,0.0176922567985276,0.0175789203446127,0.0179780399463199,0.0216829444190118,0.0422754331671262,0.0496836801646217,0.0513192742062766,0.0491706548299309,0.04801570961538,0.045668861992097,0.0411438376182563,0.04322200199585,0.0433482945662879,0.0459820962474132,0.0454618144400765,0.0458667984166721,0.0448242981383309,0.0399853308228037,0.037526209663963,0.035335875898772,0.0325908261838501,0.0263138981936298,residential,6,summer,0,3,119.1753794,357.5261382,0
5,2021-06-25,0.0207502244717507,0.0212706258007867,0.0186400829923655,0.0178693118956927,0.0179056242191182,0.0217325923811043,0.0435202412110186,0.0480296911859724,0.0464256172120725,0.049848710100421,0.0472727850592557,0.0442249708136244,0.0402155688061583,0.0417461799877992,0.0451832120099346,0.0438685563063839,0.0452274785170741,0.0461747327935411,0.0445882996136665,0.0394453338451302,0.0372024143246774,0.0346051532846966,0.0322024085679239,0.0251678580747798,residential,6,summer,0,3,119.1753794,357.5261382,0
5,2021-06-26,0.0206053974464163,0.0191285045856941,0.0174827183904941,0.0178782692959254,0.0177877973780318,0.0184077704157362,0.0437953295967344,0.0488552357095126,0.0511843047649678,0.0491649641163132,0.046235083865026,0.0458727261681766,0.040171610771895,0.041948989943507,0.0385598498082793,0.0431622067003249,0.0446244519999796,0.0484980021730468,0.0443197472795192,0.0392947224179434,0.0364513176279847,0.0345226822795309,0.0320620386272833,0.0240911746701327,residential,6,summer,1,3,119.1753794,357.5261382,0
5,2021-06-27,0.0203702033891154,0.0191672243612808,0.0166306697374661,0.0176863504479367,0.0180348757264596,0.0204414642856434,0.0410651525845391,0.0476963715830391,0.049799474165329,0.0461354299110179,0.0406636174804532,0.0393260259767324,0.0399338466877948,0.0386985512619425,0.03980775916329,0.0431292401860082,0.0412664017076575,0.0434733973968363,0.0425224534066869,0.0399844035411265,0.0339737044705468,0.0334795569667724,0.0294715404887101,0.0234437491186985,residential,6,summer,1,3,119.1753794,357.5261382,0
5,2021-06-28,0.0139148812841397,0.0137754314018089,0.01229437714573,0.0135579545411094,0.0139808429005665,0.0147816539668307,0.0306439310894658,0.0342118649278226,0.0394165465749425,0.0381742177102201,0.0359403066322881,0.0321381775223718,0.0309082988872722,0.0302594583084074,0.0251812030620534,0.0286676609869075,0.0313136358945526,0.0306348570226582,0.0339038013849829,0.0325352346291201,0.0289263108450001,0.0278728168206864,0.0254485699224697,0.0190191770001715,residential,6,summer,0,3,119.1753794,357.5261382,0
5,2021-06-29,0.0158555901416676,0.0132291262833824,0.0114311993675177,0.011995537806026,0.0124185293829365,0.0139337746772797,0.0281506253785515,0.0304131883930663,0.0313590294708065,0.0374536146085018,0.0390202356907228,0.0321992355140815,0.0269456311159982,0.0296893197638091,0.0268126901127974,0.0282570800052516,0.0292985857798782,0.0321347436718521,0.0331910901495381,0.0316389504718469,0.028499593107213,0.0255428962741003,0.0231555256384129,0.0176909424531916,residential,6,summer,0,3,119.1753794,357.5261382,0
5,2021-06-30,0.0134174234235248,0.0120910608807223,0.0099828060025485,0.0108156692740126,0.0112495454440891,0.0134948901260572,0.0323051869861297,0.0392703090208721,0.0397808538533642,0.0401711384240562,0.0387301769563228,0.0356659104582316,0.0262050580407642,0.0285011388076022,0.0284475909839578,0.0328999817851968,0.0329245309995895,0.0295920318181375,0.0323704732960123,0.0303491116800793,0.028107758184204,0.0264532527526963,0.02479315980035,0.019964041972113,residential,6,summer,0,3,119.1753794,357.5261382,0
5,2021-07-01,0.0165991042530181,0.0153829983736909,0.0137580458038834,0.0141645065013151,0.0145230268365605,0.0185450324813704,0.0391875672968652,0.045532102872853,0.0476160376968131,0.0456261591474578,0.0431628110222532,0.0377144266557205,0.0372493668352549,0.0386336242398362,0.0388274180488271,0.0418627498076656,0.0436214273929238,0.0436748463570649,0.04237360310272,0.0378054987086693,0.0344466428215674,0.0334473208345009,0.0309338695762808,0.0230756722146447,residential,7,summer,0,3,119.1753794,357.5261382,0
5,2021-07-02,0.0193205958801732,0.0181811449487338,0.0160985441690447,0.0167074901925857,0.0168511763023695,0.0193983498235464,0.040370701523539,0.046556878950087,0.0462136728701549,0.0485937925302216,0.0473494598732914,0.0376480765784361,0.0383938540742559,0.0402223129299158,0.0392386725076645,0.0419180696123205,0.0402781487196988,0.0389668563416971,0.0397221245993765,0.0379171066357162,0.0342775005604189,0.0332654976381997,0.0309038347628309,0.023489068855303,residential,7,summer,0,3,119.1753794,357.5261382,0
5,2021-07-03,0.0191979673314466,0.0196396600283888,0.0160048172340689,0.0164560121163861,0.0167117800389518,0.0197337227158503,0.0384503680327795,0.0433260653800216,0.0435024022753027,0.0429407698605339,0.0448334567927809,0.0349221566797483,0.0373563715614346,0.0392441964677046,0.0358133212707219,0.0384804748989794,0.0386060937651387,0.036243379974683,0.0383987182068681,0.0373137493616943,0.0332922778340883,0.0328489417175853,0.0304910206544474,0.0226543757750154,residential,7,summer,1,3,119.1753794,357.5261382,0
5,2021-07-04,0.0190139149867279,0.0178251505988886,0.0155465384558116,0.0164955002216658,0.0168313042506125,0.0177993334457915,0.0340093202139071,0.0376971054572699,0.0363883420673971,0.0347097077571179,0.034064170032201,0.0339205683585975,0.030675301920789,0.0316482169684546,0.0293245458113923,0.0328868126985738,0.0335218986469048,0.0313520623762356,0.0353937383401854,0.0345107153532535,0.0289785587410464,0.0252669510877098,0.0214144598357151,0.0147579807902076,residential,7,summer,1,3,119.1753794,357.5261382,0
5,2021-07-05,0.0113142797601297,0.0087586508019598,0.0071356796238205,0.0085593087848671,0.0086928968014349,0.0112800874707609,0.0313952490525161,0.0375995238260654,0.034968737403005,0.0379389323278768,0.0393462569106155,0.03345822466453,0.0361226286272959,0.0337440773941111,0.0311494932487547,0.023638222022796,0.0248661482534092,0.026762345468538,0.0304986126854541,0.0278215413064636,0.0254852146919121,0.0259373357466275,0.0219070374864418,0.0153614414269694,residential,7,summer,0,3,119.1753794,357.5261382,0
5,2021-07-06,0.0122565251931103,0.0095705144202933,0.008554985388623,0.0096569392272333,0.0099923312811746,0.0115334961623246,0.032336956132456,0.0396722832988588,0.0389586543072044,0.0409596103223605,0.0404736986281695,0.0382237719662079,0.0359892645310442,0.0383054972379998,0.0409972500253327,0.0386317127187826,0.0367725545463704,0.0373460267697106,0.0375433853161867,0.0363663078629394,0.0320246435436827,0.0302169707847243,0.0276403464986013,0.0209888052879919,residential,7,summer,0,3,119.1753794,357.5261382,0
5,2021-07-07,0.0180459164306878,0.0150999286017079,0.0131886078429219,0.0138935012919824,0.0142143385355726,0.0167141307268713,0.0390762731090705,0.0461609321738947,0.0461933687733373,0.0479809256245706,0.0464710712564359,0.0410022417847107,0.0383219494389571,0.0399882795045787,0.0421880619489593,0.0433309615426519,0.0451675578752476,0.0451325010330537,0.0428970667273084,0.038131712223339,0.0342378339193094,0.0335688104114878,0.0295585262658875,0.0228373581155805,residential,7,summer,0,3,119.1753794,357.5261382,0
5,2021-07-08,0.019805340372858,0.018302960057294,0.0142403903804953,0.0151288353484127,0.0154033557585608,0.0172630043669664,0.0421983922947653,0.0493964068430913,0.0494524836138423,0.0492397518507575,0.046026363729496,0.040812244526084,0.0392291684021956,0.0404214489709287,0.0420936226930899,0.0452781027627145,0.0446523511794115,0.0447962232024159,0.0432065287617443,0.037952398093894,0.0341306905734061,0.0320983364801276,0.029763632035263,0.0227293008917379,residential,7,summer,0,3,119.1753794,357.5261382,0
5,2021-07-09,0.0197373509773902,0.0182867789992702,0.014875479460334,0.0153268993621857,0.0154081530780626,0.0180380891012802,0.0415729577054963,0.0497615914133364,0.0493454063122631,0.0480844822900586,0.0467115814432024,0.0420087869460154,0.0394720117356841,0.0426872901206784,0.0432551200160066,0.0486663672610519,0.0479161975138787,0.046883079886279,0.0445275934093159,0.0390921866368584,0.0357448299123356,0.0349536388171858,0.0307622269115543,0.0244116892538722,residential,7,summer,0,3,119.1753794,357.5261382,0
5,2021-07-10,0.0204070708327907,0.0188756154981477,0.0163895591002679,0.0171725462430432,0.0156832278920786,0.0186421002431799,0.0418330854067168,0.0474356461086163,0.0502969239660302,0.0486467731784377,0.0466230684043014,0.0439638126913412,0.0416003006218565,0.0430898930511153,0.0449944582678631,0.0493140960500681,0.0511157941190111,0.0528513130892215,0.050717922432771,0.0424214175289445,0.0388033102455958,0.0350282136810295,0.0344926305817678,0.0283551642762398,residential,7,summer,1,3,119.1753794,357.5261382,0
5,2021-07-11,0.0268693878321564,0.0234854460295192,0.0184310063934253,0.0175354594407274,0.0174050391490671,0.0215816911088661,0.0411634469753064,0.0487270617298662,0.048230105962127,0.0482418814342235,0.0452776067313677,0.0383587820716415,0.0394298814673757,0.0406781457545175,0.0396671390056938,0.0468955819836858,0.0442063952044979,0.0355071705813839,0.0393436337482034,0.0368865965698987,0.033004571505361,0.0322086010148674,0.02968308822983,0.0230120901055075,residential,7,summer,1,3,119.1753794,357.5261382,0
5,2021-07-12,0.01798864869848,0.0163990126670833,0.015081700662286,0.0165382260093964,0.0167019413891349,0.0187016197468432,0.0407132936210441,0.0463392910812988,0.0470929603445489,0.0498071212445529,0.0485911995072246,0.0427355699368849,0.0366582119249931,0.04502435988202,0.042147122021685,0.0493517882997951,0.0489746286678332,0.0457589925322358,0.0451386532524805,0.0385843393729146,0.0355213638291674,0.0341713025736006,0.0313958059768742,0.0230816908209104,residential,7,summer,0,3,119.1753794,357.5261382,0
5,2021-07-13,0.0197294220225429,0.0184768347268577,0.0156020564993317,0.0151339935571597,0.0155280835457676,0.0184884791298631,0.0419680002845477,0.0496222308443652,0.051218169883031,0.0487787579002014,0.0473068918357831,0.0442534483817056,0.041022835397461,0.0422107876043307,0.045127731343134,0.0509310798196818,0.0491588143688535,0.0467104914539123,0.0452604556746029,0.040683096799495,0.0362002874303716,0.0347566154309929,0.0322839546317181,0.0249261638362965,residential,7,summer,0,3,119.1753794,357.5261382,0
5,2021-07-14,0.0207215144798332,0.0193969657178022,0.0170078491814755,0.0158991608048272,0.0160234263787578,0.0194103761118713,0.0398175439081617,0.045143795301327,0.0480432000988013,0.049479532109023,0.0455134388399475,0.0421883331018592,0.041433804537869,0.0418568508171008,0.0396673811370257,0.0412929121652671,0.0392911459302716,0.0394113938126976,0.0398129098499378,0.0382749513039597,0.0350780036212686,0.0336238970419694,0.0312223509193181,0.0237175649605142,residential,7,summer,0,3,119.1753794,357.5261382,0
5,2021-07-15,0.0210345722931865,0.0177695524324508,0.0155691785141978,0.0164871445201206,0.0167730958742247,0.018635425251444,0.0376238800610258,0.0436672749707673,0.042757263670086,0.0381125767931329,0.0399276613102652,0.0369024249986457,0.0417189922316084,0.0421638495418732,0.0402064964846727,0.0446031510070537,0.0474102693532103,0.0429298818518611,0.0454089466522945,0.0407815517369621,0.0337421728592959,0.0349944154672496,0.0309428925368724,0.0234773733642313,residential,7,summer,0,3,119.1753794,357.5261382,0
5,2021-07-16,0.0212449445907447,0.0184506495011047,0.0157719091751225,0.0168703053985649,0.0169975557685468,0.0188550238353492,0.0429033143238678,0.0459501302749876,0.0473543046736863,0.0507267381475891,0.0475464327673484,0.0417801058852446,0.0438329220506815,0.0450194760293046,0.0417977264834573,0.0447772338415616,0.0475015534073413,0.0429240467701119,0.044722723603587,0.0402311945329973,0.0345998073342134,0.0339863066107242,0.0313167704685695,0.0238616386544661,residential,7,summer,0,3,119.1753794,357.5261382,0
5,2021-07-17,0.0197708218798671,0.0184528649032034,0.0155938216004425,0.0152009162751296,0.0155542724383309,0.0187071506671511,0.0418189844791729,0.0497592356292886,0.0495123607667058,0.051994198785847,0.0489793083015532,0.0441902986675013,0.0410760164302031,0.0427379002478154,0.0428610559043579,0.0462644048282409,0.0467936169275967,0.0458445455797085,0.0470066237802908,0.0400815115229147,0.0373774116587409,0.0354600628036871,0.0315796601037469,0.0258411107908504,residential,7,summer,1,3,119.1753794,357.5261382,0
5,2021-07-18,0.0218039433689041,0.020823690026037,0.0183932423719322,0.0195672191053131,0.0195087767181424,0.0207771463504031,0.0434960647741604,0.0512916112398305,0.0511158430674669,0.052588638437628,0.0515133630611132,0.0476616837970621,0.046658274279468,0.0517925340176091,0.0468794221989637,0.0491827955565824,0.0461871661033588,0.0368070761110337,0.0374511969110553,0.0336496400160964,0.0316399023187275,0.0307742835893261,0.029801696674358,0.0210566539157508,residential,7,summer,1,3,119.1753794,357.5261382,0
5,2021-07-19,0.0181928686396191,0.0153579521080336,0.0112459720280758,0.0110356815109437,0.0113009016600806,0.0156986839134352,0.030264448209823,0.0312226039170182,0.0326397087631764,0.0314520009100163,0.0312621412417513,0.0277800977209571,0.0255690055534617,0.0281945857404294,0.0276269049723641,0.0349947309685373,0.0387605328653261,0.0370521191107191,0.0380472107576181,0.0332004676714546,0.0278066694898283,0.0273198311759732,0.0235594551229693,0.0176021734245111,residential,7,summer,0,3,119.1753794,357.5261382,0
5,2021-07-20,0.0155033950362093,0.0142924466399017,0.010011527959213,0.0102157514716956,0.0120965362710123,0.0155493813924691,0.0344145035941858,0.0409608923372074,0.0451557589218525,0.0445063207744713,0.0415454322467127,0.0382029368004455,0.0377870157771172,0.0398331456702444,0.0397517227455463,0.0443739545002588,0.0437687363846057,0.0427857869214509,0.0445600154859159,0.0373390263343632,0.0331945280180064,0.0312532964349786,0.0305107992932707,0.0223602624661648,residential,7,summer,0,3,119.1753794,357.5261382,0
5,2021-07-21,0.0188948192088879,0.0172618076267986,0.0144355218758962,0.0143712416332559,0.0148827881000374,0.0174975810868941,0.0378308562701151,0.0471320421641648,0.049713916923866,0.0494045858697283,0.0441928490722011,0.0404246554149222,0.038937126459852,0.0407109046256723,0.0418055689716757,0.0440289184656464,0.0451460531293845,0.0466723428762671,0.0433949853558531,0.0385008974720059,0.0351189962816083,0.0321713277252557,0.0294064334980493,0.0228479042389465,residential,7,summer,0,3,119.1753794,357.5261382,0
5,2021-07-22,0.0193136568096779,0.0179430462155424,0.0148647498457014,0.0151731717906149,0.0152993566270003,0.0176111260020593,0.0408487409722198,0.0486473972674038,0.0478399149447758,0.0472281004919432,0.0443686907359184,0.0407313350775428,0.0391865568265623,0.0405198209662977,0.0405116789789462,0.0434536897997687,0.0452866893498548,0.04662743373774,0.0429370556618607,0.0384479189620452,0.0339728662234964,0.0322462689285448,0.0297647804153593,0.0225565398732202,residential,7,summer,0,3,119.1753794,357.5261382,0
5,2021-07-23,0.0195051733094642,0.0166399483413568,0.0146715518089455,0.0150184181411117,0.0154174340428719,0.0174867708188512,0.0389795469896103,0.046961495744497,0.0464156142850342,0.046109445811905,0.0426105954246454,0.0389854856572424,0.0373645666284701,0.0389037712930983,0.0413152040551231,0.043067341435683,0.0409194475682092,0.0436808208969562,0.0430074881812613,0.038569849920804,0.0337491001590467,0.0321208130960968,0.0297850266640912,0.0231292167719411,residential,7,summer,0,3,119.1753794,357.5261382,0
5,2021-07-24,0.0201531428445163,0.0187353803953147,0.0158747750534787,0.0172009428765852,0.0141400515214787,0.0193904178348677,0.039998074889062,0.0443885917189632,0.0489604105545545,0.0465943710464454,0.0420475498825271,0.0392244207059407,0.0405174928128562,0.042096054966582,0.0365993834407985,0.038688852883125,0.0408420297848868,0.0393843077487273,0.0400311178777282,0.0383955613401853,0.034714298160661,0.0323555685795116,0.0297716500555616,0.0234317124585534,residential,7,summer,1,3,119.1753794,357.5261382,0
5,2021-07-25,0.0198299699588884,0.0183467225278131,0.0158940729308665,0.0169953315597087,0.0173594901598447,0.0191147691748477,0.0407494019555277,0.0469176766619693,0.045757138352342,0.046413363341166,0.0461792798651249,0.0399420916271872,0.0401437620041506,0.0393546860223116,0.0416764396210593,0.0331156514761785,0.0361796687568555,0.0401687609755981,0.040780489006885,0.0387187421367028,0.03514736686046,0.032386688316516,0.0298331100862486,0.0238533539478019,residential,7,summer,1,3,119.1753794,357.5261382,0
5,2021-07-26,0.0199190796122832,0.0185186057732859,0.0169777070357709,0.0170484715748639,0.0157391563321644,0.0198848478760132,0.0382830932671141,0.045294157343037,0.0462230993507244,0.0494626714717296,0.0461305806552474,0.0402938395785963,0.0399915756001579,0.0413925138451608,0.0455448889076694,0.0431683520364378,0.0408644781664784,0.0397405622497284,0.0416884098091299,0.0381978503281493,0.0344373490763357,0.0337673322867416,0.0312383542544682,0.0238212663097452,residential,7,summer,0,3,119.1753794,357.5261382,0
5,2021-07-27,0.0217445597768779,0.020504165124309,0.0162175914128866,0.0171303987740762,0.0177253466806749,0.0202766471778836,0.0376325053757078,0.043546605428455,0.0444800146839177,0.0446910506218926,0.0443528647514749,0.0402513795227202,0.0388377984567393,0.0393383899019787,0.0404139349467037,0.0418300879082921,0.0425066099670921,0.0427853858967065,0.0407990266796712,0.0383771683175061,0.0342209619729973,0.0338761950249238,0.0296108674045944,0.0229816417703941,residential,7,summer,0,3,119.1753794,357.5261382,0
5,2021-07-28,0.0195282013507005,0.0183569738897248,0.0158759651715776,0.0168123117887552,0.0170548465623541,0.0170587493252033,0.0359710259284514,0.0401206064167761,0.0388736882014222,0.0428608474012275,0.0381953667483224,0.0379932620897234,0.0378033953391428,0.0380544730070169,0.0385218659828731,0.0413581046661019,0.0448820837564498,0.0440667575601662,0.0427084819780857,0.0380282195818843,0.0347373460247491,0.0319558935100258,0.031354188339653,0.0239482925735454,residential,7,summer,0,3,119.1753794,357.5261382,0
5,2021-07-29,0.0193729681883404,0.0179683256431538,0.0159336690351482,0.0167562079363326,0.0170863577524162,0.0190086205887083,0.0372977560892231,0.0443216607950683,0.0456150274930811,0.0477458506893412,0.0470833833990494,0.0419356469118722,0.039609552938934,0.0376557536928569,0.0398712245851732,0.0420759263145519,0.0438660082824743,0.0440725413344092,0.0445985329768748,0.0377761865459238,0.0347771876784858,0.0336544938788505,0.0312578459180633,0.0233155660946244,residential,7,summer,0,3,119.1753794,357.5261382,0
5,2021-07-30,0.0198174634660349,0.0182680981345058,0.0160602204691692,0.0166750286561138,0.015522708784421,0.0192499002758264,0.0394296778431613,0.0451338139563756,0.0450149724824811,0.0459877554548798,0.0379186798763939,0.0409136954597075,0.0400363433836887,0.042544042755922,0.0386095515268715,0.0451626179613558,0.0416153446691496,0.0397967281407386,0.0429064618382942,0.0399039459456312,0.0333647802219082,0.0304730511894282,0.0297801525154808,0.0232551027663416,residential,7,summer,0,3,119.1753794,357.5261382,0
5,2021-07-31,0.0198044301470815,0.0179149265893045,0.0148070828068276,0.0151739176828179,0.0157487849970835,0.0184546554698084,0.0397378605886292,0.0437836017223105,0.0430475714786444,0.0465471644964642,0.0470655772379511,0.0409630148662824,0.0412773576407624,0.0423360224284298,0.0425851557681207,0.0454331271237091,0.0458205992905279,0.0429962850338128,0.0420582984449602,0.037556650082088,0.0349953084611453,0.0331030031688648,0.0310576488562795,0.0260148679411236,residential,7,summer,1,3,119.1753794,357.5261382,0
5,2021-08-01,0.0225041542663835,0.021225668918589,0.0193266083802405,0.0191912751374862,0.0192647663048876,0.0228432165883301,0.044626616157694,0.0495397468899085,0.0496691780230039,0.0503487760220582,0.0495800320222074,0.0454891323168508,0.0427730743958872,0.0461782336024039,0.0500774738032874,0.0491260224170837,0.050141944496431,0.0514246129827784,0.0503013332824541,0.0421558616876098,0.0340914531497643,0.0282426278004127,0.0258196172016438,0.0202512771399797,residential,8,summer,1,3,119.1753794,357.5261382,0
5,2021-08-02,0.0178426632055282,0.0179664366411095,0.0137122078142956,0.0162665963855062,0.0162440207190226,0.017325743016357,0.0358068017526865,0.0419777258689431,0.0443991989529781,0.0467784005797924,0.0437990148588916,0.0417815597650497,0.0395961055462326,0.0435873113945309,0.0469679786926094,0.0490517346339071,0.0496386238016875,0.0506838878911388,0.0470806829228177,0.0422244407447357,0.0390834212055498,0.0379847702009337,0.0267836665494404,0.0225431454585319,residential,8,summer,0,3,119.1753794,357.5261382,0
5,2021-08-03,0.0174379163679773,0.0146550500734258,0.0129696721029003,0.0144278519853412,0.0162051685615503,0.0171597967646885,0.0391373127626421,0.0444117929361495,0.0450335684213485,0.0459056157880826,0.0454673022946737,0.0438732453269962,0.0401939647120683,0.043909388728675,0.0425172197522238,0.0456337715522473,0.0461136320528525,0.0465714077427332,0.0444012745169914,0.0414296917223914,0.037172308440358,0.0349704059494282,0.0330068894265363,0.0261321207222102,residential,8,summer,0,3,119.1753794,357.5261382,0
5,2021-08-04,0.0215615667073679,0.0213713727563545,0.0174703761590709,0.0163377680384796,0.016761917334299,0.0193964959027082,0.0376600331167914,0.0446901574955215,0.0466127609794101,0.0470957088194217,0.0442377712311022,0.0433573195740548,0.0408702787405451,0.0426457177174232,0.0437140971402767,0.0437080626538573,0.0437875790213288,0.0445368821496458,0.041894102567681,0.0406244343510205,0.0370613236180043,0.0364163644724487,0.032047882171637,0.0254222721821444,residential,8,summer,0,3,119.1753794,357.5261382,0
5,2021-08-05,0.0220969497385556,0.0205298599679266,0.017117244512658,0.017557508231345,0.0180443700947677,0.0201246040277156,0.0405309286225124,0.0496146174891615,0.0494327878525303,0.0503577521245219,0.0489723734981602,0.0436163226459182,0.0421432894169061,0.0424249818366003,0.0390677448531668,0.0432313178596304,0.0434030911206859,0.0452639927028632,0.0422932672837859,0.0410640697546666,0.0365444814142036,0.0346079019311975,0.0321756685816208,0.025062268270158,residential,8,summer,0,3,119.1753794,357.5261382,0
5,2021-08-06,0.021934516922346,0.0206798024635988,0.0178746923457115,0.0194432802527366,0.0163520692686032,0.017973819673547,0.0386689523128403,0.0436887174026021,0.0446246292491763,0.0501440311327951,0.0430102410274736,0.0363299276463409,0.035403709849488,0.0347256613454704,0.0369852290575175,0.0391548714434455,0.0400937485248581,0.0401234385442872,0.0394625780032845,0.0380406647872367,0.034162213067813,0.0337553276437938,0.0315744283675723,0.024083572555807,residential,8,summer,0,3,119.1753794,357.5261382,0
5,2021-08-07,0.0219841272226177,0.0187709961196641,0.0159742248700579,0.0175149469558317,0.0176095920060243,0.0195462961440689,0.0362367038065902,0.0406393353821277,0.0372887079487226,0.0413355672422275,0.04078035800458,0.0383064033546978,0.037609182177514,0.0407878108013418,0.0366933582685877,0.038816524631178,0.0377127322925708,0.0371380880530876,0.0391634555891692,0.0379125791298272,0.0335688002259977,0.0335713640017628,0.0309721579961589,0.0229135999560517,residential,8,summer,1,3,119.1753794,357.5261382,0
5,2021-08-08,0.0210559656897815,0.0198177101826067,0.0151629066630988,0.0165708277991902,0.0170496459052395,0.0188054570829169,0.0411773518302415,0.047502019269822,0.0476632960723256,0.0487113355079905,0.0455963454765333,0.0423229475832661,0.0399034450137243,0.0411890593065509,0.0429696047181647,0.0419446298423702,0.0428821714471638,0.0429624536603154,0.0422388519987165,0.0391812588288146,0.0360374675626034,0.0344455006803264,0.0317462561537032,0.0243819322340477,residential,8,summer,1,3,119.1753794,357.5261382,0
5,2021-08-09,0.0215269133211514,0.0202344092719579,0.0174328422391237,0.017447685782445,0.019409786836694,0.0208471437206768,0.0398743750943838,0.0482131626243685,0.0492690969283493,0.047344951712137,0.0445201703854821,0.0431897310187489,0.0384054617102546,0.0417112591326521,0.0425983586881428,0.0370659963215474,0.0384660203853338,0.0410312386528686,0.0401831547512372,0.0391040352715384,0.037136043143903,0.0339483862643147,0.0316873112058138,0.0254048608554725,residential,8,summer,0,3,119.1753794,357.5261382,0
5,2021-08-10,0.0201800097778816,0.0188930267187328,0.0176804539514641,0.0176707913824156,0.0178713649596244,0.0212401112099077,0.0392548509384476,0.0445135998264621,0.0460406406826262,0.0478437304426667,0.0452885625846737,0.0396626279641764,0.0387782327339434,0.0420786316843229,0.0431860825818703,0.0418137059516807,0.0412761071441521,0.0418799283800811,0.0420152423595414,0.0391759059885736,0.0365469993408637,0.0344736903227755,0.0319473251942327,0.0253051084579519,residential,8,summer,0,3,119.1753794,357.5261382,0
5,2021-08-11,0.0219566058724054,0.02089145624209,0.0182202368046555,0.0194726894051527,0.019395047069007,0.0207262792323051,0.0408454276336659,0.0488418608180044,0.0489414356997994,0.0472690440881362,0.0472242812642769,0.0476391088449685,0.0428546988787306,0.0410426985685975,0.0421040123335327,0.042520882576627,0.0408600955587444,0.0407171527984304,0.0421470236102852,0.0391658484300156,0.0364074445539451,0.0345715191480222,0.0321574488510984,0.0258039318930166,residential,8,summer,0,3,119.1753794,357.5261382,0
5,2021-08-12,0.0206031835559009,0.0212926240809948,0.0179168483504155,0.0179373162481549,0.0184441811865615,0.0221463110374302,0.0423856713698727,0.0465839005543952,0.0445946732967142,0.0442573509220646,0.0444910121810277,0.0415238003713292,0.0411682989546179,0.0382360356656157,0.0359691626677338,0.0314605599721724,0.0335270174615222,0.0347090825651746,0.0366914676833741,0.0357012209754444,0.0317216789833437,0.0298484956602766,0.0290688436679715,0.0205291325397437,residential,8,summer,0,3,119.1753794,357.5261382,0
5,2021-08-13,0.0194878956600993,0.0182956367191474,0.0163359103621829,0.0138618664429666,0.0109287369385935,0.0156026246693433,0.028661373296065,0.0329312793523898,0.0343168872689244,0.0348942060813346,0.0303238641429796,0.0280724305767179,0.0261965181021439,0.024591664267101,0.021409060710512,0.0220991387054987,0.0252079971122735,0.0264378191133186,0.0304327900484707,0.0292883228868996,0.0259118458635543,0.0249797661709465,0.0225295081869459,0.0164508706178178,residential,8,summer,0,3,119.1753794,357.5261382,0
5,2021-08-14,0.0128701637596061,0.0132226063235124,0.0095172144205044,0.0123663050318207,0.0130294987682,0.0150289815549034,0.0311351706158867,0.0374465517596178,0.0400967267176671,0.0417525361321521,0.0411214569755948,0.0382408997558001,0.0355446021367365,0.0332219888615195,0.0342805067117084,0.0356009165578671,0.034316406023487,0.0344275869862009,0.0377583967578349,0.0365087193167658,0.0317027290511559,0.0304564147262172,0.0282452400511508,0.0215647107324817,residential,8,summer,1,3,119.1753794,357.5261382,0
5,2021-08-15,0.0184974846361157,0.0170449090657604,0.013585040611994,0.0157069439928614,0.0161760729481461,0.0163737127608554,0.0354722129185311,0.0439279330019828,0.0477138236218488,0.0454419334055977,0.0436556971513178,0.0408876111649559,0.0379930098775714,0.0399114762294433,0.0433921552224803,0.0419825676165234,0.0427732031810885,0.0449484759976631,0.0399189385503946,0.0388104185295583,0.035660741480923,0.0341469534285457,0.0316040380964449,0.0240513054800153,residential,8,summer,1,3,119.1753794,357.5261382,0
5,2021-08-16,0.0180374267517837,0.0162323018293116,0.0158516474471194,0.0150476297016602,0.015425366159107,0.0192286336669787,0.0404884155970208,0.0480278816246231,0.0469059376966123,0.0470200324183272,0.045286207508812,0.0432229984685246,0.039904513613842,0.0430195312147976,0.0454372506052736,0.0456104986196284,0.0429852815988481,0.0427839793829784,0.0420158859694039,0.0408437545398279,0.0358287838307204,0.0345170630955177,0.03157599408615,0.0233263246697204,residential,8,summer,0,3,119.1753794,357.5261382,0
5,2021-08-17,0.0197492208808845,0.0182349772513643,0.0153490173589586,0.0168797638470652,0.0169481036791841,0.018133402293777,0.0389449202662316,0.0473005104405583,0.0471302852903352,0.0470303642708519,0.043738070420836,0.0406738379142449,0.0401083230539266,0.041035653069684,0.044520645911016,0.0454383452836968,0.0456087859709208,0.0457307751174614,0.0424700133075283,0.0394490532522819,0.0368478197754203,0.0347014824588855,0.032009135637253,0.0241392193741645,residential,8,summer,0,3,119.1753794,357.5261382,0
5,2021-08-18,0.0219122747478591,0.0188447913542045,0.0162933915722149,0.0174274129151222,0.0175824553780455,0.0193521874697256,0.0412694855570626,0.0473467050308681,0.0468795133867583,0.0471783738113201,0.0445609218621047,0.041519177487385,0.0392260862104882,0.0411572710513618,0.0455614148626447,0.0440876363343357,0.0467490342620944,0.0462375361870644,0.0419989367280554,0.0390440106327872,0.0364308729660075,0.0349957328615251,0.0326767699310378,0.0259771496888742,residential,8,summer,0,3,119.1753794,357.5261382,0
5,2021-08-19,0.0223629406126338,0.0208710695895466,0.0178334767090653,0.0198471275653107,0.0200266664713256,0.0215733962206674,0.0378952971445064,0.0411813844137175,0.0399401576313348,0.0454167297221575,0.0443808387008281,0.0386837946016621,0.0408277564666844,0.0380246595970137,0.0368470081996598,0.0304421361145187,0.0295708200052512,0.0311065485347973,0.0329678356685501,0.0319160113489146,0.0285753929711966,0.0274576842155729,0.0249219946399418,0.0171872935044854,residential,8,summer,0,3,119.1753794,357.5261382,0
5,2021-08-20,0.0135324663053281,0.0120522993637591,0.0104639830717587,0.0108517100396487,0.0126067384402486,0.0146527278660604,0.0273449361423951,0.0285622308792632,0.0275526932813468,0.0291507416662955,0.0274439895177497,0.0252540865369842,0.025474823316318,0.0227173718516426,0.0228447604357495,0.0247693041460674,0.0235997823808385,0.0245714490191917,0.0268537660245803,0.027139629308901,0.024145573923852,0.0227296533061459,0.0202824850465097,0.0140212562378023,residential,8,summer,0,3,119.1753794,357.5261382,0
5,2021-08-21,0.0106565853519241,0.009316593133233,0.0070748464914924,0.0082178658797333,0.0086020440486479,0.0113376206887966,0.0291260286959078,0.0378530624894385,0.0359878084530465,0.0391411037064787,0.0380837351194836,0.0384025458429214,0.034860090828952,0.0379176513362042,0.0402004922234443,0.0374498254588209,0.0386990031364076,0.0398618968506867,0.0361260347880355,0.0347900431752427,0.0312668535990959,0.0290941411435288,0.0267075873248067,0.0215389000620055,residential,8,summer,1,3,119.1753794,357.5261382,0
5,2021-08-22,0.0167309927990295,0.0152411399431783,0.0142070113458006,0.0123217722311608,0.012766839856517,0.0152873237145046,0.0331790946461853,0.0423087320230065,0.045858354056641,0.0420542633354415,0.0420317090303831,0.0359970015692894,0.0350134306218609,0.0371027339552355,0.0410191384067731,0.0403370676883068,0.0407889086029145,0.0412509084748897,0.0377394544252865,0.0364832464185785,0.0350123497366662,0.0321886902577777,0.0295146265921404,0.024450016356095,residential,8,summer,1,3,119.1753794,357.5261382,0
5,2021-08-23,0.0179524484953237,0.0163142588699822,0.0151664989498583,0.0149035854313889,0.0134305376039982,0.0167792191411457,0.0357387758210593,0.0433752783580592,0.0444328608756793,0.0425063300770555,0.0424788759633355,0.0404089368929539,0.0377710351710291,0.0405486465370061,0.0424545981438736,0.0433082926157536,0.0418021343298511,0.0425738738123761,0.0401251078940553,0.0369466674823852,0.0336055795499364,0.0321759462651965,0.0297140553003684,0.021992030678672,residential,8,summer,0,3,119.1753794,357.5261382,0
5,2021-08-24,0.019506702499231,0.017947498169243,0.01430927759186,0.0145491517023576,0.0133190419018835,0.0166596542305314,0.0376290164633498,0.0444787877462102,0.0474697786895155,0.0444853368263845,0.0436243944759094,0.0425611167863679,0.036667053467172,0.0401732796596531,0.0443415631861316,0.0446766028652417,0.0438119108788455,0.0463690069787547,0.0396295597742317,0.0381537698625924,0.0343075651346706,0.0320721352061859,0.0295581121441707,0.0224714382116431,residential,8,summer,0,3,119.1753794,357.5261382,0
5,2021-08-25,0.0195793516990807,0.0178025139429275,0.0138701467824477,0.0147042753172872,0.0135734626091872,0.0170991401545617,0.0375688012603536,0.0427296179345023,0.048609245085854,0.0482904192806314,0.0425370214626442,0.0425695556319196,0.0386779859425795,0.0415993673185925,0.0463728133034252,0.0461343972689536,0.0445634744282727,0.0479420533809056,0.0417519785541669,0.0405911792071051,0.0363352505891847,0.0337780743812844,0.0310629396555509,0.0236532548735496,residential,8,summer,0,3,119.1753794,357.5261382,0
5,2021-08-26,0.0195896044107043,0.0180221299318929,0.0153645275946329,0.0150564176377437,0.0155298876348908,0.0186280684393202,0.0375207699276865,0.0451633330826795,0.0474897340297393,0.0493034450266333,0.0463446645775048,0.0435983762545194,0.0392340032985286,0.0407672508899755,0.0462853858636303,0.0438225764204333,0.0453273001218331,0.0475061896935398,0.0431442633829214,0.0411957958747089,0.0352456704038749,0.0331128152391513,0.0308897942741242,0.0234311515861823,residential,8,summer,0,3,119.1753794,357.5261382,0
5,2021-08-27,0.0193987010058718,0.0181075620296901,0.0172066622221593,0.0168532700796098,0.0156614664544991,0.0191974302036966,0.0368563940736358,0.0423890097299075,0.0444397427751731,0.045104140770426,0.0452159339313671,0.0412237009521581,0.0415928849466989,0.0411232551177816,0.0379145209957603,0.0401538664999495,0.0411202644221841,0.0389583170434429,0.0417448782520789,0.0388199970143158,0.0339695357587768,0.0328581013858364,0.030380941603056,0.0225131271483064,residential,8,summer,0,3,119.1753794,357.5261382,0
5,2021-08-28,0.0171747725422324,0.0180106389075057,0.0151779889950146,0.0150547529754423,0.0154411276187405,0.0198266414910696,0.0364932229197398,0.0431833429838477,0.0449728664831776,0.0455765447238871,0.0428389246965908,0.041655713641202,0.0415050199186415,0.0401265726820226,0.041674536084577,0.0420536039763509,0.0444027191206455,0.0416625771597633,0.0420131532965427,0.0372903140770887,0.0348529087624994,0.0315785950309299,0.0290795214438666,0.0230176425711812,residential,8,summer,1,3,119.1753794,357.5261382,0
5,2021-08-29,0.0189048015698235,0.0174494606066256,0.0152025542215801,0.014559191925547,0.0150874406776168,0.0178414318477365,0.0381614597370164,0.044181752505066,0.0464162274270814,0.0472192424233926,0.0475376827670661,0.0467404199175738,0.0415320308729959,0.042913298007574,0.0491525894332955,0.0475979981038127,0.0476805703516792,0.0474315096514355,0.0419985630916692,0.0392946541094222,0.0383497201374169,0.0340375063749198,0.0299452022510883,0.0255648299011261,residential,8,summer,1,3,119.1753794,357.5261382,0
5,2021-08-30,0.0197376026199352,0.0184046714649564,0.017701396485786,0.0170482925493013,0.0157224133111939,0.0197325396619581,0.0392636836412286,0.0469173087716098,0.0464618689568051,0.0478810825392809,0.0476823621630248,0.0467969082789794,0.0427261488066272,0.0445296849258171,0.0513800649416405,0.0462603748335316,0.0462415201546659,0.0460872419328738,0.0419639089318271,0.0394359461408503,0.0373627357693806,0.0347590853213208,0.0313919852282668,0.0240333376495173,residential,8,summer,0,3,119.1753794,357.5261382,0
5,2021-08-31,0.0198705398055246,0.0184781521705286,0.0163954835676549,0.0155796292290414,0.0174854058507057,0.0196868567632811,0.038946028092759,0.0460897915651055,0.0474187699144114,0.0467155290745479,0.0495223848188851,0.0463200932432948,0.0387758667004581,0.0363409807688415,0.0425613719006782,0.036318264120108,0.0360788538909396,0.0388261219434159,0.0368640309475873,0.0355500813115366,0.0340063098016478,0.0312847906129973,0.0286139477511809,0.0230394042382384,residential,8,summer,0,3,119.1753794,357.5261382,0
5,2021-09-01,0.0178504501579836,0.0157275268991713,0.0142415965483614,0.0138385945224912,0.0141397504835386,0.0179936498056468,0.0362172131203832,0.0391943606450465,0.0399126175717753,0.041269969063464,0.037157229447476,0.0367976807302664,0.0307590668824527,0.0308018628536815,0.0282042153683735,0.0326330446708545,0.0344895361891283,0.0318804495605368,0.034287335941107,0.0346883297775236,0.0299677478610739,0.0269673284609894,0.0245847410025688,0.0185308861862995,residential,9,autumn,0,3,119.1753794,357.5261382,0
5,2021-09-02,0.0149130917912697,0.0134168413459208,0.0107283629642373,0.0122854003861839,0.0111382765426022,0.0150520000984508,0.0338281757140154,0.0393646260515432,0.041918346885401,0.0421488564804566,0.0422765871205154,0.0397788443514058,0.0395941755144993,0.0420314292054518,0.0387544050186197,0.0389010645812677,0.0380622488401502,0.0353587568580097,0.036389450420885,0.0352348287212046,0.0323039126142392,0.0292878437745391,0.0286377972631322,0.0213260192647905,residential,9,autumn,0,3,119.1753794,357.5261382,0
5,2021-09-03,0.0170758915751251,0.0170605376037483,0.0135038843171821,0.0141531310573173,0.0144426362894299,0.0150469381700256,0.0352455379670324,0.0401942175943927,0.0386096342507629,0.0432601083957049,0.0359216134382977,0.0372176914994299,0.0349622909227781,0.0344538539720641,0.0371045169948346,0.045767341719528,0.0430814343186488,0.0409153208729578,0.0385693120631148,0.0354557007310229,0.0325204873627858,0.0315572639075244,0.0291552901059388,0.02102447814933,residential,9,autumn,0,3,119.1753794,357.5261382,0
5,2021-09-04,0.0172483013310565,0.0158138329090308,0.0133709565610653,0.0144315957500115,0.0131793185270765,0.0172469372371877,0.0356026983969751,0.0429032561636085,0.042114739063291,0.0460224349772772,0.0446723917641954,0.0428617903209117,0.0434180698027567,0.0460360807612584,0.0442395343636888,0.0445891820603984,0.0407771242180934,0.0326899252358085,0.0392252341993193,0.0380094379542023,0.0323175112490322,0.030196561531031,0.0291123625987126,0.0215940481457387,residential,9,autumn,1,3,119.1753794,357.5261382,0
5,2021-09-05,0.0194015394948644,0.0180958662620627,0.0146275392648186,0.0166310412781213,0.0152628818810241,0.0177628558900277,0.0362542542725605,0.0438892237176323,0.045161791740362,0.0498391519564763,0.0456352014076938,0.0436444448077574,0.042796195962171,0.0444612166384782,0.0395615357392889,0.0458495220081468,0.0448760193267537,0.0412627839708165,0.04120302280967,0.040186747009137,0.0340348369338441,0.0321122736506104,0.0307953900241039,0.0224421948619054,residential,9,autumn,1,3,119.1753794,357.5261382,0
5,2021-09-06,0.0193427578689508,0.0163182967356118,0.0143636279670989,0.0150639693245535,0.015355625304462,0.0177270976098562,0.038155069112041,0.0454421019841435,0.0457624557987377,0.049140690614821,0.0475979188871792,0.0373589554461192,0.0450034072770713,0.0434890950321477,0.0415966842035155,0.0450820293474645,0.0466019519917772,0.0407386337602278,0.0431275343712169,0.0398002049306031,0.0336787551719219,0.0334710707853005,0.0294493185647185,0.0221755133648752,residential,9,autumn,0,3,119.1753794,357.5261382,0
5,2021-09-07,0.0192683225979097,0.0161453780969943,0.0141330915783409,0.0148238189317705,0.0152063444023901,0.0178220356703966,0.0407055224896144,0.0466654673162322,0.0459166335728278,0.0483233737433614,0.0465555401142174,0.0432821285856639,0.043166097933085,0.04635683484913,0.0450879216565451,0.0497626110637849,0.0475615625189425,0.0423034185036717,0.0431936462676302,0.039908623747153,0.0344617188668877,0.033451893149846,0.0310584833637415,0.022857330886066,residential,9,autumn,0,3,119.1753794,357.5261382,0
5,2021-09-08,0.0196708777345867,0.0181495624044569,0.0151747178194234,0.0152026565899462,0.0155142336793289,0.0186118374591786,0.0394072994109111,0.0442866558869195,0.0451499401961827,0.0463879785069343,0.046907401469067,0.0449041360470819,0.0461405456071593,0.0439637373239721,0.0450034586502271,0.0472956117983481,0.0400638740880483,0.0417789884998513,0.0398489985718866,0.0383102734517082,0.0343169122780575,0.0322205290651166,0.0296693603229616,0.0234294659784935,residential,9,autumn,0,3,119.1753794,357.5261382,0
5,2021-09-09,0.0197029655327653,0.0181317850356343,0.0154334583698991,0.0150767771020443,0.0151442641200402,0.0182200077076942,0.0378902156943456,0.0428531480278924,0.0451938993312681,0.0490558307877574,0.0468824199302012,0.0452927593257661,0.0461005345056448,0.0467167985466877,0.0464559606109999,0.0514613305226907,0.0499768640855544,0.040845700663919,0.04213840018843,0.0393426768951881,0.0349122111316594,0.0356680019586323,0.0315376831352939,0.0237011644288918,residential,9,autumn,0,3,119.1753794,357.5261382,0
5,2021-09-10,0.0213693392771085,0.01993331772228,0.0159849057228655,0.0170267522017977,0.0174481065743182,0.0196393721859985,0.0381981563029258,0.0448222302707887,0.0443428879752729,0.0464460604083142,0.0474557713589162,0.0451388399605566,0.0462509956144058,0.0483494485046624,0.0438242451225426,0.0502016714676566,0.0494399198199328,0.0391215667660605,0.0419458279072806,0.0397947026429337,0.0340942496976385,0.0335444140365843,0.0309204298339451,0.0232121522191731,residential,9,autumn,0,3,119.1753794,357.5261382,0
5,2021-09-11,0.0194192041674513,0.0166010934425531,0.0148848956359107,0.0151009562126908,0.0137157717942422,0.0179435574744478,0.0357883049332695,0.0425953030155991,0.0409212840884448,0.0432968239081251,0.0447962451369054,0.040308682859219,0.0454175825085166,0.0453602593508381,0.0365601618575934,0.0425361765307596,0.0430682129831699,0.0402179528054096,0.0417267625563005,0.0385190510759425,0.0329613768408171,0.0327003004109429,0.0304661623172898,0.0228044352309999,residential,9,autumn,1,3,119.1753794,357.5261382,0
5,2021-09-12,0.0208504486389988,0.0174785030713106,0.0153036184807555,0.0161311772423939,0.0150068956994456,0.0182614227906063,0.0373213850217707,0.0415355840116549,0.0418439864646947,0.0435699616585323,0.0460223698510692,0.0402930286985778,0.0434548663003676,0.044571613375339,0.0462845247459676,0.0491627256167559,0.0458722376614788,0.0413479972295949,0.0405165547323741,0.0395403262918267,0.0330807951853057,0.0315089099548612,0.0292483552391274,0.0225232707586946,residential,9,autumn,1,3,119.1753794,357.5261382,0
5,2021-09-13,0.0192954582936328,0.0178102863919004,0.0149629372039459,0.0147592412782398,0.0148828369568898,0.0176253297365047,0.0365953083258964,0.0436626647109379,0.0445443741763612,0.0479367870365388,0.0476079827670502,0.0415396608637016,0.041682524368193,0.0431745690249811,0.0473247254067718,0.0466915517168358,0.044155691234545,0.0431582423531647,0.0403517953919099,0.0375408361405417,0.0340908600890641,0.0333265016488764,0.0306651715708657,0.0223903308089735,residential,9,autumn,0,3,119.1753794,357.5261382,0
5,2021-09-14,0.0188838633353465,0.0174766688005683,0.014173142410376,0.0145182264360124,0.01479784846305,0.0171336208689927,0.0358987858984169,0.0439985057396746,0.0461254276482797,0.0488716293955398,0.0486966225643516,0.0432337260529594,0.0420696496268842,0.0453889163777183,0.0432051627258299,0.0468256575607064,0.0451791700562504,0.0358786908032923,0.0388859184761065,0.037740462628832,0.0337295696313953,0.0317244757366191,0.0290461097361171,0.0222629994487271,residential,9,autumn,0,3,119.1753794,357.5261382,0
5,2021-09-15,0.019075362749085,0.0175293050304536,0.0146956933832418,0.0161586297746081,0.016535251584948,0.0158994733091023,0.0358077354239474,0.0431475537725214,0.0420315165810662,0.0481976890502011,0.0488143226366,0.043682947484207,0.0449240614786858,0.0469296116108749,0.0413931282430662,0.0417752942409758,0.0428175128399523,0.0396847707239119,0.0423253938383183,0.0391960328382724,0.0333504129949996,0.0331916539078297,0.0291280205365046,0.0223708696783179,residential,9,autumn,0,3,119.1753794,357.5261382,0
5,2021-09-16,0.0193963097275999,0.0177174602925796,0.014925500726036,0.0150987998795071,0.0154167905535243,0.0184005134417867,0.0362470071689663,0.0436388364116966,0.0457187392523056,0.0482042007437542,0.0486983781984208,0.0437588612286398,0.0446834265434487,0.0462794179324689,0.0335457190495263,0.0454548387817108,0.0440694402876609,0.0389589067979322,0.0414252613828509,0.0384477054633171,0.0328323219730804,0.0317968791186142,0.0290874601956832,0.0217242198750342,residential,9,autumn,0,3,119.1753794,357.5261382,0
5,2021-09-17,0.017810614891437,0.0162392333566912,0.0144291241626932,0.0149778215743323,0.0153499614533279,0.0171308917343937,0.0355007375055922,0.0430805478285765,0.0439558116601266,0.044569073274011,0.0452030436279502,0.0413998655269849,0.044482027243749,0.0464316124931614,0.0442617099480098,0.0487254201159125,0.0386549520526662,0.0422626445068922,0.0407425361668362,0.0398032151860856,0.0343937679618078,0.0338429981087577,0.0311229433383183,0.022967782482019,residential,9,autumn,0,3,119.1753794,357.5261382,0
5,2021-09-18,0.0194261940342641,0.0178752257739929,0.0152280944604362,0.0147339690096624,0.0152111910015335,0.0182632170500695,0.0360841659628273,0.0434746562838949,0.0442066073189637,0.0472008928164257,0.047664477263013,0.0432881355705473,0.0467700783303053,0.0510577430980373,0.0437410395864994,0.0476939844667639,0.0473248247395184,0.0388749760455693,0.0395880662465772,0.0361568982905632,0.0316187509289599,0.0322178626344278,0.0281851065734257,0.0211327399018674,residential,9,autumn,1,3,119.1753794,357.5261382,0
5,2021-09-19,0.018568649816762,0.0172201152759993,0.0144901728980528,0.0144292037454732,0.0147285428696102,0.0180458079698045,0.0351981164895326,0.0436656222480674,0.0427538422325382,0.0463867570290864,0.0451716980242032,0.0414692514227863,0.0406715152847036,0.0438258572691774,0.0430418166689772,0.0431028707103153,0.0403604924357549,0.0373162412627251,0.0314636405334391,0.0306176176977815,0.0285681549739748,0.028904493537914,0.0259871081126556,0.0182410813184151,residential,9,autumn,1,3,119.1753794,357.5261382,0
5,2021-09-20,0.0140971665899027,0.0121850561956301,0.0092582305497181,0.0092137607847048,0.0092918139377798,0.0121201422026736,0.0256541033934698,0.0287486394129901,0.0299950652159745,0.0296305663216598,0.0310058687302598,0.0257571780714721,0.027662603578337,0.0268412588872776,0.0236690854517074,0.0276048389953734,0.0277575027086057,0.0271691147116421,0.0300765614160108,0.0290128504979524,0.0252722100674021,0.0229811230180642,0.0205501105896618,0.0139720616592241,residential,9,autumn,0,3,119.1753794,357.5261382,0
5,2021-09-21,0.0083971380259134,0.00698000643892,0.0047519276091506,0.0045543833184527,0.004727254252817,0.0070251126580623,0.0231455834560549,0.0275333039528406,0.0291389389928905,0.029709526562183,0.0290529934906703,0.027833984301361,0.0275201207624103,0.0272953497109376,0.0277846117689346,0.0314687024736382,0.0293187451599365,0.0291685509339893,0.0308819481296389,0.0299402365945518,0.026661280284133,0.025497138777009,0.0217517658740135,0.01532455361881,residential,9,autumn,0,3,119.1753794,357.5261382,0
5,2021-09-22,0.0094013105771357,0.0078516647798134,0.0054763226617675,0.004257528320498,0.0044077928177045,0.0078447904647477,0.0238601667816062,0.0296088577779478,0.0308618637043951,0.0300345637549777,0.0318580909460182,0.0303712202514777,0.0302012439641241,0.0301810989889707,0.0310991158243068,0.0355733766969236,0.0343375934978984,0.0299037375113213,0.0329712547501413,0.0305647444547957,0.0269408376516347,0.0260792436515262,0.0235581517470323,0.015593852483389,residential,9,autumn,0,3,119.1753794,357.5261382,0
5,2021-09-23,0.012563590727098,0.0100246429980623,0.0079531636817347,0.0075430286215603,0.007692046833105,0.0106281423860811,0.0278584890289799,0.0308772833946113,0.0300458719119417,0.0312046820847315,0.0322827259157186,0.0277230050674633,0.027957450684012,0.0289559973964954,0.0212680089532413,0.0260660683022742,0.0277142708919226,0.0264102401207103,0.0303382895669018,0.0296073901694979,0.0254556960898547,0.0250668968786708,0.0204109906296106,0.0144417400688253,residential,9,autumn,0,3,119.1753794,357.5261382,0
5,2021-09-24,0.0107229684519416,0.0083685796633755,0.0067381400072129,0.0071119620128228,0.0071493680528589,0.0099168000586418,0.0262013659776163,0.0295363280847738,0.0295228595667229,0.0301931287585558,0.0278046728673581,0.0260474721998946,0.0257614882056764,0.0270631458566752,0.0223880953893943,0.0225999150232771,0.0229673415376737,0.023805070062131,0.0256600291644475,0.0257758381778606,0.023742764700852,0.0223755204816013,0.0210661037120117,0.0139390088631993,residential,9,autumn,0,3,119.1753794,357.5261382,0
5,2021-09-25,0.0102364955298557,0.0088625319984088,0.0067081848558807,0.0076864629493739,0.0079260677863785,0.0102551537431431,0.0239216281243062,0.0265023367165858,0.0252135972791746,0.0249582651394805,0.0233867331533477,0.0208128034492064,0.0211688475332509,0.0199347553116802,0.0158766153650678,0.0192934396716077,0.018770772362312,0.0216864413685841,0.0255565126714405,0.0247595828426391,0.0214039244960178,0.0194935668551937,0.0148965116104096,0.0102305379851752,residential,9,autumn,1,3,119.1753794,357.5261382,0
5,2021-09-26,0.0067440551472309,0.0042824976065969,0.0044301206254863,0.0044137552794705,0.0048381195600345,0.0096632909141219,0.0216635420859832,0.0259125785847157,0.0265677892376248,0.030139884452851,0.0312201581648854,0.0304051154628814,0.0331067081017813,0.0360962692232969,0.0372242179352497,0.0367358833175058,0.0374575417218524,0.0347951192624261,0.03460241120424,0.0326261135583156,0.0284025179261201,0.0271847382839329,0.0247925982432205,0.0173618737844967,residential,9,autumn,1,3,119.1753794,357.5261382,0
5,2021-09-27,0.0134554500876632,0.0107783287595575,0.0095580339842116,0.0095164830963902,0.0098080463465267,0.0132788775409673,0.0328635198079251,0.0379651772221365,0.0405292826846772,0.0417566337992182,0.042812103312836,0.0404580067958719,0.0432506458229031,0.0418768459255645,0.0402066892345635,0.042882156660718,0.0438554449587254,0.0359935921051506,0.0358253459606613,0.0354896665761488,0.0317502250269181,0.0294206622898907,0.0268101673709009,0.0201366217303908,residential,9,autumn,0,3,119.1753794,357.5261382,0
5,2021-09-28,0.0151847243148347,0.0137179620173123,0.0118501862975624,0.0123848769564267,0.0113800733603941,0.0150651311327773,0.0327137642097008,0.0399190910418201,0.0411428087625538,0.045902018026803,0.0471900522138227,0.0432091742375523,0.0443118574111615,0.0439695728628797,0.0391732906003014,0.0402540411173777,0.0380273163783984,0.0376309160550392,0.0423853840410488,0.0396525271881801,0.0334942300054517,0.0352885221667686,0.031187334481172,0.0195725836565645,residential,9,autumn,0,3,119.1753794,357.5261382,0
5,2021-09-29,0.0172176948100599,0.0177912580569479,0.0118448330520936,0.01681425294874,0.0170177596924494,0.0192831243527894,0.0303444579390392,0.0325047128756521,0.0319269020893764,0.0339829766624255,0.0336771746791393,0.0324009227986967,0.0330325077282719,0.03456706964709,0.0314648797157995,0.0286869674904361,0.0318803611947289,0.0303996012199413,0.0322226001745575,0.0327261804577826,0.0308563309253876,0.0295350581981057,0.0267403581897713,0.0183459317340228,residential,9,autumn,0,3,119.1753794,357.5261382,0
5,2021-09-30,0.0156889129164705,0.0146659426444941,0.0123723533393138,0.0130146954675067,0.0133802718755466,0.0157261985840624,0.0329066350468569,0.0367761032571387,0.0402820174468004,0.0432291299800607,0.0451006954446155,0.0404469062056111,0.040815843449005,0.0399370281379814,0.0365228825792017,0.0362261498385194,0.0296360717931497,0.033037983350306,0.0347529736106398,0.0336083090475423,0.0312210001004668,0.0293993001172554,0.0275063404720519,0.0221550011435322,residential,9,autumn,0,3,119.1753794,357.5261382,0
5,2021-10-01,0.0173349695982743,0.0148416714995384,0.0128043038228079,0.0123789305937544,0.0123614515220235,0.0165458655541365,0.033153081768737,0.0418123883294773,0.0450918724258795,0.0474284346960037,0.048249022846839,0.0482019606175507,0.0452164798956089,0.047877351890336,0.0489519665137715,0.049367073616442,0.0460021875545191,0.0439508061884338,0.0396141405602012,0.0388735155490277,0.035577107032867,0.0326670216055416,0.0300384748942789,0.0237058485867382,residential,10,autumn,0,3,119.1753794,357.5261382,0
5,2021-10-02,0.0180068281481291,0.0181815801056585,0.0149164912125387,0.0166173241209915,0.0150368217267469,0.0177358025228665,0.036096319734713,0.0443138764239761,0.046514565323574,0.0501619574296754,0.0512258669115094,0.0449496073830375,0.045496973276508,0.0460054802487665,0.0505203348109497,0.0477809467294246,0.0444568863041752,0.0428749902881059,0.0407433226156566,0.0380786257017383,0.0350663833316893,0.0333885086970168,0.0303552941370531,0.0219315271143133,residential,10,autumn,1,3,119.1753794,357.5261382,0
5,2021-10-03,0.0198672241203547,0.0180299995581079,0.0163029666382112,0.0152902036003602,0.0152983014311221,0.0164833560711007,0.0336832459340193,0.043213737729365,0.0450758407446671,0.0466674204328955,0.0482398151931035,0.0442985102806179,0.0448686346757423,0.0457002425355524,0.0470123600227691,0.0464719037980259,0.0454245638451833,0.0418891612853627,0.0398629333169414,0.0368447003779184,0.0328380354957402,0.0320727853810192,0.0294894253072428,0.0203459229489712,residential,10,autumn,1,3,119.1753794,357.5261382,0
5,2021-10-04,0.0175864651390084,0.0160249103317636,0.0122101042195055,0.0142836820171456,0.0144016482247473,0.0151877626757398,0.0337152068444044,0.0410963951661367,0.0440659060747967,0.0462636370220409,0.0458899680024751,0.0476132640072038,0.0442231647186715,0.0436939465941338,0.0452051742336652,0.0459775090351536,0.0430108848679395,0.0400401893059371,0.0377629469040033,0.0368107678264109,0.0325543287640427,0.0320334999216736,0.0293413381030523,0.0202971019559596,residential,10,autumn,0,3,119.1753794,357.5261382,0
5,2021-10-05,0.0173840091761088,0.0158985722467467,0.011990449162262,0.0141093639060633,0.012958600603372,0.0147540035713123,0.0335895700649432,0.0410988999842044,0.0446493224466999,0.0473780910789338,0.0479073739487667,0.0463504592370998,0.0431994308271637,0.0453077781021236,0.0464987042748749,0.0488243960057274,0.0472449504023729,0.0390492748756112,0.039923370884782,0.037371029564259,0.0340595035942525,0.0315097225696353,0.0305461789435357,0.0221418227160942,residential,10,autumn,0,3,119.1753794,357.5261382,0
5,2021-10-06,0.0186411719585427,0.0155605544147442,0.0138163151902154,0.0145083481767641,0.0147259868583137,0.0173201609579266,0.0350896400522749,0.0418264268232298,0.0432070395124447,0.0423508914820611,0.0430827890767735,0.0388317989048757,0.0396050516350847,0.0366916623551002,0.0311045369285305,0.0306450165335466,0.0290213312725908,0.0263684784708861,0.031230995794366,0.0301721049314735,0.0260089703644696,0.0249392982801191,0.0223825739280859,0.0148054086403556,residential,10,autumn,0,3,119.1753794,357.5261382,0
5,2021-10-07,0.0114888505618981,0.0089005183052105,0.0064365056373623,0.0075414831390587,0.0077388172351509,0.0113480871734688,0.0273654712705765,0.031013091737049,0.0328546053714445,0.0354568568623356,0.0365740531129711,0.0382387425383182,0.0392446745531276,0.0385178705510866,0.0353982773278969,0.0385578297886363,0.0384198879737611,0.0341368348000531,0.0350685354682249,0.0339677452862862,0.0293717370867005,0.027866108501205,0.0254324171860852,0.0182789871898243,residential,10,autumn,0,3,119.1753794,357.5261382,0
5,2021-10-08,0.014139462484269,0.0127404189526361,0.010430278807267,0.0116015129489089,0.0118186610473363,0.0137451443103783,0.0306354964549026,0.0380560346125647,0.0401936201790085,0.0427626779011957,0.0458570556451633,0.0413833685079274,0.0429619815310139,0.0453160614332918,0.0429317485751908,0.0409600928177452,0.0403213883776142,0.0382630713512265,0.0370843443233708,0.0361319671045032,0.0320846696623725,0.0299936888883319,0.0273152277976479,0.0198147398355408,residential,10,autumn,0,3,119.1753794,357.5261382,0
5,2021-10-09,0.0169460901051094,0.0154224018770444,0.0120511429740041,0.0124862067009116,0.0114650846221797,0.0149995712359464,0.0311988417726954,0.0367933487735418,0.0401985186890329,0.0441017637809642,0.0449804523410956,0.0428843886109296,0.0428597653130258,0.0431154314958089,0.0400618647160663,0.0440045521659647,0.0380219421241746,0.0363754115726053,0.0368575494994406,0.0355597355143646,0.0306454330353714,0.0293834034411957,0.0253791274976244,0.0192334128233834,residential,10,autumn,1,3,119.1753794,357.5261382,0
5,2021-10-10,0.0152851829190175,0.0137359096172599,0.0115914486045983,0.0110532038871345,0.0124953128239708,0.0149894893085717,0.0308872646985585,0.0379796556769273,0.0410093098126105,0.0437269086483737,0.04481387346927,0.0432221214978172,0.0408267323632971,0.0412778680781509,0.0430306041852238,0.0416791146892966,0.0400349415272222,0.0369297780726377,0.0376848460989098,0.0350465163415557,0.0311831082932014,0.0298533617206592,0.0272826840641857,0.0195993935712183,residential,10,autumn,1,3,119.1753794,357.5261382,0
5,2021-10-11,0.0169993066872621,0.0140977439322014,0.0110220597905543,0.0125318823616875,0.0127299215307762,0.0143831555977747,0.0323602185160092,0.0404420552130588,0.0429307398318477,0.0449454261869645,0.0456083565922261,0.0442122652438419,0.042071815743593,0.0443551856360954,0.0462714454839438,0.047074757723796,0.0465441021329662,0.0376385454991571,0.0391635392224873,0.0385932997509405,0.0339881184764562,0.0324371706365265,0.0297208551200132,0.0215379214448941,residential,10,autumn,0,3,119.1753794,357.5261382,0
5,2021-10-12,0.0179248988127089,0.0165098617405368,0.013474304886343,0.0149982081811109,0.0150834724151402,0.0163586917323394,0.034689159788323,0.0422365190175965,0.0439424798497405,0.0469456479628059,0.0484599390929958,0.0443626077323789,0.0453343394341059,0.0450238233947889,0.0459894630116769,0.0477340930310037,0.0456897052324883,0.0383185945091937,0.0403433501689439,0.0392326323764855,0.0340014503168535,0.032835579244901,0.0302444346763392,0.0224490521614312,residential,10,autumn,0,3,119.1753794,357.5261382,0
5,2021-10-13,0.0199608292199346,0.0184840171410311,0.0144146552599933,0.009926411290389,0.0110796009639476,0.0123759439767491,0.0288570766511047,0.0338958010371026,0.0357712424838127,0.0369149734463273,0.0365015799126995,0.0348111346195382,0.0337406924565777,0.0342327014154929,0.0313214304159985,0.0316911431031678,0.0325552907284538,0.0317280756933257,0.0336159424209298,0.0326250115581728,0.0281603975232821,0.0265500963313341,0.0240217929765074,0.0176006961365563,residential,10,autumn,0,3,119.1753794,357.5261382,0
5,2021-10-14,0.0140022307287096,0.0126889110616335,0.009531968518709,0.0100431223210587,0.0102512569157127,0.0110777395974521,0.0267074037267146,0.0294207020936485,0.0284572749946974,0.030882768057449,0.0289227940282421,0.0291545078418225,0.0311781015183442,0.0320059400711566,0.0287087724485998,0.0317987393398227,0.0293663792984238,0.0274495509925033,0.031582955226152,0.0293898754339646,0.0265994418209986,0.0248096521832392,0.0224052756723578,0.0152512774209145,residential,10,autumn,0,3,119.1753794,357.5261382,0
5,2021-10-15,0.0110010785758839,0.0097420787828452,0.0071233719107265,0.0071495097652062,0.0074282395831182,0.0103197881624055,0.0265581882774399,0.0331083162453146,0.0332866736654717,0.0392559555241601,0.0400132642117314,0.03580549312671,0.0362139512293592,0.0363729156526966,0.0371921827987857,0.0371316773644522,0.0321030760812793,0.0303413133198294,0.0326841975783024,0.0318824046922811,0.0280339622503918,0.0259486142912818,0.0232996527795162,0.0157777392164519,residential,10,autumn,0,3,119.1753794,357.5261382,0
5,2021-10-16,0.0123117387255402,0.0109438023107015,0.0085123919012882,0.0079648464433144,0.0082549685624924,0.0104628876963899,0.0258683555798827,0.0335913304362771,0.0364721199272523,0.0372750505434601,0.0375154873854676,0.03553741788744,0.0342956593921995,0.0353648891829354,0.0322553359983295,0.0338073824813645,0.0318181560537317,0.0299689329285605,0.033446495010883,0.0312838742405521,0.0267028547071356,0.0251033417078339,0.0216864966284237,0.0148844027812119,residential,10,autumn,1,3,119.1753794,357.5261382,0
5,2021-10-17,0.0104052326523716,0.0088470064886996,0.0061735240613276,0.0075511208689031,0.0065578672858145,0.0092593139716524,0.0251491669049846,0.0316465531219793,0.0335210333075051,0.035240465064027,0.0367143426548543,0.0341996038546715,0.0357507065278963,0.0357689519181624,0.0355672854358356,0.0382358921780533,0.0369374212334246,0.0303356361935613,0.0319400740738873,0.0296851900720361,0.0269656685424124,0.0247733001606297,0.021236931879737,0.0152129378878416,residential,10,autumn,1,3,119.1753794,357.5261382,0
5,2021-10-18,0.0116160460472951,0.0089511494256118,0.0074666505807487,0.0078535760984498,0.0079642727734027,0.0106581651315972,0.0246805647842702,0.0312923662596623,0.033567079380076,0.0353984656907472,0.0380824572446284,0.0339266374466508,0.035267566631615,0.0359444105366764,0.0348927722936007,0.0383029338538276,0.0354753352791495,0.030438186985661,0.0322325600349835,0.0298864143595396,0.0272013808298981,0.0248799297016621,0.0202108998626088,0.0145479361928532,residential,10,autumn,0,3,119.1753794,357.5261382,0
5,2021-10-19,0.0117534187785343,0.0101653704345338,0.006915820167817,0.0075463431155086,0.0066330559036326,0.0098309932023637,0.0253263619637954,0.0304403128906912,0.0320931760505795,0.0345236762696012,0.0359352122825488,0.0337406104622209,0.0355859765375689,0.037914809214171,0.0368259755785185,0.0368813605732308,0.0357876139379124,0.0310455266365861,0.0324626012511157,0.0300569939602311,0.026515811723459,0.0254557122153762,0.0218064028773302,0.0152267040342367,residential,10,autumn,0,3,119.1753794,357.5261382,0
5,2021-10-20,0.0121543166895069,0.0095659060777048,0.0075638696055653,0.0081371362025588,0.0070565421396431,0.0108975513733214,0.0268672668011243,0.0329062618337381,0.0364138088761023,0.0387884328299616,0.0395600779254111,0.0355711807293439,0.037010098780051,0.0392608664843551,0.0362069307525712,0.0374634638222145,0.0359923988407664,0.0289933787409242,0.0317333306457379,0.0310401745713195,0.0263024550295131,0.0236192706271888,0.0209601255301239,0.0142064805339337,residential,10,autumn,0,3,119.1753794,357.5261382,0
5,2021-10-21,0.0095104007055326,0.007864581060178,0.0057107546088938,0.0048965927023831,0.0050064815662402,0.0082978657706423,0.0244564851228877,0.033525863280279,0.03522799567015,0.0396220579525925,0.0387767433855479,0.034813593082524,0.0357448320418489,0.0356529384396897,0.0384063009468211,0.0355860663410948,0.034407737955742,0.0286287064232955,0.0304522239846797,0.0295864653338338,0.0255244468943396,0.0231815687990683,0.0204197513674698,0.0131017307054696,residential,10,autumn,0,3,119.1753794,357.5261382,0
5,2021-10-22,0.0088478571150912,0.0072012644147869,0.0047590295221288,0.0044064965907013,0.0045908991158072,0.0073013781691127,0.0236333336953008,0.0316479455631552,0.0342033659443444,0.0372242114775336,0.0387892597902133,0.0357940516029936,0.0346867299066175,0.0352345183914276,0.0332517308210171,0.0344332268805518,0.0323542002001717,0.0271304071310128,0.029315390448102,0.0271988470388497,0.0239422259820803,0.0218890891065758,0.0192798131804209,0.012269175256777,residential,10,autumn,0,3,119.1753794,357.5261382,0
5,2021-10-23,0.008160877349456,0.0067058365172404,0.0045202019562076,0.0042410523837931,0.0044979205428531,0.0077426668132314,0.023187105991101,0.0305179244911693,0.0327313511312565,0.0348989869390237,0.0374501531955202,0.034359358892134,0.0340614928469422,0.0335109496434148,0.0371621129216698,0.0339863962338659,0.0332483471256185,0.0288861377735041,0.0310792242055311,0.0290504154123231,0.025990311229961,0.0244055570164532,0.0217564516673058,0.014439342536726,residential,10,autumn,1,3,119.1753794,357.5261382,0
5,2021-10-24,0.0102876025307731,0.0088257074579896,0.006752083744829,0.0074882032316887,0.007752706420167,0.0106138540250621,0.0257162179034818,0.0305357757521289,0.0320186172040144,0.0344421238589713,0.0363677489604314,0.0348081737918838,0.0353443803705746,0.0351778748113996,0.0324850925718498,0.0344968439994151,0.0333496001156293,0.0284442374842187,0.0321887675065971,0.0297408693313525,0.0257085005771849,0.0249989844513637,0.0213248770340612,0.0150464987338825,residential,10,autumn,1,3,119.1753794,357.5261382,0
5,2021-10-25,0.0102690369786788,0.008830525783416,0.0065341666957253,0.0063404021426464,0.0065891641750498,0.0096283155348848,0.0247009985884479,0.0315493061318924,0.0342267978060377,0.0354522953042914,0.0375876757530678,0.0345760834966646,0.0336363947467374,0.0346585648623059,0.0346426882274674,0.03417604874224,0.0333252665920721,0.0296374780781442,0.0326627143293692,0.0300842655256522,0.0256958161752758,0.0241568866665731,0.0217820615651014,0.0146183717406536,residential,10,autumn,0,3,119.1753794,357.5261382,0
5,2021-10-26,0.0105793850324809,0.0091088879598827,0.0072228404586023,0.0076346512055659,0.0073894504216889,0.0107696454195824,0.027427407617794,0.032560500969786,0.0361963892319661,0.0391786622424315,0.0403433818848747,0.0357649744491236,0.0340575781840475,0.0325546019849785,0.0314110458859926,0.0307776044975134,0.0323846311308889,0.0282467322370595,0.0312910957696029,0.0303326488427448,0.026183689949471,0.0232598613471405,0.0204399193591933,0.0135380951344962,residential,10,autumn,0,3,119.1753794,357.5261382,0
5,2021-10-27,0.0090728580915041,0.0075299784247043,0.0051870075166626,0.0060298739533232,0.0051253630918659,0.008609634203037,0.0247694316275657,0.0298474697364188,0.031231480639509,0.0334674296702453,0.0358492484783426,0.0329849831296751,0.0333237437995934,0.033104923127048,0.0351396321288305,0.0325205487206665,0.0311866807526931,0.0284740124382231,0.0316467540933235,0.0293683372668206,0.0270102303195113,0.0243311468934207,0.0215845039537748,0.0146745121961234,residential,10,autumn,0,3,119.1753794,357.5261382,0
5,2021-10-28,0.0115911332561783,0.0089689014959563,0.0070378683141604,0.0075534034735831,0.0078679095054039,0.010888240640651,0.0247357744401879,0.0328023677197945,0.0347763601629736,0.0381882153002087,0.0396230940591432,0.0374713837588448,0.03447633359439,0.0305139943934655,0.0288361644769795,0.0244881651754388,0.0219114376493152,0.0229344588528254,0.0244385623584793,0.0231676955065908,0.0203034802654045,0.0177780779370806,0.0150511627892527,0.0086438628719127,residential,10,autumn,0,3,119.1753794,357.5261382,0
5,2021-10-29,0.0037149518954704,0.0013628678799805,0.0008028201962031,0.0007824543816061,0.0013467699459561,0.0055069679419554,0.0174437497546334,0.022154166255383,0.0260800304190244,0.0267914133300494,0.029605039606752,0.0279755237615912,0.0282045749076879,0.0271633160686391,0.021241031563708,0.0234561516371048,0.0220355418543367,0.0217637216200157,0.0254263292879045,0.0242876069754129,0.0202745035208665,0.0197590626588532,0.0162215319928385,0.0092113221198677,residential,10,autumn,0,3,119.1753794,357.5261382,0
5,2021-10-30,0.004789677573018,0.0023869510350124,0.0008029385867307,0.0007825676739476,0.0013472179358229,0.0055099853701431,0.0174542583965609,0.0232668630218036,0.0256919390198618,0.0266263946389737,0.0276331016877403,0.0269395038509288,0.0283046977065526,0.0287816725306745,0.0265951820672885,0.0257458046419994,0.0236192006641165,0.0233630423963495,0.0257805609455237,0.0237592072816993,0.021447705905218,0.0189471047423176,0.0164022029253667,0.010477107264893,residential,10,autumn,1,3,119.1753794,357.5261382,0
5,2021-10-31,0.0065369192138952,0.0052467962537548,0.0029155021224473,0.0031671321912853,0.0035568071682226,0.0066887442999164,0.0197875026563657,0.0232777456254168,0.0230634332136333,0.0246730309311229,0.0246776015431762,0.0210197634594455,0.0231886960901518,0.0240171682146043,0.0246217514043365,0.0267211392424066,0.0246078686883958,0.0236013665797263,0.0253496214077114,0.0239262713944842,0.0216831609741008,0.0184155632883029,0.0156193420570213,0.0100456376089217,residential,10,autumn,1,3,119.1753794,357.5261382,0
5,2021-11-01,0.005052273135837,0.003387570377645,0.0020521903894987,0.0014065471804467,0.0017294218705849,0.0059338736405981,0.0182966620377259,0.0277642249014514,0.0320365411324307,0.0365021432168378,0.0378805454553214,0.0334905016069481,0.0311821038569385,0.0328014730390125,0.0307984520717028,0.029237033079541,0.0272674382922052,0.0266159240262272,0.0278150938652698,0.028051523519404,0.0249175679948883,0.0235515586281582,0.0197644836596557,0.0133934455474267,residential,11,autumn,0,3,119.1753794,357.5261382,0
5,2021-11-02,0.0094621886168553,0.00810917979386,0.0058352446508591,0.0068150416556422,0.0059537398483405,0.0089859164340755,0.0221810610027599,0.0318587163323089,0.035114376999736,0.0389080926298851,0.0391706056527366,0.0339489216817451,0.0327829451842983,0.0331264186658551,0.0341254017360392,0.0325437571916478,0.0297580152833663,0.0281791234982091,0.0315007630078124,0.0304954557803817,0.0258084091996449,0.0243608456557933,0.0206619943251337,0.0139678032959449,residential,11,autumn,0,3,119.1753794,357.5261382,0
5,2021-11-03,0.0093301295640384,0.0080085168126983,0.0063034904058767,0.0062647551521397,0.0066743253814529,0.0102727188354237,0.0228885718990082,0.0299493028874615,0.0325022452192373,0.035308368239312,0.0392370285871989,0.0394261403407217,0.0366918909727925,0.0318259566331121,0.0300414091918936,0.0281137389370078,0.0263206581740869,0.0274195806988299,0.0301358514010901,0.0280325997754631,0.0250796502116973,0.0229113698285544,0.020137805070791,0.0131606410539644,residential,11,autumn,0,3,119.1753794,357.5261382,0
5,2021-11-04,0.0098263133091398,0.0071352133023744,0.0051228379235566,0.0057348514379587,0.0047619646693014,0.0090034401537092,0.0212351174728251,0.0312410264147782,0.0355989214194147,0.0384000989739674,0.0391178919090829,0.0356817297563997,0.0341413969018838,0.0343353935122879,0.0375981634944754,0.035845723069342,0.0323806153115668,0.0297248827298419,0.0307441508809411,0.0299569437120403,0.0264761183217336,0.0248628639183405,0.0207343203344563,0.014191638486568,residential,11,autumn,0,3,119.1753794,357.5261382,0
5,2021-11-05,0.0103623763789857,0.0089586646501331,0.0073712377221631,0.0074924402582525,0.0077250676357737,0.0105706082882386,0.0227311439098643,0.0329837124229296,0.0369472353256513,0.0394095804080445,0.0397839744331685,0.041281126067675,0.0367971446024388,0.0384474264699872,0.0399198023066145,0.0363224230910393,0.0326151454681188,0.0308250205881955,0.0327621462488481,0.0304692706495401,0.0273106908083868,0.0240365659584491,0.0226506522916958,0.0148607285579018,residential,11,autumn,0,3,119.1753794,357.5261382,0
5,2021-11-06,0.009724052616773,0.0094174813585476,0.0058298775915839,0.0066128160322916,0.0070090826651878,0.0100000929649064,0.0234361191730204,0.0309064679378215,0.0345382880985006,0.0402577403563131,0.0400896129774815,0.0382714789551367,0.0365815581871994,0.036922450865542,0.0392233382401814,0.0362167656386988,0.0316759405846552,0.0313813178254934,0.0320760651610657,0.0312460718991918,0.0284950007215069,0.0251922082412326,0.0226561687013105,0.016045386272085,residential,11,autumn,1,3,119.1753794,357.5261382,0
5,2021-11-07,0.0123991345069095,0.0107911025551408,0.0077867905760473,0.0080023994864329,0.0085146609454001,0.0114342631885392,0.0249500896093047,0.033112641888612,0.0366679364919528,0.0404576408489696,0.0404019513500313,0.0398301277350175,0.036962197074765,0.0349461485249923,0.0393655290090453,0.0364018932799154,0.0323675200664126,0.0306325237154243,0.0327194871020066,0.03183554908071,0.0272041097965035,0.0252237313725498,0.021415226449201,0.0154327144362732,residential,11,autumn,1,3,119.1753794,357.5261382,0
5,2021-11-08,0.0062448391203012,0.0020320774847719,0.0030192824603361,0.0007835752348169,0.0013512018433232,0.0055367975072902,0.0175477159585148,0.0189281140617102,0.0199590101810459,0.0215735410609358,0.0228237704409738,0.0212920337290029,0.0203872071159463,0.0191975007290187,0.0188883908795693,0.018896486442007,0.0175777033458173,0.0155036041803633,0.0180881205829082,0.016227281077255,0.0149363052397557,0.0123109108629142,0.0105979677490916,0.0061257215740877,residential,11,autumn,0,3,119.1753794,357.5261382,0
5,2021-11-09,0.0021778358573217,0.0013678642521573,0.0008041062591825,0.0007836852396702,0.0013516371302201,0.0055397274159108,0.0175579150690997,0.0189391244110453,0.0182768979653109,0.0162589249909593,0.0169057909434773,0.0156228259256435,0.016413368707365,0.0168439093501165,0.0172790173650482,0.018208930749185,0.0155075348820088,0.0150398452062322,0.017168299107464,0.0162362988272449,0.0149445586915906,0.0123176373629716,0.01060380522145,0.0061289471668855,residential,11,autumn,0,3,119.1753794,357.5261382,0
5,2021-11-10,0.0021787461082344,0.0013683087123642,0.0008042208711697,0.0007837947398451,0.0013520700990586,0.0055426389895388,0.017568075392721,0.0189500838686695,0.0182873877091178,0.0173610417951117,0.0172326721543007,0.015530163909822,0.016640747703605,0.0174714807979458,0.0183478740055646,0.0202744801249119,0.0178699430776921,0.0161699280604998,0.0186633793579582,0.0169201257501674,0.0149527738766185,0.0123243326758743,0.0106096156285957,0.0061321580923556,residential,11,autumn,0,3,119.1753794,357.5261382,0
5,2021-11-11,0.0021796511446044,0.001368750676448,0.0008043347722443,0.0007839036905016,0.0013525009228191,0.0055455384998251,0.0175781811143021,0.0189609891616623,0.0195467693892994,0.0198295014184144,0.0212941507892393,0.0205292727914299,0.0189332812637253,0.0189544513597631,0.0201359140549567,0.0198985764191095,0.0179312816141511,0.0179992758643431,0.0196835223308685,0.0177829525576284,0.0161273783742094,0.0139290303394057,0.0106153972498317,0.0061353528208736,residential,11,autumn,0,3,119.1753794,357.5261382,0
5,2021-11-12,0.0021805528562704,0.0013691906504207,0.0008044479696429,0.0007840120679962,0.0013529294742475,0.0055484250939544,0.0175882335646371,0.0189718366107587,0.0198696283115406,0.0218539157864422,0.0246756318799372,0.0231349942783526,0.0212422537823252,0.0228901241188,0.0234667977183555,0.0225448243232053,0.0194090229549208,0.0190592258648763,0.0213769500463834,0.020528624243626,0.0179493174907257,0.0153378719840459,0.0130146315333435,0.0068227845505991,residential,11,autumn,0,3,119.1753794,357.5261382,0
5,2021-11-13,0.0025054427483184,0.0013696281130428,0.0008045605888773,0.0007841198373338,0.0013533556271724,0.0055512931564512,0.0175982253159534,0.020201619035058,0.023086411312221,0.0245905342163449,0.0251244123008882,0.0246541823560208,0.0240503920583998,0.0244287402461726,0.0248532497573682,0.0248208886289079,0.0218544551535273,0.0198709908915742,0.0222599006469144,0.020252106414566,0.0168697388431973,0.0144815319117177,0.0111583645167892,0.00632356899182,residential,11,autumn,1,3,119.1753794,357.5261382,0
5,2021-11-14,0.0021823394734106,0.0013700632316786,0.0008046725505378,0.0007842269688903,0.001353779032174,0.0055541418252054,0.0176081664377208,0.0205019184371934,0.0226314248082936,0.0242364011752934,0.0258213832774861,0.0243876774523128,0.024501004668613,0.0258256125819766,0.025071205436824,0.0267289185699662,0.0221662325045592,0.0208124304745061,0.0223913598426394,0.021209181338573,0.0171376324497659,0.0155830963970159,0.0122330952836157,0.006178499570149,residential,11,autumn,1,3,119.1753794,357.5261382,0
5,2021-11-15,0.0021832246001094,0.0013704953797987,0.0008047838014752,0.000784333428643,0.0013542002261084,0.005556975043734,0.0176180410661247,0.0200603946527267,0.022189754058897,0.0237049690262832,0.0246236358140585,0.0214298413977059,0.0213725179132286,0.0205371037213582,0.0189347157285071,0.0198178212858607,0.0190453286672991,0.0193919806886674,0.0213672986555025,0.0194637897348709,0.0164866690495047,0.0138488913219825,0.011462436154097,0.0061479538112483,residential,11,autumn,0,3,119.1753794,357.5261382,0
5,2021-11-16,0.0021841031719495,0.0013709246304019,0.0008048943196246,0.0007844391879829,0.0013546184244909,0.0055597895756806,0.0176278505663723,0.0206047060708774,0.022287288492217,0.022466682697014,0.0248100586578221,0.0231475460909754,0.0240191583143375,0.0253968619745625,0.0296137233466574,0.026753679180544,0.0245366251128851,0.0220746456962239,0.0239556035544515,0.0230820059664243,0.020257561769745,0.0182329659066974,0.0147646268838772,0.0084339426691325,residential,11,autumn,0,3,119.1753794,357.5261382,0
5,2021-11-17,0.0026757600696293,0.0013713510006305,0.0008050040709178,0.000784544212913,0.0013550337234106,0.0055625845873032,0.0176375876710174,0.0258246353088447,0.0289363064464164,0.029742097173118,0.0330598151004765,0.0306165299124984,0.0304074440261558,0.0299436242146606,0.0253196041085973,0.0261872224776323,0.0239874722302189,0.0232666246251146,0.0243189439418838,0.0221867916820632,0.0198817699237175,0.0170514056432416,0.0134633738682791,0.0070905597392138,residential,11,autumn,0,3,119.1753794,357.5261382,0
5,2021-11-18,0.0021858439646651,0.0013717742197434,0.00080511302364,0.000784648473906,0.0013554459996233,0.0055653592533947,0.0176472625839029,0.0214727871244784,0.0248690131737288,0.0261295866649285,0.0258718619198949,0.0248866955507435,0.0249110885825303,0.0267628127157112,0.0271610778806108,0.0251425060456349,0.0223987947151835,0.0224141814583531,0.0237182106951272,0.0214740630159922,0.0193659508480995,0.0165497821706307,0.0129812518725271,0.0078389676859659,residential,11,autumn,0,3,119.1753794,357.5261382,0
5,2021-11-19,0.0027046262549231,0.0013721942109077,0.0008052209535704,0.0007847519329037,0.0013558549116655,0.0055681127452491,0.0176568593532202,0.021804444637451,0.0256740921833849,0.0291838666668148,0.0309061110394096,0.0295811640000805,0.0271312133105302,0.026366989643592,0.022266353583558,0.021631900402584,0.0210588413607597,0.0218910196376673,0.0248974081934901,0.0236680393122593,0.0207657932961117,0.0188717407664398,0.0163065250634465,0.0095802487086039,residential,11,autumn,0,3,119.1753794,357.5261382,0
5,2021-11-20,0.006245228746655,0.0036207547401204,0.0014417971464221,0.0024506903640661,0.0016880231813576,0.0055708442738005,0.0178480346554033,0.0272602667943345,0.0319230888970679,0.0328233368341047,0.0362557150455734,0.0340917590279102,0.0325671419698225,0.0355934821808817,0.0330083090513314,0.0312112136140527,0.0274984503307341,0.0254374293764236,0.0279763203213417,0.026917338701491,0.0222072542614422,0.019577148183971,0.0168970666438895,0.0105974506849825,residential,11,autumn,1,3,119.1753794,357.5261382,0
5,2021-11-21,0.0066222875422897,0.0050737276851833,0.0024589969419279,0.0035909115141837,0.0026497689413395,0.0061179123256667,0.0189828218078449,0.0260547756545806,0.0312971695709523,0.0363506006443043,0.0370996092290368,0.0338695531579798,0.0315139129653574,0.0306244301931388,0.0307439698294091,0.0285011922956826,0.0257494714291281,0.026742880936344,0.0274602249816133,0.0263815964418222,0.0235527557248653,0.020098801755928,0.0186535066629797,0.0113674081950923,residential,11,autumn,1,3,119.1753794,357.5261382,0
5,2021-11-22,0.0072587457655827,0.0057432977141124,0.003994871660304,0.0043580212068294,0.0013570621465419,0.0056440973285512,0.0176851705446456,0.0190764536810055,0.0184083384984385,0.0162481901774201,0.014794126120065,0.0121256721718615,0.0106462083420119,0.0095321299697668,0.0096386020248061,0.0107688386292868,0.0112172600900492,0.0146787315061208,0.0170822927894908,0.0163487719029339,0.0150474992135215,0.0124015331029884,0.0106766126337959,0.0061691775930283,residential,11,autumn,0,3,119.1753794,357.5261382,0
5,2021-11-23,0.0021900735776196,0.0013738393711669,0.0008056444923303,0.0007851572326732,0.0013574578007629,0.0055789012704048,0.0176944521900837,0.0190864615242958,0.0184179166306253,0.0162565871636925,0.0148017289735892,0.012131787274097,0.0106515139226948,0.0095368332791486,0.0084440218117902,0.009553592944122,0.0112227414573474,0.0146859957170219,0.0170908513733843,0.0163569679863854,0.0150550006373578,0.0124076467060306,0.0106819182144788,0.0061721099470018,residential,11,autumn,0,3,119.1753794,357.5261382,0
5,2021-11-24,0.0021908970720137,0.0013742411257629,0.0008057479739417,0.0007852562669197,0.0013578494079783,0.0055815368386719,0.0177036378977045,0.019096374764783,0.0184274037728125,0.0162649042568897,0.0148092598502966,0.0126498615235593,0.013518986115515,0.013867644835394,0.0145934743132047,0.0138531762450614,0.0130491646781053,0.0146931911991196,0.017099328343332,0.0163650866534957,0.0150624310915378,0.0124137024665036,0.0106871735975261,0.0061750138578141,residential,11,autumn,0,3,119.1753794,357.5261382,0
5,2021-11-25,0.0021917132155866,0.0013746392181346,0.0008058506387696,0.0007853543343319,0.0013582371632247,0.0055841464598673,0.0177127331319409,0.0191061903102696,0.0184367977861193,0.0203852630596713,0.0217166774297066,0.0194482788778264,0.0209725364184112,0.0210923429434315,0.0204598596705634,0.0210047452602622,0.0192788922380998,0.0170621723126685,0.0200446095659111,0.017521878136783,0.0154459191496054,0.0124196985910512,0.0106923772266058,0.0061778891861241,residential,11,autumn,0,3,119.1753794,357.5261382,0
5,2021-11-26,0.0021925202963938,0.0013750335065536,0.0008059518778143,0.0007854513822188,0.0013586209451453,0.005586729331782,0.0177217351997586,0.0191159052934781,0.0216624714050379,0.0229464727032341,0.0232026931685333,0.022721552340308,0.022652801253372,0.023641602838614,0.0243940212069978,0.0249004079090259,0.0220427253647216,0.0197645415916572,0.0226301147317641,0.0197675646241341,0.0172947141466657,0.0149018244903359,0.0108025780316572,0.0061807350608489,residential,11,autumn,0,3,119.1753794,357.5261382,0
5,2021-11-27,0.0021933188036815,0.0013754232116499,0.0008060522207019,0.0007855474029313,0.0013590004216206,0.005589284711918,0.017730641435705,0.0193316696233379,0.0224336730585154,0.023979861190739,0.0249325593454527,0.0236548242618283,0.0242731451002771,0.0252061121851975,0.0248383509253543,0.0268508363093692,0.0223871161228617,0.0205685556787909,0.0225813558973926,0.0205517130337011,0.0174810226080635,0.0130712489664368,0.0113219620353821,0.0061835506494264,residential,11,autumn,1,3,119.1753794,357.5261382,0
5,2021-11-28,0.0021941085008584,0.0013758086774685,0.0008061516467874,0.000785642371126,0.0013593759214182,0.0055918094371969,0.01773944913044,0.0197468612849972,0.0227829060821621,0.0253873972254758,0.0270087618273273,0.0265755015010239,0.0264636876910137,0.025874951445694,0.0258012471447672,0.027427660292328,0.0241849990108605,0.0222507156581235,0.0241696199378935,0.0220354923311966,0.0189585182114388,0.0161106050650234,0.0126372539689787,0.0065650541745492,residential,11,autumn,1,3,119.1753794,357.5261382,0
5,2021-11-29,0.0021948889473129,0.001376189720976,0.0008062495499633,0.0007857362342538,0.0013597473321871,0.0055943099917235,0.0177481558929803,0.0213912273176973,0.0249842257178403,0.0281483801814014,0.0298355277273618,0.0288964244335743,0.0280804456801078,0.0286887121060199,0.0294675199555849,0.0298889568588002,0.0262196286219427,0.0230967315918241,0.0245490624153943,0.0213989888450947,0.019673737105333,0.0154957250576637,0.0129500202504808,0.0071283459468847,residential,11,autumn,0,3,119.1753794,357.5261382,0
5,2021-11-30,0.0021956605299517,0.0013765662282229,0.0008063466692919,0.0007858289955042,0.0013601141042804,0.0055967745993379,0.0177567588739466,0.0224675751041129,0.0258476689233604,0.0282191966653716,0.0290861823624287,0.0271271709796514,0.0259786785749563,0.0261640392057506,0.0240214747729689,0.0245342907823056,0.0208166044834206,0.0189164484623093,0.0196343526411494,0.017803011239642,0.015105401687196,0.0124487231729843,0.0107175656891493,0.0061918073793983,residential,11,autumn,0,3,119.1753794,357.5261382,0
5,2021-12-01,0.0021964216823417,0.001376937789089,0.0008064421979593,0.0007859205967975,0.0013604761280743,0.0055992163093369,0.0177652557620288,0.0194752671401999,0.0221867970855765,0.0241725933381949,0.0262858597025839,0.0265414068046565,0.0256746907641038,0.0251007273706981,0.0255015554116145,0.0239018831618087,0.0210523005670411,0.0201471116654513,0.0210336793367514,0.0198448814060993,0.017420806459995,0.013855445474369,0.0112608602795315,0.0061944935253372,residential,12,winter,0,3,119.1753794,357.5261382,0
5,2021-12-02,0.0021971743432498,0.0013773051904887,0.0008065367136079,0.0007860110335326,0.0013608339598066,0.0056016230517764,0.0177736394503765,0.0191719249554543,0.0184997097091257,0.0163282914786037,0.0174939790246476,0.0194064562929277,0.0197513433973927,0.0206885808303981,0.0231773536813385,0.0212885295528289,0.0173080678285456,0.0176994982415472,0.0192077101754477,0.0181611531339486,0.0156290657283575,0.0126636237393436,0.0107272261197492,0.0061971453536725,residential,12,winter,0,3,119.1753794,357.5261382,0
5,2021-12-03,0.002197916021977,0.0013776673785374,0.000806630159634,0.0007861002776585,0.00136118660895,0.0056039954563031,0.0177819207376241,0.0191808579502199,0.0200545307460285,0.0209388944734398,0.0216136158155327,0.0206001106620409,0.0187143202450804,0.019871649384609,0.0235130448178902,0.0205374708356364,0.018402662069729,0.0185609029626791,0.020680192661877,0.0196751275783662,0.0168617432134823,0.0130648638252793,0.0107319616229419,0.0061997619758857,residential,12,winter,0,3,119.1753794,357.5261382,0
5,2021-12-04,0.0021986480588323,0.0013780246399816,0.0008067219400297,0.0007861882829822,0.0013615348585354,0.0056063376846471,0.0177900840000514,0.0191836081132341,0.0197565614096955,0.019263587444532,0.0195477163891367,0.0201285668632903,0.017534197243575,0.0178014866349897,0.0210323288309547,0.0205440335306035,0.0173850690760541,0.0168935423081026,0.0191747783087265,0.0172093578772881,0.0151323592066645,0.0124706933449657,0.0107366321086175,0.0062023426995927,residential,12,winter,1,3,119.1753794,357.5261382,0
5,2021-12-05,0.002199369692467,0.0013783765733132,0.0008068125959781,0.0007862750453914,0.0013618777122701,0.0056086490195233,0.0177981312481842,0.019192292909413,0.0184500852379989,0.0163727275178384,0.017828034717354,0.0172136621455331,0.0163809623944787,0.0177021678855374,0.0184568965852961,0.0175557564163841,0.0144695383786344,0.0147611520398968,0.0171865350514503,0.0164486027272411,0.0151388688039313,0.0124759986169011,0.010741236193656,0.0062048867306015,residential,12,winter,1,3,119.1753794,357.5261382,0
5,2021-12-06,0.0022000814311035,0.0013787236213933,0.0008069021204089,0.0007863605367948,0.001362215957714,0.0056109239629521,0.0178060600080259,0.0192069098439551,0.0185331946538804,0.0176172488055708,0.0202064749884681,0.0197776719773011,0.020061430293276,0.0186906747523829,0.0221760811827535,0.0192519674259169,0.0184257266289374,0.0161568592870821,0.0176320480598445,0.0164556104945856,0.0151452825912916,0.0124812258044961,0.0107457725146011,0.0062073933168187,residential,12,winter,0,3,119.1753794,357.5261382,0
5,2021-12-07,0.0022007816493693,0.0013790653358845,0.0008069898970812,0.0007864447113638,0.0013625488382444,0.0056131642405522,0.0178138679328654,0.0192153364414487,0.0185412664412713,0.0177185075952492,0.0190518238170984,0.015991615922185,0.0161378075080943,0.016862661686467,0.0174252759895974,0.0174305738260555,0.0156288540882002,0.0152910815011517,0.0172010580941057,0.0164625114221882,0.0151515986693632,0.0124863733597689,0.0107502397280644,0.0062098617457662,residential,12,winter,0,3,119.1753794,357.5261382,0
5,2021-12-08,0.0022014701265863,0.0013794018638921,0.0008070766827886,0.0007865275723041,0.0013628762467838,0.005615369188943,0.0178215527647688,0.0192236303379318,0.0185492212406537,0.0178963114739229,0.0177823725849686,0.0167202030472773,0.0156556443476476,0.0160269424254872,0.0162548936628072,0.0161271780200343,0.0142330871699796,0.014785559002318,0.0172081504729201,0.0164693035897429,0.0151578151676992,0.0124914397583195,0.0107546365111229,0.0062122908885839,residential,12,winter,0,3,119.1753794,357.5261382,0
5,2021-12-09,0.0022021486087522,0.0013797327511381,0.0008071618540478,0.0007866090764881,0.0013631985304166,0.0056175357413701,0.0178291121557348,0.0192317886683112,0.0185570306795062,0.0163785154247982,0.0149121306903,0.0135976384001132,0.0128679899186109,0.0131273913700572,0.0138847600141885,0.0138335055413077,0.0113023374458805,0.0147914807065588,0.0172151268630471,0.0164759849872273,0.0151639302453426,0.0124964234997822,0.010758961561711,0.0062146810409561,residential,12,winter,0,3,119.1753794,357.5261382,0
5,2021-12-10,0.0022028153692896,0.0013800577566796,0.0008072455768577,0.0007866892026076,0.0013635155966273,0.005619668110446,0.0178365439771287,0.0192398096400594,0.0185647151012511,0.0167982829743971,0.018199102192294,0.017993713159725,0.0170003581416639,0.0146196838515483,0.0159588468227192,0.0163134272418913,0.0133606924808923,0.0147973024436155,0.0172219855960772,0.016482553383812,0.0151699420870734,0.0125013231082689,0.0107632135990058,0.0062170305396494,residential,12,winter,0,3,119.1753794,357.5261382,0
5,2021-12-11,0.0022034702972906,0.0013803773255653,0.0008073278472058,0.0007867679302825,0.0013638266847102,0.0056217656476554,0.0178438460286555,0.0192416307422969,0.0184973412778241,0.0183605463865651,0.019616494092201,0.0191034828945906,0.0183126262787254,0.0181150375701903,0.0181085136181816,0.0157148308194576,0.0146145607943505,0.0156547136212348,0.0183120296197556,0.0174151364495547,0.0151758489210911,0.0125061371328072,0.0107673913638069,0.0062193386872689,residential,12,winter,1,3,119.1753794,357.5261382,0
5,2021-12-12,0.0022041134058797,0.0013806913737069,0.0008074086407113,0.0007868452355775,0.0013641325889547,0.0056238204682181,0.0178510159839117,0.0192493687705382,0.018504720032524,0.0163234321482437,0.0148551725627078,0.012160113703007,0.0106745095028705,0.0095413240841576,0.0084383507417539,0.0095577802036986,0.0112403684144745,0.0148025794220246,0.0172353422362356,0.0164953445197547,0.0151816489982762,0.0125108641477692,0.0107714936189087,0.0062216057310038,residential,12,winter,1,3,119.1753794,357.5261382,0
5,2021-12-13,0.0022047445114384,0.0013809990491195,0.0008074877097978,0.0007869210866848,0.0013644325544816,0.0056258416682885,0.0178580519394188,0.0192630219947058,0.0185869363293838,0.0164047191468632,0.0149358573810372,0.0122396697523475,0.0107451148576832,0.0096198089573979,0.0085163789191184,0.0096362514412251,0.0113194436283278,0.0148141507622349,0.0172418355899315,0.0165015630466172,0.0151873405878347,0.0125155027532943,0.0107755191494672,0.0062238301036608,residential,12,winter,0,3,119.1753794,357.5261382,0
5,2021-12-14,0.0022053627031515,0.0013813012194627,0.0008075654561973,0.0007869954775079,0.0013647267133545,0.0056278213600879,0.0178649516474958,0.0192704687868001,0.0185940947190232,0.0164109664997341,0.014941514270274,0.0122442196894818,0.0119320216119716,0.0114317355629188,0.0105347961431312,0.0107024405348284,0.0113235220366365,0.0148195556936808,0.0172482029898162,0.0165076613302525,0.0151929220174124,0.0125200515757032,0.0107794667633598,0.0062260113524396,residential,12,winter,0,3,119.1753794,357.5261382,0
5,2021-12-15,0.0022059699525014,0.0013815969337945,0.0008076416282797,0.0007870683775859,0.0013650147590628,0.0056297613826836,0.0178717131202083,0.0192777663775483,0.0186011100094508,0.017557157143883,0.0192376422124759,0.0173718941099042,0.0173738305059114,0.015197354650899,0.0137244332572591,0.0137543251976193,0.0131638482883936,0.0152651741380544,0.0172544430768713,0.0165136375772699,0.0151983916342479,0.0125245092679054,0.0107833352915379,0.0062281489721622,residential,12,winter,0,3,119.1753794,357.5261382,0
5,2021-12-16,0.0022065639169703,0.0013818869664037,0.0008077162379345,0.0007871397652802,0.0013652970455301,0.0056316611759019,0.0178783343556952,0.0192849126275833,0.0186079798441928,0.016423083965412,0.0149524863285275,0.0122530447857067,0.0107567192965896,0.0096300961002462,0.0085253495345894,0.0096464992544066,0.0113314325514616,0.0148300391440432,0.0172605537411054,0.016519489752945,0.0152037478095838,0.0125288745097976,0.0107871235883736,0.0062302421860053,residential,12,winter,0,3,119.1753794,357.5261382,0
5,2021-12-17,0.0022071444731481,0.001382170475404,0.0008077892369871,0.0007872096208603,0.0013655734916664,0.0056335201772732,0.0178848133936256,0.0192919050418991,0.0186147022580823,0.0164289504486716,0.0149577983105533,0.0122573173313287,0.0107604262402145,0.0096333822443595,0.0085282154645534,0.0096497728356126,0.0113352623155079,0.0148351145583851,0.0172665334409377,0.0165252161252921,0.0152089889571183,0.0125331460086546,0.0107908305319985,0.0062322905210129,residential,12,winter,0,3,119.1753794,357.5261382,0
5,2021-12-18,0.0022077127988422,0.0013824474748421,0.0008078606018216,0.0007872779222296,0.0013658435755286,0.0056353378220002,0.0178911483157746,0.0192926822335643,0.0185463587598076,0.0163597700225396,0.0148880758749235,0.012186578538581,0.0106974709085984,0.0095616789899507,0.0084561076152084,0.0095780573001227,0.0112640905896693,0.0148340173557331,0.0172723792652958,0.0165308105787938,0.0152141135385096,0.0125373224995126,0.0107944550246366,0.0062342929069869,residential,12,winter,1,3,119.1753794,357.5261382,0
5,2021-12-19,0.002208268782704,0.0013827183830104,0.0008079303319289,0.0007873446485273,0.001366107433351,0.0056371135790504,0.0178973372465914,0.0192993618793514,0.0185527800315333,0.0163653738274316,0.0148931500112058,0.0121906597845087,0.0107010118768904,0.0095648179996809,0.0084588418681132,0.0095811843127699,0.0112677488792798,0.0148388655225982,0.0172780911183455,0.0165362853503799,0.0152191200177188,0.0125414027455433,0.0107979959929286,0.0062362494915222,residential,12,winter,1,3,119.1753794,357.5261382,0
5,2021-12-20,0.0022088101108608,0.0013829829792185,0.0008079984066387,0.0007874097823615,0.0013663647664905,0.0056388469154521,0.01790337835377,0.0193119422751056,0.0186339643624377,0.0164457600065641,0.0149730192697497,0.0122695598604894,0.0107710480964663,0.0096427983439622,0.0092149089976374,0.0111713501642801,0.0113462361007319,0.0148496576232419,0.0172836662324486,0.0165416154608809,0.0152240069307198,0.0125453855384206,0.0108014523882503,0.006238159698744,residential,12,winter,0,3,119.1753794,357.5261382,0
5,2021-12-21,0.0022093394294932,0.0013832408718902,0.0008080647856897,0.0007874733033808,0.0013666159453141,0.0056405373323167,0.0179092653495835,0.0193183009263698,0.018640077160132,0.0164510944950445,0.0149778495746129,0.0122734449725913,0.0108612639626967,0.0117010591301978,0.0128493464467553,0.0121527421176145,0.0113497185826416,0.0148542728001006,0.0172891034288064,0.0165468204307,0.0152287728162962,0.012549269698678,0.010804823187023,0.0062400222142832,residential,12,winter,0,3,119.1753794,357.5261382,0
5,2021-12-22,0.0022098538213151,0.0013834920430693,0.0008081296536704,0.0007875351997175,0.0013668608914864,0.0056421843291215,0.0179150099872139,0.0193244963018539,0.018646032925809,0.0164562918502397,0.0149825557792073,0.0128679039465826,0.0134696587226342,0.013946294649149,0.0147714929569734,0.0164152138182819,0.0129987429913517,0.0148587694144915,0.0172944007916657,0.0165518916849461,0.0152334162677445,0.0125530540760583,0.0108081073910165,0.0062418369207234,residential,12,winter,0,3,119.1753794,357.5261382,0
5,2021-12-23,0.0022103551925657,0.0013837363131791,0.0008081925929239,0.0007875954376708,0.0013670990911095,0.0056437874038642,0.0179205970698257,0.019330526371947,0.0186518299107161,0.0164613508914481,0.016240973295402,0.0159535204531027,0.0133147380605944,0.0110914670700516,0.0112005172880602,0.0098710685337954,0.0113564141498654,0.0148631461347849,0.0172995575401453,0.0165568268471468,0.0152379359048191,0.0125567375498485,0.0108113040276449,0.006243603282663,residential,12,winter,0,3,119.1753794,357.5261382,0
5,2021-12-24,0.0022108426940893,0.0013839743173035,0.0008082536147847,0.0007876540017619,0.0013673303849652,0.0056453460818478,0.0179260294424312,0.019336389837151,0.0196343069184922,0.0225271062533782,0.0237716529903006,0.0220245244700519,0.0225514058516009,0.0221274269269118,0.0219970826111271,0.0236710104251355,0.0210472923247743,0.0184208545159484,0.0207528560351152,0.0188287344219371,0.0154324581112095,0.0125603190292391,0.0108144121502546,0.0062453203349209,residential,12,winter,0,3,119.1753794,357.5261382,0
5,2021-12-25,0.0022113167030826,0.0013842053462221,0.0008083130599447,0.0007877108867984,0.0013675554108661,0.0056468599159336,0.0179313009864535,0.019336024494951,0.0185880244304188,0.0179283069198657,0.0178678470176001,0.0175330621841501,0.0174659720625728,0.0181388798182308,0.0191423361876307,0.0190258560023768,0.0160484248720098,0.0157169171056026,0.0173094398914308,0.0165662794710998,0.0152465984478013,0.0125637974535926,0.0108174308384044,0.0062469886964927,residential,12,winter,1,3,119.1753794,357.5261382,0
5,2021-12-26,0.0022117762844854,0.0013844292763195,0.0008083707267084,0.000787766070635,0.0013677738453353,0.0056483260089316,0.0179364236155493,0.0193415485785761,0.0185933349312188,0.0164007649560956,0.0165967934359931,0.0170451542156899,0.020345770037596,0.0211126531783724,0.0213757744296774,0.0195357826270505,0.0160138843117411,0.0166945137569326,0.0177750057661134,0.0165707973478773,0.0152507387802675,0.0125671717928118,0.0108203591981386,0.0062486067245462,residential,12,winter,1,3,119.1753794,357.5261382,0
5,2021-12-27,0.0022122214011405,0.0013846463019166,0.0008084265972264,0.0007878195352616,0.0013679852566941,0.0056497512585361,0.0179413779336473,0.0193529605179047,0.0186733963442087,0.0198090691059837,0.0223685923112119,0.0218853970701086,0.0197792463196833,0.0187489470042086,0.0216304018494367,0.0197570807864745,0.0188246934830413,0.0180716066700114,0.0176523635097441,0.0165751745245759,0.0152547501716729,0.0125704410476184,0.0108231963622511,0.0062501744141439,residential,12,winter,0,3,119.1753794,357.5261382,0
5,2021-12-28,0.0022126513944866,0.0013848559838639,0.0008084808401894,0.0007878712724018,0.0013681898117856,0.00565112545623,0.0179461803247225,0.0193581387915494,0.0186783749139401,0.0164845155747659,0.0150081117066839,0.0142286612438861,0.0122277444214857,0.0107406907063433,0.0094706371153794,0.0096807791409916,0.0113715365889434,0.0148831872243284,0.0173231683736012,0.0165794095569743,0.0152586314321926,0.0125736042498534,0.0108259414905425,0.0062516912484708,residential,12,winter,0,3,119.1753794,357.5261382,0
5,2021-12-29,0.0022130682508725,0.0013850589144275,0.0008085328750348,0.000787921246114,0.0013683874481913,0.0056524579859013,0.0179508159941402,0.0193631424003685,0.0201176404721732,0.0213253684950744,0.0241631019596186,0.0243473223040251,0.0238957993826713,0.0243107577638712,0.0250977423266518,0.0231663446713965,0.0199470278828048,0.0189626557576136,0.0180299228447838,0.0167543292885637,0.0152623814258879,0.0125766604627643,0.0108285937700693,0.006253156778371,residential,12,winter,0,3,119.1753794,357.5261382,0
5,2021-12-30,0.0022134690510136,0.00138525458564,0.0008085834557494,0.0007879694694333,0.0013685781073595,0.0056537411111976,0.017955283445657,0.0193679689241832,0.0186878246214106,0.0166174242339785,0.0172443290705186,0.0167579348298772,0.0176177112070488,0.0175463053727582,0.0183937109411122,0.0206808130733234,0.0212914018772789,0.0178771376205586,0.0201411768472071,0.0182548150698144,0.0159019222933373,0.0126887733765431,0.0108311524153838,0.0062545702512884,residential,12,winter,0,3,119.1753794,357.5261382,0
5,2021-12-31,0.0022138562482814,0.0013854433867483,0.0008086319919441,0.0007880159058124,0.0013687615083478,0.0056549768925232,0.0179595949614783,0.0193726177707274,0.0186922934170594,0.0174600756650337,0.0181761319813534,0.0177463113193056,0.0170743777561459,0.0184006722597471,0.0181681843245795,0.0190247651766822,0.0186032665742994,0.0161204519321044,0.0173355479428903,0.0165912509093276,0.0152694831737419,0.0125824483322923,0.0108336166687676,0.0062559318854423,residential,12,winter,0,3,119.1753794,357.5261382,0
6,2021-01-01,0.0026330092251113,0.0017430189626452,0.0011262354653502,0.0010994297165872,0.0017276037498605,0.0062919105889746,0.0192991462111598,0.0208323684871467,0.0200241848352524,0.0177055469255804,0.0161525782899329,0.0133083104089109,0.0117334444305694,0.0105194503735894,0.0093480705329121,0.010560274249024,0.0124427210322309,0.0163502049379298,0.0189461945499049,0.018135055204592,0.0167241535263547,0.0138357810511264,0.011878920604585,0.0069644421085514,residential,1,winter,0,2,147.4369983,294.8739966,0
6,2021-01-02,0.0026333620851231,0.0017432005537655,0.0011262819556942,0.0010994744759205,0.0017277810896456,0.0062931027467492,0.0193033008993196,0.0208368499838615,0.0200284924680872,0.0177093066247106,0.0161559823625592,0.0133110481172366,0.0117358198797071,0.0105215562047777,0.0093499080239611,0.0105623724133511,0.0124451757056002,0.0163534582426661,0.0189500277391296,0.0181387204959018,0.0167275122490523,0.013838518120524,0.0118812960537227,0.0069657540658942,residential,1,winter,1,2,147.4369983,294.8739966,0
6,2021-01-03,0.0026337184236428,0.0017433741407414,0.0011263266386631,0.0010995173317726,0.00172795064614,0.006294244014279,0.0193072782571485,0.020841139563035,0.0200326165746057,0.0177129055034469,0.0161592411317127,0.01331366897641,0.0117380939414123,0.0105235721561978,0.0093516670883678,0.0105643810251423,0.0124475256101379,0.0163565726918868,0.0189536965866392,0.018142229242516,0.0167307276208414,0.0138411383683434,0.0118835701154278,0.0069670099790736,residential,1,winter,1,2,147.4369983,294.8739966,0
6,2021-01-04,0.0026340595220099,0.001743540481182,0.0011263695300308,0.001099558271457,0.001728112369034,0.0062953340536389,0.0193110771071221,0.0208543265371722,0.02014892973385,0.0178287177303704,0.016274728156825,0.0134285466708882,0.0118401356785956,0.0106378720914449,0.0094657216658018,0.0106786739501661,0.0125621445105419,0.0163686369553617,0.0189572010436582,0.0181455806392941,0.0167337986821488,0.0138436410180364,0.0118857421162585,0.0069682092511931,residential,1,winter,0,2,147.4369983,294.8739966,0
6,2021-01-05,0.002634383855728,0.0017436986684099,0.0011264100033765,0.0010995972611859,0.0017282668818391,0.006296372563701,0.0193146963245665,0.0208582301774288,0.0201526821937535,0.0178319927124284,0.0162776935039424,0.0134309315381624,0.0118422049753343,0.0106397065191078,0.0094673223375126,0.0106805016990876,0.0125642828209427,0.0163714709680012,0.0189605400747381,0.01814877369414,0.0167367245351315,0.0138460253287488,0.0118878114129972,0.0069693521193923,residential,1,winter,0,2,147.4369983,294.8739966,0
6,2021-01-06,0.0026346920407192,0.0017438489575785,0.0011264486411776,0.0010996343110769,0.0017284134673959,0.0062973592153464,0.0193181348379911,0.0208619389191549,0.0201562473030056,0.0178351039466226,0.0162805107689776,0.0134331973325767,0.0118441709551785,0.0106414493565383,0.0094688430900763,0.0106822381912361,0.0125663143686999,0.0163741634826237,0.0189637121204929,0.0181518070706209,0.0167395042885203,0.0138482905943896,0.0118897773928414,0.0069704382957973,residential,1,winter,0,2,147.4369983,294.8739966,0
6,2021-01-07,0.0026349832745855,0.0017439910019905,0.0011264852273912,0.001099669402936,0.0017285523061185,0.0062982937236443,0.0193213916294052,0.0208654516633645,0.0201596240052067,0.0178380509762461,0.0162831792111916,0.0134353433831375,0.0118460330359218,0.0106431000876114,0.0094702834731365,0.0106838829123661,0.0125682385521899,0.0163767137018666,0.018966716526907,0.0181546802565805,0.0167421371439231,0.0138504361441218,0.0118916394735847,0.0069714667195236,residential,1,winter,0,2,147.4369983,294.8739966,0
6,2021-01-08,0.0026352588933306,0.0017441253638337,0.0011265197704521,0.0010997025263712,0.0017286833568923,0.0062991758118938,0.0193244657346198,0.0208687673691471,0.0201628112997821,0.01784083269555,0.0162856979169698,0.0134373690543123,0.0118477906661267,0.0106446582234789,0.0094716430601373,0.0106854353754088,0.012570054801584,0.0163791208705065,0.0189695524044917,0.0181573922744292,0.0167446223133754,0.0138524613425612,0.0118933971037896,0.0069724374552593,residential,1,winter,0,2,147.4369983,294.8739966,0
6,2021-01-09,0.0026355181040077,0.001744251701172,0.0011265522504955,0.0010997336715734,0.0017288065809088,0.0063000052189191,0.0193273562435322,0.0208627954618916,0.0200534337816788,0.0177310738203719,0.0161756918060165,0.0133268992856177,0.0117495735889349,0.0105337488421135,0.00936054698785,0.0105745206600171,0.0124593881184171,0.0163722946835988,0.0189722189136542,0.0181599424482566,0.0167469590537118,0.0138543655895496,0.0118950497629504,0.0069733502155569,residential,1,winter,1,2,147.4369983,294.8739966,0
6,2021-01-10,0.0026357608298582,0.0017443699766061,0.0011265826579031,0.0010997628293193,0.0017289219416771,0.0063007816991374,0.0193300623003953,0.0208657142019161,0.0200562394840462,0.0177335227222797,0.0161779089974177,0.0133286824341973,0.0117511207876324,0.0105351204308459,0.009361743798892,0.0105758872551012,0.012460986918147,0.0163744136550264,0.0189747152649464,0.0181623296420213,0.01674914668208,0.0138561483219768,0.011896596961648,0.0069742046789565,residential,1,winter,1,2,147.4369983,294.8739966,0
6,2021-01-11,0.0026359870132838,0.0017444804089019,0.0011266111889024,0.0010997899990231,0.0017290294050557,0.0063015050226412,0.0193325831040711,0.0208775230718904,0.0201712273319983,0.0178481782167745,0.0162923488531858,0.0134427179719885,0.0118524318040311,0.0106487725834931,0.009475233138839,0.0106895347559569,0.0125748507273044,0.016385477157276,0.0189770407192978,0.0181645535299884,0.0167511845535399,0.0138578090115048,0.011898038241694,0.0069750006954468,residential,1,winter,0,2,147.4369983,294.8739966,0
6,2021-01-12,0.002636196558749,0.0017445822039789,0.0011266374146117,0.0010998151557259,0.0017291289391598,0.0063021749752603,0.0193349179082672,0.0208800410392401,0.0201736481068124,0.0178502909504179,0.0162942618522761,0.0134442564858791,0.011853766738604,0.0106499560004787,0.0094762657563301,0.0106907138643855,0.0125762301836329,0.0163873054216239,0.018979194298754,0.0181666134949008,0.0167530720778412,0.0138593471667927,0.0118993731762669,0.0069757379765589,residential,1,winter,0,2,147.4369983,294.8739966,0
6,2021-01-13,0.0026363901144108,0.0017446761416163,0.0011266613573456,0.0010998382944296,0.0017292205145752,0.0063027913586292,0.0193370660217578,0.0208823579925134,0.0201758752577205,0.0178522347501572,0.0162960219031823,0.0134456719808527,0.0118549949323757,0.0106510447919449,0.0094772158061653,0.0106917986918052,0.0125774993392195,0.0163889874987313,0.0189811759442085,0.0181685084171128,0.0167548086553938,0.0138607623314291,0.0119006013700386,0.0069764159829415,residential,1,winter,0,2,147.4369983,294.8739966,0
6,2021-01-14,0.0026365662311892,0.0017447620970551,0.0011266835952304,0.0010998594291591,0.0017293041041631,0.0063033539902423,0.0193390268085882,0.0208844728975595,0.0201779083265707,0.0178540090405096,0.0162976284414551,0.0134469640377238,0.0118561160216282,0.0106520386354566,0.0094780830069965,0.0106927889169545,0.0125786578182157,0.0163905228904671,0.0189829847799246,0.0181702383777456,0.0167563937901992,0.0138620540862906,0.0119017224592911,0.0069770355308586,residential,1,winter,0,2,147.4369983,294.8739966,0
6,2021-01-15,0.0026367248430163,0.0017448392831712,0.0011267033124773,0.0010998785253014,0.0017293796831842,0.0063038627035094,0.0193407996882627,0.0208863854800204,0.0201797467629095,0.0178556133057968,0.0162990810200442,0.0134481322738622,0.0118571296743616,0.0106529372366962,0.0094788671020102,0.0106936842465877,0.0125797052775491,0.0163919111421396,0.0189846200808482,0.0181718024370282,0.016757827025872,0.0138632220497853,0.0119027361120245,0.0069775953688148,residential,1,winter,0,2,147.4369983,294.8739966,0
6,2021-01-16,0.0026368673227502,0.0017449085358023,0.0011267211160073,0.0010998955971733,0.001729447229214,0.0063043173478075,0.0193423795881269,0.0208790044920951,0.0200690150942636,0.0177446725389593,0.0161880047773168,0.0133368018827057,0.0117581658540394,0.0105413658689517,0.0093671933984043,0.0105821099549614,0.0124682669464245,0.0163840622505466,0.0189860819313734,0.0181732002943573,0.0167591079436533,0.0138642658760612,0.011903642028055,0.0069780957040084,residential,1,winter,1,2,147.4369983,294.8739966,0
6,2021-01-17,0.0026369936132506,0.0017449695805302,0.0011267370509331,0.0010999106419004,0.0017295067223041,0.0063047153258897,0.0193437796271157,0.0208805097646179,0.0200704617855312,0.0177459351776369,0.0161891481511729,0.013337721476263,0.0117589637650887,0.0105420732155946,0.009367810609856,0.0105828147263132,0.0124690914688159,0.0163851550324355,0.0189873696212742,0.0181744313079744,0.0167602361307275,0.0138651852550109,0.0119044399391042,0.0069785363882842,residential,1,winter,1,2,147.4369983,294.8739966,0
6,2021-01-18,0.0026371015919351,0.001745022253718,0.0011267505470376,0.0010999236386244,0.0017295581447886,0.0063050639070787,0.019344985914772,0.02089090040315,0.0201840871587599,0.0178594011526948,0.0163025109280323,0.0134508907822052,0.0118595231712155,0.010655059067151,0.0094807185535842,0.0106957983519316,0.0125821786005488,0.0163951891641892,0.0189884823769452,0.0181754954630917,0.0167612112768363,0.0138659799148583,0.0119051296088784,0.0069789172392852,residential,1,winter,0,2,147.4369983,294.8739966,0
6,2021-01-19,0.0026371933262647,0.0017450666853271,0.0011267619701295,0.001099934592421,0.0017296014814817,0.0063053556010033,0.0193460024757128,0.0208919968699942,0.020185141161151,0.017860321242182,0.0163033438942541,0.0134515606439464,0.0118601043954755,0.0106555743213631,0.0094811681504028,0.0106963117302182,0.0125827792093726,0.0163959851819223,0.0189894198682819,0.018176392282143,0.0167620330733487,0.0138666496197544,0.0119057108331384,0.0069792379252317,residential,1,winter,0,2,147.4369983,294.8739966,0
6,2021-01-20,0.0026372680654439,0.0017451030676879,0.0011267712683143,0.0010999434992013,0.0017296367195287,0.0063055927839278,0.0193468290643391,0.0208928884323172,0.020185997940939,0.0178610692020499,0.0163040211382548,0.0134521053237134,0.0118605770020971,0.0106559932862434,0.009481533727768,0.0106967291697409,0.0125832675780225,0.0163966324419862,0.0189901826921899,0.0181771215156324,0.0167627013068047,0.0138671941724037,0.01190618343976,0.0069794992671618,residential,1,winter,0,2,147.4369983,294.8739966,0
6,2021-01-21,0.0026373258015944,0.0017451308837377,0.0011267782235719,0.001099950349091,0.0017296638484947,0.0063057753856425,0.0193474654359386,0.0208935748259205,0.0201866580052781,0.0178616448410927,0.0163045424180778,0.0134525246572635,0.0118609408511225,0.0106563158377194,0.0094818151774176,0.010697050546879,0.0125836435618728,0.0163971307527009,0.0189907697483717,0.0181776829316441,0.0167632157797108,0.0138676134115559,0.0119065472887854,0.0069797002720927,residential,1,winter,0,2,147.4369983,294.8739966,0
6,2021-01-22,0.0026373665033725,0.0017451501202551,0.0011267832253012,0.0010999551535822,0.0017296828603221,0.0063059033520208,0.0193479114021119,0.0208940558474036,0.0201871203975353,0.0178620483904409,0.0163049079316141,0.013452818529237,0.0118611958348012,0.0106565418802705,0.0094820124160028,0.0106972757664596,0.0125839070495795,0.0163974799664964,0.0189911811545392,0.018178076496457,0.0167635762987753,0.013867907211479,0.0119068022724641,0.0069798410989081,residential,1,winter,0,2,147.4369983,294.8739966,0
6,2021-01-23,0.0026373901872092,0.001745161285858,0.0011267860956076,0.0010999579059163,0.0017296937507149,0.0063059766452428,0.0193481668308312,0.0208852421187764,0.0200750107841303,0.0177499050641731,0.0161927426396596,0.0133406123802396,0.0117614721412695,0.0105442968863563,0.0093697509245134,0.0105850303011861,0.0124716835025132,0.0163885903878719,0.0189914167888924,0.0181783018392855,0.0167637828087101,0.0138680754872751,0.011906948315285,0.0069799217057621,residential,1,winter,1,2,147.4369983,294.8739966,0
6,2021-01-24,0.0026373968478236,0.0017451641191562,0.0011267868239548,0.0010999586043276,0.001729696514178,0.0063059952435613,0.019348231646476,0.020885311672656,0.0200750779767859,0.0177499637150596,0.0161927958312481,0.0133406550934023,0.0117615091999835,0.0105443297388365,0.0093697795906945,0.0105850630340578,0.0124717217971822,0.0163886411417643,0.01899147658167,0.0181783588934094,0.0167638351869989,0.0138681181869952,0.011906985373999,0.0069799422344951,residential,1,winter,1,2,147.4369983,294.8739966,0
6,2021-01-25,0.002637386434464,0.0017451586193103,0.0011267854101268,0.0010999572486094,0.0017296911498931,0.0063059591274764,0.0193481058298449,0.0208942655582357,0.0201873219865873,0.0178622243257364,0.0163050672344489,0.0134529466472421,0.0118613069999687,0.0106566404279822,0.009482098406057,0.0106973739553811,0.0125840219222459,0.0163976322131432,0.0189913605151698,0.0181782480233641,0.016763733478723,0.0138680352995838,0.0119069134376316,0.0069799024951369,residential,1,winter,0,2,147.4369983,294.8739966,0
6,2021-01-26,0.0026373589989744,0.001745144787974,0.0011267818545429,0.001099953839163,0.0017296776594489,0.0063058683497234,0.0193477894182247,0.0208939242749247,0.0201869939206574,0.0178619380087098,0.0163048079997985,0.0134527381480558,0.011861126089823,0.0106564800514786,0.0094819584658798,0.0106972141627725,0.0125838349785181,0.0163973844470157,0.0189910686237542,0.018177968753395,0.0167634776999013,0.0138678268495851,0.0119067325274858,0.0069798025789403,residential,1,winter,0,2,147.4369983,294.8739966,0
6,2021-01-27,0.0026373145335338,0.0017451226315786,0.0011267761582897,0.0010999483779488,0.0017296560491101,0.0063057228951514,0.019347282505251,0.0208933775159401,0.0201864683368104,0.0178614793093467,0.0163043926499817,0.0134524041181887,0.0118608362594738,0.0106562231174198,0.0094817342722047,0.0106969581641533,0.0125835354819605,0.0163969875088399,0.01899060099384,0.0181775215476076,0.0167630678942401,0.0138674928976713,0.0119064426971367,0.0069796424542846,residential,1,winter,0,2,147.4369983,294.8739966,0
6,2021-01-28,0.002637253065548,0.001745092155395,0.0011267683230118,0.0010999408646835,0.0017296263239424,0.0063055228208104,0.0193465852410083,0.0208926254433046,0.02018574539079,0.0178608485790531,0.0163038213782637,0.0134519446565605,0.0118604375947518,0.0106558697018943,0.0094814258914246,0.0106966060353348,0.012583123521266,0.0163964415161652,0.0189899577638726,0.0181769064112482,0.0167625042146761,0.0138670335432686,0.0119060440324147,0.0069794222728743,residential,1,winter,0,2,147.4369983,294.8739966,0
6,2021-01-29,0.0026371745891155,0.0017450533683768,0.0011267583520794,0.001099931302542,0.0017295884927722,0.006305268185925,0.0193456978319222,0.0208916682798815,0.020184825296823,0.0178600453578146,0.016303094290051,0.0134513598992363,0.0118599302137177,0.0106554199095628,0.0094810334148635,0.0106961578805968,0.012582599218433,0.0163957466306823,0.0189891386429361,0.0181761236836121,0.0167617867970798,0.0138664489218943,0.0119055366513806,0.0069791420477379,residential,1,winter,0,2,147.4369983,294.8739966,0
6,2021-01-30,0.002637079133821,0.0017450062840306,0.0011267462463697,0.0010999196943775,0.0017295425686427,0.0063049590659459,0.0193446205407122,0.0208814167172244,0.0200713338669562,0.0177466960695806,0.0161898371597574,0.0133382755587867,0.0117594445302749,0.0105424994130271,0.0093681824981497,0.010583239372056,0.0124695882681288,0.0163858134660903,0.018988145026182,0.0181751732980033,0.0167609159099063,0.0138657392082271,0.0119049207042905,0.0069788018618536,residential,1,winter,1,2,147.4369983,294.8739966,0
6,2021-01-31,0.0026369672001454,0.0017449509589221,0.0011267320109957,0.00109990604441,0.0017294885596544,0.0063045955523753,0.0193433536863114,0.0208800502838309,0.020070020099714,0.017745549855777,0.0161887991788818,0.0133374407666356,0.0117587201995357,0.0105418572951905,0.009367622203581,0.010582599592027,0.0124688397800438,0.0163848214563742,0.0189869759944837,0.0181740556453438,0.0167598917504461,0.0138649046108933,0.0119041963735512,0.0069784018159546,residential,1,winter,1,2,147.4369983,294.8739966,0
6,2021-02-01,0.0026368374152726,0.0017448872697241,0.0011267156492133,0.0010998903550548,0.0017294264872794,0.0063041777528604,0.0193418976437744,0.020887569384618,0.0201808851453042,0.0178566066141267,0.0162999805796177,0.0134488557699989,0.0118577574360036,0.01065349374621,0.0094793526970836,0.0106942387299746,0.0125803539758355,0.0163927708953084,0.0189856331399029,0.0181727710726957,0.0167587146379232,0.0138639453770721,0.0119033638736665,0.0069779420284995,residential,2,winter,0,2,147.4369983,294.8739966,0
6,2021-02-02,0.0026366912235975,0.0017448156343552,0.0011266971771296,0.0010998726328712,0.0017293563708603,0.0063037057910619,0.0193402528441644,0.0208857953008018,0.0201791797688954,0.0178551182551733,0.0162986329566334,0.0134477719318108,0.0118568170135105,0.0106526600634404,0.009478625248162,0.0106934080824578,0.0125793821890634,0.0163914829363694,0.0189841156144418,0.0181713198763958,0.0167573849540733,0.013862861792317,0.0119024234511734,0.0069774226356368,residential,2,winter,0,2,147.4369983,294.8739966,0
6,2021-02-03,0.0026365281997107,0.0017447352625305,0.0011266767645514,0.001099852888799,0.0017292782259198,0.0063031798067878,0.0193384197744285,0.020883818501148,0.02017727920023,0.0178534596940168,0.0162971310735381,0.0134465640336397,0.011855768946906,0.0106517309543688,0.0094778145328434,0.0106924823560649,0.0125782991681128,0.0163900475530585,0.0189824247878537,0.0181697028437184,0.0167559030502677,0.0138616541755598,0.0119013753845689,0.0069768437911655,residential,2,winter,0,2,147.4369983,294.8739966,0
6,2021-02-04,0.0026363483918875,0.0017446469380985,0.0011266540572789,0.0010998311140361,0.0017291920780442,0.0063025974944527,0.0193363989219179,0.0208816388684376,0.0201751839821744,0.0178516311599364,0.0162954753377012,0.0134452324331933,0.0118546135465653,0.0106507066941421,0.0094769207912136,0.0106914618249409,0.0125771052337102,0.0163884651704509,0.0189805604030947,0.0181679201035867,0.0167542693931679,0.0138603228858831,0.0119002199842282,0.0069762056664884,residential,2,winter,0,2,147.4369983,294.8739966,0
6,2021-02-05,0.0026361518533735,0.0017445504347063,0.0011266290524134,0.0010998073163677,0.0017290979527779,0.0063019664095787,0.0193341910508923,0.0208792570520861,0.0201728947357088,0.0178496330132405,0.0162936661709163,0.0134437775219465,0.0118533511546492,0.0106495875860852,0.0094759442879455,0.0106903467913065,0.0125758007394278,0.0163867362571543,0.0189785240585436,0.0181659720830296,0.0167524844524678,0.0138588683170495,0.0118989575923121,0.006975508501254,residential,2,winter,0,2,147.4369983,294.8739966,0
6,2021-02-06,0.002635938628096,0.0017444457809319,0.0011266021470361,0.001099781517484,0.001728995877999,0.0063012793797584,0.0193317966490169,0.0208675848641115,0.020058037698741,0.0177350918880609,0.0161793298812327,0.0133298252759019,0.0117521124086504,0.0105359995010114,0.0093625108516214,0.0105767631247685,0.0124620116109795,0.0163757717330854,0.0189763152104594,0.0181638597084204,0.0167505487664128,0.0138572908998158,0.011897588582666,0.0069747524002733,residential,2,winter,1,2,147.4369983,294.8739966,0
6,2021-02-07,0.0026357088077325,0.0017443330077665,0.0011265731542461,0.0010997537162173,0.001728885883896,0.006300538998228,0.0193292164804944,0.0208648019041904,0.0200553625180115,0.0177327571256284,0.0161772159292297,0.0133281250834649,0.0117506371866936,0.0105346917195241,0.0093613697170469,0.0105754601046215,0.0124604871885055,0.0163737513376566,0.0189739349917546,0.018161583456715,0.0167484629034098,0.0138555911013193,0.0118961133607091,0.0069739376383692,residential,2,winter,1,2,147.4369983,294.8739966,0
6,2021-02-08,0.0026354624460703,0.0017442121486061,0.0011265420826297,0.0010997239215582,0.0017287680030608,0.0062997455556661,0.0193264513091925,0.0208709089969817,0.0201648699974425,0.0178426294171759,0.0162873248182523,0.0134386774424415,0.0118489259256516,0.0106456646289104,0.0094725212221582,0.0106864381167428,0.0125712279234492,0.0163806756691888,0.0189713838191898,0.0181591439704461,0.0167462274971551,0.013853769425349,0.0118945323633145,0.0069730640852436,residential,2,winter,0,2,147.4369983,294.8739966,0
6,2021-02-09,0.0026352003267408,0.0017440835414737,0.0011265089510268,0.0010996921423302,0.0017286422704016,0.006298899263182,0.0193235019537509,0.020867727842118,0.0201618120317428,0.0178399608134383,0.0162849083077208,0.013436733974082,0.0118472396210167,0.0106441697230264,0.0094712168079221,0.0106849486534773,0.012569485378423,0.0163783661847345,0.0189686633117619,0.0181565421406879,0.0167438431818632,0.013851826410541,0.0118928460586796,0.0069721330643942,residential,2,winter,0,2,147.4369983,294.8739966,0
6,2021-02-10,0.0026349211063847,0.001743946366361,0.0011264737395563,0.0010996583879443,0.0017285087231522,0.0062980003713555,0.0193203692873384,0.0208643489743389,0.0201585640212782,0.0178371261052374,0.0162823415927391,0.0134346697145261,0.0118454485085246,0.0106425819051743,0.0094698313212283,0.0106833666165154,0.0125676345300651,0.0163759131603101,0.0189657731243992,0.018153778454184,0.0167413106668,0.0138497626327259,0.0118910549461875,0.006971143836959,residential,2,winter,0,2,147.4369983,294.8739966,0
6,2021-02-11,0.0026346248814893,0.0017438014249667,0.0011264364886977,0.001099622667632,0.0017283674008412,0.0062970491463395,0.0193170542373957,0.0208516838028019,0.0200427524566797,0.0177217518435767,0.0161672509707915,0.0133201108144848,0.0117436833822436,0.0105285271849713,0.0093559907117757,0.0105693180137625,0.0124533014658866,0.0163642277302711,0.0189627152610494,0.0181508537500233,0.0167386306992766,0.0138475787027142,0.0118891595562591,0.0069700970169373,residential,2,winter,0,2,147.4369983,294.8739966,0
6,2021-02-12,0.0026343138297255,0.0017436486520221,0.0011263971998419,0.0010995849930914,0.0017282183453468,0.0062960458697868,0.0193135577853601,0.0208479125712051,0.0200391269537799,0.017718587997864,0.0161643862089697,0.0133178068420591,0.0117416842761808,0.0105267549812105,0.0093544443349505,0.0105675522621998,0.0124512356871096,0.0163614898475192,0.0189594892935822,0.0181477692542124,0.0167358041145994,0.0138452752683296,0.0118871604501964,0.0069689929145177,residential,2,winter,0,2,147.4369983,294.8739966,0
6,2021-02-13,0.0026339859532523,0.0017434879472442,0.0011263560794423,0.0010995453826957,0.0017280616008092,0.0062949908387569,0.0193098809663756,0.020843947139329,0.0200353147615013,0.0177152608379191,0.0161613736617035,0.0133153840189486,0.011739582046,0.0105248913581131,0.0093528181880973,0.010565695424138,0.0124490633448948,0.0163586107307681,0.0189560972500328,0.0181445255146499,0.0167328316950128,0.0138428530103205,0.0118850582200156,0.0069678318566397,residential,2,winter,1,2,147.4369983,294.8739966,0
6,2021-02-14,0.0026336413485955,0.0017433193582314,0.0011263127493697,0.001099503833383,0.0017278972136369,0.0062938843656369,0.0193060203387528,0.0208397882359578,0.0200313167172182,0.0177117715077567,0.016158214210424,0.0133128430626494,0.0117373773142566,0.0105229368675736,0.0093511127527842,0.0105637480494621,0.0124467850825607,0.0163555912326408,0.0189525406143619,0.0181411234917022,0.0167297143617989,0.0138403126473282,0.0118828534882722,0.0069666141871086,residential,2,winter,1,2,147.4369983,294.8739966,0
6,2021-02-15,0.0026332815119584,0.0017431430319061,0.0011262674178236,0.0010994603651034,0.0017277252325211,0.0062927267780453,0.0193019861065288,0.0208354363945189,0.0200271339630995,0.0177081207918902,0.0161549086849825,0.0133101847229584,0.0117350707338612,0.0105208920883956,0.0093493285340598,0.0105617107148685,0.0124444015747932,0.0163524322473332,0.0189488190137984,0.0181375644226198,0.0167264530032192,0.013837654930428,0.0118805469078767,0.0069653402664932,residential,2,winter,0,2,147.4369983,294.8739966,0
6,2021-02-16,0.0026329065505226,0.0017429590204746,0.0011262199030304,0.0010994149822413,0.0017275457083593,0.0062915184187351,0.0192977794582294,0.0208308946632348,0.0200227678800452,0.0177043103481791,0.016151458455055,0.0133074097951668,0.0117326629878855,0.0105187576261214,0.0093474660603035,0.0105595840236948,0.0124419135274456,0.0163491347103488,0.0189449339005203,0.0181338494369112,0.0167230486198182,0.0138348806475681,0.0118781391619011,0.0069640105187558,residential,2,winter,0,2,147.4369983,294.8739966,0
6,2021-02-17,0.0026325144680504,0.0017427672329501,0.0011261706088942,0.0010993677144026,0.0017273584707707,0.006290259638292,0.0192933925859758,0.0208261630793092,0.0200182194711267,0.0177003406484377,0.016147864114307,0.0133045190929941,0.0117301547893609,0.0105165341128515,0.0093455258830693,0.0105573686057402,0.0124393216773295,0.0163456995982219,0.0189408866446309,0.0181299792764034,0.0167195021985605,0.0138319906200292,0.0118756309633764,0.0069626251974582,residential,2,winter,0,2,147.4369983,294.8739966,0
6,2021-02-18,0.00263210821478,0.0017425679200941,0.0011261193551407,0.001099318567039,0.0017271642458651,0.0062889483785835,0.0192888312616402,0.0208303331445216,0.0201258647656247,0.0178085877588399,0.0162565013815563,0.0134138879357776,0.0118274166174191,0.0106265966676585,0.0094558830375222,0.0106674395776799,0.0125490012525967,0.016351217520313,0.0189366794804405,0.0181259551107739,0.0167158147985695,0.0138289857038674,0.011873023055082,0.0069611848530094,residential,2,winter,0,2,147.4369983,294.8739966,0
6,2021-02-19,0.0026316850759534,0.0017423609469824,0.0011260663516394,0.0010992675623587,0.0017269624204743,0.006287589911316,0.0192840969460132,0.0208252266889407,0.0201209565624587,0.0178043038048852,0.0162526223819346,0.0134107682924026,0.0118247097716622,0.0106241970539913,0.0094537891998684,0.0106650487004703,0.0125462041301121,0.0163475103501694,0.0189323117720763,0.0181217784302446,0.0167119875016775,0.0138258667885306,0.0118703162093251,0.0069596899104314,residential,2,winter,0,2,147.4369983,294.8739966,0
6,2021-02-20,0.002631247271167,0.0017421465203562,0.0011260112247124,0.0010992147010441,0.0017267532779531,0.0062861821926293,0.0192791864682351,0.020810845322701,0.0200034953414475,0.0176874899462784,0.0161362283237305,0.013295161086722,0.011722035053697,0.0105093359824728,0.0093392449901781,0.0105501966821469,0.0124309311382169,0.0163345791856344,0.0189277860018512,0.0181174504544673,0.0167080214531772,0.0138226347978829,0.0118675112277125,0.0069581406766584,residential,2,winter,1,2,147.4369983,294.8739966,0
6,2021-02-21,0.002630794274998,0.0017419246552231,0.0011259541854238,0.0010991600059626,0.0017265368802355,0.0062847256393424,0.0192741148326637,0.0208053706941544,0.0199982324090392,0.0176828966585385,0.0161320692694274,0.0132918161972825,0.0117191327668975,0.0105067631106893,0.0103485669769238,0.010547633177615,0.0124279320564838,0.0168272957211194,0.0189231032286681,0.0181129722416797,0.0167039178122522,0.0138192906889274,0.011864608940913,0.0069565377903504,residential,2,winter,1,2,147.4369983,294.8739966,0
6,2021-02-22,0.0026303268633075,0.0017416957187871,0.0011258950657368,0.0010991034861063,0.0017263132914042,0.0062832231314906,0.0192688700453756,0.0208088033805481,0.0201051689744342,0.0177905250829281,0.0162401464362296,0.0154621836802147,0.0123423439024737,0.0112440598923742,0.0120550659205081,0.0106573589460321,0.0125372077730624,0.0163355870159432,0.0189182646549537,0.018108345011996,0.0166996778046761,0.01381583545226,0.0118616102084113,0.0069548812313045,residential,2,winter,0,2,147.4369983,294.8739966,0
6,2021-02-23,0.0026298431346074,0.0017414588744469,0.0011258344378899,0.0010990451798261,0.0017260825776715,0.0062816677684095,0.019263458011095,0.0208029662222589,0.0200995579479724,0.0177856279102859,0.0162357122431843,0.0135808783718744,0.0122022922347026,0.0106137361181732,0.0094446612716485,0.0106546258505835,0.0125340102844163,0.0163313492199553,0.0189132722651617,0.0181229848657205,0.016695302692617,0.0138122701110291,0.0118585159182536,0.0069531722570358,residential,2,winter,0,2,147.4369983,294.8739966,0
6,2021-02-24,0.0026293452864141,0.0017412150967302,0.0011257717651064,0.0010989850827756,0.0017258448073594,0.0062800673561861,0.0192578804974773,0.0207969505409686,0.0200937754940731,0.0177805808560673,0.0171954918054928,0.0145619485918235,0.0130041093680783,0.0131231751218742,0.0125529553353656,0.0125076507058394,0.0125695725486564,0.0166586790290762,0.0193333709181982,0.0195484301668159,0.0166907937649614,0.0138085957209234,0.0118553269867846,0.0069514113282727,residential,2,winter,0,2,147.4369983,294.8739966,0
6,2021-02-25,0.0026288327813291,0.001740964156336,0.0011257070565065,0.0010989232127588,0.0017256000508799,0.0062784223656026,0.0192521391557672,0.0207907582604307,0.0200878226388706,0.0185532253351475,0.0195394129071908,0.0145639080294482,0.0173172897004739,0.0138719120337552,0.0104894651433144,0.0130636267586128,0.0148960782372571,0.0176941975640317,0.0208138507199368,0.0190068963109462,0.0166861523465683,0.0142381099656429,0.0120932531069874,0.0069495980176,residential,2,winter,0,2,147.4369983,294.8739966,0
6,2021-02-26,0.0026283057711185,0.001740706127576,0.0011256409142997,0.0010988596096904,0.0017253483807137,0.0062767259474652,0.019246231019135,0.0208337748794759,0.0200817021562678,0.0195455146605613,0.0216248851633082,0.0202102127620543,0.0161276657641156,0.0148189134854562,0.0185024802956085,0.0155517233287887,0.0160867267915315,0.0226450053758735,0.0217681133359599,0.0198427908686616,0.0186410648170784,0.0163080150064273,0.0138859920404573,0.007564409873222,residential,2,winter,0,2,147.4369983,294.8739966,0
6,2021-02-27,0.0036453854585028,0.0024263351275565,0.0011255727750267,0.0010987942708131,0.0022167117238404,0.0062749859403487,0.0195853189559578,0.0207687605592978,0.0199630403811762,0.0183343724000725,0.0183096003252458,0.0132694495872779,0.013715085391164,0.0126719688978821,0.0093219911739812,0.0118426533626719,0.014046384150083,0.016304025403798,0.0188917906399738,0.0180830268500642,0.0166764776119854,0.0137969292987887,0.011845201926678,0.0069458192587016,residential,2,winter,1,2,147.4369983,294.8739966,0
6,2021-02-28,0.0026272088638178,0.0017401691126796,0.0011255028532341,0.0010987272226745,0.0017248245994589,0.0062732004138001,0.0192339443536308,0.0207620493937986,0.0199565891317259,0.0176465510388662,0.0166924361175538,0.0132653492445372,0.0125795982509257,0.0127306547553301,0.0100392718065296,0.0114683533027631,0.0132666411928379,0.0162991528378153,0.0188860502143892,0.0180775328492097,0.0166714471565284,0.0137928299129542,0.0118416441497095,0.0069438535957307,residential,2,winter,1,2,147.4369983,294.8739966,0
6,2021-03-01,0.0026266393125171,0.0017398905865017,0.0011254311792149,0.0010986584851303,0.0017245526434799,0.0062713723376347,0.0192275649580755,0.0207642584657995,0.0200623492856624,0.0177531528146664,0.0162063076502731,0.0133735200465324,0.0117923902901813,0.0105955458945074,0.0094287889769693,0.0106365018559691,0.0125128067530681,0.0163032470904329,0.0188801648728048,0.0180718978840668,0.0166662899492643,0.0137886272353665,0.0118379967278442,0.006941839864311,residential,3,spring,0,2,147.4369983,294.8739966,0
6,2021-03-02,0.0026260558492302,0.0017396046881076,0.0011253575513848,0.0010985880713506,0.0017242740839873,0.0062694973704109,0.0192210350878017,0.0207572109235709,0.0200555745761488,0.0177472399796373,0.0162009538534804,0.0133692143169371,0.0117886543035687,0.0105922339494092,0.0094259057091125,0.0106332019685503,0.0125089461665792,0.0162981304568041,0.0188741368984049,0.0180661260985248,0.016661007517451,0.013784322510609,0.0118342607412316,0.0069397764376641,residential,3,spring,0,2,147.4369983,294.8739966,0
6,2021-03-03,0.0026254594551326,0.0017393127056133,0.0011252826119863,0.0010985160237425,0.0017239890034721,0.0062675760709256,0.0192143432095405,0.020749998340276,0.0200486413441325,0.0177411886670012,0.0161954747708511,0.0133648077914524,0.0117848308585857,0.0105888444726303,0.0103357179850769,0.0106298248336898,0.0125049952048727,0.0171470421349605,0.0188679676246817,0.0180602140298508,0.0166556014300145,0.0137799170134849,0.0118304372962486,0.0069376647461371,residential,3,spring,0,2,147.4369983,294.8739966,0
6,2021-03-04,0.002624848136438,0.0017390137746262,0.0011252055784467,0.0010984423349071,0.0017236974863567,0.0062656163233988,0.0192075094188424,0.020742622740946,0.0200415516821668,0.0177350007409306,0.0161898718744787,0.0133603017728812,0.0117809210875094,0.0106559667053063,0.0094199262399797,0.0106263714525615,0.0125009550381278,0.016287539403503,0.0188616594189697,0.0180541789292036,0.0166500732741665,0.0137754120486407,0.0118265275251723,0.0069355042540045,residential,3,spring,0,2,147.4369983,294.8739966,0
6,2021-03-05,0.0026242241946355,0.0017387081292046,0.0011251273068119,0.0010983670553906,0.0017233996189692,0.0062636075660367,0.019200517582773,0.0207350871032307,0.0200343077787809,0.0177286780455096,0.0161841470971243,0.0133556976020813,0.0136872696506351,0.014786965430128,0.0108420486534573,0.010622842835024,0.0124968268623841,0.017762469499661,0.0188552136082035,0.0180480072140661,0.0166444247052714,0.013770808950179,0.0118225325858444,0.0069332989664368,residential,3,spring,0,2,147.4369983,294.8739966,0
6,2021-03-06,0.0026235871124575,0.0017383963157386,0.0011250470853014,0.0010982901859478,0.0017230954895185,0.0062615604888634,0.0191933878593787,0.020718303211514,0.0199145368789291,0.0206127614238118,0.0173311294193952,0.020070396839888,0.0154382890986147,0.0157725150069288,0.0137488851573386,0.0142747315119361,0.0163455761363528,0.020394003200671,0.0223781580473127,0.0215749453850822,0.0195452197634158,0.017228831453834,0.0148202925180175,0.0076363850850851,residential,3,spring,1,2,147.4369983,294.8739966,0
6,2021-03-07,0.0035043879460539,0.0032797075669744,0.0011249652944248,0.0024505083669459,0.0032179137699672,0.0062594732520209,0.019186108867557,0.0222179700250472,0.0231507130157897,0.0237828773790586,0.0249151537823364,0.0229511795825026,0.0211504926168459,0.0200827237404505,0.0171795918219023,0.0185985938130411,0.0207329099703921,0.0244690180510274,0.026029055369919,0.024125705138778,0.0214086137201082,0.0196910937265192,0.0172053456468516,0.0106791170924675,residential,3,spring,1,2,147.4369983,294.8739966,0
6,2021-03-08,0.006984401550699,0.0057186782498062,0.0033367063121761,0.004701139187283,0.0042584695417365,0.0062573423134133,0.022082492139324,0.0238319243342819,0.0204371751446893,0.021776489539708,0.0207215212694442,0.0175247037439686,0.0182200768426572,0.0172009248998508,0.0125861272360311,0.0128416872545164,0.0146075936225815,0.0167128346673519,0.0211047596476669,0.020309955396191,0.0166267733508076,0.0141664447962201,0.0121066578533917,0.0069264037938054,residential,3,spring,0,2,147.4369983,294.8739966,0
6,2021-03-09,0.0026215996335434,0.0017374235865573,0.0011247967455123,0.0010980503039208,0.0017221464385316,0.0062551762857089,0.0191711252345636,0.0207033816269412,0.0200038717069494,0.0177020769598597,0.0161600615162198,0.0133363270402302,0.0117601187405402,0.0105669372265092,0.0094038376003639,0.0106079973504263,0.0124794589064513,0.0162590494759162,0.0188280951442792,0.0180220410545975,0.0166206601657124,0.0137514429108203,0.011805725178203,0.0069240162409207,residential,3,spring,0,2,147.4369983,294.8739966,0
6,2021-03-10,0.0026209118998393,0.0017370871040558,0.0011247102214023,0.0010979673357223,0.0017218181796021,0.0062529667849394,0.019163424974832,0.0206950768237353,0.0199959099180797,0.0176951091248625,0.0161537525497604,0.0133312531039891,0.0117557161979249,0.0105630343807696,0.0094004341680365,0.0106041087222858,0.0124749095337355,0.0162530199581655,0.0188209916288423,0.0180152394959689,0.0166144352688962,0.0137463701586514,0.0118013226355878,0.006921584706413,residential,3,spring,0,2,147.4369983,294.8739966,0
6,2021-03-11,0.0026202120221704,0.0017367445410273,0.0011246221701553,0.0010978829031483,0.0017214841269287,0.0062507182853248,0.0191555887974094,0.0206866254643384,0.0199878206495516,0.0176880182917059,0.0161473322312107,0.0133260896137126,0.0117512359512473,0.010559062650525,0.009396970663692,0.0106001514535029,0.0124702798651893,0.0162468840205426,0.0188137627295424,0.0180083178910894,0.0166081005038035,0.0137412078733457,0.0117968423889102,0.0069191102548163,residential,3,spring,0,2,147.4369983,294.8739966,0
6,2021-03-12,0.0026194994864811,0.0017363959064283,0.0011245326083036,0.0010977970312026,0.0017211443794363,0.0062484314526556,0.0191476190224096,0.0206780300526879,0.0199795935120558,0.0176808065690319,0.0161408024618872,0.0133208380985192,0.01174667932729,0.0105550232119658,0.009393448113114,0.010596126722938,0.012465571272085,0.0162406434801471,0.0188064105867263,0.0180012782897267,0.0166016577464147,0.013735957583665,0.0117922857649529,0.0069165936188663,residential,3,spring,0,2,147.4369983,294.8739966,0
6,2021-03-13,0.0026187759146588,0.0017360418426737,0.0011244415814578,0.0010977097453151,0.0017207990377359,0.006246106964074,0.0191395180095103,0.0206602035432955,0.0198588564155888,0.0175611016315165,0.0160217907149192,0.0132031256529955,0.0116421779391014,0.0104385428007334,0.0092774930987753,0.010479661261877,0.0123484106882278,0.0162252105929716,0.0187989373772389,0.0179941227765921,0.0165951089046915,0.0137306208444328,0.011787654113117,0.0069140355437912,residential,3,spring,1,2,147.4369983,294.8739966,0
6,2021-03-14,0.0026180408158279,0.0017356821443617,0.0011243491070271,0.0010976210713346,0.0017204482040956,0.0062437455078742,0.0191312881572549,0.0206513277088299,0.0198503607790928,0.0175536545708046,0.0160150478770763,0.0131977027791352,0.0116374726310067,0.0104343715539663,0.0092738556021262,0.0104755052030309,0.0123435484521827,0.0162187664216917,0.0187913453137782,0.017986853470723,0.0165884559180114,0.013725199236074,0.0117829488050222,0.0069114367870912,residential,3,spring,1,2,147.4369983,294.8739966,0
6,2021-03-15,0.002617294407673,0.0017353169234208,0.00112425521239,0.001097531035521,0.0017200919824096,0.0062413477832913,0.0191229319023428,0.0206514051789266,0.0199541091179425,0.0176584678934889,0.01612057602457,0.0133045710845395,0.0117325647964381,0.0105425107069395,0.0093825366996273,0.0105836597771771,0.012450986003855,0.0162213128746877,0.0187836366442412,0.0179794726424002,0.0165817007606466,0.0137196943641465,0.011778171234101,0.0069087977837925,residential,3,spring,0,2,147.4369983,294.8739966,0
6,2021-03-16,0.0026165369259139,0.0017349462852643,0.0011241601971611,0.001097439671675,0.0017197304781676,0.0062389120800612,0.0191144516642615,0.0206422598571634,0.0199453550706097,0.0176507943012498,0.0161136281111479,0.0132989832752195,0.0117277163775229,0.0105382125926994,0.0093787885656957,0.0105793773012966,0.0124459758836669,0.0162146727054795,0.0187758136510584,0.0179719822409046,0.0165748454249184,0.0137141078588661,0.0117733228151858,0.0069061203188273,residential,3,spring,0,2,147.4369983,294.8739966,0
6,2021-03-17,0.00261576855081,0.0017345703411197,0.0011240632741763,0.0010973469854428,0.0017193637984243,0.0062364463794814,0.0191058501177902,0.020632983118897,0.0199364753459887,0.0176430108459676,0.0161065807197602,0.0132933154682679,0.011722798546427,0.0105338529446919,0.0120370074476374,0.0105750335269279,0.0125286395240607,0.0184654512486538,0.0187678784030469,0.0179643845994442,0.0165678919450714,0.0137084413746232,0.0117684049840899,0.0069034041815869,residential,3,spring,0,2,147.4369983,294.8739966,0
6,2021-03-18,0.0026149902621641,0.0017341895014857,0.00112396529694,0.0010972530256824,0.0017189920517664,0.0062339441515828,0.0190971252158302,0.0206235782735383,0.0199274735753392,0.0176351198554822,0.016256968064403,0.0176749076726191,0.0165570463245313,0.015765396164531,0.0156438782507664,0.0153920270830728,0.0186829354953414,0.0225319917625349,0.0227387147182476,0.0209481618347865,0.0183574430533469,0.0146756634557411,0.0122559391514934,0.0069006504858916,residential,3,spring,0,2,147.4369983,294.8739966,0
6,2021-03-19,0.002614200874754,0.0017338030292175,0.0011238659941463,0.0010971578130818,0.0017186153482815,0.0062314085575771,0.0190882928848814,0.020614048198613,0.0224272144171721,0.0219877371795745,0.0229435048143254,0.0255376976017054,0.0198613927313822,0.020704171355558,0.0207710104297608,0.0215687571293579,0.0223087207922413,0.0271017657827243,0.023939323923833,0.0219924737493181,0.0206072754959086,0.0174897081424895,0.0149501779250953,0.00955006776713,residential,3,spring,0,2,147.4369983,294.8739966,0
6,2021-03-20,0.003557527454797,0.0022155039508029,0.0011237654332343,0.001097061375837,0.0017182337995249,0.006228840356732,0.0190793424515673,0.022067165474187,0.0213593549514817,0.0214882937147057,0.0198649428537766,0.0178403218269575,0.0195271934893053,0.0179632488521305,0.0153928655004911,0.0187872446198494,0.0206878830609302,0.0219460704224397,0.0245317218975378,0.0235572194320719,0.018143543770881,0.0170009164622009,0.0135808104589276,0.0068950335150503,residential,3,spring,1,2,147.4369983,294.8739966,0
6,2021-03-21,0.0029555312913302,0.0020751763646014,0.0011236638556302,0.0010969637496313,0.0017178475184871,0.0062262378719585,0.0190702765242651,0.0213073866926478,0.0204956355855685,0.0217708061933843,0.0213477740439003,0.0197974743227049,0.0171995557090679,0.0167633644915433,0.0155616718943369,0.0140488374294827,0.0160043071236211,0.0209383534001242,0.0214145112287914,0.0194855682258562,0.0180318188830782,0.0138093371256315,0.0117480689645189,0.0068921725065646,residential,3,spring,1,2,147.4369983,294.8739966,0
6,2021-03-22,0.002611771861655,0.0017326149761227,0.0011235608205517,0.0010968649491254,0.0017174566195598,0.0062236067245721,0.0190611111464546,0.020584733728195,0.019890291685731,0.0176025273940816,0.0160699257404892,0.0150753454469271,0.0124634180292859,0.0114802428701029,0.0106387048358053,0.0108950184309197,0.0126526917819445,0.0161729061147631,0.0199016829310169,0.0179248676948306,0.0165317254391769,0.013678968802576,0.0117428263139518,0.0068892769427484,residential,3,spring,0,2,147.4369983,294.8739966,0
6,2021-03-23,0.002610943218277,0.0017322095860967,0.0011234565987949,0.0010967650107059,0.0017170612185024,0.0062209452714057,0.0190518357272658,0.0205747307164371,0.019880716632553,0.0189411155598279,0.0186253975900028,0.0212767167423654,0.0170623663602754,0.0147149043592325,0.0165944033998628,0.0153904823215027,0.0185219733965228,0.0211459153982977,0.022555384986271,0.0226553497763205,0.0181348969489094,0.0162365823268529,0.0138884886838888,0.0073190272160235,residential,3,spring,0,2,147.4369983,294.8739966,0
6,2021-03-24,0.003861725441276,0.0026538991597862,0.0011233511641157,0.0012730891947036,0.0017166614324075,0.0062182543005222,0.0190424574302114,0.0232153095105864,0.0233819404755506,0.0223759586922275,0.0217892765706276,0.0226933577019892,0.0190475086036337,0.014531124630845,0.0130186361134553,0.0108671542875313,0.0124034417250694,0.0161582999997068,0.018709398562176,0.0179083913578709,0.0165166460309186,0.0136666803899874,0.0117321614404681,0.0068833863755496,residential,3,spring,0,2,147.4369983,294.8739966,0
6,2021-03-25,0.0026092592391199,0.0017313857348993,0.0011232446714231,0.0010965618388377,0.0017162570744545,0.0062155346016821,0.0190329790321383,0.0205543947499324,0.0198612509618226,0.0175770711297442,0.0160468770151707,0.0132452992562462,0.0116811359381898,0.0104969191209291,0.0093427788265676,0.0105382341946296,0.0123978419284205,0.0161508783006692,0.0187006547232344,0.0179000193565766,0.0165089838408479,0.013660436368252,0.0117267423758527,0.0068803933960081,residential,3,spring,0,2,147.4369983,294.8739966,0
6,2021-03-26,0.0026084037059557,0.0017309672205633,0.0011231370761631,0.0010964586655561,0.0017158489589173,0.0062127869944072,0.0190233989447443,0.0205440679431696,0.0198513659423551,0.0175684060498146,0.0160390316491258,0.0132389896773715,0.0116756612557496,0.0108373196428276,0.0101449991321986,0.0105333985514808,0.0124218196769513,0.0161433804300438,0.0186918208163484,0.017891561430398,0.0165012430109425,0.0136541282618577,0.0117212676934125,0.0068773696970008,residential,3,spring,0,2,147.4369983,294.8739966,0
6,2021-03-27,0.002607539717536,0.0017305443329668,0.0011230284672549,0.0010963544746776,0.0017154366492455,0.0062100146869664,0.0190137288518906,0.020524549951114,0.0197290090145395,0.0174472813309539,0.0159187344314753,0.0145345514873304,0.0115702628404073,0.0104899958980435,0.0113684218261115,0.0113544255546018,0.0134835479686295,0.0173870747064813,0.019799648254453,0.0182828230256553,0.0164934258335761,0.0136477579388907,0.0117157390144229,0.0068743161739243,residential,3,spring,1,2,147.4369983,294.8739966,0
6,2021-03-28,0.0026066668166359,0.0017301178883784,0.0011229187342081,0.0010962492970573,0.0017150206044872,0.0062072136956972,0.0190039671088103,0.0205140226250363,0.0197189320086875,0.0174384480873202,0.0166563241715396,0.0166020633983614,0.0150704376214225,0.0130889953058531,0.0115187508283994,0.0121536942243721,0.0145093464280278,0.018993563189756,0.020994877551482,0.0193287966667262,0.0164855346237316,0.0138864707364464,0.0118520174868137,0.0068712337310083,residential,3,spring,1,2,147.4369983,294.8739966,0
6,2021-03-29,0.0026057866871851,0.0017296871187352,0.0011228080426988,0.0010961431638424,0.0017146009135422,0.0062043848624822,0.0189941209869001,0.0205124893110919,0.0202975273339198,0.0197021705263498,0.0195809806487983,0.01856863979237,0.0160604559166373,0.0148379959238679,0.0148028836269694,0.0145869470452808,0.0166367244304766,0.0199895779874253,0.0221999730840218,0.0213347372161913,0.0174477749346601,0.0159091602497269,0.0135592692491749,0.0068681232810475,residential,3,spring,0,2,147.4369983,294.8739966,0
6,2021-03-30,0.0026048988772483,0.001729252849887,0.0011226963968814,0.0010960361064633,0.0017141773464153,0.0062015338082209,0.0189841847449943,0.0231084010051374,0.0228082283086838,0.0215611051856826,0.0218095605512224,0.0220907779742305,0.0200064040312632,0.0177918792710622,0.0165614405980581,0.0153441863164996,0.0196181566212862,0.022550927988288,0.0244120066459438,0.0224704794351937,0.0190882997298873,0.0170203413995899,0.0145748759095771,0.0076480844083343,residential,3,spring,0,2,147.4369983,294.8739966,0
6,2021-03-31,0.0033639793165567,0.0021172598616717,0.0011225838203529,0.0010959281566237,0.0017137502482717,0.0061986613787781,0.0189741657106846,0.0239752783995838,0.0244790600135141,0.0248857277165442,0.0221505794352731,0.021802873517668,0.0194107900856234,0.0193009132902703,0.0177383715249058,0.0182651334013054,0.0210501219308483,0.0225415863938593,0.0246544929204435,0.0236885787660268,0.0217094849798348,0.0178418312620929,0.0142736729181495,0.0077625100042985,residential,3,spring,0,2,147.4369983,294.8739966,0
6,2021-04-01,0.002603101984915,0.0017283738775841,0.0011224701644328,0.0010958193392101,0.001713319745591,0.0061957636346157,0.0189640667421864,0.0212034422676767,0.0199080227227537,0.0188782690811722,0.0178063410065386,0.0138125455407197,0.0137517120241929,0.0138858621205894,0.0107405631962015,0.0105034343134434,0.0123571290578268,0.016096919442289,0.0186370832151141,0.0178391513153555,0.0164532765088662,0.0136150397167788,0.0116873435079308,0.0068586334457984,residential,4,spring,0,2,147.4369983,294.8739966,0
6,2021-04-02,0.0026021919895331,0.0017279288416832,0.0011223558174337,0.0010957097006137,0.0017128859658611,0.0061928438301662,0.0189538908840877,0.0204691044046964,0.0197796088000583,0.017505505641619,0.0159820803145477,0.0131931870430239,0.0116359193200426,0.0104568346740724,0.0097810179719015,0.0104982957000394,0.0123511172791176,0.0160889517219696,0.018627695974957,0.017830163379814,0.0164450506044242,0.013608336316573,0.0116815257577055,0.0068554202460171,residential,4,spring,0,2,147.4369983,294.8739966,0
6,2021-04-03,0.0026012761233264,0.0017274808740534,0.0011222406499591,0.0010955992662163,0.0017124488186123,0.0061899028229476,0.0189436411495115,0.0204489616873157,0.0196566534326005,0.0173838560512925,0.0158613083077243,0.0130740589497334,0.011530189606113,0.0103392653543833,0.009190918568712,0.0117369451765966,0.0137253010031044,0.0160718365769475,0.0186182403670576,0.0178211102035475,0.0164367649933696,0.0136015842606451,0.0116756657801285,0.0068521837327641,residential,4,spring,1,2,147.4369983,294.8739966,0
6,2021-04-04,0.0026003546141279,0.0017270298591291,0.0011221248778218,0.0010954880757916,0.0017120090900204,0.006186941505046,0.0189333088437688,0.0234611555106202,0.024063179742021,0.0208280693238759,0.0206472232336893,0.0160451821195219,0.0146083135005479,0.0133095722766932,0.013761076137289,0.0153447892246598,0.0184526688602811,0.0196841682152912,0.021616050173139,0.0196776445867991,0.0164620825288169,0.0135947855485528,0.0116697653105768,0.0068489248584968,residential,4,spring,1,2,147.4369983,294.8739966,0
6,2021-04-05,0.0025994263170569,0.0017265758331172,0.0011220081529787,0.0010953761481267,0.0017115662535855,0.0061839607321921,0.0189229169488808,0.0226654323450339,0.0231119366236314,0.0221823499454514,0.0218467742729959,0.0196139035290954,0.0161375932303446,0.0149137707620265,0.017513050812574,0.0158236519325589,0.0190020442171413,0.0232993760056531,0.0220748250126028,0.0208682611876693,0.018779082806293,0.0159351025138172,0.0134745437117506,0.0069775161853463,residential,4,spring,0,2,147.4369983,294.8739966,0
6,2021-04-06,0.0025984922232385,0.0017261189816153,0.0011218907012409,0.0010952635234414,0.0017111206593766,0.0061809613941212,0.0212838756601806,0.0227153845173202,0.0207251582497977,0.0201105018315282,0.0201530543670397,0.0177669571351096,0.0160601226640881,0.0123438333734996,0.0092895199728385,0.0104773834876538,0.012326651797167,0.0160565263628304,0.0185894936086748,0.0177935861624708,0.0164115745416255,0.0135810562225918,0.0116578498964959,0.00684234386528,residential,4,spring,0,2,147.4369983,294.8739966,0
6,2021-04-07,0.0025975518909007,0.0017256593888072,0.0011217723671082,0.0010951502280316,0.001710672439351,0.0061779443790058,0.0189019601189826,0.020413107995375,0.0197260051663235,0.0184788203720068,0.017566141052098,0.0143054693040141,0.0135832038269032,0.0115878934455403,0.0092848727698203,0.0111382865756877,0.0128502034484753,0.0160482934070145,0.0187668467420577,0.0188420947750937,0.0164030748070588,0.013574129674533,0.0116518384806036,0.0068390237045606,residential,4,spring,0,2,147.4369983,294.8739966,0
6,2021-04-08,0.002596607034527,0.0017251972880974,0.0011216537564145,0.0010950363166166,0.0017102217262438,0.0061749105802645,0.0188913831892104,0.0211093005526321,0.0204317378571336,0.018719757597233,0.0179104373655,0.0155092440024985,0.0132299562403889,0.0129037154997562,0.0121683411128649,0.0136363084407701,0.0148473729280317,0.0194860605701333,0.0206203718356026,0.020579540297015,0.0173681552027459,0.0150518675087898,0.0116457936289656,0.0068356850752197,residential,4,spring,0,2,147.4369983,294.8739966,0
6,2021-04-09,0.0025956572160794,0.0017247327689748,0.0011215343901884,0.001094921801762,0.0017097686535285,0.0061718585188979,0.0188807626614409,0.0214720172847623,0.0212075024836536,0.0201806334788725,0.020639973358715,0.0226543594310518,0.0186750696451585,0.0173131609044534,0.0207405324672046,0.0174944656682724,0.0212929997421737,0.0257607001547783,0.0232054033901792,0.022045354517372,0.0207338333928004,0.0174237895351676,0.0149098743354431,0.0084430467529351,residential,4,spring,0,2,147.4369983,294.8739966,0
6,2021-04-10,0.003544350776842,0.0032629480468359,0.0015673050085275,0.0021427253750719,0.0026470537696862,0.0062440720870815,0.0236294943057466,0.0275293953208998,0.0259804024346323,0.0250945204172037,0.0234332762329252,0.020579747684118,0.0202126811270244,0.0197525317153244,0.0176137044560252,0.0212722492668288,0.0249916209649525,0.0253316105412715,0.026484732763629,0.0244512483119012,0.0199921172825817,0.0179408771747358,0.014537662899189,0.0083922077832077,residential,4,spring,1,2,147.4369983,294.8739966,0
6,2021-04-11,0.0042428845337031,0.0029267167769295,0.0013497944391386,0.0010946911187211,0.002056078961941,0.0061657174893596,0.0228571824941686,0.0267654588656888,0.0275362202838456,0.0277192359578103,0.024767654309903,0.0241489721083837,0.0204256030409188,0.0190194305306712,0.0231231797202638,0.0198629346992461,0.0228158214369731,0.0265067197542638,0.0255461031663344,0.0245363401165976,0.0221353223088148,0.0207422289661311,0.0171492567347845,0.0103600459021089,residential,4,spring,1,2,147.4369983,294.8739966,0
6,2021-04-12,0.0067844348426077,0.0055423593884244,0.0027835478667836,0.0033129295085011,0.0037865896492777,0.0071360086968733,0.0252737029301099,0.0302679169937194,0.0302297729849605,0.0294660416053323,0.0273290384170499,0.0278214311619927,0.0227119994745424,0.0213338867282944,0.0269006767912161,0.0223465732420296,0.0240608978100254,0.0292469107729786,0.0263515409264163,0.0252157312273649,0.0240441058707134,0.0205290563110289,0.0179765674294103,0.0121731360627653,residential,4,spring,0,2,147.4369983,294.8739966,0
6,2021-04-13,0.0064900443683583,0.0051274829192628,0.0040391271580571,0.0039902458534572,0.0044228104886071,0.0087627038798781,0.0284863999635842,0.0323064898068443,0.0328762965304296,0.0315242743270287,0.029978913775241,0.029787226365521,0.0263843982650157,0.0249261376090562,0.0274251706477114,0.0249895470456112,0.0289386773168455,0.0311834970879142,0.0282993659296766,0.0271719394085982,0.0256857533754281,0.0225371062533403,0.0188668850157203,0.0136285104816871,residential,4,spring,0,2,147.4369983,294.8739966,0
6,2021-04-14,0.0084227055016224,0.0070232383833323,0.0064305449586674,0.0067711496686764,0.0062307266228735,0.0105839832018191,0.0279356823455953,0.0298213227376638,0.0292129169372252,0.0291504819307096,0.026452663909527,0.0204880030350659,0.0226150215891874,0.0198523247166851,0.0170316102983699,0.0197172101780268,0.0220869501184948,0.0229595777731383,0.0257607443466255,0.0237775363140681,0.0199277285628641,0.0180206904954774,0.0155443571035186,0.0090205437201276,residential,4,spring,0,2,147.4369983,294.8739966,0
6,2021-04-15,0.0053162364002664,0.0040298619213663,0.0015787216841452,0.0018949154239866,0.0023194740789945,0.0061532777053761,0.0226320585776187,0.0266844969922244,0.0266636118617654,0.0254720668417533,0.0242560906401641,0.0207103332650465,0.0190555080576295,0.0201037870163924,0.0176180838109983,0.0203364210713481,0.0224876530411642,0.0242795632344201,0.0251270631309705,0.023221808083879,0.0204416811262905,0.0183679538424149,0.0158284210191286,0.009217431950597,residential,4,spring,0,2,147.4369983,294.8739966,0
6,2021-04-16,0.0055797518714712,0.0043143540704827,0.0021545111015904,0.0030357847417434,0.0035595220478624,0.0065092200917215,0.0255226996503748,0.0289020440116811,0.0275064365292243,0.0271168710317639,0.025167564410897,0.0218972571470539,0.0203195038203642,0.019953954131608,0.0201803160578473,0.0219585564982549,0.0243011526180668,0.0260558027559142,0.0267158888833083,0.0256058492718191,0.0218794089281582,0.0197227940856583,0.0171455410260599,0.0104812430034562,residential,4,spring,0,2,147.4369983,294.8739966,0
6,2021-04-17,0.0069033925251178,0.005618728180219,0.0029690000044295,0.0034401271586609,0.0039028386405178,0.007399373092844,0.0255024860866394,0.0306619944380633,0.0304645095032772,0.0306048436174681,0.0282008198783104,0.0279390518718394,0.0224113967011811,0.0213271041226988,0.0254580687237309,0.0221609415214509,0.02540908841865,0.030792899235068,0.0273468544890685,0.0261726463258818,0.0237557349074939,0.0204387259572677,0.017906001776069,0.0122080775617469,residential,4,spring,1,2,147.4369983,294.8739966,0
6,2021-04-18,0.0076016675657685,0.0052334743624382,0.004038997513132,0.0039929470954577,0.0044436226634013,0.0078682376489944,0.0266928333471877,0.0289341437933164,0.0304680268818722,0.028852825322955,0.0281800038060935,0.0290819689950961,0.0230081592837012,0.0217705142119685,0.0232660940105614,0.0239881391858788,0.0266632144340129,0.0313032976845265,0.0275701569559481,0.0263507467026239,0.0238547188233548,0.0206518530777091,0.0180965236261086,0.0123518473327218,residential,4,spring,1,2,147.4369983,294.8739966,0
6,2021-04-19,0.0077049344703626,0.0063603260314003,0.0040740366361006,0.0040748506925316,0.0045207317890292,0.008223875092047,0.0276485969358799,0.0332726501850817,0.0327605792250035,0.0334127504037347,0.0291367980279557,0.028472750164584,0.0242668375986581,0.0231151867055161,0.0258684534955698,0.0242246890574401,0.0269111959900359,0.0320081650478852,0.0280287444842194,0.0268356806103632,0.025281423608594,0.0211305937872703,0.0185460058307164,0.0133395165581131,residential,4,spring,0,2,147.4369983,294.8739966,0
6,2021-04-20,0.0081795790804144,0.0067680244943991,0.0056631891624101,0.0056141763882599,0.0060432928969144,0.010356637981491,0.0248371789777678,0.0272712541709669,0.0282620902862825,0.0261761303962376,0.0261090245000429,0.0247822501753325,0.0215939035324034,0.0210207943357522,0.0244696644412166,0.0230484133802296,0.025165700361127,0.0296437184736651,0.028065354488104,0.0259305103414387,0.0247838675897316,0.021417039265717,0.0188975713757826,0.0130891727622355,residential,4,spring,0,2,147.4369983,294.8739966,0
6,2021-04-21,0.007675120002228,0.0073878864197641,0.0057610519131115,0.0062460251880316,0.0067312882706698,0.010284251414107,0.0285663961177737,0.0324600176638608,0.03072947937555,0.0303912940846487,0.0298723586250028,0.0245183847008615,0.025519112575975,0.0230037594425342,0.0213560725626955,0.0255219455744218,0.0271145715709136,0.0281941612139467,0.0286655354559052,0.0275476594000526,0.0234576277630004,0.0217610128630555,0.0192340745323795,0.0121946310057804,residential,4,spring,0,2,147.4369983,294.8739966,0
6,2021-04-22,0.0078756164665924,0.0065227695872948,0.004631093537858,0.0053140588509089,0.0067564200390748,0.0091036041694448,0.027124546076199,0.0310844860615555,0.0285704602877785,0.0288463925854172,0.0272158767454184,0.0253908567995927,0.0238684634958561,0.0220799463007322,0.0213670097049198,0.0200857920845533,0.0213649668596872,0.025164523119998,0.0278586466536796,0.0258378721266682,0.0241920391932126,0.0212055358553021,0.0187863343652961,0.0138970621578014,residential,4,spring,0,2,147.4369983,294.8739966,0
6,2021-04-23,0.0086156062377763,0.0072881268421913,0.0061814077989076,0.0061896212814222,0.0067381483260411,0.0099386319916156,0.0237152563569412,0.0263791426331065,0.0252267747216781,0.0248781875757551,0.0246721365450954,0.0202106739713324,0.0196256431687826,0.018015272863372,0.0139220290101571,0.0171118153189628,0.017995588248474,0.01976363043675,0.0231346370322994,0.0221940862889406,0.0194436149043734,0.017523297482644,0.0150598783293506,0.008687473043364,residential,4,spring,0,2,147.4369983,294.8739966,0
6,2021-04-24,0.0048550225676706,0.0036002623507849,0.0017821304083516,0.0025526783267544,0.0030482737751055,0.0061248300500438,0.0234146642819509,0.0264612618431084,0.0251568044506257,0.0248101100205534,0.0236339673346373,0.0196173064005662,0.0205118868860825,0.0178180996563903,0.0144456536187126,0.0181965563478107,0.0207742480007144,0.022163112489547,0.0245260614835913,0.0234480740042087,0.0201956346762893,0.0187338060382354,0.0162678813325661,0.0095883917829037,residential,4,spring,1,2,147.4369983,294.8739966,0
6,2021-04-25,0.0061565498848104,0.0049378941432944,0.0025163471570865,0.0028634708688941,0.0044211588622253,0.0072052686022183,0.0235816691858342,0.0278616465575262,0.0260578975265285,0.0260474029278646,0.0275851513980056,0.022842008006273,0.022625742213867,0.021504953031943,0.0220978489380291,0.0231715612991837,0.0247020111082361,0.0273371596135965,0.0277114806170653,0.026592896136968,0.0229429513888156,0.0209711782545585,0.0184535055795295,0.0116737275630543,residential,4,spring,1,2,147.4369983,294.8739966,0
6,2021-04-26,0.0082824827255363,0.0070323507491569,0.0046287342503948,0.0049339163596795,0.0054114533023452,0.008783013633351,0.0249170234062021,0.027982109396816,0.0274934187475657,0.0279243541890054,0.0272818826287124,0.0229811354648514,0.025671750274561,0.0200755580521321,0.0133107339092333,0.014540329420198,0.019190049282956,0.0230012040144829,0.0248247796853423,0.023605897111131,0.0214693303133528,0.0179974734673492,0.0155221959088071,0.010158195931406,residential,4,spring,0,2,147.4369983,294.8739966,0
6,2021-04-27,0.0053431956357855,0.0040509927910294,0.0022869906142244,0.0018911022630111,0.0023217046096054,0.0064705280595152,0.0239013007033888,0.0298414402452076,0.031520731991825,0.0313046292663872,0.0294690432370678,0.0280761085879146,0.0247724102485379,0.0234961471817521,0.0238658552014151,0.025026381620692,0.0256861295587104,0.0295343113174301,0.0290670523488745,0.0269655863039206,0.0256622776306902,0.0222487291355663,0.019681489102722,0.013330295533729,residential,4,spring,0,2,147.4369983,294.8739966,0
6,2021-04-28,0.0085719980705114,0.0073382966086107,0.0056242280740312,0.0051618169282604,0.0045357639610584,0.0094317035929358,0.0260557117434817,0.0316877980592651,0.0307894114919101,0.0285172334356008,0.0278796027546441,0.0247465730631768,0.023285441465966,0.0221337163005843,0.0228224450771407,0.0239088115635773,0.0274032509356158,0.0312435192189639,0.0291099649069313,0.0279248984472355,0.0245285902379579,0.0214533181334228,0.0190895502219255,0.0126967676002676,residential,4,spring,0,2,147.4369983,294.8739966,0
6,2021-04-29,0.0087678214801779,0.0073316006693746,0.0047852254897727,0.0053021706644815,0.0057132400254638,0.0090610932387666,0.0292115488190763,0.0333993445706174,0.0324876609064914,0.0314158150207025,0.0292871711112561,0.0269908603239715,0.023078071308425,0.0218652459294789,0.0209039658217324,0.0209990006992561,0.022844690285972,0.024249281511591,0.0278658459199059,0.025876387895437,0.0228065051272354,0.0201019219363098,0.0175937255920948,0.0115597952430421,residential,4,spring,0,2,147.4369983,294.8739966,0
6,2021-04-30,0.006528846554585,0.0042598679719208,0.0026431871151852,0.0021011198340119,0.0035272781221761,0.0070222287637556,0.0240422328870749,0.0283551737140971,0.0275988331240906,0.0257690663256776,0.0261581098255331,0.0229630204578411,0.0193811510065038,0.0175646380956223,0.017263656056778,0.0172780733974049,0.0194128643131707,0.0225538146465683,0.0235124121213446,0.0218871834135664,0.0199321383300157,0.0170622478353549,0.0152995475915461,0.0102272072664684,residential,4,spring,0,2,147.4369983,294.8739966,0
6,2021-05-01,0.0056732582945206,0.0043301637031437,0.0031130548772656,0.0031904992208354,0.0039110569278743,0.0080951908562318,0.0227671078574224,0.0250671789755948,0.0230669642819875,0.0226168215331009,0.0226330746343403,0.0188923869213959,0.0191477300454987,0.0184789657208924,0.015337907930346,0.0173433742385748,0.0188350861841895,0.0199941228116619,0.0237399322493757,0.0219051526663753,0.0196113942001958,0.0154782919261264,0.0139742410280345,0.0071224871933748,residential,5,spring,1,2,147.4369983,294.8739966,0
6,2021-05-02,0.0037956723104804,0.0025309770272272,0.0011186989226794,0.0010922029212562,0.0019057918576106,0.0060994503133717,0.0196348671512204,0.0250531365390376,0.0258995595372903,0.0266005286067268,0.0262878495931525,0.0225079411768507,0.0203232137934164,0.0213382779951717,0.0221424296153977,0.0258639339748449,0.0243261872124182,0.0269609039789049,0.0291071619759717,0.0268050541228268,0.0227243060322291,0.0210478198290947,0.0185475745398783,0.0116547278905882,residential,5,spring,1,2,147.4369983,294.8739966,0
6,2021-05-03,0.0083874454661573,0.0060770674033639,0.0046125205200945,0.0049081767395107,0.0064356381749548,0.009399185064669,0.026632909993545,0.0313260436902973,0.0332990127046061,0.0317455857333396,0.0307147195984207,0.0283322004224567,0.0257022860464183,0.0276693218037253,0.0294100892173953,0.0294017385137262,0.0305101923368385,0.0352230078798132,0.031185284053609,0.0288278772462932,0.0282299785965116,0.0243131261739344,0.0217251297952207,0.0161325882257106,residential,5,spring,0,2,147.4369983,294.8739966,0
6,2021-05-04,0.0114868593604862,0.0101722166471086,0.0088421100320367,0.0089788172404537,0.0082700816343023,0.0134141722776483,0.0302264924167842,0.0384890351022761,0.0391795835586362,0.0376185973043571,0.0346486914308316,0.0317037581660742,0.0283991160397639,0.0279227464799475,0.0307369754028066,0.0234327493705053,0.0227915602564379,0.026483808520292,0.0277839486833236,0.0275991356720796,0.0245060156897237,0.0216809182433966,0.019039547703731,0.0132660415597632,residential,5,spring,0,2,147.4369983,294.8739966,0
6,2021-05-05,0.0086858691356136,0.0072907142853478,0.0051727989616244,0.0049265164555541,0.0052925894416054,0.0100239858074257,0.0256101222772185,0.0307144758426267,0.029415789702852,0.0307990502980733,0.0323181593833068,0.0280933163997168,0.0247571116521871,0.0255198631234219,0.0264907501600193,0.0290405420549148,0.0311259566724536,0.0350320074054545,0.0322492740497268,0.0298713860734524,0.028244060136481,0.0241792937821072,0.0228703246360025,0.0164509976706465,residential,5,spring,0,2,147.4369983,294.8739966,0
6,2021-05-06,0.0126363483175558,0.010070024346556,0.0091974709513473,0.008950800701308,0.0093451285579919,0.0131921339778889,0.0310773559919019,0.0390924917612836,0.041385895881637,0.0364325910985846,0.0350768841428621,0.0333706421731231,0.0284719988044899,0.0301634797639355,0.0329858120429611,0.0316198615780458,0.0328986223694429,0.0359702038641209,0.0340106709302441,0.0314924766761957,0.0304698154017782,0.0268714211242239,0.0255123658007579,0.0189306816795659,residential,5,spring,0,2,147.4369983,294.8739966,0
6,2021-05-07,0.0137848708440615,0.0124694871455519,0.0111978519793578,0.0112829698170756,0.0117151344350446,0.0153183927389463,0.0324183320418787,0.0390923967056588,0.0427292868551648,0.0390497458202963,0.0367737490328197,0.0350011981039636,0.0319825312420623,0.0314273209219719,0.0326086913929617,0.0318587107055097,0.0319883982366992,0.0340758929005385,0.0339777710370239,0.0329361782751836,0.0304674474367329,0.0231811087885226,0.0202444793737247,0.0143991883023226,residential,5,spring,0,2,147.4369983,294.8739966,0
6,2021-05-08,0.011843374300149,0.0105416836797053,0.008191758207242,0.0092860486611049,0.0097386066497426,0.0137780341098348,0.0304678331085157,0.0383756150420395,0.0406248108977331,0.0384975305837847,0.0358767450084377,0.0321590586807608,0.0313164599273998,0.0316959725413634,0.0319589285683141,0.0342415678525427,0.0354118750961457,0.0386708842593984,0.0354339314738454,0.0329321594607308,0.0308887926645634,0.0284577395467438,0.024527362420843,0.0198808597641668,residential,5,spring,1,2,147.4369983,294.8739966,0
6,2021-05-09,0.0141035693784193,0.012722549747041,0.0119759106602161,0.0128463636340068,0.0118272986671602,0.0157166162686873,0.0319296408991234,0.0374678749371744,0.0370011316882417,0.0350488234615063,0.0340001504773718,0.0334983446369211,0.0288702827601629,0.028546854096616,0.0316967263873308,0.0328227448684729,0.0326409815831913,0.0353469463410293,0.0334915528756382,0.0322273809970594,0.0306210355366274,0.0277765753145645,0.0252727002610787,0.0190667730989612,residential,5,spring,1,2,147.4369983,294.8739966,0
6,2021-05-10,0.0149947857012315,0.0135499121395111,0.0114301416924233,0.0109520296464871,0.0114313665799139,0.0152960375402632,0.0323024508224863,0.0415812729580453,0.0417505181149544,0.0411109039706775,0.0364864993904179,0.0341992325628321,0.0297053365962911,0.0313056570773608,0.0347913980987494,0.033032565454379,0.0337608860552004,0.036378776576507,0.0342663202980226,0.0331612365646476,0.0313317680859135,0.0285087304769884,0.0259211285986872,0.0194070932068642,residential,5,spring,0,2,147.4369983,294.8739966,0
6,2021-05-11,0.014233027942949,0.0128926371772284,0.0121658770015525,0.0116890444561476,0.0121423911450838,0.016353553155066,0.0247088022909413,0.029019860701743,0.0268957245634238,0.0256341113672562,0.0222590760679526,0.020518226508578,0.0199938580347406,0.0203073254465636,0.0187310647522945,0.0202714431163525,0.0214514936535617,0.024921402417224,0.02778837617296,0.0268699353686594,0.0242566132695605,0.0210703167337189,0.0185577484300782,0.0137623529753433,residential,5,spring,0,2,147.4369983,294.8739966,0
6,2021-05-12,0.0083793072590249,0.0059694171881613,0.0041716926882337,0.0035660868305623,0.0039344642052724,0.0075725033885641,0.0241844916726767,0.0310624511337318,0.0330203840630747,0.0308541345104511,0.0297718064974807,0.0272981822200781,0.0240323458318966,0.0240646133644113,0.0288658213654968,0.0303922394244526,0.0320946549834525,0.0323536005596114,0.029405433116864,0.0283330132909337,0.0256211483789219,0.0239086722424318,0.0201722672578666,0.0134952710113229,residential,5,spring,0,2,147.4369983,294.8739966,0
6,2021-05-13,0.0086575408070874,0.0072274120604668,0.0055412895111531,0.0048155097416055,0.0052243891401334,0.0093221154835969,0.0289970128102405,0.0358621741262034,0.0362590453635766,0.0358612579551283,0.0328980801607299,0.0291789716117969,0.0274270498631378,0.0275663402374846,0.0299239198804121,0.0264371260949857,0.0247021795459824,0.0301714515255132,0.0298417018661356,0.0286394693512562,0.0261296205806148,0.0250194042263395,0.0223681683798865,0.014555845003392,residential,5,spring,0,2,147.4369983,294.8739966,0
6,2021-05-14,0.0109615552662604,0.0096790410390098,0.0072468921235453,0.0073445392274332,0.0077776769217121,0.0113314068058443,0.0293894699520968,0.0388278220477949,0.0373151634563618,0.0358914384706442,0.0335762861570036,0.0286614315701221,0.0277484466177725,0.0277798530595927,0.0281070675988553,0.02778916062734,0.0297265566624258,0.0295255684399592,0.032978806122801,0.0306082927901393,0.0267178720478008,0.0246223877228446,0.0222231396134658,0.0150815856921964,residential,5,spring,0,2,147.4369983,294.8739966,0
6,2021-05-15,0.0121767647354139,0.0098396625291991,0.0081234046526884,0.0086544509553852,0.0091370619445727,0.0120739125156431,0.0282862326947287,0.0328533836176257,0.0320458897577221,0.0328138768569805,0.0321543917375806,0.0271843777721258,0.0294864364279093,0.0280925435596782,0.0284158850695228,0.0317997830929496,0.0293303082915515,0.0323739731411579,0.0337706093919296,0.0324488734904946,0.0272989099268373,0.0251316129322724,0.0227236733343552,0.0157226572927118,residential,5,spring,1,2,147.4369983,294.8739966,0
6,2021-05-16,0.0113671589781443,0.0100925463698658,0.0083527605223376,0.0078209721982517,0.0093496257249787,0.0125990760417801,0.0300204002508872,0.0400243272182649,0.0386807195445266,0.0373007408465842,0.0354037063459534,0.0336577543845372,0.029362336187389,0.0300075797499601,0.0350708040538299,0.0323035994693337,0.0333490903083344,0.0369244008615352,0.0337859087204479,0.0279602528736833,0.0252437628383937,0.0228507421077244,0.0202299751246451,0.0145086652691936,residential,5,spring,1,2,147.4369983,294.8739966,0
6,2021-05-17,0.0087486673673274,0.0060135131416449,0.0047325822587584,0.004288701208845,0.0034513606008791,0.0077263290116735,0.0246991173268706,0.0301971059683632,0.0308121947585806,0.0285476042712836,0.0267376648686683,0.0228941158758674,0.0235594934620812,0.0250106988814804,0.0256694317461994,0.0283274459485743,0.0313606377644191,0.0311759878630626,0.0306756001976219,0.0282041580538042,0.0254902597154165,0.0235454344935969,0.0202024884635307,0.0138748428125051,residential,5,spring,0,2,147.4369983,294.8739966,0
6,2021-05-18,0.0106588644184323,0.0084110516047263,0.0063363765753517,0.0073066031810696,0.0077550543588585,0.0101709701325044,0.024955324880361,0.0279951163241144,0.0272207460676684,0.0263700712907682,0.0254770138130826,0.0237596872152212,0.0216717574661562,0.0193223226276296,0.019237158556583,0.0222041646754835,0.0229590444932829,0.0245820686666869,0.0272489424809272,0.025263098549817,0.0211616034723839,0.0196854938971467,0.0172247007515661,0.0110248366722164,residential,5,spring,0,2,147.4369983,294.8739966,0
6,2021-05-19,0.0070581418231894,0.0057767411808553,0.0041600798734722,0.0045763623230907,0.0050861922929789,0.0084380957429568,0.0240189349146959,0.028440914279036,0.0291701497387522,0.0293472821029974,0.0292341824143608,0.0256118970793186,0.0233544676958772,0.0234318812215873,0.0247176695775641,0.0274616079003255,0.0287930335254844,0.0282081207164623,0.0306152460466467,0.0282668214907328,0.0242038129763981,0.0223459206623055,0.0199143666860604,0.0123890823401989,residential,5,spring,0,2,147.4369983,294.8739966,0
6,2021-05-20,0.0087434350802849,0.0074745442914533,0.0059254403679523,0.0064762927399187,0.0070070074806792,0.0099357695624101,0.0276135956729233,0.0331850843226309,0.0319549436865216,0.029829560355443,0.0311914991274505,0.0276600566589166,0.0256984631204447,0.0258069800280581,0.0271884841631716,0.0294620053055983,0.0301890526390548,0.0306343229746377,0.0318043897430278,0.0295815983024837,0.025819986533039,0.0237911593410379,0.0212203862090934,0.0147281204430283,residential,5,spring,0,2,147.4369983,294.8739966,0
6,2021-05-21,0.0109911913251218,0.0097108178411845,0.0080075903070768,0.0085877323763957,0.0090768421190227,0.0122423888815926,0.0266559342541108,0.0295294532944678,0.0291350795559214,0.0300543927690861,0.0285855446119969,0.0241210314831516,0.0242262728376089,0.0202098202446794,0.0167309548696674,0.0178661044238339,0.0196648015428384,0.0234869023409114,0.0265003445030679,0.0255141234616661,0.0232801842551021,0.0208415468419443,0.0183615198134593,0.0119922591126503,residential,5,spring,0,2,147.4369983,294.8739966,0
6,2021-05-22,0.0083172456988647,0.0070863207722198,0.0052986418647898,0.0060766411558206,0.0066191422767147,0.0100183992038514,0.0239700715157489,0.0264212372466673,0.025509685702596,0.0238719389886077,0.0257978827617741,0.0226994995656838,0.0225423684910457,0.0237719642640933,0.0255615140783262,0.0298721007185713,0.0297589782534511,0.0309894825334098,0.0305895348957254,0.0295724588187862,0.0266084024035131,0.0239701100537591,0.021362210262737,0.0140955857090974,residential,5,spring,1,2,147.4369983,294.8739966,0
6,2021-05-23,0.0101290063157938,0.0088857443161513,0.0071523835559537,0.0067460785389398,0.0070910307784202,0.0108497067992458,0.0277613294895642,0.0356043280859756,0.0351020062790709,0.0346442981622018,0.0335540054564577,0.0290144799320732,0.0285774976190948,0.0300728788050113,0.0271765106832111,0.0318798066920973,0.0332516496110921,0.031920191026933,0.0344610652939507,0.0320153393577453,0.0285579854509202,0.026192115875527,0.0237565675840101,0.0161907110682758,residential,5,spring,1,2,147.4369983,294.8739966,0
6,2021-05-24,0.0122734838245262,0.0109097145280619,0.0081930929699048,0.0085835037259204,0.0090073172792407,0.0117440281048492,0.0286623190335998,0.0365707589061231,0.0391290335174052,0.0371091819929291,0.0361934283788309,0.0322737175454365,0.0286431399522909,0.0305542101846665,0.0319255542636173,0.0351104068245436,0.0364443492640201,0.0362035349490265,0.0359609488060935,0.0307675671810194,0.0289467510325435,0.026596598374171,0.0241825738079129,0.0176059974611849,residential,5,spring,0,2,147.4369983,294.8739966,0
6,2021-05-25,0.0126361172803896,0.0112770157698961,0.0095491096376543,0.0099963820587082,0.0104570865629444,0.0135500150053358,0.0307076732455071,0.0374025586538977,0.0401443881772942,0.0368779954538719,0.0357269031806744,0.0339857217317037,0.029918916544159,0.032290560673976,0.0340748605207324,0.0347761863111562,0.0341015890021596,0.0354416971314724,0.0339683205712474,0.0329113564972863,0.0301289530456601,0.0269588046102101,0.0243877488641057,0.018777178928019,residential,5,spring,0,2,147.4369983,294.8739966,0
6,2021-05-26,0.014163384761328,0.0127246088850134,0.0105911066887398,0.0113836348242218,0.010568562746526,0.0149430222034691,0.0335604011896006,0.0426818620656938,0.0425754305622648,0.0398311788975019,0.0375933872590166,0.033226754595707,0.0304685100890858,0.0314307420053799,0.0371151112998891,0.0362169318328072,0.0378289613989359,0.0400706184539905,0.0390562006113484,0.0345368462862893,0.0304864058807266,0.0283285385710075,0.0257665317328065,0.0188510196153655,residential,5,spring,0,2,147.4369983,294.8739966,0
6,2021-05-27,0.0143636805750636,0.0130676109428389,0.0114403388259685,0.0117100568188277,0.0120861420123779,0.0151994630830771,0.0329320517993691,0.0413724472534393,0.0399466969282896,0.0410010827480221,0.0400857671130783,0.0331910450906181,0.0328835839349148,0.0317821063442764,0.0316947025448933,0.0377112069010732,0.0395775440007819,0.0384953693198505,0.0387107794388874,0.0360185688046359,0.0316467054924988,0.0299346546122494,0.0273926710699744,0.0202817683471848,residential,5,spring,0,2,147.4369983,294.8739966,0
6,2021-05-28,0.0171203220377878,0.0145708196921325,0.0132334528582363,0.0149290143509444,0.0139182229667422,0.0166223559793422,0.0318203899931067,0.0381830709664156,0.0373278363993845,0.0372290717293053,0.0372609922554225,0.0335588593748873,0.0326626116354028,0.0339549307049775,0.027262773554585,0.0283894553362578,0.0326720020536337,0.0322250626814559,0.0345830721407638,0.0336534740371614,0.0288918289855491,0.0292680364812061,0.0252621262457492,0.0180611037913217,residential,5,spring,0,2,147.4369983,294.8739966,0
6,2021-05-29,0.013646776958766,0.012505225156513,0.0113896110746858,0.0088684708693403,0.0103949288367007,0.0164087673363039,0.0307778142619724,0.0316867639734133,0.0319676458646715,0.0287595840401783,0.0288001310744927,0.0333974627553361,0.0252057025697382,0.022966589179652,0.0274961136019817,0.0228160535197547,0.0235971749154472,0.0256778531707302,0.0289450948311962,0.0279152816790857,0.0249612418111765,0.0232968402883915,0.0207728461696528,0.0151199563106046,residential,5,spring,1,2,147.4369983,294.8739966,0
6,2021-05-30,0.0120423779872838,0.010865629987256,0.0086614676394943,0.009906879635278,0.0105017728589551,0.0137940037088451,0.0292038907854211,0.0348780820427649,0.0361940898665638,0.0336218958352419,0.0346925717715388,0.0341647778040132,0.031568026412007,0.0298296259826616,0.0329431214078772,0.031939805870063,0.0335266718051736,0.0350507432987751,0.0331389524478695,0.0320477619269933,0.0313749257563296,0.0276245280538121,0.0250722259385779,0.0202065325322788,residential,5,spring,1,2,147.4369983,294.8739966,0
6,2021-05-31,0.0149763478994019,0.0137078973205533,0.012135070364249,0.0126305919828985,0.0131346377334179,0.0168187425338472,0.0329666551265112,0.0408789255474072,0.0427911664086605,0.040647674008868,0.0390833339252792,0.0344238488261917,0.0317652373297242,0.0317647363100321,0.0368920107941934,0.0325569660848589,0.0332838984425526,0.0382542140270128,0.0357608456445785,0.0344474936451598,0.0325957854854879,0.0297495770674416,0.0271034893777247,0.0207352869787177,residential,5,spring,0,2,147.4369983,294.8739966,0
6,2021-06-01,0.015637958074223,0.0139583816229005,0.0122930769086321,0.0127880584730896,0.0136487926064943,0.0180348536911121,0.0358677929831141,0.0457376261877323,0.0441342260570192,0.0449962260525679,0.0425729559537424,0.0352182968292853,0.0342684967075254,0.0366291784233311,0.0374981662215736,0.0385773535595639,0.0390530731145715,0.0429451321737719,0.0383953163498585,0.0370591364858325,0.0338939120357013,0.0308948944492904,0.0283282461633859,0.0232397860818236,residential,6,summer,0,2,147.4369983,294.8739966,0
6,2021-06-02,0.018144785955687,0.0168697426267776,0.0156388024421255,0.0157018873315375,0.0147217921060456,0.0177246346458071,0.0356789006904056,0.0424361856853349,0.042507979595746,0.0441801393940648,0.0412473302893347,0.0374552678943598,0.030876773690818,0.0320123095189724,0.032988980068549,0.0299278357409025,0.031057101372993,0.0348098157008937,0.0383565207645324,0.0347665904136102,0.0333027063649434,0.0301186266280071,0.027700943496965,0.0217568895268142,residential,6,summer,0,2,147.4369983,294.8739966,0
6,2021-06-03,0.0175648110669883,0.015686059873834,0.0144467727470043,0.0137217257754559,0.0156863140191459,0.0188889487887297,0.034062613044064,0.0446944131781091,0.0449855825469566,0.0443015194493069,0.0417360816570627,0.036754814367819,0.0359938465917735,0.0365571282744338,0.0373741669206705,0.0398845796006569,0.0410184200300912,0.0416732508333665,0.0396737130034407,0.0370871075071337,0.0347935879523518,0.0325849373060878,0.0286499587411765,0.0226598648088274,residential,6,summer,0,2,147.4369983,294.8739966,0
6,2021-06-04,0.018155600065119,0.0169647303280081,0.0154589053096207,0.0156285523763094,0.0159251808595739,0.0194943798917282,0.0359804623497212,0.0457018287738395,0.0463429954686078,0.0469682533096916,0.0426890062371446,0.0375491386020754,0.0338476841080835,0.0346231535580325,0.0359769266853733,0.0369611433279857,0.0390353720004811,0.0406853533933662,0.0397912854783792,0.0374320357508467,0.0350093050812851,0.032822835153581,0.0302583887558328,0.0228058754175452,residential,6,summer,0,2,147.4369983,294.8739966,0
6,2021-06-05,0.0184066807792452,0.016994030859891,0.0158008497965633,0.0157303775079653,0.014598238602594,0.0188362046907888,0.0367794283896418,0.0470169677116735,0.0449077460613489,0.0458543122248472,0.0428140261327488,0.0374276417961055,0.0361565159830215,0.0367299515225056,0.0375883728236402,0.0371938176157934,0.0378602678660572,0.039442086817554,0.0380494876641065,0.0363984232629784,0.0334847482217809,0.031920091090173,0.0298244784364295,0.0230634769920977,residential,6,summer,1,2,147.4369983,294.8739966,0
6,2021-06-06,0.0182347575309889,0.0181945147364398,0.0149906742261935,0.0153418464095586,0.0157410608227317,0.0189051705851567,0.0363488806467586,0.0462172010337473,0.042852975387488,0.0428602938091834,0.0419344904270281,0.0348530277595952,0.0362977078200244,0.0342876678262585,0.0323984801020886,0.0347771918423267,0.0320131474317179,0.0354604114235843,0.0385326019599447,0.0369400482915204,0.0340293171567269,0.0305436977916688,0.0280616109683331,0.0222197841955331,residential,6,summer,1,2,147.4369983,294.8739966,0
6,2021-06-07,0.0194064369181047,0.0172358512009001,0.0152811889005374,0.0152503840746124,0.0142481993522322,0.0150910828162354,0.0321660113454823,0.0385018964628276,0.036774368194166,0.0376975995191688,0.0320901681193078,0.0278807752741387,0.0309114002642219,0.0300597819487572,0.0279693261355565,0.0324997695624087,0.0309388408322381,0.0325953369975667,0.0361610587124296,0.0352739392877017,0.0319222548910378,0.0263006943707803,0.0231569386498217,0.0170133976100583,residential,6,summer,0,2,147.4369983,294.8739966,0
6,2021-06-08,0.0139950767879028,0.014365944650597,0.0135471799595552,0.0141645660409421,0.0147831974443384,0.0183262108048029,0.0323038106402422,0.0346753814096093,0.0337287876594065,0.030592332151254,0.0248842720125155,0.0221708107966613,0.022360227524975,0.0240909148588815,0.0236748321381001,0.0217631842269917,0.0230339949938484,0.0241557103084153,0.0291429390647142,0.0281666653159302,0.0257214409677223,0.0237819568812666,0.0213345393202923,0.0156183342200649,residential,6,summer,0,2,147.4369983,294.8739966,0
6,2021-06-09,0.0127624926348297,0.010606181650667,0.0089920985286671,0.0124052926234203,0.0117197742127838,0.0160978169306137,0.0294436744366902,0.0340454995773642,0.0333708504904101,0.0337789195452303,0.0325973018575083,0.0306990644756603,0.0289101978628142,0.0277378428479598,0.0243822697801023,0.0218970450106916,0.0222096508934831,0.0240016512408903,0.0280192356417404,0.0283256550707311,0.0252813353135807,0.0250855818765697,0.024274753270593,0.0156625800635779,residential,6,summer,0,2,147.4369983,294.8739966,0
6,2021-06-10,0.0147964657233237,0.0138457938840566,0.0102507020569762,0.0086218017688729,0.0078761535309845,0.0106944178674268,0.0248802583949494,0.0284197222328418,0.0258166867535175,0.0250950876471907,0.0240834653571385,0.020087469397368,0.0218705407339377,0.0204794334283827,0.016314409976374,0.018845621246723,0.0213098120594847,0.0237548576962578,0.0280480186153549,0.0273406140997331,0.0247607743670753,0.0230218333824972,0.0206162329623152,0.0147097429860763,residential,6,summer,0,2,147.4369983,294.8739966,0
6,2021-06-11,0.0106692466687953,0.0083190817909648,0.0073324444339288,0.0085995685467934,0.0092220392386618,0.0122360179817034,0.029804209750294,0.0381570588945299,0.0384491688372856,0.0373203035872032,0.0341940766017338,0.0316466660495404,0.0288262007333342,0.0314685248677842,0.0349306994136683,0.0359979970892912,0.0351995819690451,0.0356421607200046,0.0352062674925779,0.0338347602545512,0.030540556072533,0.0293404532324175,0.0268626131394802,0.0199977126223376,residential,6,summer,0,2,147.4369983,294.8739966,0
6,2021-06-12,0.0140207789679146,0.0125067492275877,0.0114811925917604,0.0112753657855917,0.0117242154460478,0.0154053465080689,0.0313006420482177,0.0399992677006165,0.0389327419424131,0.0374651315804231,0.0357912097372826,0.0292332624609434,0.0274768815836069,0.0306455218859808,0.0284838177745901,0.0286161858542769,0.0291363902309931,0.0315395968147273,0.0342359549297814,0.0313169131776795,0.0276453018620113,0.0245324105507452,0.0219177137119875,0.015770631875683,residential,6,summer,1,2,147.4369983,294.8739966,0
6,2021-06-13,0.0130578752207612,0.013234623791084,0.0115302077075734,0.0123629543556356,0.0129071617338963,0.0161075097376686,0.031782395171018,0.0379199559092085,0.0387113383278359,0.0391831727841881,0.03673101529356,0.0322128227264825,0.0270782110562489,0.0279001054994806,0.029474349724397,0.029253513364879,0.0308684713753554,0.0345000527021268,0.0349903927051513,0.0294931976301482,0.0266836837437943,0.0243544688755529,0.0218070247653375,0.0158727542266739,residential,6,summer,1,2,147.4369983,294.8739966,0
6,2021-06-14,0.0129385707222724,0.0117717586975896,0.0093971697387055,0.0091520738194723,0.0095141703354604,0.012251556283356,0.0256448471733034,0.0300625411813413,0.0301301378375345,0.0296008983373825,0.0281702792709643,0.0228709607909651,0.0212587268571379,0.0195691457388992,0.019141560960676,0.0210429300770244,0.0210107018594999,0.0251163196418976,0.0264762416988247,0.024345691983024,0.0233351094583089,0.0206718914074003,0.0182821582374218,0.0131638033720094,residential,6,summer,0,2,147.4369983,294.8739966,0
6,2021-06-15,0.0095193147469055,0.0082881433704714,0.0064699817351129,0.0061806563763285,0.0067651173889369,0.0108820966945895,0.0257362957119344,0.0318294030667084,0.0333383526880382,0.0341739660486937,0.0327289180677342,0.0282548393661895,0.0281160660606707,0.0281053074332508,0.0290590541468262,0.0312272238076388,0.031169780665032,0.0349795905968316,0.0338637304427882,0.0300041495831473,0.0281682469154777,0.0254266256135682,0.0230160982478123,0.0175458080345257,residential,6,summer,0,2,147.4369983,294.8739966,0
6,2021-06-16,0.0128637201146129,0.011619382232616,0.0099615272357242,0.0093478287455527,0.0096420773688692,0.0139964509338645,0.0316822753187722,0.0400761298000184,0.0403461291672624,0.0371131703825052,0.0355536360223337,0.032516893422682,0.0303046276318311,0.0303677731479768,0.0352035432380498,0.0305003804041855,0.0316185172692388,0.0362663624228621,0.0343531176268787,0.0324579896108145,0.0304463790401509,0.0278727470057027,0.0253596947237936,0.0195557097916476,residential,6,summer,0,2,147.4369983,294.8739966,0
6,2021-06-17,0.0137421640783383,0.0136339185708885,0.0119477274790973,0.0111533732665108,0.0115667422353855,0.0156224948709514,0.0304313705749747,0.0394364469537805,0.0422396575299275,0.0425619217820595,0.0376527835931867,0.0356864149019618,0.0293609475172387,0.027792491077131,0.0256707660288577,0.0255955008182069,0.0276995702602736,0.0317418295525364,0.0330943872470236,0.0318507333836137,0.0297564154502548,0.0270945820952669,0.0246082706121564,0.0173650839603839,residential,6,summer,0,2,147.4369983,294.8739966,0
6,2021-06-18,0.0131319343239806,0.0118037812970832,0.009859322531078,0.0106097024390718,0.0109924649668844,0.0141178260186482,0.0290794646009963,0.0361269059260854,0.0387010060891588,0.0391507349675266,0.0391216623933066,0.0362405181273001,0.0320371897565518,0.0322767265772221,0.0361395955924502,0.0325256968963657,0.0378954812767692,0.0388710180226814,0.0369947135110922,0.0343571263057047,0.0318113869993314,0.0282711676578673,0.0258063302014972,0.0194227177109677,residential,6,summer,0,2,147.4369983,294.8739966,0
6,2021-06-19,0.0154969238089148,0.0141463157989319,0.0118735236187955,0.01155923932354,0.0118781060090399,0.0153629830487429,0.0329023850982209,0.0431337774475307,0.0444575439191356,0.0452217812835949,0.0437165668367746,0.0378488048022421,0.0333314187169371,0.0345955699282497,0.0344400837797004,0.0377625499144638,0.0389565567313643,0.0433121338460106,0.0378383840157528,0.035502616857062,0.0336933176185189,0.029321890166067,0.0267605293182895,0.0217723401396136,residential,6,summer,1,2,147.4369983,294.8739966,0
6,2021-06-20,0.0179348895298461,0.0150243122984714,0.0132459459286811,0.0135422031372514,0.0125021657778706,0.0163987434422567,0.0320287298478566,0.0422616206252994,0.0449223863959538,0.043660920049441,0.0402879013966421,0.0383468908871626,0.03502653299419,0.0360258862566017,0.0342007165074602,0.0375891680309083,0.0400014598838065,0.0444415457246774,0.0398166051863668,0.0355546872611433,0.0338232245990058,0.0294215083096272,0.0268961512508469,0.0220872271083928,residential,6,summer,1,2,147.4369983,294.8739966,0
6,2021-06-21,0.0165938501296354,0.0167314289216089,0.013780474428074,0.0138228611949744,0.0141297672500929,0.0173997654325938,0.0346492415798264,0.0464134140153687,0.0458480919167513,0.0417547758522794,0.0400823752779227,0.0396729277880309,0.0352495707278267,0.0360408601284523,0.039966045185649,0.0394607695165826,0.0413259841692933,0.0437227475637955,0.0404197100137293,0.0374167002868436,0.0343846163212412,0.0312500743246806,0.0287712218866051,0.0225390867278483,residential,6,summer,0,2,147.4369983,294.8739966,0
6,2021-06-22,0.0183575995403726,0.0170495170915418,0.014411397342222,0.0140580673697021,0.0144469019713775,0.0182846394889058,0.0349366477841687,0.0468708058495036,0.0470193124621451,0.043788722857535,0.0423634668846125,0.0402309692636635,0.0356869737916741,0.0366372154571836,0.0379988649669321,0.0395379069652192,0.0424959803920274,0.0445058183785135,0.0406488725151333,0.037573050970585,0.0348910669289025,0.0313194741863573,0.0288319520882076,0.0228787590993883,residential,6,summer,0,2,147.4369983,294.8739966,0
6,2021-06-23,0.0185556292179944,0.0171858794234509,0.0148538184712791,0.0142144238296381,0.0159670894745964,0.0180225681110176,0.0356066533452672,0.0486023896208004,0.0480644167953423,0.0434129033471988,0.0425560498758602,0.0406166241054387,0.0358518189406136,0.0367692730405661,0.0398515339975217,0.0386700102457,0.0400989475208442,0.0408342993321584,0.0408668821984421,0.0376872327315585,0.03550648306889,0.0327013741373032,0.0303306067153347,0.0235973940284175,residential,6,summer,0,2,147.4369983,294.8739966,0
6,2021-06-24,0.0187186579331451,0.0174590988839427,0.0158733938377398,0.0157690794265444,0.0162689953566862,0.0202313957133507,0.0362565122977599,0.0459482615020205,0.046943546032135,0.0440497349613852,0.0426525566170891,0.0401929461149952,0.0362522367674518,0.0378778772783592,0.038012485228359,0.0409713055210046,0.0411915839882363,0.0424717533651564,0.0418988906418464,0.0378097154664109,0.0355884568905195,0.0331591506191805,0.0304214114225795,0.0241805593549845,residential,6,summer,0,2,147.4369983,294.8739966,0
6,2021-06-25,0.0186630395566883,0.0189846700887315,0.0166728073695816,0.0160249423002579,0.0162338704507547,0.0202838666555263,0.0366140770896896,0.0446241663236868,0.0427379948423486,0.0445976929410266,0.0423026273535329,0.0392759449082954,0.0355385863881133,0.0363544302001018,0.0393260797633581,0.038829162970629,0.0407268710337624,0.0427768436847602,0.041681474952073,0.0373147382902264,0.0352783371932816,0.0325120070225224,0.0300360140138383,0.0232413059907108,residential,6,summer,0,2,147.4369983,294.8739966,0
6,2021-06-26,0.0184601111979131,0.0171076055166607,0.015635689676035,0.0159511470609612,0.0160295215106852,0.0174787765412601,0.0365235404214705,0.0453158695403992,0.0468663637985498,0.0441290774823532,0.0413177136428526,0.0403643809834917,0.0354387152500482,0.0365652760260002,0.0336607186324823,0.0381975395149302,0.0400504408970649,0.0447411332120779,0.0414309457334303,0.0371703174854263,0.0346396305824765,0.0324397533988826,0.0299479955240949,0.0223263988119569,residential,6,summer,1,2,147.4369983,294.8739966,0
6,2021-06-27,0.0182667667041254,0.0170563004243533,0.0148451660901006,0.0157540497028374,0.0161681234727992,0.019109266365645,0.0355587079432459,0.044120368805411,0.0454168867596797,0.041237737631942,0.0358122356971754,0.0339303533505672,0.0340375208481716,0.0329925272248619,0.0344093607474955,0.0380926490663022,0.0369801603447119,0.0399042767914497,0.0397126523293298,0.0376255205060158,0.0322835985321802,0.0313752852241991,0.0275425093259485,0.0215558316841038,residential,6,summer,1,2,147.4369983,294.8739966,0
6,2021-06-28,0.0124478489741461,0.0121932570456521,0.0108974715887625,0.0121050633304516,0.0125540308629656,0.0139907023454748,0.0287774110866677,0.0321615539596775,0.0358833020688234,0.034335958940878,0.032169749923482,0.027893907057441,0.0265775420458644,0.0261283765130183,0.0213167470023076,0.0247505226158737,0.0278517638898039,0.0284199024969992,0.0321371734241273,0.0309789208253721,0.0276531144307558,0.0263046270645875,0.0238484722687437,0.0174723552714519,residential,6,summer,0,2,147.4369983,294.8739966,0
6,2021-06-29,0.0140268135556745,0.0115755583370221,0.0099498299550977,0.010520048712508,0.0110308922793445,0.0131182999084189,0.0270771640539086,0.0291427393026228,0.0293016234056686,0.0334297217163768,0.0343025981840104,0.0280495888540836,0.0235496056245228,0.0253374056963657,0.0226808437031763,0.0245833459573877,0.0262613890997638,0.0298119342394782,0.0315225075057679,0.0302445907394847,0.027391841365548,0.0243242584350115,0.021880715988101,0.0163524431492499,residential,6,summer,0,2,147.4369983,294.8739966,0
6,2021-06-30,0.0119284526898075,0.0106962430855624,0.0088286810590881,0.0096154669459708,0.0101472535459267,0.0128691671356038,0.0287036861801848,0.0368002591351289,0.036640821539169,0.0361033837093712,0.0343844404017484,0.0309762433872953,0.0225462741971511,0.0237027691295002,0.0234945872425557,0.0282916666335467,0.0291416944878444,0.0274996406411508,0.0306720492826293,0.028970926347467,0.0268693253382932,0.0250097162688139,0.0232131725334651,0.0181913706625759,residential,6,summer,0,2,147.4369983,294.8739966,0
6,2021-07-01,0.0146640962384441,0.0134714778163685,0.0120570774530494,0.0124248337524062,0.0129110876367832,0.0173282696446996,0.0340265502856332,0.0422014819664699,0.0441081646234963,0.0416959701645303,0.0390514902576629,0.0335587847371513,0.0331427069353748,0.0339562449726819,0.03398155169523,0.0372591710321194,0.039753828698199,0.04063714150079,0.0399272695701157,0.0359226226416595,0.0329317181409044,0.0314933273666482,0.0290132337991698,0.0214385060296886,residential,7,summer,0,2,147.4369983,294.8739966,0
6,2021-07-02,0.0173699190697753,0.0162687295297513,0.0144615647857343,0.0149324223385063,0.0152611337228173,0.0182654969875288,0.0353397890711518,0.0429135493706787,0.0425103526271706,0.0437807793567521,0.0427966375930966,0.0339241889982578,0.034404342120224,0.0354122902299737,0.0342431309564662,0.0368596779920892,0.036062212340111,0.0358823490559771,0.0374701288819885,0.0360425697585089,0.0327651334940768,0.0313562975188546,0.0289121495933861,0.0217061195562903,residential,7,summer,0,2,147.4369983,294.8739966,0
6,2021-07-03,0.0172480142666489,0.01750952096845,0.0143121986644399,0.0147194707247412,0.0151531258592935,0.0185514378082011,0.0345323489834306,0.0397259224912677,0.0395270475174563,0.0386842743007313,0.0405665848063254,0.0313429828150626,0.0331830461160635,0.0340934060834213,0.030850050521845,0.0337172592620573,0.0344571110330645,0.0334443660144264,0.0362615138654837,0.0353632164216632,0.031800734826441,0.0308356981179113,0.028401633808046,0.0208687303847949,residential,7,summer,1,2,147.4369983,294.8739966,0
6,2021-07-04,0.0168980770291979,0.0157179014331347,0.0137591156227275,0.0145529010933027,0.015002227015614,0.0167335868925112,0.0323924396102904,0.0352758047568605,0.0330780174063435,0.0307138347439272,0.0294942308708067,0.0283034783622559,0.0254317642960035,0.0267164449288799,0.0244687067104063,0.0280499604803345,0.029627440333304,0.0289653782421381,0.0333431036437634,0.0325318807820533,0.0275376684820558,0.0238697740598651,0.020154744026929,0.0135783774420143,residential,7,summer,1,2,147.4369983,294.8739966,0
6,2021-07-05,0.0099282407301677,0.0076024952582264,0.0061548044105681,0.0073724719657089,0.0077183924890903,0.0108387637928947,0.0275798753088907,0.0349970216577864,0.0317686108603782,0.0336822714638439,0.0344371588294549,0.0282832393653409,0.0305003895570477,0.0283167616237845,0.0254408931559577,0.0197080804547971,0.0217578501974836,0.0247371372949909,0.0288642325835795,0.0265377377572705,0.0242860249027351,0.0242155294905656,0.0204450841492155,0.013976765405316,residential,7,summer,0,2,147.4369983,294.8739966,0
6,2021-07-06,0.010587557170921,0.0081761676708977,0.0072347207084232,0.0082496017780207,0.0087164940483978,0.0108693108649774,0.0284278949050601,0.0370236449516082,0.0357588908322158,0.0361856180559196,0.0351495213729226,0.0320382735671451,0.0302923387892294,0.0324170319483521,0.0348853140312727,0.033101299900708,0.0321680633221421,0.0338075195461445,0.0350619233798607,0.0341441878093541,0.0303042130840989,0.0282917527127512,0.0257212688427103,0.0191867491221837,residential,7,summer,0,2,147.4369983,294.8739966,0
6,2021-07-07,0.0158903202485589,0.0133015088256745,0.0116689197309255,0.0122835696023612,0.0127525051039961,0.0157369198934427,0.0329788933917897,0.0432599377451419,0.0428819555544169,0.0432816033500471,0.0417052883253198,0.0363573244579694,0.0340271542451902,0.0349851623501453,0.0368293033754814,0.0386839445160596,0.0412589818785771,0.0419339773935494,0.0404804349502709,0.0363489830628918,0.0329085956646323,0.0318328517304425,0.0279978408052107,0.0213406649344119,residential,7,summer,0,2,147.4369983,294.8739966,0
6,2021-07-08,0.0179342243359429,0.016556563174112,0.0130828984864176,0.0137962310414312,0.014207256330407,0.0166730379438188,0.0357989799632183,0.0458021330889833,0.0460886427031783,0.0449213691227098,0.0418083000650957,0.0366460617445259,0.0351555243856963,0.0357524032126751,0.0371180298232357,0.0406653836491199,0.0412236520936467,0.04213600238577,0.0410013827815032,0.0364069296121239,0.0330470370087496,0.0307221018271858,0.0283290141504189,0.0214958472379254,residential,7,summer,0,2,147.4369983,294.8739966,0
6,2021-07-09,0.0181235398305749,0.0167549860802365,0.0137055415888911,0.0141329798729243,0.0143982909073417,0.0174496095812179,0.0356850076489769,0.0461295609572228,0.0461109500394372,0.0439958491463587,0.042607084045666,0.0377989057336127,0.035532023791418,0.0379357012051367,0.0382830705709777,0.0437175038977612,0.044169550798713,0.0438637555272486,0.0421887814690291,0.0374346410372121,0.0344053003964883,0.0332194428315194,0.0292192651293417,0.022960162268927,residential,7,summer,0,2,147.4369983,294.8739966,0
6,2021-07-10,0.0187563453864193,0.0173475063078475,0.0150292281140087,0.0158042994125595,0.0146677207683069,0.0180538853725439,0.0359238365959781,0.0441214617619104,0.0467718092403215,0.0444494595438285,0.0425659326644512,0.039650727396544,0.0375383020876925,0.0382939852174695,0.0397741371461493,0.044273280089634,0.0470477844813982,0.0493131504357075,0.0477631671641633,0.0404237309696104,0.0370668115683989,0.0332993962067227,0.0324928075927037,0.0262192139000788,residential,7,summer,1,2,147.4369983,294.8739966,0
6,2021-07-11,0.0241881298177555,0.0211354373033117,0.0167084525616183,0.0158869860845502,0.0159615751620537,0.020328082888487,0.0361282639313514,0.0450335665053258,0.0446458198060584,0.0438638029785029,0.0410844769217519,0.0344460798170621,0.0351813575929569,0.0355924445719505,0.0344970257566143,0.0414664246703642,0.0400346713320914,0.0334201454377095,0.0373784690930241,0.0352301406542454,0.0316757831157366,0.0305155506676077,0.0279384898923432,0.0213464664213784,residential,7,summer,1,2,147.4369983,294.8739966,0
6,2021-07-12,0.0162506326116937,0.0148265174391902,0.0135636727143937,0.0148658053876282,0.0151626243846329,0.0177175066929386,0.0354439300983771,0.0429707019723776,0.0437088209887494,0.0450389311293609,0.0436128812171894,0.0378077513919657,0.0326934936690579,0.0394839667144823,0.0370485224750781,0.0440415794790379,0.0448326020501071,0.0427582317791406,0.0425459641469101,0.0368421339180384,0.0340209529276738,0.032376699040822,0.0296401950755821,0.0215938604774261,residential,7,summer,0,2,147.4369983,294.8739966,0
6,2021-07-13,0.0179120848681204,0.0166736062071812,0.014194380291436,0.0138831675101496,0.0143893690071843,0.0177328605680299,0.0358491442833587,0.0462429382818261,0.0474862725933355,0.0443347855019456,0.043068970002405,0.0397587338127219,0.0369002369972737,0.0374029024825196,0.0398160252582721,0.04557677136543,0.0450175647783794,0.0435282451400304,0.0427262082093023,0.0387598897584349,0.0347592347816741,0.0329405286823688,0.030445708784381,0.0232580986350973,residential,7,summer,0,2,147.4369983,294.8739966,0
6,2021-07-14,0.0188615193757491,0.0176008096087189,0.015478425049156,0.0145906456041236,0.0148432330523523,0.0185242883563544,0.0350625361262607,0.0416777656770148,0.0440075345121831,0.0442047031295883,0.0405564997017339,0.036779639379498,0.0353087256122812,0.0350270155987027,0.0326627345044234,0.0349522614559319,0.0342933866414006,0.0358097816286707,0.0371897350200258,0.0359922509648287,0.0330830213979866,0.0313750747394671,0.0289207115268505,0.0216360025383663,residential,7,summer,0,2,147.4369983,294.8739966,0
6,2021-07-15,0.0186452742894515,0.0157548236282345,0.013749620008786,0.0145419335823813,0.014972538752015,0.0174659837902427,0.0339271739787286,0.0401631639836915,0.0390273477910232,0.0340971839766193,0.0351886706210048,0.0319317778767481,0.0360231432558339,0.0361503600524364,0.03475354980899,0.0394528614605682,0.0426770378425627,0.0395769101834818,0.0423325863459706,0.0383240359607723,0.0320769239282454,0.0327034847479444,0.028879685244887,0.021564260897229,residential,7,summer,0,2,147.4369983,294.8739966,0
6,2021-07-16,0.0188800318285997,0.0163134096068311,0.0139841258794706,0.0150409917461327,0.0153103233956267,0.0177122019060177,0.0364985694454813,0.0425169093648699,0.0439267662051673,0.045865596024381,0.0429034230868234,0.0370959537784805,0.0380419520189955,0.0385242701223049,0.0361719188639826,0.0398725854585701,0.0431137232463416,0.0398667072003549,0.0419755453180419,0.0380177307017773,0.0330239068789531,0.031994636265869,0.0293913926243772,0.0220876643150111,residential,7,summer,0,2,147.4369983,294.8739966,0
6,2021-07-17,0.017823274907536,0.016516843818617,0.0140208827566102,0.0137650305040058,0.0141950478849961,0.0177676808614307,0.0355197053640423,0.0460642825420817,0.0460169584770215,0.0470682143459252,0.044300332301384,0.0394872593081595,0.0367256333074509,0.0376282834018439,0.037638639793735,0.0413077202998647,0.0429135134818256,0.0428231343584439,0.04424319765765,0.0381130077281312,0.0355598332419004,0.0335257370084717,0.0297942669502432,0.0239507642903482,residential,7,summer,1,2,147.4369983,294.8739966,0
6,2021-07-18,0.0198107785855251,0.0188628811191354,0.0166576149433333,0.017672972518154,0.0178028174098904,0.0197326497903335,0.037325766145294,0.0471922405139641,0.046994173071671,0.0470978250491667,0.0456525274061039,0.0413627029102822,0.0402941911614265,0.0438781591641938,0.0398184509503795,0.0423291646001315,0.0407488109015527,0.0340829399787057,0.0353653485461134,0.0320387668254226,0.030109777051423,0.0288863336939641,0.0277033715969826,0.0193068575947775,residential,7,summer,1,2,147.4369983,294.8739966,0
6,2021-07-19,0.01608226194865,0.0134968268522898,0.0098679946921173,0.0096780446421433,0.0100458426274896,0.0146821138218324,0.0293573841046955,0.0302642332093789,0.0307488861535301,0.029057709224111,0.0283296741730631,0.0239914664162147,0.0221671952823025,0.0239299022017456,0.0230905498302614,0.0305473119228375,0.0351502906138804,0.0346355326508272,0.0359548551703907,0.0317347389030695,0.0269077157356044,0.0260107311870561,0.0224006521357511,0.016412937487569,residential,7,summer,0,2,147.4369983,294.8739966,0
6,2021-07-20,0.0138524153154498,0.012632540757088,0.0088595778088981,0.0091276446732843,0.0109212424547779,0.0146722022804692,0.0306841379290452,0.0380922467803078,0.0411766459614049,0.0399807183135422,0.037293261521033,0.0337620387575737,0.032943996815607,0.0345566670393356,0.0343431699187066,0.0392821039262204,0.0397009915991716,0.039898807186806,0.0418015102918947,0.03549741969296,0.0317659227157577,0.0295967028037452,0.0285752244293979,0.0207201099510772,residential,7,summer,0,2,147.4369983,294.8739966,0
6,2021-07-21,0.0169378674478326,0.0155261226610943,0.0129641303423659,0.0130099814347212,0.0135241220594971,0.0166710379365729,0.0328505958543944,0.0437448406406421,0.046120074826668,0.0450261916872207,0.040279993649827,0.0364225742407612,0.034906466485246,0.0358514318961603,0.0365933960315483,0.0393582866362744,0.0412376112539633,0.0434628079454783,0.0411026006677957,0.0367536260345629,0.0337087807385608,0.0306527430031553,0.0279320568970043,0.0213820357509884,residential,7,summer,0,2,147.4369983,294.8739966,0
6,2021-07-22,0.0176497876870885,0.0163270011618392,0.013555189944265,0.0137543589669493,0.014085425906367,0.0168963728632296,0.0351215015215078,0.0453852970146115,0.0443985851854842,0.0430963971745444,0.0404330419412028,0.0366309642878876,0.0351406268215493,0.0357889969217895,0.0355653609965416,0.0388498971176797,0.0415286086925317,0.0435926063675484,0.0406968811958974,0.0367345134221151,0.0327931970025921,0.0307512716176027,0.0281362545110178,0.0211041849122615,residential,7,summer,0,2,147.4369983,294.8739966,0
6,2021-07-23,0.0177719262794493,0.0151129267543671,0.0133685858760639,0.0136846502206369,0.01411274928601,0.0167849430285357,0.0342750901951255,0.0436174323874129,0.0430922922990188,0.0418873195448112,0.0382841307611591,0.0345482869398272,0.0333424522381454,0.0342846155538265,0.03615065461011,0.0382451892770694,0.0371917777195934,0.0406753370091913,0.0405577126297965,0.0366920220570626,0.032376134587362,0.0304181939521915,0.0280118023853789,0.0214452201474606,residential,7,summer,0,2,147.4369983,294.8739966,0
6,2021-07-24,0.0180435473531079,0.0166893694136402,0.0142145970470858,0.0153725154359626,0.0129061911547889,0.0182787814615285,0.0354274953369092,0.0410707918299749,0.044765232067912,0.0415041238337414,0.0372461224527661,0.0341875253303558,0.034959939206205,0.0357158439366348,0.0310349889800348,0.0334510156808366,0.0361351789071403,0.035941850477255,0.037430806132191,0.0361332320650455,0.0327893381681087,0.0302551756092064,0.0276684739889789,0.0214091401375917,residential,7,summer,1,2,147.4369983,294.8739966,0
6,2021-07-25,0.0175497433384173,0.0162059726822202,0.0140826908986822,0.0150062916127204,0.0154687216189128,0.0178605620426788,0.0355997167284709,0.043080762881998,0.0419863325267358,0.0413776900463595,0.0406368082594359,0.0349575675086005,0.0352402890984222,0.0341703155095677,0.0358924190971829,0.0290535607363473,0.0325185415380916,0.0370153634655501,0.0382962092975193,0.0365137765884178,0.0332693850809661,0.0303285771975421,0.0277837060298793,0.0218478217602029,residential,7,summer,1,2,147.4369983,294.8739966,0
6,2021-07-26,0.0176620610792893,0.0163603792681827,0.0149496746562279,0.0150782279389056,0.0140809125321901,0.0185127307663285,0.0337308314927115,0.0412952810533789,0.0418768646503741,0.0440237133266998,0.0412782121857214,0.0355327281909509,0.034992184457107,0.0353830960666473,0.038470073476527,0.0372792939395178,0.0361600442561726,0.0363478360697704,0.0389498106007078,0.0359307707799364,0.0325624620652246,0.0314990028214624,0.0289778403377889,0.0216903580687469,residential,7,summer,0,2,147.4369983,294.8739966,0
6,2021-07-27,0.0191571337889108,0.017982516492767,0.0142720167797245,0.0150664188715381,0.0156974080070008,0.0188056424750553,0.0335399018242328,0.0398511131501276,0.0404210252030744,0.0398949799285389,0.0391144085031227,0.034745620798696,0.033538521959848,0.0339553177924535,0.0345372446898935,0.0363757531332927,0.0379231464231062,0.039368160437587,0.0382184405365729,0.0361613653497725,0.0324513138920082,0.0316501481118081,0.0276185536562707,0.0210989112452987,residential,7,summer,0,2,147.4369983,294.8739966,0
6,2021-07-28,0.0173930408580447,0.0162598633720047,0.0140694090038761,0.0149194306963297,0.0152685496657153,0.0160384505340838,0.0326061583916462,0.0373415496265285,0.0359731960146294,0.0386030707654249,0.0342592215132515,0.0331524314419467,0.0327335683848486,0.0326591091835306,0.0328814263272482,0.0362734972323019,0.0404294559253602,0.0407618600430378,0.0400174230610607,0.0359485298118078,0.0329655034050633,0.0300932296017001,0.0292204600838884,0.0219904043458512,residential,7,summer,0,2,147.4369983,294.8739966,0
6,2021-07-29,0.0172977822937629,0.0159613297807474,0.014148123428565,0.0148647065035252,0.0153087722249695,0.0177617234307249,0.0332595788945785,0.0407374238192722,0.0417112273966555,0.0425113257615484,0.0415638650196336,0.036859543559272,0.0347496139873642,0.0324319849809092,0.0341850426052264,0.036886710844971,0.039480328263908,0.0407043416998673,0.0418438689155265,0.0358031793591359,0.0329979383127913,0.0315709846909729,0.0291609130649747,0.0214703491465836,residential,7,summer,0,2,147.4369983,294.8739966,0
6,2021-07-30,0.0176589103930262,0.0162761487167832,0.0143061374582266,0.0149444943213421,0.0140310259174494,0.0180779823759801,0.0360546670427179,0.0421828321010119,0.0411079323632896,0.0409944975519386,0.0337844919086029,0.035579248150864,0.0352451985470903,0.0358306572631364,0.0316237553800537,0.0384937210779481,0.0370493440874667,0.0370285486492742,0.0403778590151228,0.037540779539322,0.0317256665305369,0.0287012569902995,0.0277165923491182,0.0212994119104544,residential,7,summer,0,2,147.4369983,294.8739966,0
6,2021-07-31,0.0175330587785823,0.01589260054104,0.0131253379339857,0.0134645076292625,0.0140426807100528,0.0172556801754763,0.0361395545146555,0.0407726446048158,0.0392687377819403,0.0413439525616985,0.0413782342090813,0.0358115758478937,0.0364501146160786,0.0353919906105323,0.0348440234647003,0.0387208881775245,0.0408759440841079,0.0398504098092707,0.0395755291307824,0.0355078984144218,0.033122079866825,0.0310603866714676,0.0289692190842123,0.0237949190946399,residential,7,summer,1,2,147.4369983,294.8739966,0
6,2021-08-01,0.0199020164245845,0.0187331166571242,0.0170640501872833,0.0169141061292284,0.0171690114981298,0.0210570173687109,0.040184289861866,0.0455952266993831,0.0449270248641978,0.0445515802524224,0.0436498640713934,0.0396706061294235,0.0374873287948933,0.0381269308297597,0.0409939176973051,0.0416447631331385,0.0442937204751749,0.0470705406289941,0.0464796885474897,0.0392169384154021,0.0321798917085454,0.0266223775746757,0.0241524721465465,0.0185013318249259,residential,8,summer,1,2,147.4369983,294.8739966,0
6,2021-08-02,0.0156884238008523,0.0157178851250934,0.011898949471841,0.0142470586068364,0.0144181078966784,0.0161308777064372,0.033070895224153,0.0384678281154875,0.0397830351555388,0.0411806659244786,0.0386676267735414,0.0363397039162269,0.0346625976588429,0.0358210268680755,0.0381571625258013,0.0413579705189174,0.0439754312252281,0.0464553864564348,0.0436910371897656,0.0391663931415298,0.0363943383768434,0.0349454693524044,0.0248964263559764,0.0203823355795691,residential,8,summer,0,2,147.4369983,294.8739966,0
6,2021-08-03,0.0153241953750909,0.0127516797994961,0.0112472177194189,0.0126759278505033,0.0143885089522033,0.0160025049503728,0.0356276285901279,0.0408408094390931,0.0406153150688109,0.0403449766617302,0.0396454901175013,0.0376950543111798,0.0350134866466609,0.0359059395362099,0.0345278254761258,0.038702368055707,0.0409047332803609,0.0429476596153039,0.0413349930458316,0.0385363617392386,0.0347716623497946,0.03240983118985,0.0303256726234244,0.0236386404351155,residential,8,summer,0,2,147.4369983,294.8739966,0
6,2021-08-04,0.0188802733483541,0.0186228143844775,0.0153116341214522,0.0143148377629842,0.0148205355491299,0.0179671436887064,0.0347682470691863,0.0412605303190457,0.0418824515437079,0.0415506801804379,0.0389417311639326,0.0377265282407308,0.0359036972422223,0.0351676194445043,0.0357807101038925,0.0369215635294943,0.0388459815250218,0.0410805050883732,0.0390506882883999,0.0379330207187619,0.0347972280392399,0.0336933729834537,0.0295818197032116,0.0230425892087093,residential,8,summer,0,2,147.4369983,294.8739966,0
6,2021-08-05,0.0195043107247053,0.0180860089139123,0.015084330911209,0.0154536362561049,0.0159709543669573,0.018683469056108,0.0368213051246679,0.0457830257953627,0.0447971455229938,0.0444915823505662,0.0428066216383547,0.037660431821665,0.0362662035798481,0.0347862031680404,0.0316178274650135,0.0364280087244373,0.0381408974389312,0.0411392439256753,0.0392169720236575,0.0382227962298108,0.0341971287230156,0.0320273659781022,0.0295508341866261,0.022630199600872,residential,8,summer,0,2,147.4369983,294.8739966,0
6,2021-08-06,0.0192526500090139,0.0180686761789326,0.0155924223897749,0.0169132786015873,0.0144464643608763,0.0166993718153593,0.0353955148709858,0.040066153738925,0.0398284047919364,0.0432897873711795,0.0370790715306399,0.0306772019182843,0.0292246917317584,0.0279060153254524,0.0294016120910414,0.0322616478802747,0.0347087412410954,0.0363174288296385,0.0364666074211147,0.0353115350723477,0.0317741888975935,0.0310212487914286,0.0287890917958353,0.0214883084261215,residential,8,summer,0,2,147.4369983,294.8739966,0
6,2021-08-07,0.018985042780388,0.016152543965277,0.013665815757817,0.0150557284820799,0.015344061219185,0.017864502185136,0.0337797424419298,0.0373257592837444,0.0336506477164586,0.035850136344833,0.0349180104544143,0.0322586376449424,0.0314317634016524,0.0324458568970233,0.0288459354898371,0.0321460538926235,0.0328947868439139,0.0339218392691974,0.0362706658216344,0.0352228414184221,0.0312755412273311,0.0308547815782795,0.0283023800871364,0.020632459493557,residential,8,summer,1,2,147.4369983,294.8739966,0
6,2021-08-08,0.0182796618593235,0.0170804093977705,0.0131605804366291,0.0143854790266803,0.0149655568274055,0.0173628723987387,0.0371968007546272,0.0436502497292354,0.0429425308824411,0.0427792220269199,0.0396876417306458,0.036612937350041,0.0350148476367444,0.0341210059311508,0.0350711517405731,0.0353533961311327,0.0379249773166613,0.0395984442537156,0.0392364146578947,0.0365802072621642,0.0337744367394324,0.0319243776462296,0.0292638283401585,0.0221735023410609,residential,8,summer,1,2,147.4369983,294.8739966,0
6,2021-08-09,0.0189745980827799,0.0177557409092526,0.0152478071515293,0.0152710558040929,0.0172156941346522,0.0193352194608129,0.036529290782818,0.0441632982564911,0.0443978144637404,0.0419177981869843,0.0390607074462034,0.0370658314002665,0.0337133264072761,0.034701562016384,0.0349980338294263,0.0313954211418322,0.0340384242904447,0.0377688364467999,0.0374800873817943,0.0365104020895765,0.0346946116446301,0.0315072749192527,0.0291512675997051,0.0230211759414584,residential,8,summer,0,2,147.4369983,294.8739966,0
6,2021-08-10,0.0176928463975202,0.0164808446767811,0.0153822746420645,0.0154196173964708,0.0157345678792125,0.019498648090003,0.0360521438567894,0.0410287013844158,0.0416256199074496,0.0422775445171848,0.039635252928257,0.0343401314544344,0.0336056824990452,0.0346174331562147,0.0350859236822261,0.0350676180025137,0.0359604750392938,0.0379477059037663,0.0388945498697194,0.0364987618615918,0.0340806825498599,0.0318217075428529,0.029323651201663,0.0228273246778227,residential,8,summer,0,2,147.4369983,294.8739966,0
6,2021-08-11,0.0192179036000318,0.0181995107380714,0.0158361247986864,0.0169622051952717,0.0171055050943408,0.0190975963528753,0.0370736190675339,0.0445886491567036,0.0438661773212167,0.0413979284835456,0.0408694393088262,0.0403721759692435,0.0367910225447462,0.0334945481756635,0.0341390047125423,0.0355068298186636,0.0354816335543198,0.0368410576940108,0.0390281507326401,0.0364196328104884,0.0338663210805936,0.0318398394059351,0.0294102197590765,0.0231414096841406,residential,8,summer,0,2,147.4369983,294.8739966,0
6,2021-08-12,0.0179143214438949,0.0184074007498372,0.0155425258638024,0.0155758555239531,0.0161287626907514,0.0202246932731371,0.0385728897019167,0.0425298901515922,0.039840219727827,0.0383339925065491,0.0380376741667933,0.0350440259920947,0.0345221606989126,0.0315877610687554,0.029265069141854,0.0261605397120494,0.0290866518389687,0.0315695657982893,0.0342353182378551,0.0334055700539768,0.0298041685313445,0.0276572502490207,0.0266619165931842,0.0184704210087937,residential,8,summer,0,2,147.4369983,294.8739966,0
6,2021-08-13,0.0168219677521586,0.0157492977009639,0.0140102613021775,0.0118762114039082,0.0094886031216303,0.0144321585753123,0.0276854478472364,0.0313367425743206,0.0312766232880508,0.0309071080359258,0.026910790855201,0.0241281828272995,0.0228367949985651,0.0213701845728063,0.0183745416812618,0.0195121888182018,0.0228563228667625,0.0249567178642267,0.0291562247453904,0.0281578584090925,0.0250150915056503,0.0237472760049785,0.0212860933803956,0.0152408181784879,residential,8,summer,0,2,147.4369983,294.8739966,0
6,2021-08-14,0.0114234767874209,0.0116229497717693,0.0083414887266132,0.010806162499139,0.0114883417146042,0.0140714728971782,0.0296509277523755,0.034931211765173,0.0358024946623862,0.0366526601641177,0.0356615444359814,0.0323400476006571,0.0298738572757807,0.0267468331207078,0.0270848345732317,0.0294891504583926,0.0297441051652499,0.031272994672136,0.0351510365590195,0.0341203746378991,0.0297623235709552,0.0282475444679233,0.0259862170250937,0.01941055103442,residential,8,summer,1,2,147.4369983,294.8739966,0
6,2021-08-15,0.0160813432373304,0.0147594268255201,0.0117956514631558,0.0136563835744795,0.0141899147939082,0.0152806677794943,0.0324817119612129,0.0404625349916578,0.0427931082200942,0.0399705857272605,0.0381900433441646,0.0351296199363556,0.0332172316569993,0.0326191178342489,0.0351979992527977,0.035499968681229,0.0379443704657446,0.0414574551658628,0.0373061074033878,0.0362683667943561,0.033484258175789,0.0317306474819737,0.0292197360659641,0.0219167937438469,residential,8,summer,1,2,147.4369983,294.8739966,0
6,2021-08-16,0.016011243693104,0.0143963785943052,0.014035625031219,0.0133198448246122,0.0138432837214299,0.0180160300669926,0.0367850571878247,0.0444313289045036,0.0426201355081543,0.0416338894064053,0.0397745204344465,0.0372766285245324,0.0350398422484185,0.0353721516000941,0.036811797536261,0.0384578168927465,0.0380646371581879,0.0394037880398184,0.0391514736863573,0.0381512724053937,0.0336808404327869,0.0320849683513318,0.0292837086930858,0.0213890806606267,residential,8,summer,0,2,147.4369983,294.8739966,0
6,2021-08-17,0.0175587188358565,0.0162033282261046,0.0136467168177251,0.0149538786177982,0.0152000389671046,0.0170477763855862,0.0356560024072152,0.04373827117257,0.0428096191011913,0.0417454375589656,0.0386674597472368,0.0353121922585942,0.0347091543048349,0.033582068739838,0.0362672604329516,0.0385342853040521,0.0405358010116349,0.0421755656444029,0.0395406559774085,0.0368914063941995,0.0345589588460105,0.0322885737657479,0.0296335583427326,0.0220809607303334,residential,8,summer,0,2,147.4369983,294.8739966,0
6,2021-08-18,0.0194206821669664,0.0166476787717127,0.0144402948720758,0.0154115789325351,0.0157053245713304,0.0181618431649205,0.0377254061677043,0.0437856170988768,0.0426693347738821,0.042122223702545,0.039574359206467,0.036209796935466,0.0348291956272052,0.0340919755927657,0.0371877428450998,0.037565461993506,0.041800064800558,0.042853390530499,0.0393742069989278,0.036731720086068,0.0344787587140034,0.032634049089264,0.0302372317801367,0.023702922402477,residential,8,summer,0,2,147.4369983,294.8739966,0
6,2021-08-19,0.0198490881898887,0.0184433007832377,0.0157961433214081,0.0174448695564699,0.0177758877161417,0.0199911616572554,0.0353108259814755,0.0381172846273457,0.0360882321757847,0.0396656896779836,0.0382879719492574,0.0328523307665037,0.0349670849725399,0.0315875161739621,0.0304616550407978,0.025930438571112,0.026481742007644,0.0289106803778918,0.0313234375873147,0.0303776683754877,0.0272606744287454,0.0258063769830513,0.0232954826030978,0.0157225092760621,residential,8,summer,0,2,147.4369983,294.8739966,0
6,2021-08-20,0.0118124523751605,0.0104866165086144,0.0090542126553089,0.0094420845326428,0.0111206970041059,0.0137532745600492,0.0267484615848335,0.0278563229627093,0.0262214064979075,0.0266081734912343,0.0248982106227383,0.022449094703962,0.0220201505999558,0.0194274727526689,0.0188259824343964,0.0210547831588421,0.0211149011624429,0.0233139568592571,0.0260411079406625,0.0262934561861648,0.0234731132717562,0.0218290519016083,0.0193840173023825,0.01307357334207,residential,8,summer,0,2,147.4369983,294.8739966,0
6,2021-08-21,0.0094854905765407,0.0082668863820374,0.0062382281073863,0.0073047321217722,0.0078437435639505,0.0109565544945645,0.0274495669796502,0.0353739362095731,0.0326939995774957,0.0344691249661708,0.0327267711171388,0.0318776639716702,0.0292220363788495,0.0301371359620355,0.031771355963722,0.0313125789245013,0.0341507199824111,0.0368044419742472,0.0338172078611065,0.0326600552054456,0.0295204518368365,0.0271741048776161,0.0247915305041728,0.0195252298422244,residential,8,summer,1,2,147.4369983,294.8739966,0
6,2021-08-22,0.0146776353656495,0.0133240239000269,0.0124181920315921,0.0108339956397191,0.011338457865638,0.0143807391227113,0.0306194556304189,0.0395524707041382,0.0415636461161709,0.0373369627114048,0.0368441757639777,0.0309016273378608,0.0308403035691174,0.0305090901123304,0.0332194595379861,0.0341458970476072,0.0363586168592026,0.0382358074538702,0.035445001493452,0.034325764154175,0.0329497949323635,0.0300548105114346,0.0274281614609924,0.0221897223336873,residential,8,summer,1,2,147.4369983,294.8739966,0
6,2021-08-23,0.0158851614551247,0.0143972520958969,0.0134006051844421,0.0131296495996681,0.0121085535655824,0.0158530172927467,0.0332738686150507,0.0406695538730538,0.0405585782009093,0.0379537060561934,0.0374280006748953,0.0347317112495477,0.0332216464391852,0.0334382174109797,0.0344541335716028,0.0367001366024594,0.0372710493994575,0.0392840467139585,0.0375625782078886,0.0347959031462755,0.03180469463585,0.0301109240092189,0.0276266697593635,0.020274274242967,residential,8,summer,0,2,147.4369983,294.8739966,0
6,2021-08-24,0.0173272041528337,0.0158874398622905,0.0127803828151356,0.0129880404407597,0.0121187146663809,0.0158483590408189,0.0348635492390934,0.0420447817339649,0.0433764735520705,0.0399275882192725,0.0387754837963059,0.0371710847066991,0.0327960749881402,0.033243682162015,0.0363783950328554,0.0380979756867964,0.0393574215193538,0.0432474066728978,0.0374826498221963,0.0361551341650858,0.0327464410873484,0.0303010744383091,0.0277918144846169,0.0209285620322934,residential,8,summer,0,2,147.4369983,294.8739966,0
6,2021-08-25,0.0176638323051618,0.0160482281619347,0.0125970847572463,0.0133445342727251,0.012456491169684,0.0163163880272765,0.0345903624223908,0.0399556707341803,0.0441535495264194,0.0431359956218035,0.038012589155441,0.0368458577811853,0.0341812363576662,0.0344661182242791,0.0376989678836696,0.0391365638382231,0.0399353282344039,0.044563983861378,0.039237775621785,0.0381241868534488,0.0343594423712574,0.0316775924317177,0.0290672511954632,0.0217901597277835,residential,8,summer,0,2,147.4369983,294.8739966,0
6,2021-08-26,0.0175595127892496,0.0161524212597582,0.013805566482965,0.0135498314797008,0.0141058813533733,0.0176253890462385,0.0346859153146372,0.0417347729710038,0.0428351304228603,0.0437985689706548,0.0409920751584766,0.0376108855046633,0.0345692612001401,0.0335007807040264,0.0377070800972983,0.037300839727075,0.0402976624312788,0.0438617711530835,0.0403874123782652,0.0386499550096032,0.0334339763041578,0.0310685367916943,0.0287927982422186,0.0215808841962891,residential,8,summer,0,2,147.4369983,294.8739966,0
6,2021-08-27,0.0173294726234768,0.0161025161103121,0.0151856555801518,0.0150615823782884,0.0141471189756579,0.0180472609466451,0.0343820523665079,0.0393271618390692,0.0401101365706852,0.0396951347273857,0.0391061380264083,0.0346103849149445,0.0350192339576854,0.0338818370227773,0.0309847035603936,0.0341955558357684,0.0361451251151246,0.0356427060946929,0.0388057602899629,0.0362935504105047,0.0319803153605159,0.0305320738440864,0.0280691421531582,0.0204696027730133,residential,8,summer,0,2,147.4369983,294.8739966,0
6,2021-08-28,0.0152108513523513,0.0157485495003023,0.0133441493926704,0.0131873551111067,0.0136247744762112,0.0183209015637332,0.0339004466805684,0.0404066983361392,0.0410774006210594,0.0404474662195343,0.0375535002506104,0.0353029766918027,0.0362189415418851,0.0330704579983993,0.0336900697845155,0.0354247652007707,0.0393403640159788,0.0383742845831823,0.039246828337597,0.0350946971320195,0.0328662975835259,0.029514591316559,0.0270310502591224,0.0210529629891239,residential,8,summer,1,2,147.4369983,294.8739966,0
6,2021-08-29,0.0167916430332743,0.0155308874188484,0.0135178726466808,0.0129930659070441,0.0135420971706065,0.0168683919028852,0.0361049245268606,0.0390847016407661,0.0396047577257387,0.0387313421777119,0.0384064524703719,0.0387248772757144,0.0328075277459089,0.0315787262586145,0.0339403842891572,0.0328172662999394,0.0373045475957241,0.0412484810700181,0.0377429232753722,0.0353477418948964,0.0345058306063961,0.0305147302515314,0.0267021053511805,0.0222078136580775,residential,8,summer,1,2,147.4369983,294.8739966,0
6,2021-08-30,0.0165928911030284,0.0154221375539329,0.0148111798912658,0.0143577738281513,0.0134361341566119,0.0177343161492645,0.0363673304606856,0.0406634095714126,0.0392862021505742,0.039302788197494,0.0387728300490167,0.0384232149394383,0.0337413110920129,0.0327891274251675,0.0357136703498597,0.0323361166426614,0.0363040954566659,0.0399389788833495,0.0375903689794444,0.035322940188231,0.0334581357036028,0.0309422142991095,0.0278948448494327,0.0207753731867878,residential,8,summer,0,2,147.4369983,294.8739966,0
6,2021-08-31,0.01652827761595,0.0153211715472159,0.0136025413095162,0.0129186137678209,0.0148496111681358,0.0176315774394107,0.0361042184254287,0.0401895298147739,0.0400805489738586,0.0381282476613474,0.0397640385631457,0.0378993265463372,0.0306751837295386,0.0266096520260836,0.0295378788408004,0.026258156263321,0.0290429381732784,0.0340613245658162,0.0334177148793322,0.0322269003358,0.0307834186479222,0.0280578954359359,0.0255644626657211,0.0200263060947574,residential,8,summer,0,2,147.4369983,294.8739966,0
6,2021-09-01,0.0148822485222484,0.0130258066377078,0.0117517997334297,0.0115241273122018,0.011989636348524,0.0162373160200608,0.0339003356798343,0.0351582990506584,0.0346379932592185,0.0342122239388981,0.0306292729233821,0.0302452329115848,0.024593339508183,0.0242652779034911,0.0219981337685279,0.0252301555206643,0.0283396034086727,0.0285854426980244,0.0316902645371203,0.0320272096422769,0.0278497754407663,0.0247805499272467,0.0224208040322108,0.0163542482856583,residential,9,autumn,0,2,147.4369983,294.8739966,0
6,2021-09-02,0.0126228188466861,0.011285994273263,0.0088801998450994,0.0103672191350261,0.009534732592191,0.0137543569213608,0.03186515827826,0.0348894328574244,0.0357402792863419,0.0349304573581763,0.0345364667587998,0.0327304780000146,0.031083079881437,0.0312522378619694,0.0278767293200092,0.0301288244536436,0.0318214104015681,0.0313958670200981,0.0332096991980511,0.0322685189067763,0.029606628384837,0.0265549428489388,0.0256711893864606,0.0186545080260762,residential,9,autumn,0,2,147.4369983,294.8739966,0
6,2021-09-03,0.0143169580404398,0.0142917217098886,0.0112069435308802,0.0117921732254346,0.012295690216571,0.013574838574799,0.0329354575056085,0.0354623802496714,0.0331554096118217,0.0355167560960116,0.0290856640941382,0.0302639171457912,0.0276686144420474,0.0258707559952043,0.0260350188496676,0.0317243640648421,0.0338834773523062,0.0357608871536143,0.0347764640481028,0.0320924959339782,0.0293977207751936,0.0282042646094695,0.0258490882945532,0.0181858402329135,residential,9,autumn,0,2,147.4369983,294.8739966,0
6,2021-09-04,0.0142474296552875,0.0129640506090938,0.0109027544954084,0.0119244227691043,0.0110717444396816,0.0154060074311802,0.0329695991054037,0.0371865997371802,0.0359288986941388,0.0378986037790835,0.035582082623476,0.0348127918638047,0.0338458250263743,0.0336194310865115,0.0303082809617814,0.0328414469903386,0.033170186977839,0.0286184933166944,0.0352769503520151,0.0343375701343261,0.0293161250292691,0.0270713383014504,0.0259366853833363,0.0186319330303112,residential,9,autumn,1,2,147.4369983,294.8739966,0
6,2021-09-05,0.0161292330632805,0.0149123080764966,0.011954826200947,0.0138353798645316,0.01288609386732,0.0159052670994937,0.0337651774630816,0.0382122896850275,0.0380255458629707,0.0401903487652938,0.0362442286251249,0.0359257957970352,0.0337181299737243,0.0325862243206497,0.0277397772931786,0.0335012161177506,0.035654728646828,0.0360014307042469,0.0370678900344981,0.0361570915395043,0.0308108725511308,0.028749437502314,0.0274464620963393,0.0194988125870977,residential,9,autumn,1,2,147.4369983,294.8739966,0
6,2021-09-06,0.0161600131128237,0.0135212815778376,0.0118489797774417,0.0125397573818976,0.0130122195753163,0.0159456053615052,0.0354993907441158,0.0397453456254393,0.0387066285023709,0.039965753085508,0.0380011584828074,0.0304027738460633,0.0353744431136522,0.0320181185714386,0.028142981544747,0.0321299697499546,0.0373087576549676,0.0354785110075994,0.0386066813130208,0.0357968422137184,0.0305160377843002,0.0299026325993414,0.0261798820067508,0.0191941224557123,residential,9,autumn,0,2,147.4369983,294.8739966,0
6,2021-09-07,0.016062042367579,0.0133646945681113,0.0116573071795885,0.0123226323595726,0.0128853346407706,0.0160534863251776,0.0377965216725474,0.0406257865042769,0.0387176914699061,0.0394281742067799,0.0373625706952224,0.0356600197099624,0.0339130912931039,0.0341883218768727,0.0310382446451984,0.0354121492878038,0.0374558963209083,0.0365837805077371,0.0386548340072768,0.0358510668874562,0.0311242168365361,0.0298938989120099,0.0275688898834176,0.0198024121852128,residential,9,autumn,0,2,147.4369983,294.8739966,0
6,2021-09-08,0.0163653094055837,0.0150662207534488,0.0125562147779384,0.0126856452337982,0.0131831843457614,0.0167309240067211,0.036584169240038,0.0387157993731689,0.0382439594229364,0.0379558184070956,0.0377742320179489,0.0368582189754661,0.0360837453665149,0.0323775267355074,0.0310841325053569,0.0337876686898929,0.0312992885204378,0.0363466995705646,0.0358770254603134,0.0345103353259676,0.0309928715123677,0.0287507124267794,0.0263278030548273,0.0202418020980835,residential,9,autumn,0,2,147.4369983,294.8739966,0
6,2021-09-09,0.0163722944442236,0.0150126215110873,0.0126667487376096,0.0124853699473321,0.0128252139325943,0.0163971228085291,0.0353880877718198,0.0376975194557359,0.0383254868502893,0.0397583227855247,0.0375442424043047,0.0372948962002453,0.0365195881901315,0.0347257657509225,0.0314389476282843,0.0359843149038649,0.03926631343568,0.0353139384855163,0.0376299803666548,0.0353198523780351,0.031441697166628,0.0316989924103386,0.0279081640169354,0.0204987220206009,residential,9,autumn,0,2,147.4369983,294.8739966,0
6,2021-09-10,0.0178027246600056,0.0165784769078803,0.0132831784035327,0.0141451277844697,0.0147270060585277,0.0175613054633353,0.0354478667298899,0.0392648921809614,0.0379109729752086,0.0381956760555284,0.0381122299520582,0.0370793456846379,0.0365758705281562,0.036248517272795,0.0305084029843149,0.0354614603939262,0.0389379393014119,0.0340136829842478,0.0375621341399001,0.0357691436404624,0.0308853127563098,0.0299625379711309,0.0275089378922364,0.0202229123164474,residential,9,autumn,0,2,147.4369983,294.8739966,0
6,2021-09-11,0.016246576868054,0.0137111205850347,0.0123188471593632,0.0125413233412904,0.0116392402443866,0.0162176963711155,0.0335570969804341,0.0375593733094283,0.0353410103248135,0.0359113158518121,0.0361291755772163,0.0332860081743876,0.0360332869748871,0.0341110446685978,0.0250099926568655,0.0306666408839109,0.0342861357606874,0.0351977796918416,0.037725804280337,0.0349333332512232,0.0300388810687609,0.029382592303149,0.0272598538635263,0.0199182618284363,residential,9,autumn,1,2,147.4369983,294.8739966,0
6,2021-09-12,0.0175447858329877,0.0146674104044707,0.0127355617438191,0.0136068743388132,0.0127992282813475,0.0165406349877339,0.0349551856313588,0.0368841019070724,0.0360809486342391,0.035956012700581,0.0372576557393574,0.0333610689138736,0.0341505185942813,0.0325965435989558,0.0319249110757462,0.0342008974502113,0.0360631366538327,0.0359664553090688,0.0364652386765865,0.035620545049159,0.0299959936709706,0.0282359170661647,0.0260268848179831,0.0195423543528101,residential,9,autumn,1,2,147.4369983,294.8739966,0
6,2021-09-13,0.0160900796277423,0.0147905269571811,0.0123758567451884,0.0123191079702972,0.0127165683230633,0.0159838119895553,0.0343401931841096,0.0382951684347188,0.0377507072680291,0.0390489956620218,0.0382114028479401,0.0342721707853068,0.0327614745682467,0.0314553788295902,0.0324294920957946,0.0327545214865371,0.0347204788725518,0.0375421206811489,0.0362641302521555,0.0337979102273814,0.0307594354368599,0.0297803396824097,0.0272742285305321,0.0194393736449504,residential,9,autumn,0,2,147.4369983,294.8739966,0
6,2021-09-14,0.0157857630538653,0.0145550115624936,0.011718125927857,0.0121378669736995,0.0125913620985798,0.0155663403001174,0.0336413827500793,0.038412885646235,0.0389249109062919,0.0395880398811544,0.0388442741604722,0.0355424966913349,0.0330480419324518,0.0333504928156501,0.0293605238879033,0.0321696949786343,0.0353725648393708,0.0311145402759564,0.0349797615673683,0.0339384187443929,0.0304408362034492,0.0282863933518298,0.0257790821259112,0.0192304849536523,residential,9,autumn,0,2,147.4369983,294.8739966,0
6,2021-09-15,0.0157646653953895,0.014427057006851,0.0120040795456385,0.0133886823839789,0.0139798917684215,0.0142482487379399,0.0333874157681625,0.0377637948444676,0.0357685950417547,0.039105601794051,0.0389084890872438,0.0356833996838038,0.0351768442720076,0.0348539756208871,0.0290328037945135,0.0294413134302092,0.0341170393479314,0.0346294131708776,0.0381032588202529,0.0353822350732078,0.0302099431874355,0.0296842318225969,0.0259506689362434,0.0193597216633073,residential,9,autumn,0,2,147.4369983,294.8739966,0
6,2021-09-16,0.0161390508377211,0.0147394677447525,0.0123251113965963,0.01250690714945,0.0130155932262207,0.0165430654983047,0.0338490585510681,0.0382381307554903,0.0386718980373047,0.0391783749763313,0.0387255819356115,0.0358776568953878,0.0349584351782427,0.034497835756739,0.0226473951504251,0.0330230510247749,0.0351464751077338,0.0339662910544091,0.0372292785195586,0.0346306111077912,0.0297230739703768,0.0284977262912238,0.0259518769464564,0.018828969827888,residential,9,autumn,0,2,147.4369983,294.8739966,0
6,2021-09-17,0.0147207909048747,0.0133831629920513,0.0118306146351546,0.0124026292049805,0.0129250327931202,0.0153872966198056,0.0331451774660529,0.0377547241629428,0.0373565698050622,0.036634298954531,0.0363200158884974,0.0340240177862622,0.034857538943007,0.0345684325090874,0.0308585153691706,0.0342361383135847,0.0301710588993328,0.0368291190462083,0.036695266062785,0.0357954918330424,0.0310474248432368,0.0301412412232771,0.0276090471567799,0.0198373384772067,residential,9,autumn,0,2,147.4369983,294.8739966,0
6,2021-09-18,0.0161748261512902,0.014801075352469,0.0125034824058249,0.0122550491111291,0.0128706851756533,0.016454417693217,0.0338261988798663,0.0381146526509778,0.037517012789361,0.0384007638491986,0.0380591387828947,0.0356278847988938,0.0365863935251085,0.0380585898092094,0.029638997797762,0.0332758978551228,0.0370774983412606,0.0337936919219156,0.0356544508362524,0.0328888218237699,0.0289337113499037,0.0289981416712103,0.0253225740472568,0.0185184461031864,residential,9,autumn,1,2,147.4369983,294.8739966,0
6,2021-09-19,0.0156532962412494,0.0144655595329374,0.0120551687078169,0.0121295996778978,0.0125789207709374,0.0163901495732751,0.033095028117901,0.038197917123534,0.0363674877508463,0.0379390982308836,0.0361444498651718,0.0340233096547706,0.0321529033642562,0.0322633103018279,0.0298228677081158,0.0313899091925262,0.0326585119300523,0.032857720357025,0.0287721386099791,0.0279772751927945,0.0260932280157705,0.0260173904842719,0.0232982235097079,0.0158062296849447,residential,9,autumn,1,2,147.4369983,294.8739966,0
6,2021-09-20,0.0115904916765983,0.0099812367236366,0.0075081822690968,0.0075231585989624,0.0078309033748735,0.0113277637356219,0.0250188065934104,0.0271271191623639,0.0268887384617098,0.0249990290006491,0.0249523375990485,0.0211378350819121,0.0214592932881922,0.0196128148563311,0.0162299619212642,0.0201058996523737,0.0226692816532666,0.0245153767926657,0.0279488752136114,0.0269989171210543,0.0236068534934392,0.0212787946616971,0.0188751765621479,0.0124788489055227,residential,9,autumn,0,2,147.4369983,294.8739966,0
6,2021-09-21,0.0069841186328336,0.0056917005239624,0.00379812341685,0.0036184305357219,0.0040067129930052,0.0069034932547968,0.0227651142164295,0.0255568861979484,0.0256034110195553,0.0244566765201556,0.0234599518926196,0.0227752121803478,0.0219654356178576,0.0207369084997237,0.0191387146225515,0.0219883472318613,0.0233677519755322,0.0260707442276629,0.028519898740984,0.0276751773265911,0.024662584925053,0.0232385351914843,0.0197672455595893,0.0135201157640814,residential,9,autumn,0,2,147.4369983,294.8739966,0
6,2021-09-22,0.0078383744163869,0.0064995185987339,0.0044951939569867,0.003536901505467,0.0039175915995283,0.0078810627184918,0.0236798248442806,0.0272120332980068,0.0269644635975438,0.0249024454165448,0.0255859358172123,0.0251910240861683,0.0234165114467731,0.021687927915991,0.0202398643963694,0.0240719560168344,0.0270446695135464,0.0263215058385242,0.0300269996687623,0.0279677623818502,0.0247752872076591,0.0236958618328139,0.0212760900268569,0.013682267721709,residential,9,autumn,0,2,147.4369983,294.8739966,0
6,2021-09-23,0.0104256807133259,0.008120830155699,0.0062607681560799,0.0060616759057348,0.0064337783551099,0.0099194741445242,0.02680888265493,0.0283221739674013,0.0266649672819728,0.0264008212380799,0.0261963589414497,0.0226633986026841,0.0218583661532984,0.0224103238574219,0.0169713541309857,0.0205572576980264,0.0230826210888907,0.0241525526764061,0.0284753849851699,0.0277952975633145,0.0240726765469113,0.0233548436773843,0.0189521627434471,0.0129922866582015,residential,9,autumn,0,2,147.4369983,294.8739966,0
6,2021-09-24,0.0091204963014012,0.0069847233150885,0.0055501422285525,0.0059938276511912,0.0062910817834302,0.009660910383902,0.0257374663339599,0.027451940658121,0.0263058095360234,0.0250770486773774,0.0228702684619407,0.0216496145442274,0.0211021165066494,0.0218310497279739,0.0174704148183361,0.0179837652798418,0.0194562442195951,0.0220730663562074,0.0245361279982763,0.0245905685668528,0.0226292300787759,0.0210091229246313,0.0195623084800863,0.0125795379580491,residential,9,autumn,0,2,147.4369983,294.8739966,0
6,2021-09-25,0.0086360082813515,0.0073971818853278,0.0054467917024586,0.0063666449926518,0.0068335648768584,0.0097809935155955,0.0237644547273541,0.0258106693922901,0.0241623241878877,0.0234033103329492,0.0217463238565026,0.0187210712034922,0.0186312602026894,0.0172751349597181,0.0135315287068429,0.0171821167388942,0.0178212233002874,0.0212921617045196,0.0251830688750655,0.0244060500945805,0.0212974617421487,0.0191499087533378,0.0148487933267838,0.0099438804343138,residential,9,autumn,1,2,147.4369983,294.8739966,0
6,2021-09-26,0.0061361576520057,0.0038498090902325,0.0039670287022527,0.003946797745185,0.0044541298196568,0.0094592652939839,0.0219643875186527,0.0254313797086216,0.0250955072106813,0.0260757890520076,0.0262142224168021,0.0251955938427321,0.0258068747973192,0.0258592778656377,0.0241976174931705,0.0251414119601476,0.0293299384289536,0.030708581786709,0.0317384738547165,0.0298840533207217,0.026087533963196,0.0246139992275894,0.0222859205576164,0.0151030216170489,residential,9,autumn,1,2,147.4369983,294.8739966,0
6,2021-09-27,0.0110732572906863,0.0086974851398504,0.0076209222044966,0.0077770223556407,0.0082718358427378,0.0122120091331701,0.031284827262761,0.0335531840522629,0.0343521675955781,0.033705135676466,0.0336251667830796,0.033188581521311,0.033396398729432,0.0302655181092097,0.0277364755456568,0.0308526199282702,0.0351975502503647,0.0315040989471658,0.0323207471016376,0.0319812378543505,0.0287241682114995,0.0264455523245072,0.0240036352190749,0.0174439856407574,residential,9,autumn,0,2,147.4369983,294.8739966,0
6,2021-09-28,0.0125801955960742,0.0113054807785762,0.0096204534608612,0.0102924092213519,0.0095739392082201,0.0137049938143826,0.0291384998798313,0.0318150121865462,0.0320282215833524,0.0337801421433293,0.0351827181136049,0.0316493825292836,0.0320917023884877,0.0305554974664167,0.0272419484534094,0.0308027859756791,0.0307034207746695,0.0324650921544565,0.0374717990899028,0.0352067474624626,0.0299279158126243,0.0311114218703361,0.0273706715931743,0.0165841614850503,residential,9,autumn,0,2,147.4369983,294.8739966,0
6,2021-09-29,0.0138447659604623,0.014326835790976,0.0093214478142171,0.0136586469759576,0.0139735275635355,0.0170048995240905,0.0284883345521147,0.030581609277799,0.0293846878742206,0.0297508119993803,0.0278142719710277,0.0247899160888979,0.0252038848371269,0.0255327486706496,0.0210210853226642,0.0195423079650863,0.0244726032447316,0.0262421013392596,0.0293524469261788,0.0297604268106091,0.0280254335491493,0.0264485657391717,0.0238074151212502,0.0157598302195087,residential,9,autumn,0,2,147.4369983,294.8739966,0
6,2021-09-30,0.0127854648025794,0.0118379169080588,0.0099402059725252,0.0106423033015697,0.0111817420922534,0.0141186977450285,0.0296043747273762,0.03222807269813,0.0331262532456828,0.0338270642623236,0.0349477678566067,0.0297859709817615,0.0300362988896045,0.0283647674657612,0.023738233250382,0.0245565357636794,0.02209316733054,0.0279822127068605,0.030988302491287,0.0299954774464077,0.0277718449043123,0.025862275357609,0.0240018352821068,0.0186156931224858,residential,9,autumn,0,2,147.4369983,294.8739966,0
6,2021-10-01,0.0142209336962034,0.0120997256567399,0.0103812619459726,0.010153282381839,0.0104076675395563,0.0149761978912691,0.0292655350668719,0.0323772207189598,0.0337247002166749,0.0333274866748208,0.035200922764601,0.0348753033104682,0.0309773397589775,0.0310132684158077,0.0298492606037049,0.0301628006667482,0.0300158879035566,0.0341442666150215,0.0337228926613894,0.0332177427317775,0.0303650124336352,0.0276791366912844,0.0252981657322007,0.0192341778926638,residential,10,autumn,0,2,147.4369983,294.8739966,0
6,2021-10-02,0.013789133768661,0.0140172470444799,0.0112921368416295,0.0130648703381253,0.0120292407997462,0.0153304263134229,0.0309496574935646,0.0339303462734229,0.0341828474478596,0.0350502742583689,0.0371508459481378,0.0322269860493385,0.0309118909166483,0.0295006417069606,0.0305298308546121,0.028992422122876,0.0287481216946988,0.0330428416466051,0.0344882433682567,0.0323469941414952,0.0297491460707364,0.0280613573083509,0.0254026178494906,0.0176092139600567,residential,10,autumn,1,2,147.4369983,294.8739966,0
6,2021-10-03,0.0152425820513684,0.0137398089843214,0.0123897884700773,0.0117152986624171,0.0120916943115224,0.0140859786066315,0.0292343793682086,0.0335811996165294,0.0333010499332424,0.0327603903463426,0.0349527753395292,0.0317213381905971,0.030464716502773,0.02892440779557,0.0281247262656946,0.0275715416224314,0.0290294202873716,0.0322571582209823,0.033819462061778,0.0314062505998731,0.0279915473231086,0.0270409475870417,0.0247009510672949,0.0162356927477358,residential,10,autumn,1,2,147.4369983,294.8739966,0
6,2021-10-04,0.0133162937362401,0.0120919478597268,0.0089385912978229,0.0109838272728758,0.0114428451132709,0.0131286541454869,0.0289705992479286,0.032032307514076,0.0327409168718608,0.0326524635187117,0.0331382713352619,0.0341397200328415,0.0300652313368295,0.0278466294776713,0.0272350312485729,0.028029216596779,0.0278349570012192,0.030903086556749,0.0320428769608892,0.0314274986249477,0.0278264275035567,0.027097930259853,0.0246672742319408,0.0162639773777184,residential,10,autumn,0,2,147.4369983,294.8739966,0
6,2021-10-05,0.0132107497035094,0.0120204385589064,0.0087638845044598,0.0108568356346961,0.0101338466124403,0.0126830009061733,0.0289773652093302,0.0320947128593004,0.0330467877372164,0.0329052428855221,0.0346917085921689,0.033125963591631,0.0298595459531332,0.0296902390921414,0.0278464255477313,0.0301030489624215,0.030856497366088,0.030221856495639,0.0338364380116938,0.0319162436650105,0.0290788982959521,0.0266206702088779,0.0257004131494856,0.0178179701876062,residential,10,autumn,0,2,147.4369983,294.8739966,0
6,2021-10-06,0.0142245492444416,0.0116830459832939,0.0103063805955303,0.0109981460920547,0.0115519082335988,0.0148005610812758,0.0300832220449086,0.0329079372287372,0.0329423136577072,0.0315392935338286,0.0325734443969758,0.0281218517981455,0.0288963308695864,0.0267209479410909,0.0228518480777614,0.0238797066122709,0.0232320171001862,0.0230582972022626,0.0282549713569092,0.0272727782402103,0.0237590407358178,0.0225160951888309,0.0200101412644405,0.012647288315554,residential,10,autumn,0,2,147.4369983,294.8739966,0
6,2021-10-07,0.0090057063986508,0.0067576646583973,0.0046298639262409,0.0056353999592425,0.0060479295057968,0.010106240997236,0.0250244088523971,0.0274089522546805,0.026626060688496,0.0265357803845339,0.0276323843471634,0.0280475363788286,0.0284481421622775,0.0267259618745231,0.0226720109102006,0.0257646116733562,0.0272371646817644,0.0277554091959763,0.0309903663867135,0.0301669350971538,0.0261104671823419,0.0244625457791267,0.022165712814891,0.0152282066403541,residential,10,autumn,0,2,147.4369983,294.8739966,0
6,2021-10-08,0.0110485138255746,0.009861408111803,0.0078500470551941,0.0090179400376523,0.0095153012373604,0.0121061704382316,0.0268950658709095,0.0309430646355071,0.0308049465835907,0.0305219760454979,0.0339012976434477,0.0295776292478039,0.0296943010539599,0.0298220394656682,0.0263414162831893,0.0255028771831933,0.0270419436942569,0.030256771591859,0.0319594080803166,0.0312160175156797,0.02763345085644,0.0255025459148503,0.023026927390077,0.0160058549329862,residential,10,autumn,0,2,147.4369983,294.8739966,0
6,2021-10-09,0.0129177659398143,0.0116854241638051,0.0088756204719467,0.0093927912454538,0.0087411879242153,0.0128153495085621,0.0271850555024271,0.0299321173283051,0.0307665638972576,0.0315692321536017,0.0330899472197895,0.0306094859517709,0.0292528907297622,0.0276109480921115,0.0238589373013866,0.0274894189276433,0.0260660402006933,0.0289298440099507,0.0316669293015126,0.0307287031551194,0.026488543401606,0.0250618354591501,0.0214823820220088,0.0155262017442379,residential,10,autumn,1,2,147.4369983,294.8739966,0
6,2021-10-10,0.0115321979674704,0.0102896963210102,0.008492069520717,0.0081627962531351,0.0097704852872981,0.0128688983698932,0.02697757174623,0.0299510326926511,0.0306663324418074,0.0306638701681121,0.0324852353269513,0.0309851534600023,0.0278645763570048,0.0264688995774087,0.0263288395440108,0.0255171901541239,0.0267567227172073,0.0290133539695829,0.0322668688935787,0.0301190634439895,0.0268319501658905,0.0254049089475748,0.0230372604144945,0.0157137985547087,residential,10,autumn,1,2,147.4369983,294.8739966,0
6,2021-10-11,0.0129650128860492,0.0104920283342898,0.0079444103001927,0.0094364056455484,0.0099423143419793,0.0123154701059458,0.0284327971887348,0.0315461529912181,0.0315659465755058,0.0312725131132365,0.0331547756591459,0.0314786458746855,0.028536601562843,0.0285001270997634,0.028131776556517,0.0290978757588828,0.0304443419784105,0.0307978806582378,0.0335713216381317,0.033040022381752,0.0290299725151005,0.0274515446823145,0.0250031775617362,0.0172940423568803,residential,10,autumn,0,2,147.4369983,294.8739966,0
6,2021-10-12,0.0135975029844108,0.0124298823034899,0.0099354244719435,0.0114411298758844,0.0118022540813292,0.0138734007296489,0.0302310267970503,0.0333514402470921,0.033052188729471,0.0331319488075684,0.0352647235262601,0.0314731540398173,0.0310071041015962,0.029263628945318,0.0281726686907625,0.0300110041578116,0.0312508798963519,0.0315785629527081,0.0345634689189132,0.0336287839537324,0.029149905047207,0.0277581474795839,0.025421580931589,0.0181175522385229,residential,10,autumn,0,2,147.4369983,294.8739966,0
6,2021-10-13,0.015352294449025,0.0141306671655869,0.0106936338648608,0.0069113456986373,0.0082188949120081,0.0104078241989497,0.0253067432245222,0.0278103670865839,0.0278296352634492,0.0269409144007636,0.0276569223656062,0.0252492753487342,0.0236452210810526,0.023367494057806,0.0219891308052961,0.0233927145261273,0.024995855383435,0.0275676752637021,0.0300693813832213,0.0292174980337518,0.0253271348210144,0.0235380521684248,0.0211276487163168,0.0148258670688633,residential,10,autumn,0,2,147.4369983,294.8739966,0
6,2021-10-14,0.0110873905434785,0.0098894000491428,0.0071818903255893,0.0076926731937061,0.0081627335203199,0.0097966259163595,0.0249230024229144,0.0272408468721862,0.0256462816851455,0.0259563739049969,0.0238045098905394,0.0228255494993382,0.0233555241733942,0.0230525088476973,0.0188689185301132,0.0220689704443543,0.0222712813079629,0.0243977929317049,0.0288673095628894,0.0269057100889108,0.0243431313953213,0.0224339202757866,0.0200741871221873,0.0131293290032239,residential,10,autumn,0,2,147.4369983,294.8739966,0
6,2021-10-15,0.0088117431703379,0.0076479142453103,0.0054055059742592,0.0055646123851532,0.0060443862250873,0.0095175715280338,0.0241761029191648,0.0269997793155959,0.0256502019086466,0.0274967279329019,0.0291560879204125,0.025486473341677,0.0247714571730047,0.0232847506425827,0.0219496107707251,0.023358345396526,0.0222404664372797,0.0254760330671231,0.0286923343650997,0.0279891937976286,0.0245733914862746,0.0224929739615527,0.0200801748230984,0.0128848280710022,residential,10,autumn,0,2,147.4369983,294.8739966,0
6,2021-10-16,0.0091946190994838,0.0080258957963827,0.0061026769220942,0.0058669828190429,0.006367061534602,0.0093859493440004,0.0234271825658625,0.0261998981008241,0.0268224767416474,0.0255751528226129,0.0269466094187091,0.0246017385107139,0.0227292738972984,0.0222744510563687,0.0198483286626127,0.0221903414426027,0.0227199815439331,0.0252075399558002,0.0293293744840915,0.0275042143349568,0.0235586196709247,0.0219619887523911,0.018734847620122,0.0122216181995055,residential,10,autumn,1,2,147.4369983,294.8739966,0
6,2021-10-17,0.007767901187149,0.006480712098538,0.0043069114855897,0.0055322612424158,0.0050346002946339,0.0083673741199084,0.0230450472992115,0.0255852350419885,0.0251530887177617,0.0249392993577426,0.0266254870415941,0.0237620221287303,0.0239042379054831,0.0222952240113648,0.0198864510584051,0.0222186814315192,0.0236155773946346,0.0249146732492347,0.0277173663916107,0.025870889904144,0.0235418155559389,0.0213905117019131,0.0181340573551496,0.012258408685352,residential,10,autumn,1,2,147.4369983,294.8739966,0
6,2021-10-18,0.0085010277275851,0.0063595973976653,0.0051273334757653,0.0054515778637475,0.0058888367880478,0.0093986625218522,0.0226978450236503,0.025356455082806,0.0253789377939481,0.0249427415099518,0.0276211621107165,0.0235917057576281,0.023490307349446,0.022218743588562,0.0196567464409829,0.0223172215775573,0.0225317283609301,0.0249058054617257,0.0278357115222627,0.0259527861961635,0.0236846235564292,0.0214227970131039,0.0173307521332301,0.0117223944453383,residential,10,autumn,0,2,147.4369983,294.8739966,0
6,2021-10-19,0.0086525442888369,0.0073907500184211,0.0047935472741907,0.005306423935066,0.0048756137828403,0.0086633577263049,0.0228253527156783,0.0251846452793132,0.025004053615772,0.0248727609561149,0.026305353138719,0.023678483292235,0.0237260367681079,0.023615220852283,0.0206528293327772,0.0213454030832395,0.0228831253716183,0.0254557464878786,0.0280848400352119,0.026113074825223,0.0231192439867575,0.0218404265031755,0.0185416013322345,0.0122293063973979,residential,10,autumn,0,2,147.4369983,294.8739966,0
6,2021-10-20,0.0088278072909852,0.0066523427347453,0.0050788416661362,0.0056616534237733,0.0051392386417921,0.0094812898126131,0.0235805128069317,0.0261079778200937,0.0270120104864666,0.0264928704793962,0.0282472502054369,0.0246261450962133,0.0245773659933532,0.0242701125655908,0.0200936595969198,0.021620494031108,0.0229929113604116,0.0236946984057389,0.0272579142885251,0.0267232103493897,0.0227479051006673,0.0201560961069658,0.0177177374950697,0.0113208999118515,residential,10,autumn,0,2,147.4369983,294.8739966,0
6,2021-10-21,0.0066499554287647,0.0053192107402391,0.0036747663029101,0.0031799662785734,0.0036215844953891,0.0075341687802418,0.022068713116116,0.0258744616732509,0.025746485008714,0.0263700394687294,0.0273704769543728,0.0239272618706398,0.0234481815408175,0.0217732110625593,0.0214754714413305,0.020434692022611,0.0216052470544605,0.0232663553638749,0.0260635375738261,0.0254070704051235,0.0221066909098842,0.019747542099815,0.0172736276247142,0.0104875373436935,residential,10,autumn,0,2,147.4369983,294.8739966,0
6,2021-10-22,0.006184609140137,0.0048819250044214,0.0029948765790507,0.0028053740932827,0.0032594290583992,0.0066788048041198,0.0215255024106797,0.0245005823807508,0.02514266748733,0.0253651205136018,0.027371156197505,0.0245816784648285,0.0227035121742998,0.0213655081458699,0.0182469019772405,0.0201509254103432,0.0212049415706973,0.0223138494448091,0.0253721566101804,0.0237300228039438,0.0211006209698423,0.0190512319442125,0.0166335435475995,0.0100248287894787,residential,10,autumn,0,2,147.4369983,294.8739966,0
6,2021-10-23,0.0057951697356801,0.0045834972623058,0.002823016863676,0.0026809682037074,0.0031805836300396,0.006999280328979,0.0213348010903201,0.024171121050741,0.0244311932748806,0.0237429275128666,0.026624629965987,0.0236956565162887,0.0223879530441113,0.0199443306016348,0.0209192228715493,0.0198154750131249,0.021286879796448,0.0236615833266897,0.0268613246385443,0.0251171867430469,0.0224587834542304,0.0207031305584593,0.0182936486630129,0.0114948083986586,residential,10,autumn,1,2,147.4369983,294.8739966,0
6,2021-10-24,0.0072621560842231,0.0060344592994478,0.0043894606334004,0.0050758356173376,0.0056130360816327,0.0091884618654562,0.0234997675471944,0.0261716800632379,0.0253849924963002,0.0249869856254549,0.0265154279323907,0.0242578024482349,0.0236510533189688,0.0221063877399701,0.0193061260479796,0.0222585569126353,0.0236141248004492,0.0239960187970855,0.0282541792328625,0.0262750367238942,0.0229430992922211,0.0220104619278241,0.0185140180747329,0.0123965040189907,residential,10,autumn,1,2,147.4369983,294.8739966,0
6,2021-10-25,0.0076198415030572,0.0063891663599282,0.0045390460479645,0.0044313571634574,0.0048952435920469,0.0085680137763097,0.0221601172030951,0.0256742775687081,0.0260525917940848,0.0255123887755495,0.0280805802744243,0.0250117684039961,0.0228292855568441,0.0216987911415107,0.0198027044331454,0.0207789898095911,0.0222133530180891,0.0247213820033113,0.0286521046426948,0.0264652192740577,0.0227109627021096,0.0210126885342634,0.0186832814393825,0.0118936198027776,residential,10,autumn,0,2,147.4369983,294.8739966,0
6,2021-10-26,0.007679819845825,0.0064562240493391,0.0049621506238272,0.0054324018423102,0.0055032357564311,0.0093975957195485,0.0239994226521888,0.027030015903584,0.0275019696902253,0.0267024709702437,0.0289501742616472,0.0251692952984637,0.0233429037700574,0.0216154567837572,0.01966046555618,0.0197530200764713,0.0224690832806373,0.0238449503854982,0.0276569380614756,0.0268509980384288,0.023163930763416,0.0202439358592647,0.0176742634078316,0.0111045785047761,residential,10,autumn,0,2,147.4369983,294.8739966,0
6,2021-10-27,0.0065548944929109,0.0052770306835586,0.003354883941638,0.0041642954999059,0.0036704277352432,0.0076467167391327,0.0219439687650196,0.0244167771877537,0.0236541017667697,0.0230818743377105,0.0256678150653105,0.0224605370018572,0.0217303331444692,0.0201354711257508,0.0199183834486466,0.0202098191728874,0.0216664320382867,0.0236789312380182,0.0273968331737933,0.0255034553357709,0.023491337011011,0.0209173284154437,0.0183932151695294,0.0118038118560408,residential,10,autumn,0,2,147.4369983,294.8739966,0
6,2021-10-28,0.008450056351151,0.0062438453221825,0.0045716984749241,0.0052786519419016,0.0058424611729534,0.0094153488863327,0.0235882165975712,0.0265548068317908,0.0252789176976701,0.0270702933443582,0.0292037404766755,0.0246578956402005,0.0219495724917174,0.0189806910854423,0.0182757257208297,0.0166494190504674,0.0162812875703831,0.0195564448344229,0.0218331216636445,0.0208538982730769,0.0185091661707055,0.0160127916597512,0.0134837775333395,0.0072400803186501,residential,10,autumn,0,2,147.4369983,294.8739966,0
6,2021-10-29,0.0025840839520442,0.0017191214474928,0.0011200916599227,0.0010935384105002,0.0017042953265402,0.0061350167602385,0.0187523635424641,0.0202517889809403,0.0195715727527018,0.018140437207336,0.0197964860769757,0.0158220282554726,0.0168344733141502,0.0162157315091809,0.0117394144641058,0.0155767434599482,0.0163702366265566,0.0184561078811133,0.0224539795051257,0.0216650619082085,0.0181751911966613,0.0173566057649785,0.0142220311247688,0.0076429352634443,residential,10,autumn,0,2,147.4369983,294.8739966,0
6,2021-10-30,0.0033235335471316,0.0017196039152393,0.0011202157093149,0.0010936573617064,0.0017047659518657,0.0061381869777721,0.0187634041176698,0.0202546043517269,0.0194705954013229,0.0188427442598369,0.0193362668778441,0.0158511464998231,0.0167315439712973,0.0164127130936157,0.01428762751435,0.0158211567602346,0.0165088884275912,0.0195489279795657,0.0226310848035934,0.0210487083251841,0.0190702839788902,0.0166330980250633,0.0142865440158086,0.0084868354295854,residential,10,autumn,1,2,147.4369983,294.8739966,0
6,2021-10-31,0.0044515297975296,0.0033357590920883,0.001395751149518,0.0016770748782669,0.0022496808196916,0.006141347473148,0.0195796469452578,0.0220570439892247,0.0206190860752767,0.0203574147794913,0.0201521090254706,0.0157499942994092,0.0172078610135031,0.0162379399875211,0.014769298868788,0.0180826972951231,0.0186698266138381,0.0210794092487336,0.0234873395511435,0.0222940779028666,0.0203379501436387,0.0171274488705494,0.0144072690002879,0.0087949707681363,residential,10,autumn,1,2,147.4369983,294.8739966,0
6,2021-11-01,0.0037373045264293,0.0023002422318154,0.0011204629838821,0.0010938946574724,0.0017057048319852,0.0061445067375553,0.0187854294876181,0.0218196537546576,0.0220640294088431,0.0247171171906764,0.026083477171203,0.0209476699528984,0.0202141539012998,0.0214393362392935,0.01891716652559,0.0182546963120123,0.0196071153803898,0.0224473653462741,0.0244679143520908,0.0247108922587879,0.0219132442318432,0.0204282382105851,0.0169501278328082,0.0108493545813168,residential,11,autumn,0,2,147.4369983,294.8739966,0
6,2021-11-02,0.0068253055621041,0.0056546145237714,0.003860074201863,0.0047344923334444,0.0043069518063034,0.0079510828188205,0.0217811006882505,0.024796881889295,0.0244782065830585,0.0265558057713617,0.0279619952716877,0.0215257905669683,0.0213397923341727,0.0201354384255262,0.0186973075614582,0.0189661598041632,0.0204040697240001,0.0232196593696044,0.0272214976732315,0.0263916512158719,0.0222917685329708,0.020747059708504,0.0173742809200863,0.0108780425355354,residential,11,autumn,0,2,147.4369983,294.8739966,0
6,2021-11-03,0.0063114075119296,0.0051281765640269,0.0037778996890211,0.0040064551287469,0.0045750489580053,0.008688326890283,0.0220787006735758,0.024878437838347,0.0243821086605763,0.0251486914470336,0.0273377327629222,0.0240764228756149,0.0230729984108502,0.0199650283485292,0.0176390522821546,0.0177601013068216,0.0193967094457229,0.0229899496911771,0.0262879272590173,0.0244471021991881,0.0218663821868283,0.0197040267724436,0.0172193483370306,0.0105696585862761,residential,11,autumn,0,2,147.4369983,294.8739966,0
6,2021-11-04,0.0070456908930786,0.0048191980625291,0.0032119563191488,0.0038072918892924,0.0033263438113789,0.0078712852401768,0.0208749162239627,0.0247662521727807,0.0248750197855803,0.0264854315315812,0.0280960462438757,0.0235188684690844,0.0217676063915458,0.0203060988391696,0.0214529096265242,0.0206856187881534,0.0218773657085935,0.0244862250766356,0.0264137566971194,0.0257280790703426,0.0227347382839073,0.0210110022571911,0.0174548370286261,0.0112834853923022,residential,11,autumn,0,2,147.4369983,294.8739966,0
6,2021-11-05,0.0072751448354332,0.0060816309559228,0.0048160195752732,0.005108115041068,0.0056415588745498,0.0091520200107705,0.0221574105715738,0.025158227710554,0.0258897131283035,0.0280344110170718,0.0284636359633961,0.0261961673363991,0.0232997273477168,0.0234234290633835,0.0224688247926444,0.0211057389703237,0.022425573871375,0.0252834521847857,0.0280589209472837,0.0260882693179251,0.0234544150974889,0.0203701090155381,0.0189951366696882,0.011742018135981,residential,11,autumn,0,2,147.4369983,294.8739966,0
6,2021-11-06,0.0066845056150463,0.0064478992620718,0.0035153243600391,0.0043166284693851,0.004888557232491,0.0084175067251876,0.0224759414704293,0.0253448689424693,0.02535471417658,0.0283151339574911,0.0283356788801316,0.0249353297154757,0.0230904068813571,0.0218219495934248,0.0225383334071078,0.021850067854628,0.0218393247893598,0.0259948481562564,0.0277278290255451,0.0270428744169804,0.0245949230340061,0.021508176237307,0.0191293019360042,0.0128440123992204,residential,11,autumn,1,2,147.4369983,294.8739966,0
6,2021-11-07,0.0090171532810166,0.0077276885410158,0.0053717818932418,0.0056477390870953,0.0062521896357818,0.0097854998241991,0.0238658822290581,0.0269440247674072,0.0269751087170121,0.0286933478714451,0.0288692821425086,0.0257856588118077,0.0234954305779676,0.020745449003239,0.0223949870968594,0.0210944614213482,0.0222910218851366,0.0252553685767982,0.0281981462021591,0.0274095717401197,0.0234877421784598,0.0215074510822416,0.0180110725416556,0.0121863309470997,residential,11,autumn,1,2,147.4369983,294.8739966,0
6,2021-11-08,0.0035625638581202,0.001723895325857,0.0011213187555571,0.0010947152498633,0.0017089511685165,0.0061663579516851,0.0188615924446606,0.0203695724409583,0.0196843294028843,0.0174219865894686,0.0159064615858992,0.0131323712896845,0.0115831508320809,0.0104100555088434,0.0092670292435993,0.0104516868626215,0.012296588895632,0.0160166824533572,0.0185425506654416,0.0177486404972478,0.0163704395395443,0.0135475347559415,0.0116287572697438,0.0068262757234732,residential,11,autumn,0,2,147.4369983,294.8739966,0
6,2021-11-09,0.0025948073224042,0.0017243634925902,0.001121439194268,0.0010948307493254,0.0017094084338484,0.0061694362147416,0.0188723123716049,0.0203811322960053,0.0196953954872754,0.0174316867520366,0.0159152441675843,0.0131394346092576,0.0115892795187024,0.0104154885779946,0.009271767184589,0.0104571001483361,0.01230292198167,0.0160250760177134,0.0185524397492669,0.0177581088034097,0.0163791050869724,0.013554596427132,0.0116348859563653,0.0068296603698915,residential,11,autumn,0,2,147.4369983,294.8739966,0
6,2021-11-10,0.0025957606059374,0.0017248297846799,0.0011215592753833,0.0010949457186335,0.0017098632792197,0.006172495454966,0.0188829824706089,0.0203926385222855,0.0197064102444414,0.017441341970251,0.0159239860291729,0.0131464651800254,0.0115953797899076,0.0104208964569329,0.0092764831590494,0.0104624883065894,0.0123092257035652,0.0160334306656363,0.0185622829675007,0.0177675332101399,0.0163877304569283,0.0135616253571598,0.0116409862275705,0.0068330299021782,residential,11,autumn,0,2,147.4369983,294.8739966,0
6,2021-11-11,0.002596709883901,0.0017252938116893,0.0011216785712647,0.001095060111328,0.0017103158711323,0.0061755419002791,0.0188935997437647,0.0204040879139437,0.0197173703648108,0.0174509493710118,0.0159326845829511,0.0131534609199509,0.0116014498391592,0.0104262775441661,0.0092811757661724,0.0104678498308173,0.0123154981976399,0.0160417439229759,0.0185720773880292,0.0177769110054466,0.0163963130978129,0.0135686194644738,0.0116470562768221,0.0068363824478451,residential,11,autumn,0,2,147.4369983,294.8739966,0
6,2021-11-12,0.0025976541996402,0.0017257553908641,0.0011217972386259,0.0010951739021538,0.0017107660758856,0.0061785746543522,0.0189041610472372,0.0204154766940292,0.0197282726979541,0.0174605060023341,0.016611035474658,0.0134004453985523,0.0120851963327386,0.0120095716432706,0.010746120854896,0.0116389930347679,0.012773885613227,0.01605001332784,0.0188536066710736,0.0182979042686785,0.0164048504597915,0.0135755766778355,0.0116530943065323,0.00683971701772,residential,11,autumn,0,2,147.4369983,294.8739966,0
6,2021-11-13,0.0025985932280469,0.001726214385562,0.0011219152408817,0.0010952870545128,0.001711213760896,0.0061815880584257,0.0189146588025617,0.020417712251964,0.0196267395085118,0.0173576346903383,0.0169130123304742,0.0139525451446655,0.0130821280176412,0.0126002979956068,0.0110552024607033,0.0120581155921083,0.0137553501116471,0.0161751032465468,0.0194056253234961,0.0179391633786476,0.0164133400227721,0.013582494936932,0.011659098528596,0.0068430334980103,residential,11,autumn,1,2,147.4369983,294.8739966,0
6,2021-11-14,0.0025995266911036,0.001726670659821,0.001122032544235,0.0010953995371867,0.0017116587894725,0.0061845812144006,0.0189251029293598,0.0204289704556569,0.0196375164736455,0.0173670815017474,0.0171259500407368,0.0136533767169548,0.0131380279365246,0.0128719256987346,0.0108051845651018,0.0128298886874087,0.0137488189316334,0.0168022382758181,0.0193969011278658,0.0186148350434754,0.0164217792699286,0.0135893721929864,0.0116650671649196,0.0068463300272386,residential,11,autumn,1,2,147.4369983,294.8739966,0
6,2021-11-15,0.0026004550753505,0.0017271241266818,0.0011221491127969,0.001095511314568,0.001712101034816,0.0061875580018505,0.0189354774148567,0.020449247731359,0.0197606005041928,0.0174888436800544,0.016934376402071,0.013181054304371,0.0122772924055119,0.0119194012106209,0.0100783648079499,0.0114305738774206,0.013388961880435,0.016633185768928,0.0194671148933129,0.0179045534179213,0.0164301657050234,0.0135962064093644,0.0116709984479479,0.0068496059260795,residential,11,autumn,0,2,147.4369983,294.8739966,0
6,2021-11-16,0.002601375907712,0.0017275747562983,0.0011222649229401,0.0010956223564731,0.0017125403634593,0.0061905175523364,0.0189457835303582,0.0204603616840496,0.0197712394046614,0.0175060099171876,0.018196654670035,0.0153141483132259,0.0153758494661949,0.0142262029429679,0.0143331141816233,0.0137908042616552,0.0162623417963101,0.0182117153222468,0.020845478184086,0.0201311748330842,0.0178875098747993,0.0157742682463037,0.0126557437697914,0.0068528602225744,residential,11,autumn,0,2,147.4369983,294.8739966,0
6,2021-11-17,0.0026022918000777,0.0017280221102763,0.0011223797295028,0.001095732620262,0.0017129766461283,0.0061934518149878,0.0189560136989864,0.0206630183723061,0.0197818045820073,0.0193686194430077,0.0216416707007625,0.0171761355051781,0.0174107258362427,0.0168968088845282,0.0133439919564844,0.0150557633086722,0.0166837892474611,0.0190696523421422,0.0210201347383517,0.0193022170663423,0.017484476737454,0.0147491495581322,0.0116827419397277,0.0068560919530281,residential,11,autumn,0,2,147.4369983,294.8739966,0
6,2021-11-18,0.002603200329974,0.0017284659125027,0.0011224940712035,0.0010958420960894,0.0017134097533648,0.0061963670904901,0.018966178140932,0.0204823552511228,0.0197922926859306,0.0177523117323664,0.0175729580944182,0.0140013301462063,0.0141267470855145,0.0138970925352507,0.012394802217942,0.0123894016262139,0.0141123013838487,0.0180477318678727,0.0202522185918985,0.0185640268002486,0.0168511242009634,0.0141183888129435,0.0116885506707554,0.0068593001713251,residential,11,autumn,0,2,147.4369983,294.8739966,0
6,2021-11-19,0.0026041012149677,0.0017289067755127,0.0011226071786116,0.0010959507231195,0.001713839556907,0.0061992601262924,0.0189762607052901,0.0204932283506693,0.0198027008691589,0.0196841749776877,0.0210667689447522,0.0168116129424267,0.0155426085261908,0.015197984816877,0.0124442963637012,0.0136452889325992,0.0154011445705344,0.018183015384574,0.0216476691419586,0.0208604970976865,0.0184364503534138,0.0164106627021724,0.0140632255360746,0.0076225875148302,residential,11,autumn,0,2,147.4369983,294.8739966,0
6,2021-11-20,0.0040924695347762,0.001970153023381,0.0011227198028125,0.0010960584957598,0.0017142659294293,0.0062021300707828,0.0189862627693648,0.0210812324945917,0.0211825866667645,0.0219298453865651,0.0246818140680314,0.0196087817316158,0.0202553973072972,0.0202859857667983,0.0160822887783902,0.0158975205094634,0.0174892620496686,0.0203001913922613,0.0236576457530856,0.0228638639969764,0.0189867350753702,0.0164428067051702,0.0140139744306549,0.0079790573986533,residential,11,autumn,1,2,147.4369983,294.8739966,0
6,2021-11-21,0.0038896249360632,0.0026372233610933,0.001122831193864,0.0013534185781428,0.0017146887447406,0.0062049784574367,0.0189961814257784,0.0208248198757238,0.0216250319744491,0.0243387642768724,0.0255161159809768,0.0197109440426143,0.0180048993881657,0.0165087373819488,0.0157625924010108,0.0154466964994327,0.0169163371273904,0.0216639604431361,0.0233080212271725,0.0224674844940729,0.0199829663189057,0.0169110549394962,0.0154500441781302,0.0084008093214111,residential,11,autumn,1,2,147.4369983,294.8739966,0
6,2021-11-22,0.0042538509267999,0.0029829522083457,0.0013822210565775,0.0019859084138386,0.001715107574462,0.0062077996563789,0.0190060054448709,0.0205253140636549,0.019833414903982,0.0175526702613469,0.0160247841646227,0.0132275313030406,0.0116657190779148,0.0104832521033212,0.0093308605283573,0.0105246169406777,0.0123819108964412,0.0161297640853599,0.018675779275809,0.0178762015032348,0.0164871854419739,0.0136426725625989,0.0117113255155777,0.0068718785702989,residential,11,autumn,0,2,147.4369983,294.8739966,0
6,2021-11-23,0.0026076332429472,0.0017306329618492,0.0011230509618414,0.001096376267359,0.0017155232045137,0.0062105952450632,0.019015756522332,0.0205358210883649,0.019843472452408,0.0175614867098438,0.0160327665483195,0.0132339510366952,0.0116712893383553,0.0104881901287144,0.0093351667235018,0.0105295369862063,0.012387666932082,0.0161373928551725,0.0186847668923557,0.0178848070844107,0.0164950614126371,0.0136490907970603,0.0117168957760182,0.0068749553758963,residential,11,autumn,0,2,147.4369983,294.8739966,0
6,2021-11-24,0.0026084963110085,0.0017310545032755,0.0011231593901613,0.0010964802483139,0.0017159345985628,0.0062133643744574,0.0190254072205435,0.0205462288750521,0.0198534345624065,0.0175702194799922,0.0160406733821314,0.0132403100303938,0.0116768068969484,0.010493081434019,0.0093394321830099,0.0105344104811163,0.0123933685082023,0.0161449494469842,0.0186936698969563,0.0178933313536555,0.0165028628699479,0.0136554483067463,0.0117224133346113,0.0068780027412525,residential,11,autumn,0,2,147.4369983,294.8739966,0
6,2021-11-25,0.002609351638535,0.001731472187624,0.0011232669529834,0.0010965832137203,0.001716341945786,0.0062161062414964,0.0190349584659333,0.020556534180734,0.0198632987626919,0.0175788660931871,0.0160485023352534,0.0132466064019864,0.0116822701197212,0.0104979245707214,0.0093436556258046,0.01053923598348,0.0123990139363343,0.0161524316229818,0.0187024849979019,0.0179017715756628,0.0165105874966603,0.0136617432089407,0.0117278765573841,0.0068810201113946,residential,11,autumn,0,2,147.4369983,294.8739966,0
6,2021-11-26,0.0026101975019783,0.0017318858673611,0.0011233730398576,0.0010966851094367,0.0017167451190247,0.0062188200048081,0.0190444206300277,0.0205667338771565,0.019873061926131,0.0175874242709984,0.0160562511051367,0.0132528382868624,0.0116876773887921,0.0105027181045723,0.0093478358098253,0.0108748112243053,0.0128046248305905,0.0161598371673899,0.0187112098035848,0.0179101253538829,0.0165182330086307,0.0136679736394678,0.011733283826455,0.0068840065731753,residential,11,autumn,0,2,147.4369983,294.8739966,0
6,2021-11-27,0.0026110343790994,0.0017322947573776,0.0011234781789744,0.0010967859263784,0.0017171437804167,0.0062215048831319,0.019053777711517,0.0205677350341002,0.0197703467647981,0.0174835168720734,0.0159515429364528,0.0131466293789081,0.0119037950522322,0.0115050811112002,0.0097270136388691,0.0120648474526449,0.0130925625266109,0.0161580742950421,0.0187198417306126,0.0179183902144237,0.0165257971417131,0.0136741377532447,0.0117386335405125,0.006886961252399,residential,11,autumn,1,2,147.4369983,294.8739966,0
6,2021-11-28,0.0026118620219443,0.0017326989460246,0.0011235823387709,0.0010968856377816,0.0017175382530483,0.00622415767504,0.0190630312678498,0.0205777148230498,0.0197798992451734,0.0174918902299699,0.0161876935271458,0.0131527267734534,0.0131442927169782,0.0121060679338478,0.0105103713730726,0.0125389107927623,0.0142526056472133,0.0171434592608269,0.0200466802190265,0.0185122720419739,0.0165332776521555,0.0136802337248274,0.0117439241152895,0.0068898832639379,residential,11,autumn,1,2,147.4369983,294.8739966,0
6,2021-11-29,0.0026126799786639,0.0017330989946667,0.0011236849402274,0.0010969841896925,0.0017179284189497,0.0062267848267114,0.0190721787760052,0.0205966695257647,0.0199017165122278,0.0178191717749281,0.0180768130019078,0.0147202895511696,0.0143121898838953,0.0140704753298639,0.0127244223667832,0.0142298302422787,0.0157661256987769,0.0179244897783043,0.0204737394192976,0.0181788893264377,0.016825714526253,0.0136862597489517,0.0117491539840323,0.0068927717459027,residential,11,autumn,0,2,147.4369983,294.8739966,0
6,2021-11-30,0.0026134886250567,0.0017334937831693,0.0011237864903192,0.001097081576783,0.001718313723008,0.0062293745244956,0.0190812172560811,0.0206064173478827,0.0199110469819301,0.0180588218108585,0.0183216019489353,0.0139653400399557,0.0135706538778038,0.0131126942034325,0.010173922822942,0.011766628965543,0.0128193366251313,0.0161886495214856,0.0187451545800883,0.0179426269465585,0.0165479789916396,0.0136922140410676,0.0117543215979648,0.0068956258662363,residential,11,autumn,0,2,147.4369983,294.8739966,0
6,2021-12-01,0.0026142870931851,0.0017338839460799,0.001123886796976,0.0010971777609888,0.0017186942689758,0.006231939787765,0.0190901442677986,0.0206160446680173,0.0199202622818759,0.0176287989269604,0.0163314654552779,0.0133117646763871,0.0130558514846366,0.0119744192877254,0.0105293271899616,0.0115133624330106,0.0133173443016852,0.0161956394881772,0.0187533895472677,0.0179505118228461,0.0165551954557455,0.0136980948378679,0.0117594254267471,0.0068984447098924,residential,12,winter,0,2,147.4369983,294.8739966,0
6,2021-12-02,0.002615075389747,0.0017342693681594,0.001123985829867,0.0010972727149664,0.0017190699505491,0.0062344684886289,0.0190989570043633,0.0206255487411361,0.0199293597069345,0.0176367734240557,0.0161009331113075,0.0132887734314697,0.0117188575212658,0.0105303592333064,0.0093719400880809,0.0105715525486978,0.0124368215737943,0.0162025400276793,0.0187615197351246,0.0179582959358092,0.0165623195986956,0.0137039003978103,0.0117644639589287,0.0069012275382568,residential,12,winter,0,2,147.4369983,294.8739966,0
6,2021-12-03,0.0026158525201972,0.0017346493856627,0.0011240835406273,0.0010973664093163,0.0017194404291472,0.006236963660985,0.0191076529109893,0.0206349272802667,0.0199383363595781,0.0176446421637748,0.0161080577604053,0.0132945033725018,0.0117238292647331,0.0105347666745297,0.0093757850165,0.0105759439299247,0.0124419591307518,0.0162093490964623,0.0187695417321047,0.0179659768619544,0.0165693493069312,0.0137096290016332,0.011769435702396,0.0069039734514121,residential,12,winter,0,2,147.4369983,294.8739966,0
6,2021-12-04,0.0026166197116561,0.0017350242317667,0.0011241799098174,0.0010974588179446,0.0017198062633925,0.0062394221667726,0.0191162293582959,0.0206350870581864,0.0198348153692366,0.0175400284812105,0.0160027101288881,0.013187780181983,0.0116288630107986,0.0104267391418615,0.0092671998233076,0.0104679005812916,0.0123346516902988,0.0162069750860006,0.018777453578769,0.0179735523305111,0.0165762824986707,0.013715278952865,0.0117743391848142,0.0069066816365071,residential,12,winter,1,2,147.4369983,294.8739966,0
6,2021-12-05,0.0026173760293216,0.0017353934997558,0.0011242748994302,0.0010975499140181,0.0017201664517846,0.0062418505105863,0.0191246839708781,0.0206442053955732,0.0198435433151531,0.0175476788809439,0.0160096370570267,0.0131933511075433,0.0116336967800479,0.0104310242692002,0.009270936632316,0.010472170106059,0.0123396466718396,0.0162135951917073,0.0187852529325137,0.0179810200980761,0.0165831171207151,0.013720848578326,0.0117791729540635,0.0069093513717698,residential,12,winter,1,2,147.4369983,294.8739966,0
6,2021-12-06,0.0026181212051322,0.001735757579029,0.0011243686937413,0.0010976396753019,0.00172052177675,0.0062442407407854,0.0191330140994757,0.0206622789259077,0.0199645166523419,0.0176675911219669,0.0161288365021058,0.0133112144994058,0.0117383291410059,0.0105476207875461,0.0093869928821089,0.0105887512418116,0.0124569425962279,0.0162292074531006,0.0187929372316006,0.0179883780682703,0.0165898511531675,0.0137263362286243,0.0117839355786688,0.0069119817565305,residential,12,winter,0,2,147.4369983,294.8739966,0
6,2021-12-07,0.0026188557839224,0.0017361161611762,0.0011244606752456,0.0010977280547028,0.0017208714766081,0.0062465945488475,0.0191412172785161,0.0206711260250904,0.0199729846696747,0.0176750140562466,0.0161355574958871,0.0133166198108755,0.0117430192105612,0.0105517785253767,0.0093906186163536,0.010592893850573,0.0124617890858541,0.016235630754385,0.0188005045341198,0.0179956237125867,0.016596482589474,0.0137317402786444,0.0117886256482241,0.0069145721256038,residential,12,winter,0,2,147.4369983,294.8739966,0
6,2021-12-08,0.0026195773694453,0.0017364692433368,0.0011245515994913,0.0010978150541814,0.0017212154393005,0.0062489112377709,0.0191492911330147,0.0206798336640787,0.0199813192638346,0.0176823199153312,0.0161421725344957,0.0133219399018206,0.0117476353361467,0.0105558707120173,0.0093941871669218,0.0105969711371583,0.0124665591650409,0.0162419527854451,0.0188079531140268,0.0180027552431276,0.0166030094781316,0.0137370591280281,0.0117932417738096,0.0069171215946236,residential,12,winter,0,2,147.4369983,294.8739966,0
6,2021-12-09,0.0026202884197631,0.0017368161638568,0.001124640638549,0.0010979006222243,0.0017215542293693,0.0062511877148577,0.0191572331997646,0.020688399017478,0.0199895182362152,0.0176895066369102,0.0161486796596367,0.0133271731967466,0.0117521761507406,0.0105598961356057,0.0093976974750975,0.0106009819040603,0.0124712514215197,0.0162481716740713,0.0188152797465716,0.018009770543668,0.0166094298864045,0.0137422912016483,0.0117977825884035,0.0069196294979531,residential,12,winter,0,2,147.4369983,294.8739966,0
6,2021-12-10,0.0026209871986533,0.0017371574293767,0.0011247283741688,0.0010979847506351,0.0017218870823964,0.0062534305683083,0.0191650412916089,0.0206968200369026,0.0199975781585245,0.0176965719001334,0.0161550769316014,0.0133323181458627,0.0117566403096236,0.0105638536040506,0.0094011485625921,0.010604924962694,0.012475864465723,0.0162542855785985,0.0188224826864383,0.0180166671709393,0.016615741900194,0.0137474349500762,0.0118022467472865,0.0069220950955268,residential,12,winter,0,2,147.4369983,294.8739966,0
6,2021-12-11,0.0026216728660828,0.0017374926794339,0.0011248147696055,0.0010980674178568,0.0017222139000153,0.0062556318503052,0.0191727129324296,0.0206960046405597,0.0198931397648726,0.0175911395138387,0.0160489879872286,0.013224998764941,0.0116611567544247,0.0104553674847855,0.009292164885737,0.0104964246787691,0.0123680224707064,0.0162512030963675,0.0188295598009675,0.0180234434524839,0.0166219436630127,0.0137524888500393,0.0118066329284403,0.0069245172499317,residential,12,winter,1,2,147.4369983,294.8739966,0
6,2021-12-12,0.0026223475847906,0.0017378219692863,0.0011248994148591,0.0010981485844612,0.0017225352494973,0.006257790926221,0.0191802458507668,0.0207041290648455,0.0199009118674962,0.0175979559637316,0.0160551598157744,0.0132299624761742,0.0116654636589232,0.0104591855475147,0.0092954943820691,0.0105002288463917,0.0123724730161291,0.0162571016325984,0.0188365089947615,0.0180300972582535,0.016628033334015,0.013757451404873,0.0118109398329388,0.0069268962716384,residential,12,winter,1,2,147.4369983,294.8739966,0
6,2021-12-13,0.0026230090030791,0.0017381450529551,0.0011249822825981,0.0010982282246598,0.0017228503713892,0.0062599144317549,0.0191876379808505,0.0207211911499581,0.0200209500706269,0.0177170193988603,0.016173590757335,0.0133472078135503,0.0117695597476702,0.0105753066615551,0.0094111360656863,0.0106163363184861,0.0124892147832978,0.0162719794404956,0.0188433282103041,0.0180366266177866,0.0166340091098024,0.0137623211449637,0.0118151661853331,0.0069292305279413,residential,12,winter,0,2,147.4369983,294.8739966,0
6,2021-12-14,0.0026236569208003,0.0017384620863057,0.0011250637453207,0.0010983063312339,0.0017231593932661,0.0062619944488316,0.0191948869695221,0.0207290093496099,0.0200284652426218,0.0177235789170375,0.0161795300922887,0.0133519844135312,0.0117737042963661,0.010578980796171,0.0094143400479281,0.0106199970752153,0.0124934975579118,0.016277655621765,0.0188500154285697,0.0180430295974752,0.0166398692207055,0.013767096628184,0.011819310734029,0.0069315195334994,residential,12,winter,0,2,147.4369983,294.8739966,0
6,2021-12-15,0.0026242933006333,0.0017387723658757,0.0011251435581415,0.0010983828726223,0.0017234620042159,0.0062640327868077,0.019201990725411,0.0207366709394643,0.0200358301208701,0.0177300069932944,0.0161853503619987,0.0133566653180601,0.0117777658139947,0.010582581323902,0.0094174798406615,0.0106235844930695,0.0124976945322679,0.0162832180875436,0.0188565686696208,0.0180493044319855,0.01664561193582,0.0137717764403198,0.0118233722516576,0.0069337627512231,residential,12,winter,0,2,147.4369983,294.8739966,0
6,2021-12-16,0.0026249157914336,0.0017390767319655,0.0011252217335877,0.001098457826108,0.0017237585538489,0.0062660288563945,0.0192089471452921,0.0207441733738382,0.0200430422640429,0.0177363014459803,0.0161910498866536,0.0133612491429668,0.011781743097776,0.0105861071784859,0.0094205596280041,0.0106270975058853,0.0125018044633367,0.0162886651905598,0.0188629859931934,0.0180554488705796,0.0166512355409606,0.013776359195489,0.0118273495354389,0.0069359593730176,residential,12,winter,0,2,147.4369983,294.8739966,0
6,2021-12-17,0.0026255242613433,0.0017393738751773,0.0011252982122764,0.0010985311709046,0.0017240489568513,0.0062679820666111,0.019215754169573,0.0207515149770875,0.0200500998023225,0.0177424610367425,0.016196626985611,0.0133657345286002,0.0117856349698751,0.0105895573157745,0.0094235635059632,0.0106305350846673,0.0125058261344065,0.0162939953177058,0.0188692654992713,0.0180614614861452,0.0166567383842845,0.0137808435365522,0.011831241407538,0.0069381088953035,residential,12,winter,0,2,147.4369983,294.8739966,0
6,2021-12-18,0.0026261198799035,0.001739664771925,0.0011253729982995,0.0010986028838821,0.0017243326871465,0.0062698918247612,0.0192224097828985,0.0207496037102691,0.0199446256727113,0.01763610915409,0.0160897056375531,0.013257745690407,0.0116895705413984,0.0104805562534421,0.0093141325809875,0.010521521739459,0.012397383893492,0.0162901172984304,0.0188754053286484,0.0180673403672554,0.0166621188316648,0.0137852281355141,0.0118350467154139,0.0069402105702686,residential,12,winter,1,2,147.4369983,294.8739966,0
6,2021-12-19,0.002626701811215,0.0017399489650989,0.0011254460613965,0.0010986729431696,0.0017246098769277,0.0062717575725336,0.0192289120147483,0.0207566166209417,0.0199513670038761,0.0176419929154373,0.0160950330862504,0.0132620302486702,0.0116932881581451,0.0104838519136888,0.009317008284528,0.0105248053998816,0.0124012254974388,0.0162952087735446,0.0188814036634789,0.018073083772935,0.016667375289733,0.0137895116939173,0.0118387643321607,0.006942263812673,residential,12,winter,1,2,147.4369983,294.8739966,0
6,2021-12-20,0.0026272698684342,0.0017402263705397,0.0011255173798996,0.0010987413303879,0.0017248804442252,0.0062735787574849,0.0192352589400352,0.0207725516603505,0.0200703217984275,0.0177601106344804,0.0162126078439349,0.0133785869368639,0.0117967867191784,0.0105994433205361,0.0094321897649724,0.0106403850917018,0.0125173498085299,0.0163092682352562,0.0188872587278148,0.0180786837210463,0.0166725062065438,0.0137936929432265,0.0118423931568413,0.0069442680145156,residential,12,winter,0,2,147.4369983,294.8739966,0
6,2021-12-21,0.002627823883344,0.0017404969060948,0.0011255869317623,0.0010988080242223,0.0017251443150466,0.0062753548403596,0.0192414487039944,0.0207792275868916,0.0200767391854651,0.0177657116454798,0.0162176792826846,0.0133826655906864,0.0118003256771509,0.0106025806001157,0.0094349272698484,0.0106435109499453,0.0125210067952696,0.0163141150276166,0.0188929687881314,0.0180841477416586,0.016677510053252,0.0137977706452045,0.0118459321148138,0.0069462225416925,residential,12,winter,0,2,147.4369983,294.8739966,0
6,2021-12-22,0.0026283637063395,0.0017407604916598,0.001125654696849,0.0010988730046688,0.0017254014050858,0.0062770852952579,0.0192474794009041,0.0207857320242897,0.0200829917241573,0.0177711690026456,0.0162226204398002,0.0133866394651521,0.0118037737203863,0.0106056372839522,0.0094375944490697,0.0106465565032662,0.0125245698350604,0.0163188373073784,0.0188985316977025,0.018089470538298,0.0166823853526841,0.0138017435922783,0.0118493801580492,0.0069481268960197,residential,12,winter,0,2,147.4369983,294.8739966,0
6,2021-12-23,0.0026288891486489,0.0017410170491676,0.001125720654699,0.0010989362515027,0.0017256516402383,0.0062787696098241,0.0192533493184569,0.0207920633467453,0.0200890773178323,0.017776480647168,0.0162274298248064,0.0133905073834359,0.0118071298277793,0.0106086124668374,0.0094401911176774,0.0106495208537001,0.0125280378728775,0.0163234336760834,0.0189039471777909,0.0180946524336548,0.016687130655935,0.0138056106078919,0.0118527362654422,0.0069499805155475,residential,12,winter,0,2,147.4369983,294.8739966,0
6,2021-12-24,0.0026294000547101,0.0017412667556292,0.0011257847962076,0.0010989977483594,0.0017258946363629,0.006280407278122,0.019259056694379,0.0207982190787233,0.0200949945658539,0.0177816449466534,0.0162321060702819,0.0133942682000902,0.0118103930054505,0.0106115052676992,0.0094427146921694,0.010652403122138,0.0125314098816491,0.0163279027725604,0.0189092122567541,0.0180996875530379,0.0166917445675369,0.0138093705468815,0.0118559994431134,0.0069517824092541,residential,12,winter,0,2,147.4369983,294.8739966,0
6,2021-12-25,0.0026298970156224,0.0017415091500904,0.0011258470827532,0.0010990574747816,0.0017261312516436,0.0062819978368108,0.0192645953286539,0.0207951077624039,0.0199883671659287,0.0176742865727871,0.016124273260378,0.013285546340785,0.011713692550688,0.010501940369262,0.0093327917791362,0.0105428279947123,0.0124223104021866,0.0163231536812445,0.018914325555321,0.0181045779076652,0.016696225720382,0.0138130222957606,0.0118591687247035,0.0069535331710102,residential,12,winter,1,2,147.4369983,294.8739966,0
6,2021-12-26,0.0026303784270929,0.0017417441056385,0.0011259075058796,0.0010991154149808,0.0017263604877264,0.0062835407933747,0.0192699771109695,0.0208009078299174,0.0199939423534396,0.0176791524285436,0.0161286790298791,0.0132890896450369,0.0117167669976445,0.0105046658607006,0.0093351699688744,0.0105455435632452,0.0124254873858356,0.0163273643009062,0.0189192863892606,0.0181093218110755,0.0167005727800496,0.0138165647731037,0.01186224317166,0.0069552311335816,residential,12,winter,1,2,147.4369983,294.8739966,0
6,2021-12-27,0.0026308449079355,0.001741971559301,0.0011259660373085,0.0010991715501309,0.0017265825811789,0.0062850356981486,0.0192751869185109,0.0208156165432897,0.0201117182546143,0.0177962411326951,0.0162453220747902,0.0134048970635299,0.0118196154358515,0.0106196809348864,0.0094498485571057,0.0106605490235466,0.0125409398917623,0.0163405333846105,0.0189240921957598,0.0181139179657911,0.0167047844570512,0.0138199969297134,0.0118652218735144,0.0069568762683589,residential,12,winter,0,2,147.4369983,294.8739966,0
6,2021-12-28,0.0026312955724283,0.00174219183085,0.001126022679288,0.0010992258639548,0.0017267974718437,0.0062864796609624,0.0192802276801911,0.0208210534069614,0.0201169448274239,0.0178008025335902,0.0162494521490632,0.013408218658426,0.0118224975104895,0.0106222358886268,0.0094520779402846,0.010663094675271,0.0125439180872327,0.0163444805400857,0.0189287426217094,0.0181183649039487,0.016708859513232,0.0138233177495678,0.0118681039481524,0.0069584680355923,residential,12,winter,0,2,147.4369983,294.8739966,0
6,2021-12-29,0.0026317324007984,0.0017424047474058,0.0011260774051207,0.0010992783413747,0.0017270050942415,0.0062878795960806,0.019285098020424,0.020826306040702,0.0201219940659538,0.0178052095506418,0.0162534425716636,0.0134114279066665,0.011825282104412,0.0106247044258965,0.0094542319188002,0.0106655542251476,0.0125467955508826,0.0163482941905035,0.0189332350313265,0.0181226616693038,0.0167127967442798,0.0138265262488588,0.0118708885420749,0.0069600059639355,residential,12,winter,0,2,147.4369983,294.8739966,0
6,2021-12-30,0.0026321524678469,0.0017426100520719,0.0011261303941988,0.0010993289730574,0.0017272053868634,0.0062892277471892,0.0192897918581025,0.0208313738573243,0.0201268656925408,0.0178094610412208,0.0162572920785191,0.0134145238578627,0.0118279683929879,0.0106270858156614,0.0094563098547723,0.0106679269448042,0.0125495714305783,0.0163519732064875,0.0189375697562101,0.0181268065026977,0.0167165949686336,0.013829621477546,0.0118735748306508,0.0069614892793921,residential,12,winter,0,2,147.4369983,294.8739966,0
6,2021-12-31,0.0026325582212394,0.0017428081312426,0.0011261812499091,0.0010993777289521,0.0017273980659141,0.006290526155436,0.0192943214083898,0.0208362541519171,0.0201315570148491,0.0178135557211286,0.0162609996049294,0.0134175055951782,0.0118305555806983,0.0106293793526957,0.0094583111328398,0.0106702121315823,0.0125522449042693,0.0163555164985319,0.0189417438337267,0.0181307985371901,0.0167202530759235,0.0138326025190068,0.0118761620183612,0.0069629184984138,residential,12,winter,0,2,147.4369983,294.8739966,0
7,2021-01-01,0.0018793100592357,0.0010997446151701,0.0005546423489877,0.0005389739829176,0.0010820401388607,0.0051478017173054,0.0168962201387982,0.0182028303067548,0.0175005078127384,0.0154021888895385,0.0139842635109009,0.0113758905811422,0.009943912560755,0.0088621435833056,0.0102141547438021,0.0088587105471441,0.0103988989497497,0.0137240564609057,0.0160546595553856,0.0153635041640339,0.0141124338052515,0.0115852319557233,0.0100021030303736,0.0056917376771778,residential,1,winter,0,5,192.0901905,960.4509525,0
7,2021-01-02,0.0018796322518031,0.0010999108725682,0.0005546850059011,0.0005390149088204,0.0010822021449236,0.0051488903724551,0.0169000144844861,0.018206928499618,0.0175044474547808,0.0154056264909869,0.0139873762346862,0.0113783944502043,0.0099460848380734,0.0088640692432579,0.0078023943771671,0.0088606285402353,0.0104011427844387,0.0137270299252116,0.0160581632299698,0.0153668550224896,0.0141155050240111,0.011587735186139,0.0100042753076921,0.0056929384176986,residential,1,winter,1,5,192.0901905,960.4509525,0
7,2021-01-03,0.00187995924614,0.0011000697802862,0.0005547260190555,0.000539054094858,0.0010823570221601,0.0051499325549942,0.0169036468797549,0.0182108511348748,0.017508219237128,0.0154089171053078,0.0139903560842609,0.0113807914506949,0.0099481643996116,0.0088659127133979,0.0078040029791805,0.0088624646707464,0.0104032908491805,0.013729876477976,0.016061516473435,0.0153700629711847,0.014118445147552,0.0115901315746902,0.0100063548692303,0.0056940879535944,residential,1,winter,1,5,192.0901905,960.4509525,0
7,2021-01-04,0.0018802722892813,0.0011002221002804,0.0005547654053116,0.0005390915294308,0.0010825047246076,0.0051509279563407,0.0169071162492374,0.0182182338784474,0.0175567712293076,0.0154570099912611,0.0140381520458936,0.0114280306570148,0.0099900985240767,0.0089126232320491,0.0078504891706882,0.0089091681791743,0.0104502922920957,0.0137362311130537,0.0160647194908559,0.015373126948811,0.0141212533342984,0.0115924204128789,0.0100083410991458,0.0056951855774773,residential,1,winter,0,5,192.0901905,960.4509525,0
7,2021-01-05,0.0018805699080335,0.0011003669300253,0.0005548025392866,0.0005391271797889,0.0010826458799298,0.0051518763033929,0.0169104215658324,0.0182218036157812,0.0175602031096203,0.0154600044681789,0.0140408635870233,0.011430211822674,0.0099919908341664,0.0089143007092874,0.0078519529281987,0.0089108389776711,0.010452246937106,0.0137388213516293,0.0160677713360523,0.0153760461752565,0.0141239287310276,0.0115946010219763,0.0100102334092354,0.0056962316039251,residential,1,winter,0,5,192.0901905,960.4509525,0
7,2021-01-06,0.0018808524873995,0.0011005042749837,0.0005548379948115,0.0005391610570389,0.0010827797749228,0.0051527772937327,0.016913561851008,0.0182251951258585,0.0175634636453415,0.0154628494337766,0.014043439770938,0.0114322840859905,0.0099937886640404,0.0089158944325933,0.0078533436024837,0.0089124263556952,0.0104541039896111,0.0137412822634627,0.0160706705346857,0.0153788193951797,0.0141264705397936,0.0115966727565194,0.0100120312391094,0.0056972257247957,residential,1,winter,0,5,192.0901905,960.4509525,0
7,2021-01-07,0.0018811199202945,0.0011006345531557,0.0005548715856887,0.0005391931439265,0.001082906593759,0.0051536306677972,0.0169165361750911,0.0182284074036386,0.0175665518702684,0.0154655440457851,0.014045879726373,0.01143424683049,0.0099954914812885,0.008917403930001,0.007854660781708,0.0089139298431595,0.0104558628996627,0.0137436131197783,0.0160734165135416,0.0153814461734675,0.0141288780223259,0.0115986350029836,0.0100137340563576,0.0056981670039915,residential,1,winter,0,5,192.0901905,960.4509525,0
7,2021-01-08,0.0018813728477343,0.0011007575693494,0.0005549032923372,0.0005392234309493,0.0010830262988833,0.0051544361729127,0.0169193436575426,0.0182314394971911,0.0175694668692559,0.0154680875064497,0.014048182892238,0.0114360994804926,0.0099970987816376,0.0089188287544869,0.0078559040758015,0.0089153489948207,0.0104575231463762,0.0137458132303149,0.0160760079837643,0.0153839256002866,0.0141311504608502,0.0116004871802682,0.0100153413567066,0.0056990555330693,residential,1,winter,0,5,192.0901905,960.4509525,0
7,2021-01-09,0.0018816107080085,0.0011008732386351,0.0005549331053675,0.0005392519091384,0.0010831388548471,0.0051551935705825,0.0169219834672176,0.0182306546711441,0.0175272579942393,0.0154255292785162,0.0140053988037384,0.0113928917031561,0.0099586621945512,0.0088752186998532,0.0078121233323249,0.0088717336061607,0.0104141344538357,0.0137442461066962,0.0160784456056926,0.015386257119603,0.0141332871751993,0.0116022287394536,0.0100168526641698,0.0056998909000362,residential,1,winter,1,5,192.0901905,960.4509525,0
7,2021-01-10,0.0018818341694997,0.0011009815752697,0.0005549610159507,0.0005392785700601,0.0010832442283189,0.0051559026365489,0.0169244548226112,0.0182333237542887,0.017529824001489,0.015427768447196,0.0140074262646987,0.011394522545463,0.0099600770615691,0.0088764729378509,0.007813217773577,0.00887298285051,0.0104155959282378,0.0137461828099613,0.0160807272301085,0.0153884395384346,0.0141352875417567,0.0116038591656081,0.0100182675311878,0.0057006730054845,residential,1,winter,1,5,192.0901905,960.4509525,0
7,2021-01-11,0.0018820410355257,0.0011010826554856,0.0005549870254646,0.0005393034066371,0.0010833423881146,0.0051565631608686,0.0169267569920901,0.0182394463032283,0.0175771638871023,0.0154748038901006,0.0140542646759709,0.0114409915272654,0.010001342963692,0.0089225910970492,0.0078591870754495,0.008919096357917,0.0104619071367807,0.0137516227665741,0.0160828526574286,0.0153904727029534,0.0141371509710383,0.0116053779754977,0.010019585538761,0.0057014015709992,residential,1,winter,0,5,192.0901905,960.4509525,0
7,2021-01-12,0.001882233346763,0.0011011758334486,0.0005550112924853,0.0005393264162925,0.0010834333051047,0.0051571749479685,0.0169288892941083,0.0182417488647605,0.0175793781047353,0.0154767356739666,0.0140560139498298,0.0114423986301682,0.0100025637215051,0.0089236732629459,0.0078601313675225,0.0089201742152566,0.0104631681077923,0.0137532937685923,0.0160848209689349,0.0153923560060108,0.014138876924453,0.0116067847197978,0.0100208062965741,0.0057020763780352,residential,1,winter,0,5,192.0901905,960.4509525,0
7,2021-01-13,0.0018824110462384,0.0011012620968808,0.0005550332628414,0.0005393475729729,0.001083516952427,0.0051577353553235,0.0169308510420745,0.0182438676359739,0.0175814147984684,0.0154785129741334,0.014057623375551,0.0114436932217207,0.0100036868680421,0.0089246688993172,0.0078610001544026,0.0089211658875814,0.0104643282520976,0.0137548311579992,0.0160866319711278,0.0153940884133314,0.0141404648502584,0.0116080789810131,0.0100219294431111,0.0057026969057422,residential,1,winter,0,5,192.0901905,960.4509525,0
7,2021-01-14,0.0018825726895676,0.0011013405617071,0.0005550536818996,0.0005393668985212,0.0010835933052903,0.0051582491386822,0.0169326417658712,0.0182458016414075,0.0175832741153135,0.0154801352935971,0.0140590923784229,0.011444874918542,0.0100047120706939,0.008925577711315,0.0078617931788068,0.0089220710812169,0.0104653872261308,0.0137562344795114,0.0160882852171216,0.0153956700211103,0.0141419142964779,0.0116092603758248,0.0100229546457629,0.0057032639874061,residential,1,winter,0,5,192.0901905,960.4509525,0
7,2021-01-15,0.001882718214969,0.0011014112046102,0.0005550717633433,0.0005393843588604,0.0010836623410985,0.0051587161470106,0.0169342609353832,0.018247550660275,0.0175849555145428,0.0154816021517668,0.014060420679365,0.0114459433706837,0.0100056390258564,0.0089263994298032,0.0078625102058884,0.0089228895280986,0.0104663447162869,0.0137575033175485,0.0160897802179016,0.0153970999445285,0.0141432248469088,0.0116103285553228,0.0100238816009254,0.0057037763870687,residential,1,winter,0,5,192.0901905,960.4509525,0
7,2021-01-16,0.0018828489991758,0.0011014746094778,0.0005550881049324,0.0005393999687913,0.0010837240393648,0.0051591313189051,0.0169357034128052,0.0182454772484631,0.0175415081759233,0.0154379633154515,0.0140166580054815,0.0114019484774842,0.0099665195644709,0.0088821840271879,0.0078908408582577,0.0088786712016016,0.0104222506547646,0.0137550014595216,0.016091115962332,0.0153983779227059,0.0141443961191246,0.0116112832032054,0.0100247100340896,0.0057042343259771,residential,1,winter,1,5,192.0901905,960.4509525,0
7,2021-01-17,0.0018829642933814,0.0011015304550987,0.0005551026943132,0.0005394137258729,0.0010837783818726,0.0051594945305565,0.0169369824131091,0.0182468537695959,0.0175428312532147,0.0154391177340139,0.0140177035182732,0.0114027895246609,0.0099672492303042,0.0088828308544884,0.0078187656570397,0.0088793154536108,0.0104230043566488,0.0137560002432828,0.0160922931043603,0.015399503349385,0.0141454277327799,0.0116121240357744,0.0100254396999229,0.0057046376685309,residential,1,winter,1,5,192.0901905,960.4509525,0
7,2021-01-18,0.0018830640634443,0.0011015787249353,0.0005551149404633,0.0005394256023921,0.0010838253524812,0.0051598130615833,0.0169380840816821,0.018251679367363,0.0175889251050718,0.0154850655433278,0.0140635569482582,0.0114484662602185,0.0100078278072725,0.0089283397201527,0.0078642032926897,0.0089248220933372,0.010468605598738,0.0137604993730517,0.0160933101446998,0.0154004762410467,0.0141463194062159,0.0116128508045146,0.0100260703823416,0.0057049862434316,residential,1,winter,0,5,192.0901905,960.4509525,0
7,2021-01-19,0.0018831482940719,0.0011016194046934,0.0005551254257727,0.0005394356182254,0.0010838649373232,0.0051600794305132,0.0169390124741232,0.0182526820475233,0.0175898890630377,0.015485906843943,0.0140643186702011,0.0114490789091581,0.010008359319506,0.008928810890115,0.007864614433035,0.008925291387374,0.0104691546196098,0.0137612269195031,0.0160941667813261,0.0154012961471515,0.0141470708555211,0.0116134632936821,0.0100266018945751,0.0057052797284581,residential,1,winter,0,5,192.0901905,960.4509525,0
7,2021-01-20,0.0018832169318208,0.0011016524823263,0.0005551341461735,0.0005394437695633,0.0010838971246551,0.005160293557916,0.016939767315579,0.0182534973497675,0.0175906726256624,0.0154865907387929,0.0140649379652311,0.0114495770655193,0.0100087915041521,0.0089291940090924,0.0078649487405701,0.0089256729809938,0.0104696010409265,0.0137618185040156,0.0160948642047714,0.0154019628409805,0.0141476818880681,0.0116139613229255,0.0100270340792211,0.0057055189527034,residential,1,winter,0,5,192.0901905,960.4509525,0
7,2021-01-21,0.0018832699706197,0.001101678203713,0.0005551405240724,0.0005394500322839,0.0010839219049453,0.0051604627692636,0.0169403485486621,0.0182541250324809,0.0175912763217824,0.0154871170556441,0.0140654146495882,0.0114499605817635,0.0100091242332232,0.0089294889636278,0.0078652061162927,0.0089259667611913,0.0104699447304847,0.0137622739513971,0.0160954007644237,0.0154024761091385,0.0141481523080464,0.0116143447442458,0.0100273668082923,0.0057057029297348,residential,1,winter,0,5,192.0901905,960.4509525,0
7,2021-01-22,0.0018833073805159,0.001101696048316,0.000555145123968,0.00053945442529,0.0010839392708318,0.0051605796255409,0.0169407558352242,0.0182545649096496,0.0175916992114581,0.0154874860402334,0.0140657487754488,0.0114502293501948,0.0100093574081849,0.0089296956663732,0.0078653864839837,0.0089261726409663,0.010470185586504,0.0137625931267712,0.0160957767828618,0.0154028359321629,0.0141484819809758,0.0116146134440962,0.010027599983254,0.0057058318234786,residential,1,winter,0,5,192.0901905,960.4509525,0
7,2021-01-23,0.0018833291789155,0.0011017060171738,0.0005551477489432,0.0005394569419444,0.001083949218506,0.0051606465554124,0.0169409891100568,0.0182511813707179,0.0175469916491574,0.0154427475932256,0.0140209903629901,0.0114054335040328,0.009969543065435,0.0088848642718661,0.0078205400059792,0.0088813407750999,0.0104253737534075,0.0137591400987825,0.0160959921487655,0.0154030419492605,0.0141486708149371,0.011614767343434,0.0100277335350537,0.0057059052728594,residential,1,winter,1,5,192.0901905,960.4509525,0
7,2021-01-24,0.0018833353610957,0.0011017086112549,0.000555148417486,0.0005394575805515,0.001083951742752,0.0051606635390156,0.0169410483040999,0.0182512449447819,0.0175470531006029,0.0154428012205533,0.0140210389240384,0.0114054725661896,0.0099695769545226,0.0088848943135455,0.0078205662201852,0.0088813706971707,0.0104254087588415,0.013759186486963,0.0160960465064521,0.0154030942212361,0.0141487187127357,0.0116148063950934,0.0100277674241413,0.0057059243287218,residential,1,winter,1,5,192.0901905,960.4509525,0
7,2021-01-25,0.0018833265888016,0.0011017036243053,0.0005551471197469,0.000539456340922,0.0010839468428224,0.0051606305573287,0.0169409333998172,0.0182547566828057,0.0175918835785799,0.01548764690634,0.0140658945296076,0.0114503465280419,0.0100094590654118,0.008929785782515,0.0078654651188386,0.0089262623983178,0.0104702905924395,0.0137627322775753,0.0160959404236128,0.0154029927433193,0.0141486257062905,0.0116147305890996,0.0100277016404809,0.0057058880172494,residential,1,winter,0,5,192.0901905,960.4509525,0
7,2021-01-26,0.0018833014763114,0.0011016912147738,0.0005551438657617,0.0005394532234232,0.0010839345201682,0.0051605476621586,0.0169406444312637,0.0182544445912608,0.0175915835396117,0.0154873851129049,0.0140656574977007,0.0114501558376543,0.0100092936284845,0.0089296391275447,0.0078653371485096,0.0089261163272426,0.0104701197058252,0.0137625058236166,0.0160956736397418,0.0154027374130484,0.0141483918235327,0.0116145399478995,0.0100275362035536,0.0057057961926246,residential,1,winter,0,5,192.0901905,960.4509525,0
7,2021-01-27,0.001883260763074,0.0011016706752424,0.000555138627577,0.0005394482299287,0.0010839147807085,0.0051604148360203,0.0169401814839481,0.0182539445994696,0.0175911028568623,0.0154869657020021,0.0140652776799006,0.0114498503386929,0.010009028587283,0.0089294041763149,0.0078651321313449,0.0089258823114524,0.0104698459338547,0.0137621430289837,0.0160952462244645,0.0154023286874336,0.0141480171016839,0.0116142345268914,0.0100272711623521,0.0057056500067484,residential,1,winter,0,5,192.0901905,960.4509525,0
7,2021-01-28,0.0018832044304725,0.0011016427724727,0.0005551314356527,0.000539441360017,0.0010838876289548,0.0051602321322239,0.0169395446949347,0.0182532568556051,0.0175904416727782,0.0154863890115692,0.0140647553177686,0.0114494301216284,0.0100086640202967,0.0089290809984041,0.0078648501280584,0.0089255604202486,0.010469469357603,0.0137616440011148,0.0160946586240038,0.01540176618426,0.0141475016688027,0.0116138144170525,0.0100269065953658,0.0057054481599392,residential,1,winter,0,5,192.0901905,960.4509525,0
7,2021-01-29,0.0018831322698799,0.0011016072606407,0.0005551222835166,0.0005394326166722,0.0010838530729715,0.0051599996048499,0.0169387342527401,0.0182523815634801,0.0175896001832961,0.0154856547855268,0.0140640904783856,0.011448895310904,0.0100082000354887,0.0089286696895184,0.0078644912221628,0.0089251507489563,0.0104689900885895,0.0137610088877923,0.0160939097571424,0.0154010505979549,0.0141468456609603,0.0116132797422779,0.0100264426105577,0.0057051916799711,residential,1,winter,0,5,192.0901905,960.4509525,0
7,2021-01-30,0.001883044997671,0.0011015644756523,0.000555111181454,0.0005394220025052,0.0010838111248319,0.0051597173228021,0.0169377503972907,0.0182476831456529,0.0175436288535352,0.0154398136702398,0.014018333568281,0.0114032962806494,0.009967688875714,0.0088832205872134,0.007819105735695,0.0088797036346462,0.0104234584844956,0.0137566020402643,0.0160930014344053,0.0154001817201373,0.0141460493184934,0.0116126306624554,0.0100258793453326,0.0057048806425999,residential,1,winter,1,5,192.0901905,960.4509525,0
7,2021-01-31,0.0018829417198784,0.0011015137093869,0.0005550983100164,0.0005394095286769,0.0010837617914588,0.0051593853631957,0.0169365934198496,0.0182464335906879,0.017542427208457,0.0154387653339619,0.014017384418464,0.0114025327916317,0.0099670264968775,0.0088826334078566,0.0078185933661832,0.008879118793097,0.010422774286121,0.0137556953605275,0.016091933143157,0.0153991598822207,0.0141451128319226,0.0116118673682551,0.0100252169664962,0.0057045144949119,residential,1,winter,1,5,192.0901905,960.4509525,0
7,2021-02-01,0.0018828233781927,0.0011014551874474,0.0005550830870158,0.0005393951755503,0.0010837050929399,0.0051590038436489,0.0169352636629323,0.0182486332688897,0.0175859966428479,0.0154825103620875,0.0140612432461176,0.011446605069951,0.0100062130951365,0.0089269083253356,0.0078629542653609,0.0089233963975041,0.0104669376960845,0.0137582891170866,0.0160907059639693,0.0153979855089945,0.0141440364792025,0.0116109900857402,0.0100244556702055,0.0057040936679139,residential,2,winter,0,5,192.0901905,960.4509525,0
7,2021-02-02,0.0018826893276078,0.0011013896225758,0.0005550661325585,0.0005393789709931,0.0010836410470264,0.0051585728577631,0.0169337615202036,0.0182470109321928,0.0175844369585733,0.0154811494837515,0.0140600109627395,0.0114456138069732,0.0100053531068424,0.0089261459710066,0.0078622890391217,0.008922637078428,0.0104660493787642,0.0137571119448746,0.0160893189543784,0.0153966587580592,0.0141428206173325,0.0116099990761954,0.0100235956819114,0.0057036182862168,residential,2,winter,0,5,192.0901905,960.4509525,0
7,2021-02-03,0.0018825391388817,0.0011013159675787,0.0005550474113197,0.0005393609182603,0.0010835696674433,0.0051580925396508,0.0169320874363644,0.0182452032491747,0.0175826987584831,0.0154796329950983,0.0140586376214329,0.011444509080501,0.0100043946812222,0.0089252963548833,0.0078615476687155,0.0089217908449833,0.0104650593814766,0.0137558000293345,0.0160877735829723,0.0153951804152065,0.0141414655639763,0.011608894631137,0.0100226372562912,0.0057030884905858,residential,2,winter,0,5,192.0901905,960.4509525,0
7,2021-02-04,0.0018823742474695,0.0011012351013522,0.0005550265685985,0.0005393410080486,0.0010834909777732,0.005157560570203,0.0169302418516834,0.0182432100525338,0.0175807825373599,0.0154779610831378,0.0140571235627178,0.0114432912176886,0.0100033381021046,0.0089243597285714,0.0078607303736921,0.0089208579477742,0.0104639679973998,0.0137543537589777,0.0160860695496319,0.0153935505329231,0.0141399717482299,0.0116076770790944,0.0100215806771736,0.0057025044378988,residential,2,winter,0,5,192.0901905,960.4509525,0
7,2021-02-05,0.0018821947024976,0.0011011467953309,0.0005550036009443,0.0005393192475915,0.0010834050013519,0.0051569844900331,0.0169282254785166,0.0182410319364747,0.0175786888631757,0.015476134062384,0.0140554692527721,0.0114419605763289,0.0100021836823855,0.008923336369444,0.0078598373960859,0.0089198386630693,0.010462775549737,0.0137527735621033,0.0160842084052495,0.0153917695990545,0.0141383395983746,0.0116063467801479,0.0100204262574545,0.0057018663010995,residential,2,winter,0,5,192.0901905,960.4509525,0
7,2021-02-06,0.0018819984697835,0.001101050930102,0.0005549789048349,0.0005392956579757,0.0010833117636444,0.0051563571104447,0.0169260387478189,0.0182350344079411,0.0175314685922717,0.0154292031920541,0.0140087255437952,0.0113955677719734,0.0099609838693857,0.0088772767963094,0.0078139192160939,0.0088737835084704,0.0104165326073706,0.0137474240698373,0.0160821895542002,0.0153898383844088,0.0141365696074083,0.011604904128253,0.0100191743390043,0.0057011743195779,residential,2,winter,1,5,192.0901905,960.4509525,0
7,2021-02-07,0.0018817876805089,0.0011009476796174,0.0005549522927151,0.0005392702373791,0.0010832112922222,0.0051556810070091,0.0169236823622931,0.0182324894906912,0.0175290219558792,0.0154270684059165,0.0140067925227258,0.0113940128004173,0.0099596348229483,0.0088760809063205,0.0078128756889968,0.0088725923798218,0.0104151391217564,0.0137455774633314,0.0160800140731308,0.0153877573476579,0.0141346622946686,0.0116033495506373,0.0100178252925669,0.005700428597109,residential,2,winter,1,5,192.0901905,960.4509525,0
7,2021-02-08,0.0018815617297866,0.0011008370259269,0.0005549237724662,0.0005392429940876,0.0010831036168569,0.0051549564513695,0.0169211570195358,0.0182333979388899,0.0175713496902393,0.0154697303359832,0.0140496706393276,0.0114372961164607,0.0099981369425805,0.0089197490536286,0.007856707123825,0.008916265629865,0.010458595505562,0.0137472342894409,0.0160776823181705,0.0153855270735236,0.0141326182368775,0.0116016835080841,0.0100163795176495,0.0056996293549739,residential,2,winter,0,5,192.0901905,960.4509525,0
7,2021-02-09,0.0018813213809311,0.0011007193040316,0.0005548933621725,0.0005392139361688,0.0010829887694347,0.0051541836342352,0.0169184634671635,0.0182304888871208,0.0175685529702275,0.0154672902649715,0.0140474609342728,0.0114355186479653,0.0099965948673357,0.0089183820492793,0.007855514283268,0.0089149040681342,0.0104570026325444,0.0137451234605617,0.0160751958433379,0.0153831483911238,0.0141304380238778,0.0115999064931403,0.0100148374424048,0.0056987769307595,residential,2,winter,0,5,192.0901905,960.4509525,0
7,2021-02-10,0.0018810652841359,0.0011005936906993,0.0005548610411471,0.000539183072228,0.0010828667839657,0.0051533627844268,0.0169156025025917,0.018227399034293,0.0175655821891247,0.0154646983448848,0.0140451138932084,0.0114336307055613,0.0099949569484345,0.0089169300823475,0.0078542473048238,0.0089134578820926,0.0104553107586677,0.0137428814386305,0.016072554234255,0.0153806217211192,0.014128122292198,0.0115980190324772,0.0100131995235036,0.0056978715262326,residential,2,winter,0,5,192.0901905,960.4509525,0
7,2021-02-11,0.0018807935290404,0.001100460984205,0.0005548268490138,0.0005391504106407,0.0010827376965547,0.0051524941449857,0.0169125749727988,0.0182204937977612,0.0175174892015593,0.0154170057590006,0.0139976803969617,0.0113866830640953,0.0099532757763815,0.0088704437985698,0.0078079567794466,0.008866977715765,0.0104085706007146,0.0137368730507663,0.016069759421255,0.0153779478324083,0.0141256717290494,0.0115960216846904,0.0100114662460002,0.0056969134580655,residential,2,winter,0,5,192.0901905,960.4509525,0
7,2021-02-12,0.0018805075748647,0.0011003210671465,0.000554790981459,0.0005391159694221,0.0010826015454566,0.005151577973108,0.0169093817740759,0.0182170448045428,0.0175141733944565,0.0154141128494149,0.0139950608326118,0.011384575883713,0.0099514476535696,0.0088688232214654,0.0078065426726833,0.0088653635908587,0.0104066822573865,0.0137343706732467,0.0160668107372847,0.0153751278767215,0.0141230871018026,0.0115939150423491,0.0100096381231883,0.0056959028636893,residential,2,winter,0,5,192.0901905,960.4509525,0
7,2021-02-13,0.0018802075497382,0.0011001739809498,0.0005547530583749,0.0005390797443213,0.0010824581471876,0.0051506120765007,0.0169060237965109,0.0182134187428443,0.0175106868838835,0.0154110706243655,0.0139923061222548,0.0113823600041862,0.0099495252268304,0.0088671190467031,0.0078050556190585,0.0088636662011319,0.0104046965036488,0.0137317392102925,0.0160637106112865,0.0153721623236157,0.0141203691210486,0.0115916997279238,0.0100077156964491,0.0056948401888265,residential,2,winter,1,5,192.0901905,960.4509525,0
7,2021-02-14,0.0018798914085357,0.0011000196236643,0.0005547132862342,0.0005390417529403,0.001082308215545,0.0051496041310963,0.0169024976697278,0.0182096154431714,0.0175070303941334,0.0154078802532653,0.0139894170684467,0.0113800360817268,0.0099475090654724,0.008865331778958,0.0078034960589493,0.0088618860492505,0.0104026139275637,0.0137289794411865,0.0160604599577504,0.0153690520510756,0.0141175186297511,0.0115893763987712,0.0100056995350911,0.0056937256993176,residential,2,winter,1,5,192.0901905,960.4509525,0
7,2021-02-15,0.0018795613502362,0.0010998581865077,0.0005546716769802,0.000539002006953,0.0010821511235979,0.0051485470453937,0.0168988133329692,0.0182056357928838,0.0175032050089668,0.015404542209943,0.0139863944507419,0.011377604801859,0.0099453997665627,0.0088634619475128,0.0078018644542044,0.0088600236623896,0.0104004351458664,0.0137260921832084,0.0160570584743147,0.0153657982099522,0.0141145364460537,0.0115869457416942,0.0100035902361813,0.0056925597251756,residential,2,winter,0,5,192.0901905,960.4509525,0
7,2021-02-16,0.0018792174732023,0.0010996897172772,0.0005546280477373,0.0005389605096411,0.0010819871416372,0.0051474435959402,0.0168949719263931,0.0182014825768879,0.0174992119167536,0.0154010581524528,0.0139832395226333,0.0113750668926325,0.0099431979547502,0.0088615101061002,0.0078001612880082,0.0088580795920775,0.0103981608037824,0.013723078291392,0.0160535075183579,0.0153624018040479,0.0141114234789213,0.0115844084773994,0.0100013884243688,0.0056913426583954,residential,2,winter,0,5,192.0901905,960.4509525,0
7,2021-02-17,0.0018788577719912,0.0010995141203833,0.0005545828012587,0.00053891728946,0.0010818160946791,0.0051462941022534,0.0168909655339578,0.0181971557173321,0.0174950520829688,0.0153974285352699,0.0139799528038662,0.011372423097576,0.0099409042820805,0.0088594768327395,0.0098165342988506,0.0106664017973796,0.0103957915748366,0.0137199386582731,0.0160498083610258,0.0153588635523322,0.0141081806319867,0.0115817653569767,0.0099990947516992,0.0056900747191694,residential,2,winter,0,5,192.0901905,960.4509525,0
7,2021-02-18,0.0018784851872517,0.0010993316417927,0.0005545357560716,0.0005388723506628,0.0010816387040389,0.0051450964738366,0.0168867998148603,0.0181962928408907,0.0175356767454727,0.0154386044631495,0.0140214852458086,0.0114146239865572,0.0099784673223528,0.0089173471763225,0.008368034816423,0.0095061376830614,0.0104382779449033,0.0137203100504587,0.0160459631335424,0.0153551845235949,0.0141048088744728,0.011579017163363,0.0099967098974219,0.005688756423145,residential,2,winter,0,5,192.0901905,960.4509525,0
7,2021-02-19,0.0018780969942552,0.001099142141596,0.0005544871207991,0.0005388257142113,0.0010814543515632,0.0051438559487456,0.016882476112736,0.0181916231635122,0.0175311878702814,0.0154346873868402,0.014017938231572,0.0114117708051361,0.0099759919927199,0.0089001182068993,0.0078395773537858,0.0088967129417822,0.0104357210750001,0.0137169217610141,0.0160419713730075,0.0153513660428046,0.0141013091947373,0.0115761647099801,0.009994234567789,0.0056873881139496,residential,2,winter,0,5,192.0901905,960.4509525,0
7,2021-02-20,0.0018776954166197,0.00109894582136,0.0005544365204696,0.0005387773794942,0.0010812633154321,0.0051425704481923,0.0168779911351263,0.0181831481659836,0.0174815861318304,0.0153856785009093,0.0139693128634687,0.0113638643982555,0.0099334790262271,0.0088528945618153,0.0095710236298775,0.0090135078171055,0.0103881217223198,0.013709774793349,0.0160378346100139,0.0153474092430441,0.0140976826410522,0.0115732088417821,0.0099916694958458,0.0056859701967564,residential,2,winter,1,5,192.0901905,960.4509525,0
7,2021-02-21,0.0018772798750865,0.00109874269073,0.0005543841648068,0.0005387273680385,0.0010810656522178,0.0051412403528022,0.0168733597603809,0.0181781418521195,0.0174767728274353,0.015381478585188,0.0139655097723893,0.0113608052099904,0.0099308249715955,0.0088505418204448,0.0122660101910739,0.0088471549757745,0.0103853802400061,0.0152248116152872,0.0160335546286505,0.0153433150875727,0.0140939302720629,0.0115701504340009,0.0099890154412141,0.0056845031355968,residential,2,winter,1,5,192.0901905,960.4509525,0
7,2021-02-22,0.0018768511775326,0.0010985331113624,0.0005543298843869,0.0005386756874493,0.0010808614204548,0.0051398685051614,0.0168685698641976,0.0181766046604803,0.0175167491037815,0.015422088822078,0.0140065300471385,0.0129400633729961,0.0110783569220113,0.0108082501520848,0.0131804539915832,0.0092193721729687,0.0104274974399232,0.0146710016870149,0.0160291324161061,0.0153390846777888,0.0140900532095171,0.0115669903926248,0.0099862731898672,0.005682986915296,residential,2,winter,0,5,192.0901905,960.4509525,0
7,2021-02-23,0.0018764073966343,0.0010983162409231,0.0005542742500152,0.0005386223746443,0.0010806506806229,0.0051384479659114,0.0168636272165885,0.0181712667986469,0.0175116173804969,0.0154176110866275,0.0140024753582107,0.0113993325747114,0.0103564224067931,0.0090128518312071,0.0083477926751552,0.0097050403401669,0.0104245745924148,0.013702150767292,0.0170927627391023,0.016932926679575,0.0140860526081001,0.011563729653383,0.0099834435538966,0.0056814227518089,residential,2,winter,0,5,192.0901905,960.4509525,0
7,2021-02-24,0.001875950718078,0.0010980930480249,0.0005542167234363,0.0005385674237984,0.0010804334951294,0.0051369865012127,0.0168585334462049,0.0181657656851894,0.017506328962241,0.0155632864834101,0.0152605301052465,0.0120119828572146,0.0110901483993828,0.0121528307767396,0.0130248712953701,0.012220516942284,0.0110107187852533,0.0148870349370606,0.0175641758645568,0.0179518387629711,0.0140819296456384,0.0115603691817589,0.0099879902430923,0.0056798110629798,residential,2,winter,0,5,192.0901905,960.4509525,0
7,2021-02-25,0.001875480592273,0.0010978632972706,0.0005541573122464,0.0005385108511917,0.0010802099282899,0.0051354845406994,0.0168532900610355,0.0181601030914769,0.0175008846583991,0.0168647577493324,0.0172271065529002,0.0116302318502216,0.015949726166246,0.0143815541957316,0.0137488053469588,0.0147250082294989,0.0140964991892709,0.016531597519485,0.0196595643359344,0.0180056086907583,0.0154597521717565,0.0139318793978711,0.0117498525502576,0.0056781513771973,residential,2,winter,0,5,192.0901905,960.4509525,0
7,2021-02-26,0.0018749971584354,0.0010976270566971,0.0005540966170863,0.0005384526951698,0.0010799800463101,0.0051339351928208,0.0168478939467853,0.0194939908916766,0.0177487354771804,0.0178362772243768,0.0192323738690485,0.01746453411549,0.0146598724131435,0.0149820282802597,0.0229080091074262,0.0186668614120751,0.0156439272297069,0.0218525671596063,0.0208173628399952,0.0190799652289923,0.018091669862152,0.0160335194984403,0.0138367781929256,0.0080081942242072,residential,2,winter,0,5,192.0901905,960.4509525,0
7,2021-02-27,0.0044342546414745,0.0032242278133163,0.0010744766957976,0.0022409745777675,0.0027395615929015,0.0056592512902729,0.0191193999745797,0.0192176017329266,0.0174445870356175,0.0168714642875613,0.0165046575233891,0.0113403490268803,0.0122572558049624,0.0114306531760069,0.007776865680827,0.0106085897624162,0.0125283037546163,0.0136818491647753,0.017251192956467,0.0155267258204971,0.0140688389573221,0.0115496994707568,0.0099712683060842,0.0056746928396848,residential,2,winter,1,5,192.0901905,960.4509525,0
7,2021-02-28,0.0018739909431896,0.0010971353878282,0.0005539698925275,0.0005383316446609,0.0010795016110828,0.0051307157448411,0.0168366774084509,0.0181385261955189,0.0174386867619235,0.0153482459582396,0.0144641158141537,0.0113365989117801,0.0108437791270944,0.0122834300304533,0.0118444372038574,0.0123262723579988,0.0120412190342829,0.014165987222287,0.0172414118090196,0.0161042227108337,0.0141884629454012,0.0115459503125627,0.0099680148252624,0.0056728936783791,residential,2,winter,1,5,192.0901905,960.4509525,0
7,2021-03-01,0.0018734684807132,0.0010968804060625,0.0005539041046113,0.0005382687932197,0.001079253199516,0.005129046593458,0.0168308513035136,0.0181358700623618,0.0174775875922183,0.015387917498637,0.0139755873512924,0.011377704089711,0.0099464367917897,0.0088739183905453,0.0078167155365956,0.0088706174404109,0.0104051922909804,0.0136764659065643,0.0159943096299449,0.0153057623030636,0.0140595233600845,0.0115421066872611,0.0099646793668588,0.0056710506439478,residential,3,spring,0,5,192.0901905,960.4509525,0
7,2021-03-02,0.0018729332496364,0.0010966186237734,0.0005538365058075,0.0005382044084662,0.0010789987561284,0.0051273344099431,0.0168248836692527,0.0181294253294016,0.0174713916692255,0.0153825111236896,0.0139706917831106,0.0113737661307174,0.0099430203435687,0.0088708898096811,0.0078140794588155,0.0088676009172262,0.0104016633009357,0.0136717893918524,0.0159888004203927,0.0153004849022973,0.0140546931052405,0.0115381697331053,0.0099612629186378,0.0056691620974754,residential,3,spring,0,5,192.0901905,960.4509525,0
7,2021-03-03,0.0018723862023573,0.0010963510696139,0.0005537677269939,0.0005381385310221,0.0010787383562694,0.0051255797048865,0.0168187717864098,0.0181228294326601,0.0174650507585847,0.0153769781048298,0.0139656816438802,0.0113697359852383,0.0099395239172791,0.0088677903306114,0.0111153775265981,0.008864513778873,0.0103980516982506,0.0136670034012783,0.015983161512186,0.0152950787824508,0.0140497497801059,0.0115341406159868,0.0099577664923481,0.0056672293022921,residential,3,spring,0,5,192.0901905,960.4509525,0
7,2021-03-04,0.0018718253739529,0.0010960776288463,0.000553697012508,0.0005380711516613,0.0010784720770522,0.0051237903131728,0.0168125310863201,0.0181160849830085,0.0174585670724833,0.0153713201841715,0.0139605582566412,0.0113656148446151,0.0099359485483543,0.0090733597003781,0.0078086093840695,0.0088613569442508,0.0103943585526063,0.0136621093521678,0.015977395921286,0.0152895610587173,0.0140446948348498,0.0115300205290906,0.0099541911234234,0.0056652517849216,residential,3,spring,0,5,192.0901905,960.4509525,0
7,2021-03-05,0.0018712530074831,0.0010957977710911,0.0005536251877898,0.0005380023190614,0.001078199997331,0.0051219556225589,0.016806145260411,0.0181091938403247,0.0174519415693078,0.015365539010653,0.0139553234449482,0.0113614039357276,0.0107948383044054,0.0130983083706797,0.0108936493007787,0.0088581313317934,0.0103905849572755,0.0148457083462508,0.0161300406445152,0.0152839179952444,0.0140395297846995,0.0115258106925413,0.0099505378706752,0.0056632334579353,residential,3,spring,0,5,192.0901905,960.4509525,0
7,2021-03-06,0.0018706685849007,0.0010955122874229,0.0005535515487287,0.0005379320320681,0.0010779221976781,0.0051200862715206,0.0167996342872646,0.0180985219198514,0.0174002275128006,0.0180655295763276,0.0147706628255968,0.0154704556640182,0.0133118540715423,0.0158169884132102,0.0157804560036354,0.0131602825349464,0.0144615248420084,0.0180968257458134,0.0205489478301819,0.0199696090426556,0.0180778684998546,0.016154866883561,0.0140334221046884,0.0073630672334477,residential,3,spring,1,5,192.0901905,960.4509525,0
7,2021-03-07,0.0036840227612383,0.0035679120242852,0.0010260093944322,0.0028010592300935,0.0034017497722049,0.0056448226969402,0.0177548792298672,0.0202023345183686,0.0208319963259962,0.0216187464862391,0.0230952894764036,0.0193951692196781,0.0194704305753336,0.0204350228350501,0.0197684272213848,0.0179048955600251,0.0189812512458323,0.0218877083868924,0.0244495572912885,0.0227352160561487,0.0201975793409005,0.0188310611741297,0.0166278371257104,0.0106399193935908,residential,3,spring,1,5,192.0901905,960.4509525,0
7,2021-03-08,0.0073408523856732,0.0061464485951691,0.0038098594880476,0.005214363639717,0.0047039962800898,0.0057874256265936,0.0209712809553451,0.0223363806812685,0.0186562541603566,0.0199814737687847,0.0187374576882142,0.0155123417824345,0.0166208283851612,0.0160384661240662,0.0114581766009874,0.011301884818907,0.0129034393967808,0.0146462181108551,0.0192749379062986,0.0186349715113559,0.0143310624514112,0.0133143068516705,0.0110761013492332,0.0056569225224939,residential,3,spring,0,5,192.0901905,960.4509525,0
7,2021-03-09,0.0018688454328259,0.0010946217216613,0.0005533217497945,0.000537712690896,0.0010770553101109,0.0051142566714489,0.0167793025028117,0.0180802005477849,0.017424096736941,0.0153412163012801,0.0139332992351753,0.0113436878954426,0.0099169254230959,0.0088477574301797,0.0077938993945168,0.0088445606425007,0.0103747087830826,0.0136360700507111,0.0159467186855981,0.01526017594223,0.0140177994929676,0.0115080991747487,0.009935167998165,0.0056547373082457,residential,3,spring,0,5,192.0901905,960.4509525,0
7,2021-03-10,0.001868214536681,0.0010943135877394,0.0005532423303794,0.0005376368273924,0.001076755469961,0.0051122389974416,0.0167722700844006,0.0180726061414108,0.0174168298483827,0.0153348452514878,0.0139275302255281,0.0113390473455903,0.0099128994293103,0.0088441885051003,0.0077907872544715,0.0088410059350204,0.0103705501685862,0.013630559175688,0.0159402261739225,0.015253956968583,0.0140121074482689,0.0115034598089687,0.0099311420043793,0.00565251180989,residential,3,spring,0,5,192.0901905,960.4509525,0
7,2021-03-11,0.0018675717945972,0.001093999966897,0.0005531615092239,0.0005375596249099,0.0010764503376534,0.0051101857102962,0.0167651135355741,0.0180648777172183,0.0174094346686336,0.0153283617460128,0.0139216593939284,0.0113343248908921,0.0099088023774794,0.0088405565891537,0.0077876201838764,0.0088373884805356,0.0103663181550697,0.0136249510347408,0.0159336190624871,0.0152476282312023,0.0140063149400347,0.0114987385592412,0.0099270449525485,0.0056502469996167,residential,3,spring,0,5,192.0901905,960.4509525,0
7,2021-03-12,0.0018669188054515,0.0010936807940652,0.000553079300719,0.000537481106311,0.0010761400035484,0.0051080974179925,0.0167578349751806,0.0180570175650542,0.0174019134524378,0.0153217677044763,0.0139156884789674,0.0113295219298581,0.0099046354809065,0.0088368627578976,0.0077843991205202,0.0088337093572739,0.0103620139960435,0.0136192472886672,0.0159268993075023,0.0152411916042834,0.0140004236836615,0.0114939368237199,0.0099228780559756,0.0056479436420547,residential,3,spring,0,5,192.0901905,960.4509525,0
7,2021-03-13,0.0018662550144045,0.0010933566280093,0.0005529957482979,0.0005374012948481,0.0010758245595468,0.0051059747388773,0.016750436558201,0.0180453921769403,0.0173493185770902,0.0152701152949843,0.0138646694646254,0.0112796901005902,0.0098604520790289,0.0087881583209755,0.0077361752339438,0.0087850198705231,0.010312689181894,0.013609813789743,0.0159200688985372,0.0152346489939724,0.0139944354237892,0.0114890560243931,0.0099186425486476,0.0056456023252952,residential,3,spring,1,5,192.0901905,960.4509525,0
7,2021-03-14,0.0018655806618856,0.0010930273028533,0.0005529108671562,0.0005373202141567,0.0010755040990625,0.0051038183014805,0.0167429204751117,0.01803727559372,0.0173415518963384,0.0152633060705484,0.0138585037167465,0.0112747304173589,0.0098561492152512,0.0087843439587914,0.0077328490621437,0.00878122069626,0.010308244576744,0.0136039239285602,0.0159131298579305,0.0152280023378013,0.0139883519337841,0.0114840976066633,0.0099143396848698,0.005643223745275,residential,3,spring,1,5,192.0901905,960.4509525,0
7,2021-03-15,0.0018648959476375,0.001092692921531,0.0005528246824238,0.0005372378882477,0.0010751787169951,0.0051016287443229,0.016735288951236,0.0180326702201837,0.0173786157096834,0.0153013420472505,0.0138971931096465,0.011314644350596,0.0098917281638257,0.0088254208009324,0.0077744215478953,0.0088223129491288,0.0103486814964482,0.0136015794493453,0.0159060842401928,0.0152212537216592,0.0139821750192675,0.011479063038919,0.0099099707388947,0.0056408083579122,residential,3,spring,0,5,192.0901905,960.4509525,0
7,2021-03-16,0.0018642010451053,0.0010923535803227,0.0005527374914319,0.0005371543486387,0.0010748485097013,0.0050994042954938,0.0167275441914393,0.0180243071581076,0.0173706127891096,0.0152943259925471,0.0138908398692378,0.0113095338197372,0.0098872944294751,0.0088214904258346,0.0077709942323536,0.0088183982192673,0.010344101709672,0.0135955104494431,0.015898934131398,0.0152144047914855,0.0139759064973155,0.0114739538120998,0.0099055370045442,0.005638357795822,residential,3,spring,0,5,192.0901905,960.4509525,0
7,2021-03-17,0.0018634961600208,0.0010920093811878,0.0005526485046996,0.000537069598659,0.0010745135749678,0.0050971528737294,0.0167196886526958,0.0180158239366124,0.0173624949447209,0.0152872091824684,0.0138843956377495,0.0113043501241834,0.0098827972197576,0.0088175037816909,0.0125547925255032,0.0088144274523309,0.0103394563565755,0.0135893545629651,0.0158916814010949,0.0152074579241712,0.0139695482364501,0.0114687714392547,0.0099010397948267,0.0056358718099018,residential,3,spring,0,5,192.0901905,960.4509525,0
7,2021-03-18,0.0018627822387151,0.001091660725224,0.0005525585733808,0.0005369836848161,0.00107417401198,0.005094867885604,0.0167117200669836,0.0180072236025095,0.0173542655821543,0.0152799940490555,0.0138778623411627,0.0124097167053208,0.0136013623973954,0.015392122816737,0.0175885223940983,0.0141402520728921,0.0163507830439453,0.0192568047648282,0.0205730971958146,0.0190255690540565,0.0166276372182323,0.013347350156317,0.011296452074573,0.0059697856316868,residential,3,spring,0,5,192.0901905,960.4509525,0
7,2021-03-19,0.0018620580769043,0.0010913068657554,0.000552467423787,0.0005368966254155,0.0010738299212947,0.0050925524279961,0.0167036541368268,0.0179985086847606,0.0185262056449439,0.018418181371119,0.0200982324080967,0.0202377658650392,0.0174190002394403,0.0207406042574057,0.0223791754348841,0.0204702620369179,0.0199252503815523,0.0237976563268385,0.0218309745441932,0.0201926487619271,0.0190672955130171,0.0163467350620293,0.0141805066324239,0.0093770028873207,residential,3,spring,0,5,192.0901905,960.4509525,0
7,2021-03-20,0.0037884516582052,0.0025373272537512,0.0013911827756445,0.0005368084462385,0.0010734814048093,0.0050902071949818,0.0182007122684029,0.0199223625824118,0.0185092165335643,0.0187333756309295,0.0174362458938772,0.0137153423003459,0.0172277421052362,0.0175926437601627,0.0167670352630163,0.0177548510073156,0.0187028680236862,0.0190413469999409,0.0226541900257537,0.0219719585429983,0.0166490191894369,0.0159503326512818,0.0128098468227455,0.0060352440627563,residential,3,spring,1,5,192.0901905,960.4509525,0
7,2021-03-21,0.0034707601616726,0.0022582585378456,0.0005522819038288,0.0005367191805229,0.0010731285657321,0.0050878304434423,0.016687204337798,0.0191228540391269,0.0174417034880166,0.0186752391346737,0.0187261114464868,0.0157171556570228,0.0148910933085541,0.0165478681271399,0.0174373735224971,0.0129369547307641,0.0140263345739147,0.0184525601163058,0.0194692620233031,0.0177743327894852,0.0165205084822541,0.0126768132542797,0.0104976357359984,0.0056255918474662,residential,3,spring,1,5,192.0901905,960.4509525,0
7,2021-03-22,0.0018598296957619,0.0010902191286389,0.000552187329187,0.0005366288404536,0.0010727715085513,0.0050854277278446,0.0166788298238899,0.0179717017544756,0.0173202739790965,0.0152501930919919,0.0138508778034586,0.0112773886372839,0.0098594062895564,0.01117226091814,0.0119929286828577,0.0096358303050413,0.0105179178679272,0.0135573365073309,0.01784162255985,0.0152348930595879,0.013936477592911,0.0114418168320406,0.0098776488646255,0.0056229416363118,residential,3,spring,0,5,192.0901905,960.4509525,0
7,2021-03-23,0.0018590695154047,0.0010898479701232,0.0005520916653077,0.0005365374599118,0.0010724103390043,0.0050829973373734,0.0166703588451954,0.0179625545571139,0.0173115205666851,0.015795750330757,0.0160078511230806,0.0166535103969412,0.0147237713018022,0.0150273378176752,0.0200943241360357,0.014511717566021,0.0164089694878973,0.0182916028991399,0.0206917530257352,0.0210283503111115,0.0166454018004541,0.0151629150642289,0.0130809508658849,0.0069995856952851,residential,3,spring,0,5,192.0901905,960.4509525,0
7,2021-03-24,0.0039868607205756,0.0028436708284313,0.0008545511313042,0.001892332471105,0.0014725085625485,0.0050805399916646,0.0166617939098606,0.0204734822314592,0.0198593164799862,0.0191572659376803,0.0191142141151804,0.0179980806902963,0.016828401720364,0.0138475663599835,0.0121503861372916,0.009058061581557,0.0103052209275204,0.0135439867705896,0.0158382315947766,0.0151562607727217,0.0139226889807051,0.0114305782698248,0.0098678961562198,0.0056175501783066,residential,3,spring,0,5,192.0901905,960.4509525,0
7,2021-03-25,0.0018575247195492,0.0010890937105767,0.0005518971358486,0.0005363516859562,0.0010716757866073,0.0050780564112929,0.0166531375538628,0.0179439582852156,0.0172937250917829,0.0152269170723681,0.0138298017108155,0.0112604351802037,0.0098446980083437,0.0087837299513376,0.0092358947897478,0.0087807880960306,0.0103001021123151,0.0135372034659297,0.0158302400709997,0.0151486058770874,0.0139156826753239,0.0114248677009254,0.0098629405834128,0.0056148108074905,residential,3,spring,0,5,192.0901905,960.4509525,0
7,2021-03-26,0.0018567398654481,0.0010887105357723,0.0005517983754716,0.0005362573475575,0.0010713030106016,0.005075547345856,0.01664438794546,0.0179345148783492,0.017284688180471,0.0152189940810816,0.0138226277922859,0.011254664529185,0.0098396915746965,0.0107771910408108,0.0126046376930266,0.0093138908700723,0.0104208052603419,0.0135303505417549,0.0158221660444958,0.0151408724093851,0.0139086044616905,0.0114190985223872,0.0098579341497655,0.0056120433200869,residential,3,spring,0,5,192.0901905,960.4509525,0
7,2021-03-27,0.0018559465406255,0.0010883232879938,0.0005516986885843,0.0005361620786999,0.0010709264739997,0.0050730159329806,0.0166355565225749,0.0179213426523786,0.017230612430123,0.0151660433972471,0.0137704333255168,0.0112038871782423,0.0097946878682672,0.0104811169074922,0.0140621893290562,0.0104322572638204,0.011436215384628,0.0144643717601735,0.0176730873004024,0.0163352420692866,0.0139014564359509,0.0114132724426976,0.0098528783378858,0.0056092488346177,residential,3,spring,1,5,192.0901905,960.4509525,0
7,2021-03-28,0.0018551464044305,0.0010879329177385,0.0005515979620543,0.0005360659075965,0.0010705463703226,0.0050704581176658,0.0166266413920764,0.0179117158880175,0.0172214000484701,0.0151579667960261,0.014343934230105,0.0125339265574079,0.0131892481038238,0.0130622073950139,0.0136077037041395,0.0113225340074758,0.0125426028288039,0.0161737294240408,0.01897413101073,0.0176260734335789,0.0146424218299598,0.0129513242141265,0.0109468631053491,0.0056064272816896,residential,3,spring,1,5,192.0901905,960.4509525,0
7,2021-03-29,0.0018543389817437,0.0010875385014773,0.0005514963588906,0.0005359688627271,0.0010701630327597,0.0050678746697798,0.0166176495746448,0.0179056374741552,0.0172570537743569,0.0164299614088026,0.0171743411400631,0.0144961673297345,0.0139893180033177,0.0148265967823959,0.0175350504085225,0.013873293420042,0.0148337663600154,0.0172366598137051,0.0203829612357408,0.0197816487933716,0.0160118630586016,0.014885059768118,0.0128118705549856,0.0062338168773392,residential,3,spring,0,5,192.0901905,960.4509525,0
7,2021-03-30,0.0029070089275468,0.001793832979198,0.000551393880556,0.0005358709728308,0.0010697761355639,0.0050652711375535,0.0166085750761204,0.0199112502219373,0.0189207106296918,0.0185386375698488,0.0195882368901967,0.0176622199770742,0.0180081699645738,0.0182658291674195,0.0193571738796247,0.0145082474441721,0.0176761319585768,0.0198235380125625,0.0226024967765315,0.0209633845577673,0.0177335572605749,0.0160250619335432,0.0139064003231309,0.007517368057106,residential,3,spring,0,5,192.0901905,960.4509525,0
7,2021-03-31,0.003690382400706,0.0024974488196987,0.0008440642013793,0.0015706159793562,0.0019726998752615,0.0054008139829265,0.017344240517449,0.021008570652868,0.0208944759448694,0.021689632112738,0.0195979956823615,0.0173241160419568,0.0172382219338379,0.0198710435846025,0.0198630863359482,0.0172178888819009,0.0192046627898855,0.0203940804901177,0.0228808098975112,0.0221598785217201,0.0203932963379873,0.0168953382292276,0.0135793976572387,0.0076019336558287,residential,3,spring,0,5,192.0901905,960.4509525,0
7,2021-04-01,0.0025041292398471,0.0013567709265821,0.0005511862001586,0.0005356727670729,0.0010689927807206,0.0050600021243204,0.0170196417261712,0.0195431479282,0.0177798446844857,0.0171357608622432,0.0158624594260656,0.0119958160466724,0.0122204275303542,0.0124044048061579,0.0090308295569431,0.0087489765280465,0.010262886183275,0.0134878860018772,0.0164013871981236,0.0154695974366879,0.0138647439026897,0.0113833494748494,0.0098269114949344,0.005594894698863,residential,4,spring,0,5,192.0901905,960.4509525,0
7,2021-04-02,0.0018510412240415,0.0010859286944002,0.0005510812511191,0.0005355725169921,0.0010685965550535,0.0050573358097941,0.0165809085162419,0.0178659642161202,0.0172190879023632,0.0151614810132384,0.0137705506681502,0.0112127740918345,0.0098033487609706,0.0087470750596956,0.0077061026121898,0.0087442791740667,0.0102573907729279,0.0134806036432019,0.0157635564449556,0.0150847334785131,0.0138572221369232,0.0113772187740996,0.0098215913360397,0.0055919537660362,residential,4,spring,0,5,192.0901905,960.4509525,0
7,2021-04-03,0.0018502010111223,0.0010855185534141,0.0005509755403055,0.0005354715392557,0.0010681972344484,0.005054650132421,0.0165715477077943,0.0178522208233725,0.017164465197424,0.0151080504939189,0.0137179220439087,0.0111616475312118,0.009758042091874,0.0086973748794211,0.0076570103676384,0.0086945978740578,0.0102069056889526,0.0134696325896786,0.0157549143276487,0.0150764557514567,0.0138496457754393,0.0113710435744892,0.0098162325614926,0.0055889914959505,residential,4,spring,1,5,192.0901905,960.4509525,0
7,2021-04-04,0.0018493556779695,0.0010851056265126,0.0005508692901739,0.0005353698708367,0.0010677955938793,0.0050519459086735,0.0165621222002913,0.017842043335327,0.017154725136092,0.0150995117716273,0.0164277517160649,0.0125427578994713,0.0113845565318674,0.0118680642172551,0.0102205237859367,0.0109327487616434,0.0131178232720338,0.0155431692276342,0.0182063226628395,0.0166110178338316,0.0138420170619056,0.0113648257047452,0.0098108367582436,0.0055860087598487,residential,4,spring,1,5,192.0901905,960.4509525,0
7,2021-04-05,0.0018485040571435,0.0010846899386233,0.0005507619588272,0.0005352675206373,0.0010673910955669,0.0050492239181465,0.0165526347846718,0.0178317990571904,0.0171449213933345,0.0150909165291968,0.0160975280546383,0.0151520695668012,0.0122719727633452,0.0134748041189749,0.0134101357769395,0.0107811574602627,0.0129723733949597,0.0187707771324308,0.0180761792141043,0.0173342888039091,0.0155538103325026,0.0132940897467206,0.0112255204705155,0.0055830064269137,residential,4,spring,0,5,192.0901905,960.4509525,0
7,2021-04-06,0.001847646399219,0.0010842716158185,0.0005506543423408,0.0005351645472343,0.0010669840782267,0.0050464849739394,0.0165430882702207,0.0181941292752097,0.0171800066256668,0.0162407449864034,0.0161821517868029,0.0139762228596139,0.0128178197447465,0.0096511395620239,0.0076893658763085,0.0087251627101604,0.0102350266987721,0.0134509674253178,0.0157286399163164,0.015051289269155,0.0138266116302084,0.0113522693324,0.009799940467796,0.0055799854003182,residential,4,spring,0,5,192.0901905,960.4509525,0
7,2021-04-07,0.0018467843931061,0.0010838508753727,0.0005505457092558,0.0005350609528722,0.0010665746623919,0.0050437298871113,0.0165334854837381,0.0178147581243022,0.0171700835312519,0.0151185180620803,0.0137316490100876,0.0111814818812408,0.0105460413937735,0.009755995518269,0.0076851163984455,0.0087203089820706,0.0102293483531672,0.0134434426459825,0.016446402094534,0.0159261935332034,0.0138188394769889,0.0113459345482496,0.0097944432074307,0.0055769465699815,residential,4,spring,0,5,192.0901905,960.4509525,0
7,2021-04-08,0.0018459175767749,0.0010834277946841,0.0005504368535674,0.0005349567964624,0.0010661629693059,0.0050409594735134,0.0165238292687016,0.0178043318247584,0.0171601054712309,0.0151097700235992,0.0140105205474668,0.0118330114554316,0.0100594174525918,0.011003287945991,0.0088508862104737,0.0100709419339198,0.0110386342259589,0.0162384589525088,0.0175620963344823,0.0178813744517478,0.0148214428499601,0.0129991893958337,0.0098159482583773,0.0055738908357946,residential,4,spring,0,5,192.0901905,960.4509525,0
7,2021-04-09,0.00184504620692,0.0010830024998579,0.0005503272367218,0.000534852087682,0.0010657491208869,0.0050381721761472,0.0165141224304993,0.0188684147463609,0.0177951515200647,0.0164587397889292,0.0167598195086372,0.0191631306870722,0.0160043764579221,0.0172732985410728,0.0177064680161029,0.0133284489058752,0.0157617336217931,0.0223040405053851,0.0203160225016897,0.0195239407741073,0.0184720330431701,0.0156295163172749,0.0134469265037013,0.0075120267558073,residential,4,spring,0,5,192.0901905,960.4509525,0
7,2021-04-10,0.0030987092711746,0.002967142848894,0.001410431762549,0.0020493180442113,0.0025257344960259,0.0056986794366586,0.0179217229760335,0.021445592150175,0.0198902416902141,0.0197800074970379,0.0192676251430865,0.0169624806226987,0.0174291607115679,0.0189143073420578,0.0144908792666459,0.0169047118641481,0.0192547117447519,0.0214489917504448,0.0235570907352711,0.0217764365587982,0.0174889467662738,0.0159139082092025,0.0128489246674106,0.0073078783371007,residential,4,spring,1,5,192.0901905,960.4509525,0
7,2021-04-11,0.0036314385923767,0.0024392146643729,0.0009696139488909,0.0006179074857907,0.0018784418589693,0.0050325644971663,0.0171291536925168,0.0206626058785364,0.0204356412111765,0.0215584871577594,0.0200454303142421,0.0201405711045781,0.0170327325775323,0.0179222297757251,0.019638181441138,0.0153990160521,0.0175250256274009,0.0227755207845571,0.022386820839905,0.0216203562674569,0.0195037046290273,0.0186128749385764,0.0153861696244593,0.0091833044026463,residential,4,spring,1,5,192.0901905,960.4509525,0
7,2021-04-12,0.0060924474158541,0.0049392196664821,0.0022767570854476,0.0029001119617149,0.0033604818001014,0.0063040140083288,0.0196555014443078,0.0223412761903528,0.0222179361423371,0.0226604069328824,0.0225004674301319,0.0238951571028243,0.0193969954428136,0.0209262026008723,0.0231802848619977,0.0176883912256792,0.01867363676879,0.0254663152689805,0.0232097100052211,0.0224325713997574,0.0215065567261346,0.018449966525327,0.0162123332135141,0.0110497247927719,residential,4,spring,0,5,192.0901905,960.4509525,0
7,2021-04-13,0.0058063661932157,0.004569206478187,0.0036064024628415,0.0036142715250268,0.0040175314239075,0.008017706020339,0.0204954033635298,0.0232700347387703,0.0242883764431664,0.0238832008558154,0.0247944320816933,0.025844445202183,0.0230769996345279,0.0245783747296984,0.0237131063495645,0.0197482128712072,0.0222454477037713,0.0269164920287325,0.0251074244378665,0.0242871849590274,0.0229641867213703,0.0202637643416761,0.0169290978705511,0.0123123135152954,residential,4,spring,0,5,192.0901905,960.4509525,0
7,2021-04-14,0.007563689484333,0.0062957596999125,0.0058795854404911,0.0063135213303447,0.0057608902913516,0.0097269851076643,0.0219817572052418,0.024539472284961,0.0248616547628127,0.0250821019332767,0.0227424125148321,0.0170930597053996,0.0198524776481333,0.0184655207620913,0.0141548140619661,0.0165079108125947,0.0185218517415386,0.0200026014527003,0.0231818585264343,0.0213958889913324,0.0176394145473288,0.016214940831946,0.0140639922597845,0.0080733374853448,residential,4,spring,0,5,192.0901905,960.4509525,0
7,2021-04-15,0.0048533982056933,0.0036690222532639,0.0013090833879734,0.0016499379862711,0.002057415866273,0.0050212044861655,0.0181497278630982,0.0205690434405673,0.0196476583980481,0.019270744724691,0.0198632737458215,0.0171214945263527,0.0161180440100199,0.0193142795227267,0.0143770406905586,0.0158651642010636,0.017112600555464,0.0205093490758123,0.0219347627271062,0.0203065688565299,0.0177575244419598,0.0162116984332123,0.0140600469305614,0.0079959510588095,residential,4,spring,0,5,192.0901905,960.4509525,0
7,2021-04-16,0.0048559069211906,0.0036772688166076,0.0015838683644591,0.0026683928207266,0.0031495201638814,0.0056343244076553,0.0194298361362319,0.0219710027517141,0.0203972073490632,0.0207663516732904,0.0203770279174633,0.0179729203611733,0.0170631858083681,0.0185793998808889,0.016468063974466,0.0169893846227287,0.0181738796223801,0.0220437299315778,0.0235694333672088,0.0227689755932014,0.0192370430100386,0.0175888979560249,0.0153700660981144,0.0092577755554604,residential,4,spring,0,5,192.0901905,960.4509525,0
7,2021-04-17,0.0061875967598489,0.0050205114623671,0.0024243567593207,0.0030420965106188,0.0034941814993789,0.0065721329188744,0.0197863650816205,0.0234035235890361,0.0224022545923424,0.0238171055729702,0.0234913420683365,0.0241167851687967,0.0191630477514833,0.0209489967673723,0.0219616768570758,0.0175135263717085,0.0198044499109501,0.026868221663134,0.0242529957167463,0.0234315281198268,0.0212130462165261,0.0184334127624305,0.0162787443703354,0.0111518892537847,residential,4,spring,1,5,192.0901905,960.4509525,0
7,2021-04-18,0.0070375453312635,0.0047497456842846,0.0036804861579011,0.0037097996090517,0.004149991972153,0.0071475690315761,0.0205284580134547,0.0231357292468154,0.0234094366213481,0.0221002403535921,0.0231746702658399,0.0252417423594124,0.0198393371588643,0.0214747578740436,0.0198028245831313,0.0191499502378991,0.0203293235875305,0.0272775996031938,0.0246261955004874,0.0237651016572406,0.0214330692617264,0.0187266972991446,0.0165252977906175,0.0113731150390529,residential,4,spring,1,5,192.0901905,960.4509525,0
7,2021-04-19,0.0072164807104366,0.0059784047166054,0.0037722275241697,0.0038231978961281,0.0042689527180807,0.007588875805141,0.0205665223899018,0.0244149136809688,0.0243363434665063,0.0261001910607595,0.0243716595981047,0.0249279835674382,0.0209004638216964,0.0220246292405579,0.0219199694846212,0.0193990549254742,0.0206877113774138,0.0278878508977767,0.0249355744166786,0.0241073536637936,0.0227121841544191,0.0189775066498806,0.0167396049593446,0.0121465915604053,residential,4,spring,0,5,192.0901905,960.4509525,0
7,2021-04-20,0.007467114544107,0.0061864149718114,0.0052240931836044,0.0051794589649255,0.0056204237520557,0.0095226813457198,0.0218351122659786,0.0241875435982836,0.024544082516362,0.0225520905034999,0.0227415380182709,0.0221280241416401,0.0191706676858342,0.0206624654715641,0.0214727851760602,0.0191627467317995,0.0201762722214384,0.0263843881121509,0.0255248648283799,0.0236811686006305,0.0227323232723958,0.0197393190269016,0.0175892206740017,0.0123684818074307,residential,4,spring,0,5,192.0901905,960.4509525,0
7,2021-04-21,0.0073581911165175,0.0071855608626682,0.005656585673936,0.0062196512890441,0.0066529524114723,0.0098124015270437,0.0230200897824102,0.0256802153607341,0.0236741265161715,0.0245251770576449,0.0255518828721372,0.0211419833035623,0.0227949549498478,0.0223727811389142,0.0178727064931055,0.0208584390724783,0.0216729576031165,0.02434753641248,0.0258322343550109,0.0249990390835135,0.0210247676385582,0.0198147632207774,0.0176549516687159,0.0111690423551168,residential,4,spring,0,5,192.0901905,960.4509525,0
7,2021-04-22,0.0073212952663378,0.0061018228730422,0.0043106516258565,0.0050996748174419,0.006557421474894,0.0084541161427427,0.0216724442782029,0.025499312417493,0.023391846334798,0.0240111447364571,0.0232349098346683,0.0219411853279846,0.020911425518501,0.0201615903998579,0.0183509520939941,0.0171415201988472,0.0187670068906422,0.0225606695491185,0.0253667054271853,0.0234988809919257,0.0220427517639501,0.0194862710345665,0.0173944747495341,0.013082452267803,residential,4,spring,0,5,192.0901905,960.4509525,0
7,2021-04-23,0.0082572357181221,0.0070126727781713,0.0059952546897236,0.006078705667969,0.0065730352330082,0.0093391921545189,0.021671434056963,0.0238953805213263,0.0216839791675678,0.0210393807055512,0.0213480343596098,0.0175020667029483,0.0175067167329431,0.0171430556248577,0.0118651185662073,0.0147954282574722,0.0156220851894227,0.0173602963007653,0.0208727846126833,0.0201237377724671,0.0175036153642412,0.0160257036941376,0.0138612553039836,0.0080020283068434,residential,4,spring,0,5,192.0901905,960.4509525,0
7,2021-04-24,0.0046355801554498,0.0034506846240777,0.0017049503549119,0.0025107569241593,0.0029602201426612,0.0053247438049041,0.0192092513927872,0.0216857734982088,0.0197306001911079,0.0199499811002849,0.0194877942278325,0.0161382428554481,0.017758143282805,0.0160696602624264,0.0114925860430138,0.0145732711596121,0.0166487558156606,0.0188387055802507,0.0217514057882491,0.0209254016537852,0.0178380981545929,0.016856631457707,0.014737049032018,0.0085784147616137,residential,4,spring,1,5,192.0901905,960.4509525,0
7,2021-04-25,0.0056380724997036,0.0044980435750251,0.0021262224591566,0.0025237633780667,0.0041077376624355,0.0064498317352373,0.0193337107351286,0.0229242876042534,0.0208709064163185,0.0212967398298575,0.0234829539336896,0.0194044738907688,0.0199003710774792,0.0207707922105468,0.018837224006992,0.0193657394351566,0.0202507599501655,0.0237050670366684,0.025065729311413,0.0242475598873017,0.0206888206752693,0.0191374780009709,0.0169535287121641,0.0106977623270691,residential,4,spring,1,5,192.0901905,960.4509525,0
7,2021-04-26,0.0077643360429091,0.0066032855886224,0.0042657610850601,0.0046348621310913,0.0051038698540132,0.008066559341155,0.021283916358912,0.0237646758279516,0.0227309609834926,0.0236011941322166,0.0237136346321021,0.019585802153059,0.0225629706097314,0.0177780567658355,0.0107499776334049,0.0118191721437309,0.0158748527853953,0.0198727132173372,0.0221982987058194,0.0212855629974081,0.0193421401993228,0.0162762382319014,0.0141451453406384,0.0093601170597671,residential,4,spring,0,5,192.0901905,960.4509525,0
7,2021-04-27,0.0049781459656838,0.0037839566937931,0.0020841010687745,0.0016945585096559,0.0020985367311975,0.0058483870390087,0.0184193327387744,0.022302544327809,0.0230999895143597,0.0240051519049709,0.0243159538871346,0.0245385614929386,0.0216662319114193,0.0222351635605175,0.0201299856258576,0.0208664541635156,0.0214545972331165,0.0261185503043141,0.0261653560080186,0.0242725071799305,0.0232223181863563,0.0202664652721538,0.0180750107717541,0.0122580512712184,residential,4,spring,0,5,192.0901905,960.4509525,0
7,2021-04-28,0.0079473099571591,0.0068088850314792,0.0052374868299432,0.004860765038705,0.0042142022041097,0.0087969888295491,0.0202997518290563,0.0237258648415216,0.0229090898952751,0.0222812922660266,0.0234493886011858,0.0213690262553311,0.0205194299153969,0.0218335427249138,0.0195364675704572,0.019446261578149,0.0217826798093299,0.0270978529858488,0.0260607157945352,0.0252269232198196,0.0218898785016024,0.0191998100560894,0.017234026562309,0.0115147799972508,residential,4,spring,0,5,192.0901905,960.4509525,0
7,2021-04-29,0.0081293094745247,0.0068516550768312,0.0044127373614979,0.0049910140003759,0.005450497702538,0.0084061196274503,0.0216538383750978,0.024344698655688,0.0236847335553758,0.0245023069474706,0.0244319389083238,0.0232108268947335,0.0198416080625015,0.0203835032447939,0.0173516971235569,0.0172411855509554,0.0190581590209194,0.0209864570581474,0.0249538907177337,0.0231462365406995,0.0202512670404696,0.0180086064191427,0.0158433278974608,0.0103594768394552,residential,4,spring,0,5,192.0901905,960.4509525,0
7,2021-04-30,0.0057906669762579,0.0035737404225441,0.0020593872713239,0.0015611511160269,0.0030087256243436,0.0061364684772061,0.0190510976932253,0.0217141139374933,0.0204937077954556,0.0192818883197313,0.0211777052376827,0.0192919032327888,0.0163034205482203,0.0156830033124802,0.0141336108415802,0.0138169248131402,0.0157575770540331,0.0192860590971255,0.020497289352946,0.019115236781259,0.0173618502607776,0.0149210848829335,0.0135285663752272,0.0090684120400802,residential,4,spring,0,5,192.0901905,960.4509525,0
7,2021-05-01,0.0049962874322628,0.0037549816695244,0.0026297551451436,0.0027907166983689,0.0035284671659354,0.0072999516861816,0.0200020811816382,0.0220954117263807,0.0200932625388702,0.0191106466963264,0.0194921842702129,0.0162050609735704,0.0165668935037611,0.0154765874584139,0.0122855164939173,0.0146296078016524,0.0163125465490379,0.0173406266860707,0.0212667138486535,0.0196014647024385,0.0174563855964923,0.0136872543254598,0.012530673293156,0.0061936683929255,residential,5,spring,1,5,192.0901905,960.4509525,0
7,2021-05-02,0.0033470561004384,0.002163941093927,0.0005477246475083,0.0005869955452292,0.0017755916785196,0.0049720501538746,0.0163772865088432,0.02031556612334,0.0195053007734312,0.0201125074984943,0.0225323991408373,0.0197451751929404,0.0173813381396008,0.0172368866049658,0.0170978478387454,0.0220706799630938,0.0210778094339158,0.0232652749201501,0.0262496516339164,0.0241956049069444,0.0202577544437035,0.0190488254982933,0.0169004579041224,0.0105531465102989,residential,5,spring,1,5,192.0901905,960.4509525,0
7,2021-05-03,0.0077581786764795,0.0055442348218546,0.0041754239673538,0.0045766523402869,0.0061529271374912,0.0086769766645436,0.0227699228981134,0.0251409043870112,0.025323774212176,0.0252973840095591,0.0270274396573129,0.0256239546759865,0.0229295548034521,0.0233538641861191,0.0235148120623663,0.0252074558281507,0.0269952125652775,0.0313973504369501,0.0281834425424848,0.0260649340459135,0.0257433527081293,0.0222818280702372,0.0200651416690539,0.015087266061883,residential,5,spring,0,5,192.0901905,960.4509525,0
7,2021-05-04,0.0108626199867094,0.009652380243517,0.008451236343392,0.0086704221340574,0.0079101699334729,0.0127120434977071,0.0259144630437318,0.0298849034680249,0.0291434231140278,0.0303541308830362,0.0309593504705924,0.0288571132729641,0.025049522026187,0.0237036591136538,0.025623162459689,0.0192833861767706,0.0192638895366753,0.0229550898378183,0.0246888622973826,0.0248191999372161,0.0218792967798878,0.0195407553161837,0.0172835005602173,0.0120795162750808,residential,5,spring,0,5,192.0901905,960.4509525,0
7,2021-05-05,0.0079914135915205,0.0066945364011848,0.0046472338157858,0.0044908977922386,0.0048380690410182,0.0091933541796034,0.0222582101164689,0.0257417619118711,0.0237563257192364,0.0245288005070115,0.0285914161139664,0.0254245352751753,0.0220203912317901,0.0215103916178141,0.0218845718390189,0.0253566053543618,0.0279124281804719,0.0314643772263461,0.0295042847006403,0.0273662640954637,0.0259850644952958,0.0223037153685026,0.0214121226029337,0.0155498196595196,residential,5,spring,0,5,192.0901905,960.4509525,0
7,2021-05-06,0.012229273532241,0.0097360260388051,0.0090055569605055,0.0088109873788127,0.0092021715551202,0.012694168046354,0.0260979385693825,0.0298039604776234,0.0305938211767177,0.0279151876106318,0.0312712638982954,0.0305985982399793,0.0252150392721743,0.0253934530621994,0.027193996947837,0.0273533707246263,0.0292069223565496,0.0319577451743704,0.0308588231661609,0.0286396727959301,0.0278877243097265,0.0247447292862613,0.0238131461050545,0.0178573732936129,residential,5,spring,0,5,192.0901905,960.4509525,0
7,2021-05-07,0.0131607941893429,0.0119784130187934,0.0108529549389857,0.0110301966789086,0.0114748905756318,0.0147014992782546,0.0281549053381496,0.0307106484825752,0.0327482185112875,0.0314703441891235,0.0327565958432394,0.03192270785837,0.0289255939611017,0.0271400320025612,0.0268978063530521,0.0276826045770455,0.0285360610675425,0.030652352253833,0.0310403656130064,0.0302824128346301,0.0280618532983818,0.0210510959660577,0.0184887562103534,0.0133152620826406,residential,5,spring,0,5,192.0901905,960.4509525,0
7,2021-05-08,0.0113224121228284,0.0100865385247381,0.0077938523395437,0.0090418207249816,0.0094833953263415,0.0131687353211502,0.0262640574963253,0.0302436639173535,0.0310644844256571,0.0309065795538827,0.0320340450040547,0.0290549460817365,0.0279797902444142,0.0269938195984517,0.026090761067483,0.0299224448208346,0.0317830837004718,0.0346849192813708,0.0323994999031289,0.0301665063993341,0.0283813694646113,0.0264566903617948,0.0228626755527312,0.0188813189735559,residential,5,spring,1,5,192.0901905,960.4509525,0
7,2021-05-09,0.0135667305666812,0.0123223544788966,0.0117292151120628,0.0127074083558293,0.0116333243393659,0.0151538916349193,0.028062930902492,0.0318717844627324,0.0315973641819992,0.030507514253798,0.030371977540519,0.0302465569220817,0.0257340243340397,0.0246687777068082,0.0267670667456319,0.0291417545628549,0.0295351033101045,0.031980892890292,0.0308540391691845,0.0299026039432399,0.028526033699388,0.0261317865891801,0.0239859834567372,0.0183784334562336,residential,5,spring,1,5,192.0901905,960.4509525,0
7,2021-05-10,0.0147783019788998,0.0134619775658799,0.0114258195646121,0.0110071900052882,0.0114733611716753,0.0149777024704004,0.0281789305729815,0.032198763665994,0.032054446045916,0.0332910738937555,0.0329222554008944,0.0315330112193301,0.0266499462709196,0.0270716725197401,0.0287706841273354,0.0287727288865522,0.0302172861638791,0.0327300253492425,0.0312982848709013,0.0305081816634842,0.0289273693157224,0.0265920099988751,0.0243752680166114,0.0184525504969531,residential,5,spring,0,5,192.0901905,960.4509525,0
7,2021-05-11,0.0137080540421092,0.0124928212194031,0.0119193126650908,0.0115047428415103,0.0119340049515375,0.0158063181947106,0.0227823577437997,0.0269866150922574,0.0246277708585591,0.023392369829116,0.0198671878359065,0.0181388877541633,0.0178308659402721,0.0179957810163803,0.0160493346474641,0.0179727245474621,0.0194014008847162,0.0228432009960764,0.025773186534787,0.0250371923300867,0.0225745791023715,0.0197997603166354,0.0175968017842446,0.0134106455435632,residential,5,spring,0,5,192.0901905,960.4509525,0
7,2021-05-12,0.0083978203873454,0.0060546063013081,0.0044081397022068,0.003758323825802,0.0041031267115311,0.007344740110686,0.0195961719506574,0.0225773003589024,0.0228926703694814,0.022542688404707,0.0258694995236863,0.0246432298147608,0.0212648804873866,0.0197496186587313,0.023152337313774,0.0259269883973704,0.0282734483241737,0.0281614676921157,0.0261026937162004,0.0253885343624812,0.0228466427240849,0.021561962884581,0.0181852637349821,0.0122496899119717,residential,5,spring,0,5,192.0901905,960.4509525,0
7,2021-05-13,0.0079091789506073,0.0066352465334354,0.0051173422473938,0.0044806415487272,0.0048803391945811,0.0086561455736145,0.0228376801025711,0.0248207030267703,0.0253140301596518,0.0267181945261006,0.0285756959163487,0.0256862534989065,0.0235343840877421,0.0223354340177021,0.023980327095998,0.0221854768297246,0.0208569251967255,0.0261171514634683,0.0263486024417617,0.0255155414321432,0.0232278047619002,0.0227159526785908,0.0204553965303057,0.0131389976270916,residential,5,spring,0,5,192.0901905,960.4509525,0
7,2021-05-14,0.0100685291561682,0.0089133871632192,0.0066107181400663,0.0068145290789238,0.0072453591697769,0.0104483967654257,0.0240260895661053,0.0279135902358977,0.0265978072833987,0.0273349583613026,0.0290679351811267,0.0248418772009618,0.023774190262705,0.0225565967822124,0.0227994867120143,0.0236379149680647,0.0260816196537002,0.0258445244016135,0.0297458647322673,0.0276415711501277,0.0239761770066377,0.0223472624576707,0.0203180079066904,0.0137787165373333,residential,5,spring,0,5,192.0901905,960.4509525,0
7,2021-05-15,0.0114179705637272,0.0091080070635488,0.0075280590294774,0.0081561491896719,0.0086225816644515,0.0111565813273106,0.0249980136008979,0.0275070077427841,0.0254918804384528,0.0273363382358171,0.0286262954588372,0.0239405032402732,0.0266278388003665,0.0239007234012771,0.0232019934281252,0.027878225435768,0.0260486904769313,0.0288521915252013,0.0310208364051486,0.0300321572626901,0.0249749213148825,0.0232826736478292,0.0212137999368963,0.014763591479179,residential,5,spring,1,5,192.0901905,960.4509525,0
7,2021-05-16,0.010885159257135,0.0096862022840547,0.0080620390827948,0.0076020962876556,0.0091854504410871,0.012045019490256,0.024778905422909,0.0297827327039622,0.0285544306730501,0.0289426321131541,0.0315991929107914,0.0311402108440539,0.0264139660423883,0.0251911451671511,0.0290557869930019,0.0279006350375558,0.0296160878224997,0.0328764635208602,0.0305957558580031,0.0249190713712913,0.0223888530937764,0.0205393763932033,0.0183021516632741,0.0131715788700578,residential,5,spring,1,5,192.0901905,960.4509525,0
7,2021-05-17,0.0078785262164505,0.0052491978420739,0.0041107344493158,0.0037871889890434,0.0029701950790108,0.006891706470401,0.0201580104123302,0.0220975717411461,0.0207894871270174,0.020425489506855,0.0224716120604214,0.0200013118082385,0.0208065072660605,0.0206285025533661,0.0199588545562969,0.0237217557463802,0.0274426113480489,0.026883759220571,0.0273186604621273,0.0252121967538688,0.0227608335919948,0.0212844847425177,0.0182630643705738,0.0124703733541027,residential,5,spring,0,5,192.0901905,960.4509525,0
7,2021-05-18,0.0097424765302354,0.0076013935717851,0.0056489944066754,0.0067665261172552,0.0072219311355093,0.009240114373099,0.0221351432175157,0.0241904608193607,0.0232062760972696,0.0225094953562384,0.0219916329839238,0.0204789839068777,0.0186310779772643,0.0161547161763333,0.0157944352107272,0.0191898631917711,0.0201166872019996,0.0215359500171204,0.024688022881643,0.0228990090152178,0.0189371422009734,0.0179585543443062,0.0158228119233973,0.0101579881274086,residential,5,spring,0,5,192.0901905,960.4509525,0
7,2021-05-19,0.0066713883436915,0.0054733441484048,0.0039545092850177,0.0044676240214876,0.004917801301903,0.0078274461145995,0.0210340536020765,0.0232690881225302,0.0226722897082246,0.0233954261014208,0.0254561782893068,0.0229114348845544,0.0207536982997349,0.0195726313266899,0.0197758093861907,0.023627019204178,0.0254979620549413,0.0246757647977944,0.0278722134677705,0.0257851436380109,0.0218076605996814,0.020431088814793,0.0183757083015458,0.0113684768125524,residential,5,spring,0,5,192.0901905,960.4509525,0
7,2021-05-20,0.0081928131787993,0.0070168252191228,0.0055356087438743,0.0062190929603784,0.006758044414542,0.0093051125335285,0.0232970248583587,0.0256130214112919,0.0243954553428495,0.024061003235502,0.0272498565966042,0.0244368450382957,0.0227207318995175,0.021610944771065,0.0218648198246411,0.0255258809700489,0.0268470562470139,0.0272273295288362,0.0289402796654772,0.0269666496950076,0.0233370843362018,0.0217448746350225,0.0195394742256977,0.0136300588069564,residential,5,spring,0,5,192.0901905,960.4509525,0
7,2021-05-21,0.0104221353540935,0.0092312611056572,0.00761364971425,0.008296558641663,0.0087688850875939,0.0115306054037571,0.0246956834064249,0.0270501224511895,0.0257404101432013,0.0268784808550539,0.025844996543697,0.0214965159784661,0.021746538805933,0.0177232785107709,0.014696577771905,0.0158534405275756,0.0176496803684069,0.0213485133392947,0.0244157565778556,0.0236224288593689,0.021547819543222,0.0195136213809758,0.0173169521137429,0.011435113886381,residential,5,spring,0,5,192.0901905,960.4509525,0
7,2021-05-22,0.0081989275257802,0.0070328932233498,0.0052950882843835,0.0061399664559963,0.0066479859209174,0.0096120097330409,0.0224851077362972,0.0247596434027537,0.0231190202371355,0.0213346665148064,0.0231965784659369,0.0204947141365979,0.020719634990491,0.0208816966743353,0.0214598786257593,0.0269261029887061,0.0273381756514217,0.0281663188551095,0.0284499346984846,0.0276813566108859,0.0248598187054942,0.022626663758616,0.0203849594710861,0.0135687036814091,residential,5,spring,1,5,192.0901905,960.4509525,0
7,2021-05-23,0.0100855869454187,0.008918384641545,0.0072551231899703,0.0068713605773438,0.0072134292479533,0.0106203549775891,0.0227267447887613,0.0272387057488199,0.0262088521498068,0.0273871747220586,0.0298561109327444,0.0261377807769364,0.0259326552307449,0.0259524419453041,0.022408271963944,0.0279920645730762,0.0298606402010087,0.0284950519936195,0.0316288062019132,0.0295032863210926,0.0262599153947737,0.0243690550767137,0.0222953640481636,0.0153051374663504,residential,5,spring,1,5,192.0901905,960.4509525,0
7,2021-05-24,0.0118990350984759,0.0106559707127241,0.0080069873893433,0.0084804151361881,0.0089020924647186,0.0112084305325089,0.0242925472107505,0.0277847190837403,0.028881261226513,0.0286598967659261,0.0321937346517164,0.0291863442633493,0.0256370456901482,0.0259703629418421,0.0260080633193538,0.0307347023669238,0.0326543674621704,0.0320904051302427,0.0328604228913959,0.0279217377872403,0.0262864277628346,0.0244415379276493,0.022435338205873,0.0164202369341233,residential,5,spring,0,5,192.0901905,960.4509525,0
7,2021-05-25,0.0119130655525304,0.0106981684126687,0.0091081714294582,0.0097064601892795,0.0101505137768062,0.0128422056057795,0.0265959532313641,0.0291617060491156,0.0300203548974264,0.0285307400075136,0.0317144232388751,0.0311794343640285,0.0269824159298516,0.0273818118743078,0.028006879732149,0.0302957743900171,0.0302784844584562,0.031412703304166,0.0307743427754308,0.0300650377446488,0.0274893896320826,0.0248252901851808,0.0226317236664683,0.0176269938678457,residential,5,spring,0,5,192.0901905,960.4509525,0
7,2021-05-26,0.0135204220142557,0.0122322701431104,0.0101893315290391,0.0111192549419868,0.0102641794555414,0.0142655604413162,0.0272651716325183,0.0310174496270405,0.032323569921322,0.0315415575705539,0.0336210834559464,0.0301978838435925,0.0273170197478163,0.0263139767793066,0.0306883791291635,0.0315422743223278,0.0338483596942163,0.0355431737468908,0.0358552980446698,0.0316661093354707,0.0278284232513678,0.0261355698842419,0.0239622342738731,0.0176314365202318,residential,5,spring,0,5,192.0901905,960.4509525,0
7,2021-05-27,0.0136228550932271,0.0124674949575694,0.0109694341661324,0.0113990698623253,0.0117920223870805,0.0145146970199361,0.028255621273671,0.0320971496359459,0.0309986995609072,0.0329089502225551,0.0360981515260842,0.0301165215816031,0.0299131267188905,0.0272007726388235,0.0263541394619623,0.0336052586611649,0.036119759826842,0.034471099973285,0.035706158608793,0.0333281699211249,0.0291639604195819,0.0279253942629243,0.0257652837285665,0.0192377549112513,residential,5,spring,0,5,192.0901905,960.4509525,0
7,2021-05-28,0.0165676784946373,0.0141031050672523,0.0128692829275147,0.0147380904393598,0.0136892717331323,0.0159824420750091,0.0285288135191107,0.0325181552536314,0.0299964560114446,0.0311764541742832,0.0339978238708796,0.0311043227605083,0.0303856062011299,0.0304000352677848,0.0230274430237275,0.0253087844427726,0.0301375587240117,0.0294662922458337,0.0320967093410495,0.031417464423443,0.0267863232124204,0.0276728258324903,0.0239947676902942,0.0173490849332593,residential,5,spring,0,5,192.0901905,960.4509525,0
7,2021-05-29,0.0133747543415763,0.0123312315230719,0.0113601346003184,0.0087868817453262,0.010351480500936,0.0160606232580274,0.0290282067198785,0.0296977033939193,0.0298135822640828,0.0263209637953511,0.0258291195551217,0.0311989646251867,0.023375321207644,0.0200592909240742,0.024695883589418,0.0202571151916798,0.0210933357302948,0.0232576538673608,0.0268885153639549,0.026040701680224,0.0232039444365918,0.0219671289850664,0.019764524964166,0.0146436710876367,residential,5,spring,1,5,192.0901905,960.4509525,0
7,2021-05-30,0.0120364176139858,0.010915952410985,0.008753921726631,0.0100879304920074,0.0106567438401558,0.0134995289320258,0.0270363385059241,0.0312115746958235,0.0317653469102376,0.0297497253089482,0.0315975864679062,0.0318188118854134,0.0295393864409337,0.0264620205542846,0.0286128409525072,0.0286653678981815,0.0307587020088915,0.0321274232764463,0.0308344891257247,0.030033164418221,0.0295764039315531,0.0262459685246908,0.0240279213457819,0.0197361648241086,residential,5,spring,1,5,192.0901905,960.4509525,0
7,2021-05-31,0.0149327643079521,0.0137572704314073,0.012289562949201,0.0128422211632309,0.0133348896669665,0.0166293962331645,0.030238699417459,0.0331927963619546,0.0336293964854535,0.0322531509287092,0.0348094189364938,0.0313688865418625,0.02913155450742,0.0288448778035195,0.0338645081567438,0.029290176745223,0.0300602080961819,0.0350664529690689,0.0332212307853451,0.0322335602946707,0.0305782798839068,0.0281691761614117,0.0258982289354986,0.020088428298438,residential,5,spring,0,5,192.0901905,960.4509525,0
7,2021-06-01,0.0154543974324666,0.0138807292677893,0.0122885588410756,0.0128727915668794,0.0137460014028796,0.0177570951667783,0.0323374638421607,0.0352025476011694,0.0328478790781582,0.0358627477038092,0.0379188909188152,0.031778812684575,0.0315421321202528,0.0337578219696089,0.0345866180431075,0.0348353594227515,0.0351306791315431,0.0385519179061202,0.0354977399561212,0.0346013509961535,0.0316579383492476,0.029092398857318,0.0269025455984464,0.0223971372961122,residential,6,summer,0,5,192.0901905,960.4509525,0
7,2021-06-02,0.0178130481334785,0.0166695134284514,0.0155699714035791,0.0157218792265684,0.0146837202662862,0.0173565936994152,0.0325963188765211,0.03392535947456,0.0325702185679927,0.0358358686850476,0.0367725260713356,0.0343147015537113,0.028116240870227,0.0289950095960692,0.030172650348751,0.0265467625820323,0.0275635570309942,0.0313051793337295,0.0353882029722372,0.0324028286231631,0.0311539571576392,0.0284304828914348,0.026347566562094,0.0209797746340951,residential,6,summer,0,5,192.0901905,960.4509525,0
7,2021-06-03,0.0172631953074622,0.0154979891992905,0.0143710589513134,0.0136915631274014,0.0157013656760993,0.0185240179622634,0.0309845082090286,0.0355584753579836,0.0352129617858819,0.0359881358619627,0.0370563102418465,0.0333197091544051,0.0334221461253181,0.0338368880359834,0.0346319421381095,0.0365229675836401,0.037220856460108,0.0376839144028776,0.0364332289227586,0.0346829895938673,0.032624268147419,0.0309113854789151,0.0272794957122862,0.0219200872237723,residential,6,summer,0,5,192.0901905,960.4509525,0
7,2021-06-04,0.0178854329596187,0.0168027845202141,0.0154264502115962,0.0157226238827964,0.0160111934273225,0.0192065444972582,0.0329241323155363,0.0361217191408313,0.0357739593715367,0.0369096003772299,0.0379894907905098,0.0344136576763421,0.0312066824120557,0.0318150064109593,0.0331956663627407,0.0335187702263973,0.0351578569084062,0.0365030730396418,0.0364564374321519,0.0349561437316086,0.032809425773905,0.031104793340027,0.0289136748867995,0.0220139281680225,residential,6,summer,0,5,192.0901905,960.4509525,0
7,2021-06-05,0.0181102185493767,0.0168124717168192,0.0157534060150622,0.0158006584514712,0.0146252817959084,0.0185135557671947,0.0331476984365747,0.0361310357429071,0.0337040884679422,0.0362221814198339,0.0380331085908464,0.0341647628472281,0.0335591308775307,0.0339089209836881,0.0346899083233955,0.0337962644492343,0.0342574699323769,0.0354252584370434,0.0346457918319387,0.0339673244483548,0.03127836733898,0.0301144840651468,0.0283513387802862,0.0221718191322703,residential,6,summer,1,5,192.0901905,960.4509525,0
7,2021-06-06,0.0178624030085884,0.0180403568211643,0.0149074768265649,0.0153416416080506,0.0157524397659027,0.0185149894411367,0.0329224380377984,0.0359054904190173,0.0329052157782847,0.0343390135322808,0.0371562067332057,0.0313227283606663,0.0333856944243673,0.0311468292979803,0.0290219327874451,0.031104695323796,0.0285511624269419,0.0319224108752641,0.035576136850461,0.0345129391853964,0.0318196489103758,0.0287658608266257,0.0266167316618374,0.0213621507812123,residential,6,summer,1,5,192.0901905,960.4509525,0
7,2021-06-07,0.0190965116999712,0.0169961343859529,0.015152346332668,0.0152234011415702,0.0141328716647938,0.0144876264478077,0.0299892145595554,0.0343399502459912,0.0317504850774522,0.0330971652582706,0.028817091970874,0.0246279293963629,0.0280998216524006,0.0273732303916559,0.0252184119030626,0.0296445532329532,0.0284332735005596,0.0302755685485086,0.0340619523768427,0.033384992106583,0.030185286810157,0.0249122443456386,0.0221357115556737,0.0165312117112797,residential,6,summer,0,5,192.0901905,960.4509525,0
7,2021-06-08,0.0139632935830491,0.0144257590823416,0.0136691563496256,0.0143443433915207,0.0149860032650777,0.0181612022020785,0.0309157178658341,0.0331223239755369,0.0318563857225562,0.0284072591271818,0.0227509553292382,0.0202276862773248,0.0207258212801515,0.0226110942597467,0.0220936648462904,0.0200588737462971,0.0213365824036894,0.0222774097963026,0.0274212568182003,0.0266660402681801,0.0243567336719342,0.0228122122093984,0.0206680915807429,0.0154630586150107,residential,6,summer,0,5,192.0901905,960.4509525,0
7,2021-06-09,0.0130768634094089,0.0109529260976998,0.0094018490023534,0.0129069547627138,0.0121070621344532,0.0161020445664096,0.0281761531591919,0.0322599706022899,0.0307363766663994,0.0308489297335597,0.030128719657758,0.0283668639184768,0.026610607334064,0.0255385886827953,0.022494145378117,0.0200278678168752,0.0202115543513403,0.0219159101304256,0.0261123841282722,0.0266959844432251,0.0237751500761896,0.0240410664506359,0.0235507159073998,0.0153551276853645,residential,6,summer,0,5,192.0901905,960.4509525,0
7,2021-06-10,0.0149103983205479,0.0140178443085471,0.0105399440366411,0.0089158201128339,0.008084962584008,0.0104314618073765,0.0235253048749439,0.0269115230818099,0.0241141479757377,0.0234448042190437,0.0222538381130147,0.0181878594718762,0.0200178812617468,0.0187916790112725,0.0148579108276875,0.017164130764517,0.0193281028606046,0.0217458514958841,0.0263754007980577,0.0258384577480618,0.0233614450091265,0.0220526175463131,0.0199445365786774,0.0145652837982355,residential,6,summer,0,5,192.0901905,960.4509525,0
7,2021-06-11,0.0109626942941153,0.0086050397185155,0.007678287115756,0.0090592553358505,0.0096361642668829,0.01221120075169,0.0269068316833014,0.0298999038120545,0.0283682908464557,0.0276710353433702,0.0296361746370043,0.0286009147544414,0.0263994623596548,0.028815679040388,0.0322869404243977,0.0324655614079047,0.0312730196528789,0.0318697090099417,0.0322600269984755,0.0313963033359012,0.0283389569049204,0.0276061992835404,0.0254824465361007,0.0191534672237117,residential,6,summer,0,5,192.0901905,960.4509525,0
7,2021-06-12,0.0136229443936116,0.0122479950779855,0.0113413227509075,0.0111942327239747,0.0116448779099303,0.0149464966670743,0.0282966151662069,0.0323930653328909,0.0317996217762708,0.0306178763170437,0.0315431645704567,0.025926024567692,0.024791022953648,0.027660830479854,0.025458589539276,0.0253251085099936,0.0260564760844219,0.0286595872035585,0.0316996192120974,0.0289718563701757,0.0254604699844573,0.0227828222351062,0.0205106170470474,0.0148941994686606,residential,6,summer,1,5,192.0901905,960.4509525,0
7,2021-06-13,0.0126446640404454,0.012927307350891,0.011325807686994,0.0122929382045257,0.0128283714419846,0.0156401578126315,0.0292974877929912,0.0321215499284498,0.0316359246827165,0.0324712058651622,0.0328093403283843,0.0291284791516386,0.0240528816677466,0.024995652387128,0.026658526709437,0.0261470241295345,0.027733027571723,0.0314140876520199,0.0324250094705695,0.027166477304394,0.0245745583501283,0.0226969597166976,0.0204396286264165,0.0150429924244129,residential,6,summer,1,5,192.0901905,960.4509525,0
7,2021-06-14,0.0125989682387762,0.0115148125839238,0.0092314364090242,0.0090829365258413,0.009418126819617,0.0116930840256705,0.0238693692512354,0.0275910544391055,0.0257981541983829,0.0258360671851854,0.0256899877813843,0.0207790936608571,0.0195109580108834,0.0175126052555474,0.016838441567199,0.0188812080242611,0.0190367540649869,0.0231074685589801,0.0244400838935227,0.022471274964472,0.0216775780116406,0.0193980441027833,0.0173110391154655,0.012749054870096,residential,6,summer,0,5,192.0901905,960.4509525,0
7,2021-06-15,0.009545030666755,0.0083873509876795,0.0065906334989573,0.0063581587729657,0.0068660265790762,0.0105831616762868,0.0233788052645689,0.0259528582623919,0.0257380768645382,0.0263683612540707,0.0284761580288102,0.0251067836135708,0.0257228306103714,0.0255110626740723,0.0264347087157391,0.0280170395466456,0.0277106162227494,0.0312673333947893,0.0306884916234815,0.0276229028449153,0.0260629510698465,0.0237572546023276,0.0216548297370308,0.0167665256186958,residential,6,summer,0,5,192.0901905,960.4509525,0
7,2021-06-16,0.0125604899867684,0.0114108550446058,0.0098473497786886,0.009316922862499,0.0095911945114836,0.0135992586483022,0.0282105145737867,0.0321426444966555,0.0312487920813089,0.0292536183643407,0.0311044095553926,0.0291244920260968,0.0275090225952545,0.0273260481188907,0.0320834004551904,0.027065195065478,0.0280713357227978,0.0324106662642543,0.03124773129293,0.0299837861641883,0.0281827131328027,0.0260962149231407,0.0239358725247897,0.0187299995502233,residential,6,summer,0,5,192.0901905,960.4509525,0
7,2021-06-17,0.0133258424148432,0.0134013356264013,0.0117841202222474,0.0110473004599652,0.0114576663398018,0.0150953172289956,0.0279819362919379,0.0323483435492942,0.0314706948866072,0.0333079653449136,0.0329171821060902,0.0322986865673737,0.0265176068450325,0.0244439917081547,0.0223027416535657,0.0224056823361371,0.0244730795036149,0.0286513018373929,0.0303222216942013,0.0294247839247913,0.0275261045110324,0.0253289741403616,0.0231524513715359,0.0164096393774753,residential,6,summer,0,5,192.0901905,960.4509525,0
7,2021-06-18,0.0126472601325606,0.0114252526334209,0.0095931233426555,0.0104695325322432,0.0108955637571452,0.013527961089846,0.0261727031308318,0.0299557910977062,0.0310227647468719,0.0318872863918052,0.0346783679839933,0.0331446028397978,0.0298479956614404,0.0297313685732007,0.0333050758883463,0.029108133529711,0.0340505059886555,0.0348698564486763,0.033837389463039,0.0320587780647326,0.02975152957775,0.0266462419614395,0.024521553218314,0.0187164697945464,residential,6,summer,0,5,192.0901905,960.4509525,0
7,2021-06-19,0.0152856461253326,0.0140479209096643,0.0118304238780982,0.0116131508104279,0.0119219204105216,0.0150244563191118,0.0291845995780669,0.032080353015635,0.0328162063349055,0.0352909240269288,0.0388919577665943,0.0343966866543306,0.0305685636231236,0.0315047976050458,0.0312787271661023,0.0339366917503945,0.0346867467897086,0.0388452753175452,0.0343807593730544,0.0328342370143926,0.031312891528256,0.0273775219240369,0.0251811366295979,0.0207727032425046,residential,6,summer,1,5,192.0901905,960.4509525,0
7,2021-06-20,0.0175049774167272,0.0146902335217208,0.0130250718373497,0.0134015096904741,0.0123710715410911,0.015875863687181,0.0290081620209937,0.0335408857490064,0.0341976080708769,0.0339010035959001,0.0355408181756844,0.0353273959326912,0.0326348979754406,0.0332927376898442,0.0311533778718568,0.033865707546701,0.0357818280243689,0.0399859071882343,0.036351180569819,0.0329654291638767,0.0315239231448853,0.0275540088516826,0.0253884977955847,0.0211463731353966,residential,6,summer,1,5,192.0901905,960.4509525,0
7,2021-06-21,0.0161961966203301,0.0164774193795292,0.0136409378845284,0.013768936337018,0.0140828472351116,0.0169372486998224,0.031021659734802,0.0353160297102756,0.0337660665508422,0.0323450059534481,0.0352431554590245,0.0363870227215345,0.0326321360967217,0.0331003206447315,0.0368750251075175,0.0357138659217732,0.0370596857893384,0.0390755419749309,0.0367488777346772,0.0347940497780374,0.032044691839224,0.029362777113158,0.0272364020285068,0.021605908828372,residential,6,summer,0,5,192.0901905,960.4509525,0
7,2021-06-22,0.0179466955029565,0.0167536292993505,0.0142444544664115,0.0139615449802413,0.0143201705105859,0.0178224313541193,0.0312549672141075,0.0369698495551887,0.0357146276773402,0.0341976898277516,0.0375467313504255,0.0369992437826797,0.0331345503432303,0.0337681216666802,0.0350764999292664,0.0358879247080667,0.0381614673994451,0.0398482330061988,0.0370326919368509,0.0349940919220399,0.032597815139254,0.0294705953870813,0.0273350973253623,0.0219583816789811,residential,6,summer,0,5,192.0901905,960.4509525,0
7,2021-06-23,0.018175416219735,0.0169283404703507,0.0147029114455791,0.0141472034035067,0.0159463029230015,0.0175647760244488,0.0318066675532537,0.0364674305881651,0.0363251730066223,0.0343474867714158,0.0377171568076672,0.0372820823366255,0.0332440338813402,0.0337887742509457,0.0367502290218901,0.0349235144616536,0.0360162887511412,0.0369042331086485,0.0377767273322752,0.0351145327564298,0.0332137135988484,0.030910292470021,0.0288822053263319,0.0227147987918261,residential,6,summer,0,5,192.0901905,960.4509525,0
7,2021-06-24,0.0182977914174191,0.0171594753291655,0.0157559859648638,0.0157584760553799,0.0162344928540921,0.0197918245464128,0.033152434779181,0.0361323957805418,0.0365046401777023,0.0350485963244511,0.037912090526648,0.0369224199678577,0.0337577804719856,0.035198466217735,0.0352421671801751,0.0374344926174423,0.0373635026352616,0.0383767782643598,0.0386664331672848,0.0353489462483816,0.0333953571133025,0.0314443889351816,0.0290768668183252,0.0233960951762351,residential,6,summer,0,5,192.0901905,960.4509525,0
7,2021-06-25,0.0183714830616003,0.0188361983832903,0.0166472680848599,0.0161139987443483,0.0163260792193343,0.0199603277022032,0.0332621552827089,0.0358528366556345,0.0343059964244881,0.0363004900017416,0.0377663900742158,0.0363073312265657,0.0332848465336031,0.0337013481252172,0.0365977994308077,0.0357015747343816,0.0369592232907787,0.0387692055194274,0.038542425410669,0.0349973515135694,0.0332313761289876,0.0309121867986355,0.028766228404565,0.0225637574502664,residential,6,summer,0,5,192.0901905,960.4509525,0
7,2021-06-26,0.0182272610054509,0.0170098965226302,0.0156464569125222,0.0160670987259539,0.0161598836951898,0.0171776513896203,0.0331138832204333,0.0358442590536556,0.0366151419207055,0.0357982303968543,0.0368244297099897,0.0372286519514729,0.0330544460996838,0.0338871276895997,0.0308797100606907,0.034847621326059,0.036293808151796,0.0405853030936603,0.038241833651102,0.0347956787893411,0.0325125207247929,0.0307641338192472,0.0286277124831386,0.0215829861304825,residential,6,summer,1,5,192.0901905,960.4509525,0
7,2021-06-27,0.0179796467121807,0.0168679616821753,0.0147728645054424,0.0157993817831517,0.0161981422026183,0.0187558726257418,0.0327050587757355,0.0355620120820578,0.0350464813051508,0.0335977655844255,0.0315754829280666,0.0306307778870025,0.0310271023008914,0.030022894071911,0.0316250029913497,0.0347100834657471,0.0333417358577353,0.0362587866598549,0.0368270481505722,0.0353487820091987,0.0301253348477541,0.0297069574519329,0.0261886430199293,0.020793958539227,residential,6,summer,1,5,192.0901905,960.4509525,0
7,2021-06-28,0.0120260632480673,0.0118721844781878,0.0106551032197478,0.0120467536433859,0.0124812561849248,0.0134321911400235,0.0267360665830586,0.0278884706577274,0.0283550845942432,0.0269647851679348,0.0278172097816617,0.0245739321494467,0.0240302244815526,0.0236027205864156,0.0185740628879891,0.0219942765151395,0.0251633421662902,0.0256019894096576,0.0296607662538778,0.0287942097191064,0.025612247440318,0.0247318349300649,0.0225983867791891,0.016743387831821,residential,6,summer,0,5,192.0901905,960.4509525,0
7,2021-06-29,0.0137805753439365,0.0113605634925472,0.0098140320106178,0.010493920773769,0.0109795471529157,0.012597203608189,0.025294125037829,0.0263201419689857,0.0260245109978974,0.0291160685697005,0.0307989628731192,0.0255521235397925,0.0216529940701321,0.0232104992726559,0.0204573673415458,0.0223357502082359,0.0239334533525205,0.0272489605693925,0.0293982070769424,0.0284675605756754,0.0257693361945426,0.0230627681388687,0.0209062580308028,0.0159194063402333,residential,6,summer,0,5,192.0901905,960.4509525,0
7,2021-06-30,0.0119278987954785,0.0107844433425415,0.0089904481295686,0.0098648661022537,0.0103624811810563,0.0126217130310774,0.0256388136033321,0.0299555111771631,0.0275980971367317,0.0295701642481067,0.0306655647435001,0.0281313463326281,0.0196425899676392,0.0204036947949071,0.0198472561431264,0.0253127230486779,0.0260794499433425,0.0241909206224242,0.0277225258631406,0.0265363041546073,0.0246686104577082,0.0232822914600163,0.0218354045312079,0.0173751369179853,residential,6,summer,0,5,192.0901905,960.4509525,0
7,2021-07-01,0.0143745145967393,0.0132775814758927,0.0119898262821186,0.0124353240856389,0.0129208080720644,0.017025663394345,0.0304140710873313,0.0337945102337084,0.0329431925608287,0.0334434440041609,0.0343767986369879,0.0303959063022795,0.0306778013414299,0.0308391868326893,0.0301703071810841,0.0343522650424347,0.0361105447922687,0.0365178053777018,0.036751395969317,0.0334330232948887,0.0306927375687658,0.0297243241736192,0.0276437723493975,0.020629237089244,residential,7,summer,0,5,192.0901905,960.4509525,0
7,2021-07-02,0.0170434187114089,0.0160499647337256,0.0143921093614917,0.0149569848830457,0.0153101091051567,0.0179204052784669,0.0318306745066774,0.034959962654802,0.0328558115029147,0.0349668511645479,0.0380194954293961,0.0310227233166156,0.0320611239694907,0.0323422900398635,0.0306884478671524,0.0339619045269887,0.0327283978341144,0.0325085605762663,0.0347102283348357,0.0337458321079367,0.0306770575122245,0.0297566791719946,0.027655582348257,0.0209938303260347,residential,7,summer,0,5,192.0901905,960.4509525,0
7,2021-07-03,0.0170261258875679,0.0174353969326115,0.0142974357271131,0.0148226812421248,0.015270005237153,0.0182567059274776,0.0317351558689261,0.0345272467035811,0.0327282478181372,0.0313372427677119,0.036070894084716,0.0287232691828662,0.0312409436904452,0.0313422548526614,0.027628413915279,0.0311430169590945,0.0314062031308945,0.0306805995901952,0.0338843355721437,0.0332716704439451,0.0299066482112099,0.0294083317427141,0.0273034255951444,0.0203012508623033,residential,7,summer,1,5,192.0901905,960.4509525,0
7,2021-07-04,0.0167679068898587,0.015676067819235,0.0138358932315175,0.0147092586167488,0.0151502043910212,0.0164552415045094,0.030864475256387,0.0332515954296187,0.029814823747026,0.0274461897268738,0.0264893313703897,0.025421543819828,0.0230186243563308,0.0245164114607746,0.022005073288999,0.0259438634480912,0.0275141158674031,0.0265637898248973,0.0314291675073146,0.0308271460176999,0.025896305322424,0.0225958249204809,0.019164123940037,0.0130746310509345,residential,7,summer,1,5,192.0901905,960.4509525,0
7,2021-07-05,0.0099156961309244,0.007620226649831,0.0062153717951173,0.0074764439045086,0.0078339654805739,0.0105286853185568,0.0242997445948157,0.0286073730072594,0.0255776434638793,0.0277369774317399,0.0306289268649635,0.0251186298956219,0.027971584006965,0.0253991816668831,0.0221905212763547,0.0167475347462012,0.0189568263978833,0.0218697704471897,0.0262645083699773,0.0241992830242228,0.0221220700679277,0.0225634299790374,0.019123571235017,0.0131351334120287,residential,7,summer,0,5,192.0901905,960.4509525,0
7,2021-07-06,0.0102000739249763,0.0078582711167654,0.0070148941461196,0.0081197088041488,0.0085794532284841,0.0102693206144919,0.0250920217259913,0.0296095284250644,0.0273014076515593,0.0292656232957451,0.0308077812494811,0.028650244612815,0.0273662763347182,0.029165913289236,0.0311577807280403,0.0299279088086142,0.0288280551337122,0.0306456315742835,0.0323593439362078,0.0317796903581232,0.0281298419659676,0.0266114228434416,0.024405010038548,0.018411142284752,residential,7,summer,0,5,192.0901905,960.4509525,0
7,2021-07-07,0.0155889782597451,0.0131050107295581,0.0116053821067044,0.0123045886380904,0.0127810039124384,0.0153559824313249,0.0285853789323201,0.0333866593624388,0.0310286211967244,0.0333676118804465,0.0365704854211612,0.0331563735237278,0.031349936634526,0.0314186540716925,0.0326602193120448,0.0352504472522943,0.0368662389007095,0.0373825685081594,0.0369577155767844,0.0336378027789103,0.0305017602991841,0.0299227542666475,0.0264376486487714,0.0203581652269077,residential,7,summer,0,5,192.0901905,960.4509525,0
7,2021-07-08,0.017465484341841,0.0162462424536858,0.0128903937198583,0.0136941383904228,0.0141306951815434,0.0162281838059151,0.0311964037194589,0.0359921247723981,0.0341380040786861,0.0354134002256945,0.036708119385928,0.0334234542163167,0.032472826661893,0.0322855382768191,0.0330540129951455,0.0373837809162277,0.0370491282834954,0.0374060279409044,0.0373815626722115,0.033702077782848,0.0306095894572719,0.0287794928242538,0.026775499599539,0.0205531168863351,residential,7,summer,0,5,192.0901905,960.4509525,0
7,2021-07-09,0.0177089192903504,0.0164801003137929,0.0134915807458614,0.0140570894793843,0.0143652787493207,0.0170192150267496,0.0312730044214088,0.036177378695467,0.0340152967927582,0.034154715752968,0.037361324023779,0.0345553510097335,0.0328017290187059,0.0344248725132972,0.0342310854635836,0.0402258659531302,0.0397639116179142,0.039209258476643,0.0384297866149805,0.0346813174081754,0.031935060315545,0.0312679687796476,0.0276354612837372,0.0220002554012051,residential,7,summer,0,5,192.0901905,960.4509525,0
7,2021-07-10,0.0183308372347409,0.0170670966927829,0.0148454933909082,0.0157843623350681,0.0146230422946308,0.0176366071150596,0.0315835678185798,0.0348155581741849,0.0346274813392199,0.0343462366170346,0.0373705237246628,0.0366354187088459,0.0349394686186458,0.034840298810148,0.0356209306373566,0.0408641577558316,0.0425589229553089,0.0444368831968898,0.0439279351308955,0.0377306068084146,0.0346371803638016,0.0312837157029487,0.030918145636628,0.0252271384560423,residential,7,summer,1,5,192.0901905,960.4509525,0
7,2021-07-11,0.0237838687386699,0.0208383014868716,0.0164993080455789,0.0157890388585061,0.0158739717778341,0.019848996989818,0.0324006809795451,0.0369479478584821,0.0346533030304014,0.0350644907408555,0.0361060683563675,0.0312554770526106,0.0326415585586119,0.0322653437158132,0.0307527421145666,0.0382716496007167,0.036498693219048,0.0295154367569481,0.0340310258276763,0.0326340413444535,0.0293422918846649,0.0286822536824463,0.0264675253262474,0.020452742837418,residential,7,summer,1,5,192.0901905,960.4509525,0
7,2021-07-12,0.015816374074662,0.0145321826521283,0.0133904368529626,0.0148322488077409,0.0151411325799901,0.0172894879453396,0.0316492558346067,0.0347527308682715,0.0327884551658315,0.0362710577596001,0.0388706115130109,0.0346038590583166,0.0300134395906088,0.0360873583540472,0.0332470060263315,0.0408351685674942,0.0407107653648101,0.0383335605193691,0.0390425053647299,0.0342307512402646,0.0316926237661356,0.0305899795388511,0.0282545642877247,0.0207506165530864,residential,7,summer,0,5,192.0901905,960.4509525,0
7,2021-07-13,0.0175289493306368,0.016404330384188,0.0140661713375713,0.0138773628891687,0.0143921639598284,0.0173491871393446,0.0314721647850872,0.0362308554465038,0.0360991294958553,0.0343217817256832,0.0377279377454021,0.036651473069275,0.0343463509991174,0.0340166989746077,0.0357191836826321,0.0420929139050155,0.0407814800998866,0.0391177713408717,0.0391588440219444,0.0360658328682685,0.0323593250766803,0.0310218623970216,0.0289309520707016,0.0223063855036368,residential,7,summer,0,5,192.0901905,960.4509525,0
7,2021-07-14,0.0184247812437381,0.0172972510964883,0.0152954236696421,0.0145479388926326,0.0148067933944455,0.0180819946764667,0.0314393943041788,0.0344125877048481,0.0337774754810366,0.0348784357688441,0.0354798911748656,0.0334188561768965,0.0321383734130144,0.0311721137019942,0.0285017685437236,0.0313293705422461,0.0307890100526831,0.0324726345550145,0.0343138095668559,0.0334875698299182,0.03079447256935,0.0295910316641022,0.0274907424463624,0.0207529797922666,residential,7,summer,0,5,192.0901905,960.4509525,0
7,2021-07-15,0.0183057970835971,0.0155191830327632,0.0135828045962169,0.0144542070041569,0.014899931566984,0.017012025074162,0.0311048051145722,0.034159440336467,0.0315574191324082,0.0280765154283204,0.0310429326174035,0.028789626988612,0.0336728794872062,0.0332830767264639,0.0312924676173166,0.0366168135119847,0.0391082924803443,0.0359478062879466,0.0394026110574343,0.0361192553297845,0.0299943473104611,0.0311136685194133,0.0276554200710932,0.0208827828890491,residential,7,summer,0,5,192.0901905,960.4509525,0
7,2021-07-16,0.0186955123498953,0.0161876297217727,0.0139770061595332,0.0151951309628703,0.0154755492803958,0.0174437974435808,0.0323171226491331,0.0338864969004352,0.0332907111874509,0.0369958672606388,0.0381022308306479,0.0340488461778044,0.0352523576693917,0.0350029092009138,0.0321983705763083,0.036699036864902,0.0393031865083138,0.0358558227078994,0.0386641824480307,0.0354901584812344,0.0307311545621674,0.0301950999606001,0.0280018808985321,0.0212501625074175,residential,7,summer,0,5,192.0901905,960.4509525,0
7,2021-07-17,0.017478828026295,0.0162833961395073,0.0139041182931929,0.013750580253591,0.0141816861112792,0.017393753050443,0.0311574172639985,0.0361060308596579,0.0338984458182748,0.0372879978564041,0.0391641357043961,0.0364041172158253,0.0341188365982105,0.034165957807067,0.0336902503266027,0.0379074608611324,0.038712334924672,0.0384008694567626,0.040623289664892,0.0353991707191184,0.0331164646190533,0.031624777385447,0.0282270028191206,0.0229602373701544,residential,7,summer,1,5,192.0901905,960.4509525,0
7,2021-07-18,0.0193911945366608,0.0185615419843913,0.0164858250260251,0.0176641096183228,0.017830511082195,0.0193454630948199,0.033095693013417,0.0380800770418506,0.0354401942242355,0.0378626848287538,0.0405639773762867,0.0379283823472805,0.0373328057734899,0.0401773412970599,0.0361110012032091,0.0390314574645435,0.0376837812847775,0.0310035463158764,0.0324426055783738,0.0293471662637642,0.0276660879538122,0.0269711661320493,0.0262083997514183,0.0183281122180297,residential,7,summer,1,5,192.0901905,960.4509525,0
7,2021-07-19,0.0156014703010195,0.01308920026851,0.0095094545855237,0.0093897308713515,0.0097372664753218,0.0140206074651247,0.0276914534364618,0.0283836236209765,0.0284848415153664,0.0268864100572426,0.0261616160772195,0.0215582398636111,0.0201250042474543,0.0217793920885248,0.0204808045006137,0.0284091295710768,0.0323636809294493,0.0314357844747121,0.0334637304332869,0.0299475534764402,0.0252206520227349,0.0247538185507281,0.0214274461657788,0.0159711038155269,residential,7,summer,0,5,192.0901905,960.4509525,0
7,2021-07-20,0.0138886765438216,0.012741104585461,0.0089765506724226,0.0093250246959529,0.0111195022662336,0.0144639443684464,0.0277885828807848,0.0319373722118665,0.0317705789554754,0.0322690959099918,0.0329380908236697,0.0311152519131781,0.0306063979397163,0.031844937968108,0.0305475196135975,0.0364679998322634,0.0359605889419785,0.0356956213352296,0.0386491769669802,0.03319718744893,0.0296796522764796,0.0279320591709804,0.0273022373638368,0.0199961218608653,residential,7,summer,0,5,192.0901905,960.4509525,0
7,2021-07-21,0.0166835089516661,0.0154371597614884,0.0129377660511135,0.0130965571709051,0.0135768867126372,0.0163643057880955,0.028963509988373,0.0349012711184072,0.0342486384459227,0.0350176123050751,0.0351185140664677,0.0334055437727729,0.0322942714208038,0.0324058576526549,0.0325215625914783,0.0359703578543406,0.0370295492166249,0.0389769440239379,0.0376190227193295,0.0341271739266269,0.0313470435068905,0.0287681704602226,0.0264462446104077,0.0204467643024369,residential,7,summer,0,5,192.0901905,960.4509525,0
7,2021-07-22,0.0172408591883038,0.0160512500964566,0.0133611423963408,0.0136164355153013,0.0139926430431477,0.0164137511688024,0.0308409528399006,0.0356855371930746,0.0336542819526728,0.0336061201641259,0.0353132834095085,0.0335425083417251,0.0324452731926725,0.0323637244710042,0.0317160082906589,0.0354762713236857,0.0373093228328108,0.0391376010198506,0.0373349957904039,0.0341040334876747,0.0303920461994946,0.0288417425817226,0.0265820611516025,0.0201321485125591,residential,7,summer,0,5,192.0901905,960.4509525,0
7,2021-07-23,0.0173299932310462,0.0147488336038568,0.0131295404170231,0.0135670581874731,0.0139716093794022,0.0162657938557851,0.0305339070543762,0.0352520610727637,0.0326729752027154,0.0333723040916692,0.0331872575822524,0.0313519832148366,0.0307421600615825,0.0309891728353177,0.0322702019565264,0.0350903240186566,0.0334268334039887,0.0366042032878644,0.0372503156726854,0.0341312825984427,0.0300770436792473,0.0285654666623908,0.0265133437875262,0.0205152020671444,residential,7,summer,0,5,192.0901905,960.4509525,0
7,2021-07-24,0.017591288193881,0.0163714031665469,0.0140087542987446,0.0153039034115497,0.0127795118425622,0.0178279527068048,0.0320800865145902,0.0337245940866081,0.0346538274378395,0.0336272376875797,0.0325345175844017,0.0311339684833598,0.0321477836769753,0.032215943191939,0.0273620948702806,0.030211734676545,0.032646411739208,0.0326388571574548,0.0347183705467472,0.0337726359736852,0.0305774985307937,0.0285132796586993,0.026293830295161,0.020603578715653,residential,7,summer,1,5,192.0901905,960.4509525,0
7,2021-07-25,0.0172244803536025,0.0160178571978258,0.0140126869493147,0.0150206589789245,0.01547999345205,0.0174769507628926,0.0320617734818525,0.0351741500437895,0.0318878331231404,0.033232174146141,0.0358978583888129,0.0319365425208485,0.0327025828910446,0.0309278052583339,0.0320462085869933,0.0258478707656356,0.0287514667109206,0.0333997120816823,0.0352800169119109,0.0340642719348117,0.0310391993777297,0.0285289366577237,0.0263471577154406,0.020995946143586,residential,7,summer,1,5,192.0901905,960.4509525,0
7,2021-07-26,0.0172835198566406,0.0161076764042637,0.0148071267040538,0.0150568364460779,0.0140081376293181,0.0180845220817806,0.0303578597322392,0.0348493117157801,0.0334062727635184,0.0355929735904951,0.0365977016589805,0.0327295634989636,0.0325264905944025,0.0321572674030301,0.0344317555654575,0.0341563854172173,0.0326942431580516,0.0329736350057416,0.0362682757913323,0.0336059758786711,0.0304237339718846,0.0298262512943374,0.0276871942798513,0.0209192114702364,residential,7,summer,0,5,192.0901905,960.4509525,0
7,2021-07-27,0.0188801323458052,0.0178230313839148,0.0142041488185941,0.0150923782321845,0.0156968611041931,0.0184398253627477,0.0305170970967582,0.0336027018917634,0.0317312407018468,0.0322331712626915,0.0345843645325087,0.0318218059037812,0.0308988448647525,0.0308913275656526,0.030679761122003,0.0332850288532588,0.0343482481556308,0.0355512275217582,0.0352709214541982,0.0338335921228359,0.0303287255085363,0.0299952978873169,0.026299249824126,0.0203462929323663,residential,7,summer,0,5,192.0901905,960.4509525,0
7,2021-07-28,0.0171231524282894,0.0160900458600832,0.01401895712314,0.0149938588048653,0.0153273638186878,0.0155952373645153,0.0298744991221086,0.0314874588461005,0.028152753039453,0.0314578160978936,0.0301179316319625,0.0304600020942838,0.0301513811052674,0.0297121715757856,0.0291522028840892,0.0332715112629891,0.0368214630774044,0.0368760931893279,0.037046065511931,0.0336641312109689,0.0308811805505967,0.0284418113703301,0.0279725616016623,0.0213006777160107,residential,7,summer,0,5,192.0901905,960.4509525,0
7,2021-07-29,0.0170743003302307,0.015836504195372,0.0141180263026863,0.0149171503878421,0.0153765155805786,0.0174029040663789,0.0301939563445466,0.0346271029907399,0.0330766139702631,0.0349770038469325,0.0372761153453034,0.0342615260146504,0.0323544393016137,0.0292348279230154,0.0305182202418193,0.033836615980229,0.0359917556831726,0.0368341122812716,0.0387022669409771,0.033496794924341,0.0308820358676145,0.0299232293799773,0.027886924573794,0.0207344182403986,residential,7,summer,0,5,192.0901905,960.4509525,0
7,2021-07-30,0.0173899976498409,0.016151326813769,0.0142846828749467,0.0150577743139913,0.0140820837505815,0.0177544558552779,0.0298644194969141,0.0326343226374393,0.0317976542135389,0.0336283062170475,0.0288707520366462,0.0323798486874392,0.0322520191533678,0.0328321085296478,0.0263355465965555,0.0325152641260975,0.0322636457410014,0.0332363473816299,0.036902463027145,0.0348338230014613,0.0291945164465083,0.0265970841538171,0.0260122888168743,0.0202066933863765,residential,7,summer,0,5,192.0901905,960.4509525,0
7,2021-07-31,0.0169461967718525,0.0154956122890417,0.0127949431461834,0.0132193117894994,0.013785673874096,0.0166497667442572,0.0295373873377824,0.0321796811901176,0.0315380695597774,0.034476777692558,0.0365075362781643,0.03271532179391,0.0335385996475059,0.0324189139894216,0.0293701801437586,0.0323577066218555,0.0358658658121369,0.0361216327575948,0.0360894099269292,0.0327083884967951,0.0305922717153462,0.0290319648832706,0.0273581889737972,0.0227984295411455,residential,7,summer,1,5,192.0901905,960.4509525,0
7,2021-08-01,0.0193454436806342,0.0183466093735264,0.0168452838741569,0.0167730286582595,0.0170751465282854,0.0205960053025488,0.0329547249152951,0.0356276957295081,0.0351916457428605,0.0358565559688855,0.0383027974475943,0.0365121535283976,0.0340487892196619,0.034682498364332,0.0349374908995612,0.0346137555666526,0.0386889393015161,0.0429295304302436,0.0428935195511571,0.036276331613272,0.029440229126228,0.0242461003316234,0.0221333684281632,0.017061934742363,residential,8,summer,1,5,192.0901905,960.4509525,0
7,2021-08-02,0.0147892487043949,0.0150258208465197,0.0112921014007579,0.0138708536913431,0.0140433177816437,0.0153300354876075,0.0282497001572981,0.03222570402171,0.0324647109115151,0.0334781246617429,0.0336227249606443,0.0333611032449391,0.0315519730611391,0.0327549952012197,0.0323443939115469,0.0343923856847514,0.0385395979816368,0.042654407697084,0.0402133822418745,0.0363420806527398,0.0338171346053458,0.0329019644053548,0.023060531632441,0.0191910007992795,residential,8,summer,0,5,192.0901905,960.4509525,0
7,2021-08-03,0.0146528069341535,0.0121858681592393,0.010772825822023,0.0123882183956876,0.0141833602040342,0.0153441905605797,0.0296818091958885,0.0324535160542787,0.0317205838529008,0.0324276453774244,0.0344176526064991,0.0344727454041036,0.0316677084524891,0.032549796564173,0.0286688905052072,0.0320454232483059,0.035677183279504,0.0390740456743795,0.0377710649748489,0.0356601039708023,0.032127747744079,0.0302273341610849,0.0285236678813291,0.0224453702551456,residential,8,summer,0,5,192.0901905,960.4509525,0
7,2021-08-04,0.0181861982452815,0.0181547438259464,0.01497931027768,0.0139769183711481,0.0144894418171648,0.0173160611358035,0.0299394458781107,0.0341676600830906,0.033177829707075,0.0340307902848812,0.034029247922027,0.0348531737693514,0.0329261917849384,0.0320511172056014,0.0305287275106113,0.0302865384589193,0.0336421917454962,0.0372024482818472,0.0360843261121139,0.0352396885250874,0.0323012913863176,0.0317044269513524,0.0279439876856178,0.0219842931891972,residential,8,summer,0,5,192.0901905,960.4509525,0
7,2021-08-05,0.0189882224275414,0.0177202892360686,0.0148226233685328,0.0152821206406135,0.0157810145059515,0.0181424076399567,0.0302224221342849,0.0347615298787536,0.0341458890917659,0.036203750111545,0.0377204781402232,0.0342398606325317,0.0325474808926874,0.0310632755907723,0.0262987847006719,0.030920808068754,0.033716800779148,0.0374372404960741,0.0361373520183678,0.0354148800403794,0.0315857245534561,0.0299116614579569,0.0278133974033518,0.0214897284160153,residential,8,summer,0,5,192.0901905,960.4509525,0
7,2021-08-06,0.0186429552467365,0.0175829432248516,0.0152119781344413,0.0166586506308005,0.0141376124016718,0.0159914142461515,0.0299704526101381,0.0341515000105949,0.033893798160806,0.0370432852108881,0.0327199583427936,0.0272618598484607,0.0255748642365994,0.0244427624783347,0.025072462460818,0.0276766360752959,0.0305811898994706,0.0330520113939495,0.0338179142834507,0.0328993200522125,0.0294674215435293,0.0292354358491645,0.0273427874568463,0.0205703027333811,residential,8,summer,0,5,192.0901905,960.4509525,0
7,2021-08-07,0.0185984831518943,0.0158674744970691,0.0134555165452112,0.0149674828738601,0.0152846799572863,0.0173891664852324,0.0310651972561671,0.0335766857213023,0.0293196772687863,0.0310578974249186,0.0308548178578212,0.029462860304228,0.0285215354468129,0.0295073759854691,0.0242143997043846,0.0271213425696655,0.0292960203283558,0.031087896968654,0.0338584154719034,0.0330539197808078,0.0292076392981352,0.0292802366050972,0.0270912620288914,0.0199827398323933,residential,8,summer,1,5,192.0901905,960.4509525,0
7,2021-08-08,0.0181077448432136,0.0170087557440909,0.0131946894424774,0.0144970265769496,0.0150777209620402,0.0170801387685706,0.0310748725736222,0.0339869782514704,0.0336542923418779,0.0351965510537088,0.0349463990719219,0.0337021611282636,0.0319916124469615,0.0311235807169367,0.0297795562684392,0.0293016074172536,0.0329401917297144,0.0358970221788111,0.036326412542741,0.0338822802679802,0.0312657848630451,0.0299655631311526,0.0276869409119337,0.0211695419142081,residential,8,summer,1,5,192.0901905,960.4509525,0
7,2021-08-09,0.0185028768798038,0.0174113009500844,0.0149922183256906,0.0150892544227952,0.0171423547403152,0.0188899310013365,0.0313742307965267,0.0358663364009212,0.0354078644666126,0.0351836405284789,0.0346448796122204,0.0339711465045826,0.0306530812700324,0.0317550273053929,0.0300917245804844,0.0260566613715415,0.0293958510150517,0.0342639577153701,0.0346640501368394,0.0339320837487245,0.0323164334858838,0.0296837093727495,0.0276261902039001,0.0220752683787603,residential,8,summer,0,5,192.0901905,960.4509525,0
7,2021-08-10,0.0172182341097154,0.0161214033460142,0.0151508923137592,0.0153119373897866,0.0156391013050589,0.0190393598634587,0.0313998746969507,0.034082744047163,0.0332568763043222,0.0342565292833495,0.0345810004259267,0.0313637885236279,0.0305048924578731,0.0315868335810481,0.0299406175448647,0.0296549372309209,0.0319137480437771,0.0346672731948234,0.0361504395363556,0.0339284668811419,0.0317146889299885,0.0299876304619235,0.0278564610653988,0.0219243983636934,residential,8,summer,0,5,192.0901905,960.4509525,0
7,2021-08-11,0.0188327474275485,0.0179225713203257,0.0156596435203089,0.0169484570913527,0.0171344702058184,0.0186960657913128,0.0313954788948165,0.0359627403525596,0.0349784168521154,0.033949591203827,0.0358969938102736,0.0371195631132866,0.0334229004228736,0.0301393959228994,0.0296346279088473,0.0307718512293306,0.0315880939094643,0.033560632896373,0.0363299423706901,0.0338994467946046,0.0315175584045914,0.0300106606324158,0.0279321954200672,0.0222105157239337,residential,8,summer,0,5,192.0901905,960.4509525,0
7,2021-08-12,0.017474754890995,0.0181172056501945,0.0153703180296312,0.0155272837166683,0.0160457077056443,0.0197923413806117,0.0336061394731685,0.0362222562642404,0.0340114684374724,0.0334443751352013,0.0341950396411008,0.0319660495937397,0.0314659702476444,0.0287578293673849,0.025773292074693,0.0223678697225888,0.0257320041963365,0.0288134382688268,0.0318370485641474,0.0312198017163115,0.0277436591679708,0.0260179012115039,0.0254117151054761,0.0176964130630697,residential,8,summer,0,5,192.0901905,960.4509525,0
7,2021-08-13,0.0165697635322849,0.0156114610413478,0.0139741067128198,0.0117897442489605,0.0093113996849145,0.0139209731246192,0.0259299469939762,0.0294078187954788,0.0273159613767733,0.0269454416360309,0.0240836242028762,0.0216987944516123,0.0207791951598632,0.0194621412064725,0.016494820350746,0.017661551628378,0.0209766343565797,0.0229102856952753,0.0272760851535434,0.0264694224593265,0.023420975360765,0.0225852644886343,0.0204237687454272,0.0148986191643115,residential,8,summer,0,5,192.0901905,960.4509525,0
7,2021-08-14,0.0115095062053882,0.0118195325272845,0.0085496435846282,0.0111042687545969,0.0117286840518232,0.0138825289323307,0.0276116471414125,0.0317863457674068,0.0303381901842324,0.0311974669605826,0.031506035053186,0.0298612559251315,0.0270491191032383,0.0240531485255326,0.0231102579143458,0.0254549646122235,0.0264112925432221,0.0284183718911031,0.032934005659127,0.032100999947595,0.0278199521288331,0.0267709854311332,0.0248190338142213,0.0187770470132224,residential,8,summer,1,5,192.0901905,960.4509525,0
7,2021-08-15,0.0159658474654584,0.0147603092227352,0.0118299044977174,0.0137513941801132,0.0142784134791,0.014994774131241,0.0269859221676389,0.0313587033251843,0.0331059248178216,0.0324405470231526,0.0330904416351377,0.0321036883967601,0.0300440100483109,0.0294807191220164,0.0295720244984017,0.0291795221317537,0.0328955734183299,0.0376548078703444,0.0343283473879059,0.0335172677707095,0.0309164037015733,0.0297447298876543,0.02761122670024,0.0208931419455225,residential,8,summer,1,5,192.0901905,960.4509525,0
7,2021-08-16,0.0154488257209916,0.0140141783591218,0.0138069120830852,0.0131201576016162,0.0136686550750509,0.0175220847399844,0.0296777848908787,0.0341086186397407,0.0331384683545878,0.0336859117328772,0.0344105281719299,0.0340515039074175,0.0314849278657391,0.0319915635136146,0.0309521204964831,0.0316988080922544,0.0330403795410322,0.0353917723790178,0.0360747426465426,0.0353349956681154,0.0310155165563323,0.0299615151956647,0.0276001958601013,0.020275265202363,residential,8,summer,0,5,192.0901905,960.4509525,0
7,2021-08-17,0.0169456393165713,0.0157543048648071,0.013308683720178,0.0147382741171545,0.0150298849117624,0.0164505959938776,0.0292572598332525,0.0336423734188168,0.033202447289584,0.0334482541852674,0.0335040317301048,0.0320634201434034,0.0309044469189508,0.0300885819878568,0.0304809223574744,0.0318702188654042,0.0353971175571073,0.0383635215208057,0.0364442008267653,0.033987893711833,0.0318660006168138,0.0301770560185488,0.0279338897710262,0.0209478924908049,residential,8,summer,0,5,192.0901905,960.4509525,0
7,2021-08-18,0.0188384810838106,0.0161663381226777,0.014095396826678,0.0151871064136716,0.0155180788426007,0.0176010556258876,0.0312219856979979,0.0340442212166782,0.0332233935581992,0.0338305506633895,0.0343039707784116,0.033097208811367,0.0314117455829776,0.0308089277435763,0.0309458564451624,0.0305637848738257,0.0362302193627098,0.0389826190189649,0.0362915524568433,0.0338188240552549,0.0317939156806458,0.0304704028458622,0.0284665473557196,0.0225494688432109,residential,8,summer,0,5,192.0901905,960.4509525,0
7,2021-08-19,0.0192621824407034,0.0180032847980289,0.015439132591364,0.0171970059876931,0.0175851909431438,0.019425007478871,0.0316067798009358,0.0340046622063652,0.0306308922437174,0.0337061559737755,0.0338129702026734,0.0300305450715274,0.0320792021002812,0.0289195548599109,0.0273114872791957,0.0229856079899095,0.0240489351327927,0.0263730475237734,0.0289541188946941,0.0282264025057591,0.0252502992466577,0.024248099537789,0.0220834321290897,0.0149870709593889,residential,8,summer,0,5,192.0901905,960.4509525,0
7,2021-08-20,0.0115339276950353,0.0103139933891104,0.0089502080578945,0.0094141655460558,0.0111148778582119,0.0133285542168539,0.0251564254461888,0.0260520989757582,0.0239458781016881,0.0242603680819091,0.0227229660172631,0.0204560259131581,0.0199819815148743,0.0174749713854719,0.0166768602302102,0.0188989988913183,0.019130855544419,0.0213077716881216,0.0241161446570146,0.0246150962096534,0.0219050302538878,0.0207046675528324,0.0185621675758565,0.0127049161757306,residential,8,summer,0,5,192.0901905,960.4509525,0
7,2021-08-21,0.0095739133127235,0.008439669285282,0.0064310273448925,0.0075934992137887,0.0081140811666919,0.0107372728281508,0.022712484655158,0.0280433468189805,0.0257916641508379,0.0285387705264452,0.028406463005619,0.0289535092309628,0.0258843022996708,0.0271185971686113,0.0262033626643251,0.025361440207189,0.0293345668090793,0.0332478387547179,0.0309743825864923,0.0300678583226995,0.0270596533746449,0.02520785839235,0.0232069075521993,0.0185580487702336,residential,8,summer,1,5,192.0901905,960.4509525,0
7,2021-08-22,0.0141912394763039,0.0129787426295555,0.012219358770482,0.0106795334868413,0.0111659882886006,0.0138249718916958,0.0243767566996921,0.0297061725692515,0.0312860027045693,0.0290794966493486,0.0314993828378235,0.0275661184114019,0.027176303007615,0.0272069148086786,0.0273093865130989,0.0273094366292603,0.0309724132280221,0.0343809900958634,0.0321958134380306,0.0313252339369962,0.0301971589020234,0.0277977662838594,0.0255903763192167,0.0209622327245636,residential,8,summer,1,5,192.0901905,960.4509525,0
7,2021-08-23,0.0151175879704325,0.0138012167123463,0.0129805919969638,0.0127636767941289,0.0117636484126528,0.0151565744864355,0.0274650613222155,0.0316373495854707,0.0308139294885964,0.0299157072607777,0.0321965603060948,0.0315826390317484,0.0296065301539766,0.0301811889348041,0.0285575558862207,0.0299170459656504,0.0318910894368084,0.0353501892207415,0.0344266969927045,0.0318794505009222,0.0290798258067391,0.0279454212023766,0.0258408442669619,0.0190954216701247,residential,8,summer,0,5,192.0901905,960.4509525,0
7,2021-08-24,0.0166931081447244,0.0154045460933395,0.0124182806587108,0.0127300306280581,0.0118422255115676,0.0152188094922584,0.0275638718010495,0.031754159217535,0.0327305441627593,0.031582967626791,0.0335371245443895,0.0340272005595872,0.0292673603654263,0.0298720324302865,0.0302942335058001,0.0308919412247542,0.0334568651804528,0.0390192294501356,0.0341982019093775,0.0331726175972643,0.0299597846831346,0.0280423743628415,0.0259509596720156,0.0196855196901767,residential,8,summer,0,5,192.0901905,960.4509525,0
7,2021-08-25,0.0169850229351296,0.0155569302137767,0.012193048619819,0.0130343517610464,0.0120925444038325,0.0156073219747965,0.0279347513102268,0.0307348861405494,0.0339808442865764,0.0349601859839264,0.033042576517217,0.0337391394223802,0.0305634676656473,0.031204179328059,0.031416891011368,0.0319850382194664,0.034229378877221,0.0405027908365583,0.0360755451071384,0.0352101511088351,0.031658452588224,0.0295184370455214,0.0273120406226336,0.0206005356109375,residential,8,summer,0,5,192.0901905,960.4509525,0
7,2021-08-26,0.016876255797998,0.0156547938660273,0.0134391375007967,0.013256473292216,0.0138164593176486,0.0169843866607481,0.0283161642463212,0.0338936604619711,0.0339559359673558,0.0354097571950167,0.035812494567146,0.0346039090269368,0.0311058808721412,0.0303059701985549,0.031695110187797,0.0311154943914133,0.0350658962771232,0.0399891800372199,0.0374857249129331,0.0360300551653494,0.0309320435168834,0.029007502408814,0.0271114821402641,0.0205245627441125,residential,8,summer,0,5,192.0901905,960.4509525,0
7,2021-08-27,0.0167452562279638,0.0156589195309821,0.0148451076571867,0.0149091875256883,0.0139581995067731,0.0175003412314376,0.0296249070459201,0.0337512519117869,0.0339385055741181,0.0341488534830482,0.0349991813760838,0.031549898354014,0.0317018555978448,0.0310551056563536,0.0269847340666682,0.030495620970024,0.0329580734094341,0.0328874109038428,0.0364283342913135,0.0340985252837168,0.0299471030754528,0.0289549254454571,0.0268629838495871,0.0197999702531959,residential,8,summer,0,5,192.0901905,960.4509525,0
7,2021-08-28,0.0150048075437112,0.0156295700508075,0.0133864802868069,0.0132756961226322,0.0136751098414601,0.0180411721539301,0.0293294635569099,0.0332168666681334,0.0330201985552802,0.0341306643187825,0.0335404591638121,0.0325005669434856,0.0332342191299414,0.030394789341928,0.0288807675019077,0.0299504379676669,0.0349507599690864,0.0352053863345909,0.036722492648837,0.0326755195265011,0.0306029739298364,0.0277009761765327,0.0256060019011082,0.0202609534167222,residential,8,summer,1,5,192.0901905,960.4509525,0
7,2021-08-29,0.0164799566925432,0.0153818373291882,0.0134681157750487,0.0130270473594685,0.0135365805572986,0.0165247511965738,0.0293992278221403,0.0322287180319833,0.0328068529825145,0.0343806182836863,0.0342885655584984,0.0340618405716888,0.0302869875873568,0.0326037018651431,0.0327183417396693,0.0299933803292519,0.0312548222246369,0.0366071664854123,0.0354079115117045,0.0332749838234669,0.0326156536830909,0.0290965186653901,0.0255325780432415,0.0216254974018316,residential,8,summer,1,5,192.0901905,960.4509525,0
7,2021-08-30,0.0165208536049721,0.0154479766252334,0.0149265250927209,0.0146017585128044,0.0136188649361183,0.0174894631450796,0.0295087472661561,0.0335104986724373,0.0327254221774817,0.0351843385076354,0.0349655568665288,0.0340809834444488,0.0312338820860987,0.0338771425032098,0.0345721174234131,0.0296916439310923,0.0309253675016018,0.0357460738128497,0.035385153728599,0.0333310180244242,0.0315860459948446,0.0295622720522748,0.0269140104314141,0.0202771549852445,residential,8,summer,0,5,192.0901905,960.4509525,0
7,2021-08-31,0.0164627336494093,0.0153666522168118,0.0137806849349341,0.0131041656919458,0.0150879936026201,0.0174615597815181,0.0294246484514085,0.0336259952985949,0.0338035869967484,0.0339802094115097,0.0357839285410098,0.0335474281625359,0.0281654239304988,0.0268242909622735,0.0280142155561104,0.0235500276917482,0.0250148863090714,0.0306148091260292,0.031216692995104,0.0303002221003517,0.0290095992622673,0.0266667227504222,0.0245474982078798,0.0195808259079064,residential,8,summer,0,5,192.0901905,960.4509525,0
7,2021-09-01,0.0148561419578616,0.0130755686012891,0.011877590874576,0.0116995090402298,0.0121419604658447,0.0160227188491799,0.0279909300677102,0.0304255885703754,0.0297596305051334,0.0303514364568189,0.0271264441588214,0.0264652404518903,0.0220975794022098,0.0229527864873242,0.0200919537595177,0.0229286374451269,0.0246527964354669,0.0253964496359318,0.029421992952995,0.0301136756574822,0.0260518205262482,0.0233203461850136,0.0212793121627631,0.0157153768409722,residential,9,autumn,0,5,192.0901905,960.4509525,0
7,2021-09-02,0.0125028113107144,0.0112837423136062,0.0088991631741203,0.0104984438710207,0.009604750730548,0.0134289917625922,0.0267660182324716,0.0297049400126385,0.0301674539276807,0.0311434542927651,0.0308822734366568,0.0289921174898647,0.0285749981918242,0.0315453220631921,0.0262428304275705,0.027573317054387,0.0289867815911494,0.0288992386714684,0.0310705194173205,0.0304043913197736,0.0279025259643741,0.0252109103716558,0.0246698653372624,0.0182080065933488,residential,9,autumn,0,5,192.0901905,960.4509525,0
7,2021-09-03,0.0143151013950185,0.0144444133861212,0.0114039325759828,0.0120076853655819,0.012508858089137,0.0132400798563036,0.0272428201671827,0.029875143621999,0.0276726766598815,0.0314607343705461,0.0252011421203882,0.0261461984720955,0.0252202944247728,0.0259772192133612,0.0247559900512077,0.028839006292556,0.0286173025623643,0.0322656152264209,0.0326005244103535,0.0301556080637499,0.027520624404497,0.0267547567533384,0.0247352008827842,0.0176456804896516,residential,9,autumn,0,5,192.0901905,960.4509525,0
7,2021-09-04,0.0141487504298102,0.0129553402405326,0.0109950992942701,0.0120922252153054,0.0112068432979536,0.0151211051268783,0.0272431625446692,0.0312951460773735,0.0304137525770391,0.0343145148145056,0.0316972321821688,0.0300860878362519,0.0315745317282947,0.0353488320997407,0.0292468996752303,0.0302859707414322,0.0297707952980412,0.0255698759840355,0.0331506564154141,0.0325482199728041,0.0276085737409963,0.0257374765097003,0.0249973596214096,0.0181702805121911,residential,9,autumn,1,5,192.0901905,960.4509525,0
7,2021-09-05,0.0161764515806432,0.0150450103875569,0.0121676260646199,0.014159675525069,0.0131645929847841,0.0157532816520677,0.0276461309799732,0.0318452358581711,0.0315640405590528,0.036128198237679,0.0324442798810172,0.0317190714621956,0.031550512122365,0.0338045664555538,0.0265331554885882,0.0310458616316388,0.0308614348698311,0.0323388186501531,0.0349729539500029,0.0343455394514626,0.0290519050138807,0.0273723372926925,0.0264901033338495,0.0190431945192224,residential,9,autumn,1,5,192.0901905,960.4509525,0
7,2021-09-06,0.0161595809788053,0.0135982649752923,0.0120248093858948,0.0127706603560846,0.0132414974711795,0.0157581708466796,0.0291764543934264,0.0333728132648451,0.0323290951537413,0.036039839761161,0.0341423877369338,0.0260877723897439,0.0331261177349485,0.033254219652036,0.0269824496649198,0.0295071874678421,0.0325903290652322,0.0318114538189686,0.0365480551338432,0.0340317819576759,0.0287996615500183,0.0285849795686967,0.0251571980722292,0.0187286934772442,residential,9,autumn,0,5,192.0901905,960.4509525,0
7,2021-09-07,0.0160872434312967,0.0134729147355151,0.0118603801601517,0.0125705209004312,0.0131256186074096,0.0158991905810567,0.0305180626590283,0.0332995283348559,0.0320192520870971,0.0353494598502535,0.0335557493070269,0.0312698168972367,0.0314866825069336,0.0354078969325037,0.0299956236293609,0.0328295512815522,0.0322985507444072,0.0325548922103488,0.0364941779738931,0.0339931025222361,0.0293343940240395,0.0285080748753498,0.0265194700274429,0.0193005251884004,residential,9,autumn,0,5,192.0901905,960.4509525,0
7,2021-09-08,0.0163143898621222,0.0151543442243731,0.0127454762923046,0.0129305125392304,0.0134219582286106,0.0165635342231573,0.0293524083567086,0.0321460409723885,0.0318655041260068,0.0340193341472951,0.0340391513715797,0.03239006000463,0.0337313867678273,0.0333306398544786,0.0298278123986703,0.0311085405432637,0.0262606185084113,0.0322272407321901,0.0336459229560452,0.0326118557501746,0.0291736006222025,0.0272639395286794,0.0251934695445887,0.0196981011511072,residential,9,autumn,0,5,192.0901905,960.4509525,0
7,2021-09-09,0.0162994125900984,0.0150646086978315,0.0127845423260704,0.0126643455809184,0.0130184334023621,0.0161936611671699,0.0287473087383699,0.0314551401940093,0.0316535276342594,0.0356011071525402,0.0337787375168682,0.0327907019043308,0.0342840210572554,0.0359836258740582,0.0305583156838715,0.0334552063105973,0.034162366834046,0.0314574465268444,0.0353209803909021,0.0333561152994344,0.0296014486987416,0.0303026364203472,0.0268575516423299,0.0200492612923907,residential,9,autumn,0,5,192.0901905,960.4509525,0
7,2021-09-10,0.0178134077223265,0.0167203938942373,0.0135422629020682,0.0143963076839424,0.0149697204051384,0.0174126116815443,0.0293374582959017,0.0332770375330685,0.0322541958441265,0.0344489740214678,0.0344642176402841,0.0325298041609654,0.0343263828881412,0.0376018903530346,0.0296701615299695,0.0330961466599927,0.0340160527923109,0.0303810740693532,0.035311194325456,0.0338325881418488,0.0291400998054165,0.0286191276647347,0.0265470584273284,0.0198520022349809,residential,9,autumn,0,5,192.0901905,960.4509525,0
7,2021-09-11,0.0163020193217422,0.0138135004010277,0.0125592779006416,0.0128047054833968,0.0118862191751541,0.0161007126321966,0.0275211800536859,0.0313792886314285,0.0300526621162273,0.0323871885052308,0.0326507396760351,0.029108741730517,0.0339573128247176,0.0352153437554287,0.0239372701134856,0.0282974084367116,0.0296952724044172,0.0313801263311245,0.0356988326415751,0.0331798106294201,0.0283210493468379,0.028048443024105,0.0263023990460971,0.019518336918437,residential,9,autumn,1,5,192.0901905,960.4509525,0
7,2021-09-12,0.017630445746702,0.0148680053378854,0.0129873988429275,0.0139624924060601,0.013078455577111,0.0164375731838462,0.0288716607112745,0.0313643410549232,0.03086504110422,0.0323723056716087,0.0339143964099854,0.0292647398559217,0.032029625749497,0.0341320166222043,0.0311486388644356,0.0317400294705789,0.0312924989279467,0.0323618832969023,0.0344278254801753,0.0338951044424816,0.0283271040141189,0.0269402984921558,0.0250583154239243,0.0191582425067504,residential,9,autumn,1,5,192.0901905,960.4509525,0
7,2021-09-13,0.0161790785458937,0.0149949331980034,0.0126691588659291,0.0126623697635511,0.013077523799581,0.0159307768270017,0.0275354769882941,0.0315910628210578,0.031258823309409,0.0351608453573934,0.0346614048410762,0.029897679723129,0.0303646597030689,0.0325844818448911,0.031481299367462,0.0302545827911083,0.0298009470019954,0.0337221193494224,0.0341111581231389,0.0318646975428766,0.0289377170662826,0.0284157585242314,0.0262902423864498,0.0190006409051453,residential,9,autumn,0,5,192.0901905,960.4509525,0
7,2021-09-14,0.0158162467106943,0.0146975002424925,0.0119246630483945,0.0124154123631806,0.0128522849993924,0.0154425750500497,0.0274049203832099,0.0315974999865091,0.0322495706898086,0.0355027938231711,0.0351540360993531,0.0309322812586264,0.0306482988005228,0.0346364502588437,0.0283046585516548,0.029390894298164,0.0301833627476938,0.0271782097505321,0.0327403877283656,0.032016796225045,0.0286313873875565,0.0268330120807898,0.0246929306917112,0.0187148280212337,residential,9,autumn,0,5,192.0901905,960.4509525,0
7,2021-09-15,0.0156950135900581,0.0144757695982877,0.012126491770083,0.0136069338695397,0.0142113196115358,0.0139277227667875,0.0274433799257363,0.0315292526896606,0.0296659688348604,0.0351250172861221,0.0352329330377103,0.0310421161449176,0.0327784122927546,0.035867601138962,0.0277757582321024,0.0268011100674342,0.0297119001729955,0.0313532795635432,0.0360618583104078,0.0335693658807398,0.0284206972862861,0.028318284729735,0.0249052095462585,0.0188605574876951,residential,9,autumn,0,5,192.0901905,960.4509525,0
7,2021-09-16,0.0161111398471369,0.0148695051800752,0.0125284281303161,0.0127291422955883,0.0132293579216134,0.0163843778602214,0.0277513944861436,0.0318286893503303,0.0322608982417563,0.0353577338673474,0.0351180206845231,0.0312985542181649,0.0326111828107838,0.035461980765198,0.0212149283820262,0.0303753320268576,0.0305459463938197,0.0303877507959975,0.0350779600178749,0.0327383424054711,0.0278980287922188,0.0271110356144837,0.0249230010318254,0.0183185728572503,residential,9,autumn,0,5,192.0901905,960.4509525,0
7,2021-09-17,0.014623795539644,0.0134219773126876,0.0119564508426163,0.012603293692427,0.0131086802481962,0.0151454072232448,0.0276514814317381,0.0317498973631949,0.0314356379043715,0.0330500925044828,0.032907048861769,0.0296032258275891,0.0325405197683607,0.0355234128525117,0.0298588165450515,0.0316998405647324,0.0253512076239272,0.0331452912224876,0.0345953446365026,0.0339813168962185,0.0292859594355157,0.0287863201913186,0.026622338420887,0.0193721919069656,residential,9,autumn,0,5,192.0901905,960.4509525,0
7,2021-09-18,0.0161938103487411,0.0149294922004694,0.0126991502352807,0.012526844912195,0.0131077458427371,0.0163170941870602,0.027757536557299,0.0316831082855392,0.0314737934266103,0.0347529255511551,0.0346417462518415,0.0311356363061806,0.0344199918876898,0.0396549870040412,0.028903749304966,0.0309778683017445,0.0321050329071751,0.0298743243385377,0.0334010594076424,0.0310418171737872,0.0272082618187429,0.0276661767593482,0.0243498133116248,0.0181160027928379,residential,9,autumn,1,5,192.0901905,960.4509525,0
7,2021-09-19,0.015730268991155,0.0146747473120585,0.0123240272269808,0.0124653851181802,0.0128889425587267,0.0163182910277116,0.0275782381838364,0.0316131646417992,0.0303416695898236,0.0343232354016578,0.0327233791768973,0.0294963305236445,0.0298298067441506,0.0332624929985069,0.0288157515574108,0.029048565883364,0.0289664605661891,0.0299751377838309,0.0264431273873366,0.0258840831298658,0.0241947688514812,0.024613612107359,0.022285265602197,0.0153000812123277,residential,9,autumn,1,5,192.0901905,960.4509525,0
7,2021-09-20,0.0115713266276719,0.0100832943706363,0.0076218667416864,0.0076548124906969,0.0079305939995503,0.0110558454974438,0.022355239904619,0.0244544585650364,0.0235256885929486,0.0219364646635643,0.0218200576744223,0.0174510514709525,0.0191993825455591,0.0194869164969218,0.0149636472296713,0.01817978222933,0.0195977121676304,0.0217472059293335,0.0259210189603938,0.0252087378027304,0.0219021015671722,0.0199954084658367,0.0178879629625794,0.0120074619986678,residential,9,autumn,0,5,192.0901905,960.4509525,0
7,2021-09-21,0.0069173373281755,0.0056912107957424,0.0038749660930876,0.0036851885425576,0.0040326224873247,0.0064702021128039,0.0186289300535478,0.0210150215736132,0.02053227413828,0.0207944269546801,0.0200740832663528,0.0187584324673666,0.0190998236259221,0.0189468573766999,0.0170617502477151,0.0193125707453572,0.019456489844751,0.0227452757185307,0.0260098507130074,0.0254526433064939,0.0225614579891714,0.021584344794521,0.018427558740278,0.0127348438909436,residential,9,autumn,0,5,192.0901905,960.4509525,0
7,2021-09-22,0.0074929133017707,0.0062660732886205,0.0043667093460904,0.0034407079190407,0.0038078130150162,0.0074042861954697,0.018515895550363,0.0216480489404546,0.0209917266918052,0.0209000051152646,0.0217641024150879,0.0204745806700574,0.0208204546471985,0.0220520297969714,0.0189938091101423,0.0214515204383405,0.0226982074580648,0.0228452062014351,0.0275690339048007,0.0257827186580842,0.0227414639569897,0.0221461025400132,0.0200827731066383,0.0129590178396304,residential,9,autumn,0,5,192.0901905,960.4509525,0
7,2021-09-23,0.0101655999778304,0.0079319622531566,0.0061159397283738,0.0059970019042215,0.0063509923165138,0.0094328290337812,0.0219748480106846,0.0242862238660434,0.0223703776835428,0.0230445958137795,0.0228177474211338,0.0184995610947973,0.0190896580958142,0.0206791260302629,0.0146897464715108,0.0182010901764398,0.0198871971448744,0.0213712079677836,0.0261088073115772,0.0256484798187441,0.0220643165470347,0.0218353839593799,0.0176678068749602,0.012249704391534,residential,9,autumn,0,5,192.0901905,960.4509525,0
7,2021-09-24,0.0088643717496912,0.0067603284956772,0.0054340962173542,0.0059413625089965,0.0062200272593311,0.0092162781127053,0.0208252913636575,0.0230757647398103,0.0214491430271883,0.0213038251665179,0.0194968719755634,0.0178206063323088,0.0183308868557688,0.0198972687773839,0.01527527189332,0.0156050480849294,0.0163423418674179,0.0191399625360451,0.021990034719868,0.022341278890598,0.0205612151996789,0.0193882709195409,0.0182981328193789,0.0117904735572117,residential,9,autumn,0,5,192.0901905,960.4509525,0
7,2021-09-25,0.0082798721219274,0.0071377202752175,0.0052362005497941,0.0062562156335078,0.0067170821350587,0.0092254484779889,0.0213944534519746,0.0235616482072048,0.0218758289509055,0.02125466936711,0.0196942360517159,0.0166633431714743,0.016878839257812,0.0159696575674876,0.0120695374930326,0.0156298806697996,0.0162609659619717,0.0194274692187446,0.0233168663711524,0.0227299965337637,0.0196807004887887,0.0178823280531389,0.0139173830837455,0.0095386564735036,residential,9,autumn,1,5,192.0901905,960.4509525,0
7,2021-09-26,0.0061137243789837,0.0039065433974175,0.0041566432023806,0.0041554490347196,0.0046054946566319,0.0092064219553827,0.0203762268848853,0.0235939791795393,0.0227614577242566,0.0235901248937553,0.0236576223062054,0.0214656571948315,0.023703821549108,0.0274142923783453,0.023910863750632,0.0233247650665936,0.0247962478396157,0.027433265835929,0.0300264024110246,0.028383278861601,0.0246336368450037,0.0235483408810328,0.0215399493280999,0.0148958619019911,residential,9,autumn,1,5,192.0901905,960.4509525,0
7,2021-09-27,0.0113268763829915,0.0089598654534798,0.0079471733002583,0.0081862124845042,0.0086702141760079,0.0122036989191881,0.0247089389367919,0.0273491975788409,0.0281031255317835,0.0299610515028783,0.0298932866956788,0.0283700541651638,0.0310751401710025,0.03086472926912,0.0261589661722375,0.0281453721338815,0.0311051825095892,0.028230387996156,0.0299148377569166,0.0298256185495836,0.0267692964858595,0.0249900858606629,0.0229385505793204,0.0169091348094059,residential,9,autumn,0,5,192.0901905,960.4509525,0
7,2021-09-28,0.0125310244107323,0.0113645533300356,0.0097319494760014,0.0105354513930528,0.0097334202277365,0.0134903161706568,0.0268165217616645,0.0292788700092566,0.0288361161891775,0.0312381037147375,0.0317424616940884,0.0284859821652936,0.0307477769392592,0.0316212905827001,0.0283054709773418,0.0295557280518472,0.0293170757235695,0.0309582560829395,0.0360897327975812,0.0339860494982621,0.0287726828039519,0.03044398986138,0.0269883099045528,0.0165197562649655,residential,9,autumn,0,5,192.0901905,960.4509525,0
7,2021-09-29,0.014226905653604,0.0148211525791364,0.0097986207343882,0.0143817385230489,0.0146653186112658,0.0171685975146833,0.0273393070980951,0.0292963395883551,0.027697298119165,0.0279404169546909,0.0255879002555094,0.0222616497318797,0.0237295591092536,0.0256044597163743,0.0225390236427709,0.0183790079153431,0.0232645871252161,0.0245865859840877,0.0280592594843853,0.028684247052558,0.0271057968162982,0.0258841841578381,0.0235276117580956,0.0158740398230784,residential,9,autumn,0,5,192.0901905,960.4509525,0
7,2021-09-30,0.0133350059877179,0.0124393074980828,0.0106378999129268,0.0113952463370049,0.01187060864862,0.0143384716647496,0.0279663529156592,0.0306025357518549,0.0306072006717477,0.0316374243208105,0.0322144118793764,0.0268228455506303,0.0287005740549497,0.0291580907162252,0.0263466905504964,0.0235939105712918,0.0208081806735069,0.0263842144217718,0.029779277903725,0.0290103142795268,0.0268956767910226,0.0253592844914702,0.0237868770980501,0.0188850686996889,residential,9,autumn,0,5,192.0901905,960.4509525,0
7,2021-10-01,0.0150890838347557,0.0130004300152908,0.0112962353651491,0.011060958914677,0.0112483706044759,0.0154035895465649,0.0274506235248549,0.030283949684882,0.0309090298308582,0.0315608514095873,0.0320456162557834,0.0320053916319424,0.0302411276269668,0.0345189533923671,0.0360921403296992,0.0301336673407034,0.0293769264890546,0.0324457512942382,0.0329565690524608,0.0326975916586243,0.0299816946639207,0.0276638457478084,0.0255655963749619,0.0200206378123068,residential,10,autumn,0,5,192.0901905,960.4509525,0
7,2021-10-02,0.0149358326261768,0.0152375733950645,0.0125216552389704,0.0143926283866196,0.0132601589951197,0.0160786238775908,0.0293210739765853,0.0321087858042422,0.0315016887985839,0.0334265880589337,0.0339989861449256,0.0296182986730845,0.0303426577106524,0.0329540721374176,0.0373232606595794,0.0291371281605148,0.0282198638249634,0.0313708731143203,0.0338168141124003,0.0319054728075193,0.0294451225580738,0.0281004354497605,0.0257285612141884,0.0184208549537924,residential,10,autumn,1,5,192.0901905,960.4509525,0
7,2021-10-03,0.0164551212747224,0.0149915657050836,0.013700053306493,0.013005192550643,0.0133213819248366,0.0147778490460478,0.0278260474186061,0.0318293293267766,0.0305815768737028,0.0311976102756839,0.0318772210846432,0.0290955504338993,0.0299480234341642,0.0327187365764438,0.0344470826262217,0.0276166055704455,0.0284849200722461,0.0306266299469638,0.0332206016307463,0.0309977835814873,0.0276809935653873,0.027060854518935,0.0249892025601866,0.0169634763838464,residential,10,autumn,1,5,192.0901905,960.4509525,0
7,2021-10-04,0.0144835665028144,0.0133225899420066,0.0101628675430603,0.012282936788641,0.0126807139530431,0.0138181634686502,0.027352388422637,0.0301895319703867,0.030001853825532,0.0309643070374881,0.0300537259642802,0.031397531902393,0.029566059825225,0.0312490180901651,0.0331901073615622,0.0280652374881297,0.0273052527426016,0.0292855293491616,0.0312692463594895,0.0309132604468266,0.0274512807066308,0.0270976857825548,0.0249487543672055,0.0169851365762966,residential,10,autumn,0,5,192.0901905,960.4509525,0
7,2021-10-05,0.0143612077105092,0.0132163618983066,0.0099412398334661,0.0121189479700852,0.0112658656580509,0.0132875279544176,0.0273460385665112,0.0301853350185948,0.0301814657226152,0.031132087075842,0.031601555610591,0.0303749698634128,0.0291930157626257,0.0327106171031828,0.0340682995983113,0.0301239795434245,0.0303222306647806,0.0286603468836556,0.0330475980779339,0.0313172467310479,0.0285958847042952,0.0264727083054897,0.0259220709407557,0.0184807092566516,residential,10,autumn,0,5,192.0901905,960.4509525,0
7,2021-10-06,0.015289352930421,0.0127548417752805,0.0114272354677024,0.0121066573869007,0.0126306857140559,0.0154237512493967,0.0284134616499538,0.0311285386215054,0.0304485527448206,0.0297763156941563,0.0299631831769139,0.0254849469632045,0.0275792742617292,0.0267885287830723,0.0229222056920898,0.0229397643321271,0.022100169577894,0.0214543442658432,0.0267615496573295,0.0259717849698039,0.0225578426307965,0.0216638006897554,0.0194959201995951,0.0126388600464862,residential,10,autumn,0,5,192.0901905,960.4509525,0
7,2021-10-07,0.00941516451737,0.0072347351439351,0.0051756894834708,0.0061926895748903,0.0065329142675289,0.0101685677745798,0.0234253691111367,0.0257251889688192,0.0241345333863777,0.0244789313170399,0.0247792968814574,0.0253104540653843,0.027283110924471,0.0281132689261615,0.0256929270355488,0.0249816775104198,0.0261591881486701,0.0259113155883448,0.0298125887252182,0.0292324495312573,0.025239789955814,0.0239788346145123,0.0219752508180215,0.0155105742183434,residential,10,autumn,0,5,192.0901905,960.4509525,0
7,2021-10-08,0.0117465238373818,0.0105885673759859,0.008604158892602,0.0098360471514896,0.0103100025850795,0.0123894134565214,0.0250535554270666,0.02906148153009,0.0281605642034175,0.0285430079455973,0.0306208819141398,0.0266498093097886,0.028900254158169,0.0327162683097605,0.0311866920802725,0.0250400056162358,0.0261186149897037,0.0285321588145138,0.0310128141952944,0.030494441721994,0.0269870173525806,0.02517919302913,0.0229597497582593,0.016453005440092,residential,10,autumn,0,5,192.0901905,960.4509525,0
7,2021-10-09,0.0137803472130914,0.0126120904384268,0.0098036831319445,0.0103142238536019,0.0095424642048614,0.0132067655612232,0.0254759096485826,0.028067080252833,0.0281653563558145,0.0297116273750632,0.0300208014982296,0.0279013175417033,0.0285352960783358,0.0306784003011135,0.0289843345464129,0.0272655983875162,0.0253068872554895,0.0274448737653819,0.0307521772746277,0.0300470397764155,0.0258563673192117,0.0247906485569172,0.021472075904001,0.0160212091071509,residential,10,autumn,1,5,192.0901905,960.4509525,0
7,2021-10-10,0.0124438555261911,0.0112997792641204,0.0095289089209231,0.0091720717454549,0.0107549067727219,0.0133567292163417,0.0253601438050409,0.0281062407256461,0.0280325937561832,0.0287741948512141,0.0291783969761615,0.0283149370156947,0.0270865798507876,0.0290614062943338,0.0312824642265195,0.0251623727345367,0.0259741528137747,0.0273879216126984,0.0313771194915672,0.0294370307274317,0.0262852122802079,0.0252115415431592,0.023117495340093,0.0162446673408669,residential,10,autumn,1,5,192.0901905,960.4509525,0
7,2021-10-11,0.0139372991285091,0.0114575705152055,0.0089349677596496,0.0104892602776201,0.0109400306343038,0.0127468242148258,0.0269072204431661,0.0297276892456054,0.0288593053039503,0.0295721909862108,0.0299456796828738,0.0285659925883918,0.0277892603213516,0.031719316720365,0.0339634592639063,0.0288485777208379,0.0297487122608931,0.0300815164422636,0.0329404880151741,0.0325809666667933,0.0286554420825321,0.0274458262555461,0.0252841007503218,0.0180260240795778,residential,10,autumn,0,5,192.0901905,960.4509525,0
7,2021-10-12,0.0147272820959433,0.0135943466044078,0.0111014002986118,0.0126450159647076,0.012968651018395,0.0144820068406971,0.0289039388877527,0.0316481313344444,0.0304267820664679,0.0314218645351245,0.0319626766251367,0.0285936563455102,0.0302752184994846,0.0323326511262161,0.0336479868762436,0.0295988389336284,0.0304531801700871,0.030820579609334,0.0338935330998426,0.0331337959338593,0.0287225115767592,0.0276194192722888,0.0255738499641443,0.0187881798666233,residential,10,autumn,0,5,192.0901905,960.4509525,0
7,2021-10-13,0.0164273944966785,0.015246525538264,0.0118174263374104,0.0078176194466871,0.0090559094990595,0.0107753976352711,0.0237505015321359,0.0261115513595458,0.0254775534180941,0.0249534229235877,0.0248508234035441,0.0225783502642538,0.0224820452900461,0.0243596973702163,0.0229857248789222,0.0224571277315709,0.0238752078184766,0.0264323976008242,0.0288821835869859,0.0281860676410876,0.0243902021324201,0.0229641838510857,0.0208440768431877,0.0149994847047356,residential,10,autumn,0,5,192.0901905,960.4509525,0
7,2021-10-14,0.0117012794870324,0.0105549805928609,0.0078493731225445,0.0083582714141507,0.0087797462488846,0.0098761816945202,0.0236005042842611,0.0258119101072245,0.023819021404166,0.0241186660145381,0.0215968939809442,0.020581623645485,0.0219295261614046,0.0235637630242617,0.0209288970161066,0.0212478561220098,0.0211836542667754,0.0231422643356022,0.0276652963110773,0.0258346572810185,0.0233779554403895,0.0218578337176301,0.0197602874610604,0.0132698402506669,residential,10,autumn,0,5,192.0901905,960.4509525,0
7,2021-10-15,0.0093604966992194,0.0082127966067703,0.0059789908422963,0.0061592593544813,0.0065637824827369,0.0095940733540143,0.0224108174617301,0.025001023691688,0.0230429003278909,0.0255338913956828,0.0259148885664381,0.0225371913323237,0.0236810296598024,0.0253376738953209,0.0265087857646586,0.0228808617782619,0.0212583763322863,0.0243824125304145,0.0276523629820993,0.0271090259303201,0.0237494979369202,0.0220596831286567,0.0199604795702364,0.0131799332266269,residential,10,autumn,0,5,192.0901905,960.4509525,0
7,2021-10-16,0.0099326161154952,0.0087970510697978,0.0069177832397936,0.0067106426513518,0.0071305516956753,0.0097379772394337,0.0218631822801669,0.0242430861833715,0.0243060252873396,0.0240714557934665,0.0240962518592036,0.0218401096927235,0.0217796194367643,0.0244421065878691,0.0225755602494002,0.0216170380774453,0.0217924120478322,0.0240555322338224,0.0282419374622552,0.0265177053789267,0.0226276410908679,0.0215024262268602,0.0184848244390694,0.0124394194653728,residential,10,autumn,1,5,192.0901905,960.4509525,0
7,2021-10-17,0.0084320332977752,0.007231065875819,0.0051095670869699,0.0063225441990128,0.0057462654384143,0.0085991850859104,0.021520058143492,0.0237865082117271,0.022726926034536,0.0233604108286881,0.0236924449157198,0.0210075406632708,0.0230927030234908,0.0249711144996568,0.0253292603944492,0.0222619872946207,0.0230864333400828,0.024104928499231,0.0269106841722471,0.0251442463031913,0.0229206432394239,0.0211619914783021,0.0180858946228487,0.0126832905081157,residential,10,autumn,1,5,192.0901905,960.4509525,0
7,2021-10-18,0.0094002651113739,0.0072964780568212,0.0061116512438256,0.00640024639725,0.0067368221003422,0.0098047251206351,0.0213996315108249,0.0236398152047083,0.0229975741008531,0.023320828882012,0.0247310280783212,0.0208953274745717,0.0227820698575584,0.0249699351017429,0.0247326539350133,0.0223666307690524,0.0220006670795315,0.0241771748562558,0.027054231805594,0.0252836885032498,0.0231445204570091,0.021252238605576,0.0173178934672827,0.0122294269088407,residential,10,autumn,0,5,192.0901905,960.4509525,0
7,2021-10-19,0.0096322809477053,0.0084110080329418,0.0058508487668283,0.0062793387266607,0.0057588934162118,0.0090748439990192,0.0213960593888679,0.0235570080359027,0.0227392237965807,0.0232321000278413,0.0234076565866694,0.0210532187604372,0.0228036072457013,0.0264392111358998,0.0260893812877958,0.0213404307442323,0.0223318690321046,0.0247750463110648,0.0273719214817809,0.0255134226056012,0.0225583274145386,0.0217252406846004,0.0186494441853703,0.0128211973762352,residential,10,autumn,0,5,192.0901905,960.4509525,0
7,2021-10-20,0.0098485864423045,0.0076436637274312,0.0061540535373915,0.0067116272111611,0.0061263933759779,0.0100567532031074,0.0220960425035827,0.0245019578077007,0.0246582617510101,0.0249311932364166,0.0250830565211471,0.0217684742532316,0.02388869354682,0.0276471079676161,0.0256825664872333,0.0216285165189203,0.0224621165189828,0.0229125646718291,0.026487933361212,0.0261472431289005,0.0222465684443373,0.0199988380628931,0.0178295441689668,0.011970610680329,residential,10,autumn,0,5,192.0901905,960.4509525,0
7,2021-10-21,0.0076764731245914,0.0064168709163244,0.0048456890499942,0.0043384993792426,0.0046990230840379,0.0081801630935945,0.0207063206666225,0.0241986282014565,0.0233198624593316,0.0247877535601773,0.0239382963342203,0.0211307137814949,0.0227342346043452,0.0246432218753661,0.0275496970861417,0.0204557207559805,0.0210699863141693,0.0224371950118763,0.0252044133500124,0.0247455785800348,0.0216323754868531,0.0195606853059714,0.0173418162501897,0.0111146122878961,residential,10,autumn,0,5,192.0901905,960.4509525,0
7,2021-10-22,0.0071739474463986,0.0059217580996199,0.0041088550821165,0.0038853694756083,0.0042516582273162,0.0072341060004947,0.0201988542009757,0.0227318647362572,0.0226573449222959,0.023798839238687,0.0243226867926335,0.0219674307750072,0.0219811805564059,0.0241780355561306,0.0231283089295341,0.0199323003433236,0.0205374004653625,0.0213950115084491,0.0244095085999348,0.0228669195354487,0.0204486316027972,0.0187288239351111,0.0165591123723456,0.0104955858557709,residential,10,autumn,0,5,192.0901905,960.4509525,0
7,2021-10-23,0.0066644841549685,0.0055032561402598,0.003803727252538,0.0036593063935511,0.0041005425552667,0.0074723502406095,0.0200661557226344,0.022496251786407,0.0221342422908792,0.0221528580276131,0.0236261383726206,0.0211736194042882,0.021643766954635,0.0227498565296729,0.0264317631342702,0.0196891425697629,0.0206522604286085,0.0228143282239276,0.026025894931537,0.0243949584038121,0.021844719730824,0.0204702492161604,0.018326332450253,0.0120074470056845,residential,10,autumn,1,5,192.0901905,960.4509525,0
7,2021-10-24,0.0081496888184243,0.0069447721013644,0.0053526022175486,0.006000984384972,0.0064584602924956,0.0096107183498578,0.0223157460583146,0.0246820312875444,0.0232068062310306,0.0233097127990461,0.0235415503518579,0.0215803428844269,0.0228863040070388,0.0245906919313742,0.0230314318813152,0.0219147256227749,0.0229343137134509,0.0229853104583959,0.0272734349572934,0.0254270324331013,0.0221755398544705,0.0216861983063394,0.0184092316142222,0.0127589809810495,residential,10,autumn,1,5,192.0901905,960.4509525,0
7,2021-10-25,0.0083906619553461,0.0072078120807809,0.005418561511844,0.0052783406811376,0.0056549235071806,0.0088870548446381,0.0205782914339637,0.0239237700909334,0.0235891745615814,0.0238036638160114,0.0251692685239078,0.0226704069246956,0.0219083214133846,0.024061382930188,0.0245034447081162,0.0204083291542791,0.0214237552010914,0.0237797733885726,0.0277936405618949,0.0257218443608869,0.0219700588715861,0.0206708507306755,0.0186037876599738,0.0123084636911207,residential,10,autumn,0,5,192.0901905,960.4509525,0
7,2021-10-26,0.0084596840727166,0.0072940914935148,0.0058771529900036,0.0063409508815635,0.0063359818290656,0.0097748203728463,0.0223094344348452,0.0253566752026853,0.0250393159930147,0.0248497171400111,0.0252483184535218,0.022180094831149,0.0221096986344463,0.0224403400058462,0.0217291679088021,0.0188029561936906,0.0213140645798385,0.0225451954389663,0.0264367329876711,0.0258111688161441,0.0221611265299599,0.0195633066984637,0.017279335133747,0.0112269161637007,residential,10,autumn,0,5,192.0901905,960.4509525,0
7,2021-10-27,0.0070493709056898,0.0058436884945435,0.0039753496034786,0.004779800395142,0.0041859652879721,0.0077046309106684,0.0200650008393796,0.0224637198860793,0.0210195944811905,0.0211439682480664,0.0224029172132185,0.0193998370007272,0.020622363063565,0.0222942540385114,0.0243970971261106,0.0196644906748679,0.0207003575569326,0.022544376706934,0.0262731748067277,0.0245296254000964,0.0226847336423209,0.0204711103560619,0.018221371504021,0.0120809905218456,residential,10,autumn,0,5,192.0901905,960.4509525,0
7,2021-10-28,0.0091992314114289,0.00696682179663,0.0053143220483044,0.0060951224016272,0.006594076820392,0.009717377460279,0.0227128913166352,0.0252722756627002,0.0236296893687944,0.0243958808127398,0.0256918476132336,0.0229592025921377,0.0208322153588311,0.019800575302432,0.019752142237976,0.01580175352021,0.015160912007686,0.0181199539645208,0.0203416415519188,0.0195396244324026,0.0174357080372666,0.0153027852718272,0.0130605283420238,0.0073176275938141,residential,10,autumn,0,5,192.0901905,960.4509525,0
7,2021-10-29,0.0027819869677994,0.0010778650254964,0.0005490030249297,0.0005335871582003,0.0010607496410192,0.0050045288855511,0.016396858718854,0.0176672400230527,0.0170289012782113,0.0158232279931508,0.016537244274459,0.0144549392746037,0.0159560698387804,0.0172905205015596,0.0132385135631431,0.0147694443272909,0.0152855884600368,0.0170547908045395,0.0209992436958072,0.0203898836186814,0.0169949155674173,0.0166039928811283,0.0137620958302054,0.0077405931661732,residential,10,autumn,0,5,192.0901905,960.4509525,0
7,2021-10-30,0.0038606416759531,0.0018703146471423,0.0005491168883656,0.0005336959234501,0.0010611795225189,0.0050074240822612,0.0164069418141556,0.0184521984515516,0.0179469392965667,0.0165681195518592,0.0162439679254934,0.0144079483923163,0.0157909233431118,0.0179125327495133,0.0170370936660908,0.0153081041837202,0.0156646261772526,0.0183522327259938,0.0213554302022499,0.0199109306865828,0.0180523135341141,0.0159815046619779,0.0139102313060533,0.0085789340888159,residential,10,autumn,1,5,192.0901905,960.4509525,0
7,2021-10-31,0.0049601838895406,0.0038846565315349,0.0019559325145302,0.0021926275256025,0.002646999539801,0.0058620816645494,0.0184604462458447,0.0205780587935291,0.0189729202670864,0.0183944654128452,0.0178914449506169,0.0143264808387604,0.0160350933894196,0.0165459307298293,0.0169247199081081,0.0174556560522618,0.0177664289275158,0.0198409084003948,0.0221368396221177,0.0211070694092596,0.0193156320864994,0.0164549002397938,0.0140290028811662,0.0089525012927521,residential,10,autumn,1,5,192.0901905,960.4509525,0
7,2021-11-01,0.0043199662280346,0.0029990510670485,0.001890809367336,0.0015593745135648,0.0019771044318095,0.0061216317628107,0.018010479751252,0.0206389911619343,0.0206363822045763,0.0218181947495315,0.0221190601437037,0.0195194350310398,0.0191504264890796,0.0218326437399269,0.0206521657711871,0.0173569041820826,0.0186143882207389,0.0212334537763546,0.023150414429823,0.0236059050731704,0.0208973469819479,0.0198262878955765,0.0165510667468325,0.0110040501106117,residential,11,autumn,0,5,192.0901905,960.4509525,0
7,2021-11-02,0.0073949580543229,0.006272713527568,0.0045908036813043,0.0054269988940523,0.0049338845881973,0.0081522191755828,0.0208813895653799,0.0234691921187403,0.0228097746049641,0.0237315658646571,0.0238146645851564,0.0196700235333724,0.0198786218808315,0.0213505996487352,0.0231637281909955,0.0185088783847945,0.0195115076478261,0.0221542327821603,0.0262274714420202,0.0255748198175388,0.0214780444726703,0.0203360469505105,0.0171712174730026,0.0111578267852682,residential,11,autumn,0,5,192.0901905,960.4509525,0
7,2021-11-03,0.0070240494277106,0.0058904464763619,0.0046041164524196,0.004867716216707,0.0053169809717266,0.0089794393160017,0.0212595020346727,0.0236902512354237,0.0228271905833471,0.0225384864295457,0.0231770224219004,0.0226837154693414,0.0220940143191927,0.0208151126295777,0.0201456668549186,0.0171076286100586,0.0185450718453416,0.0219310020898508,0.0251723003420247,0.0233894235762326,0.0209470923136808,0.0191388857571832,0.016903912768699,0.0107720231799822,residential,11,autumn,0,5,192.0901905,960.4509525,0
7,2021-11-04,0.0076492174040696,0.0054894588803264,0.0039719432654684,0.004549553004109,0.0040065412340734,0.0080711480679669,0.0199587943171303,0.0235038756391172,0.0232672125245979,0.0237179855491319,0.0240120869558699,0.0215656708174271,0.0203022900444767,0.0221157448562619,0.0261040837012409,0.0202060836056716,0.0210665587069273,0.0235568826448017,0.0254386855198184,0.0249338462324961,0.0221338313409481,0.0208472251290008,0.0174164026975755,0.0117541736445018,residential,11,autumn,0,5,192.0901905,960.4509525,0
7,2021-11-05,0.0080838826356585,0.0069227200486472,0.0057150065716384,0.0060177773175148,0.0064949352029683,0.0095600973429807,0.0214624422342945,0.0240523057082828,0.0244198678691583,0.0254970991861896,0.0245734321662191,0.024638807232619,0.0223645603865332,0.0257056916454462,0.0278918328651979,0.0208723868162597,0.0217522875158746,0.0244990105779737,0.0273003318463433,0.0254514235987184,0.0229679007545582,0.0202234071356979,0.0191578492837557,0.0123835027524799,residential,11,autumn,0,5,192.0901905,960.4509525,0
7,2021-11-06,0.007674365138163,0.0074651505411673,0.0045995999783011,0.0053719876805065,0.0058219457486738,0.0088670899972972,0.021792178058359,0.0242021903248861,0.0237670108314284,0.0256036221384006,0.0245991681651635,0.0234483881798408,0.0221976342864038,0.0244299860421915,0.0277703878792868,0.0215960922357174,0.0211739205382622,0.0252062436355782,0.0269282906340452,0.0264296047103953,0.0241162432537323,0.0213422601859131,0.0192405624419311,0.0134849024222682,residential,11,autumn,1,5,192.0901905,960.4509525,0
7,2021-11-07,0.010055345311471,0.0088082656802048,0.0065224512685496,0.0067697471060856,0.0072148503399642,0.0103018860809126,0.0232273907992483,0.0258691051116665,0.0254048099528624,0.0261150504896331,0.0250310555199418,0.0243550919401009,0.0226297353824718,0.0229606248433194,0.0277663052735239,0.0208617624561757,0.0216677282097749,0.024481035495515,0.0274394788896509,0.0267915305180849,0.022908822094971,0.0212768109717209,0.0179545016340076,0.0126412105288892,residential,11,autumn,1,5,192.0901905,960.4509525,0
7,2021-11-08,0.0043086752934196,0.0010822358035628,0.0019842543757162,0.0005346632224889,0.0010650023826976,0.0050331491499871,0.0164966147640508,0.0177749470062279,0.0171319835049194,0.0150851151163593,0.013701403811474,0.0111571528695737,0.00975509355411,0.0101934148091955,0.0107530153387005,0.0087016726375284,0.0102777289677095,0.0134145507806345,0.0156857345726986,0.0150101934082163,0.0137889977905825,0.0113216117445466,0.009773336129179,0.0055652787746607,residential,11,autumn,0,5,192.0901905,960.4509525,0
7,2021-11-09,0.0018442586845239,0.0010826644091129,0.0005502398939049,0.0005347688316552,0.0010654200868464,0.0050359603750581,0.0165064050031934,0.0177855178529878,0.0171421001200584,0.0150939845343542,0.0137094347322535,0.0111636128811053,0.009760698055056,0.0088067175055328,0.0096660407936731,0.0087066210922265,0.0102133351017425,0.0134222223534,0.0156947730910883,0.0150188507101257,0.0137969215658284,0.0113280701076956,0.009778940630125,0.0055683768915512,residential,11,autumn,0,5,192.0901905,960.4509525,0
7,2021-11-10,0.0018451339329838,0.0010830913715477,0.0005503501305804,0.0005348739565235,0.0010658355544585,0.0050387538154081,0.0165161497248569,0.0177960397297607,0.017152169810793,0.0151028128186262,0.0137174284161157,0.0111700429410457,0.0097662765709522,0.009112236029616,0.010681025657423,0.0087986833263166,0.0102661443500284,0.013429858357218,0.0157037696874999,0.015027467872793,0.0138048086027998,0.0113344985268961,0.0097845191460213,0.0055714606460346,residential,11,autumn,0,5,192.0901905,960.4509525,0
7,2021-11-11,0.0018460041251545,0.0010835161677789,0.0005504596307933,0.0005349785535496,0.0010662489636972,0.0050415357776721,0.0165258462051752,0.0178065096800944,0.017162189596635,0.0151115973439632,0.013725382499526,0.0111764411451936,0.0097718274497741,0.010541533523432,0.0119849554713569,0.0096703169286285,0.0110342590321364,0.0138659826663306,0.0161893460675584,0.0150360424232839,0.0138126565685482,0.0117847821127588,0.0097900700248432,0.0055745291173155,residential,11,autumn,0,5,192.0901905,960.4509525,0
7,2021-11-12,0.0018468704889235,0.0010839387709685,0.0005505685541582,0.0005350826003791,0.0010666601924654,0.0050443054438455,0.016535491572997,0.0178169242209167,0.0171721565082588,0.0151203354795978,0.0142777497096239,0.0122616807104886,0.0115182504180761,0.0137814500262102,0.0143724034504065,0.0112765854393409,0.0119958853006198,0.014734171652121,0.0177073051237747,0.0171295772126878,0.0150049357532713,0.0126512837498882,0.010691337053478,0.0055775814025833,residential,11,autumn,0,5,192.0901905,960.4509525,0
7,2021-11-13,0.0018477320018223,0.0010843590079125,0.0005506768669755,0.0005351860632996,0.0010670691197218,0.0050470572330799,0.0165450785211036,0.0178236446893442,0.0171371177583714,0.0150840749717578,0.0142085291226534,0.0126363883336795,0.012318906876025,0.0141450509373607,0.0153747404407033,0.0120225116895948,0.0132140196147251,0.0151968471669632,0.0183164882686109,0.0169311718780805,0.0142879115740615,0.0122988552803355,0.0098010823045742,0.0055806165978723,residential,11,autumn,1,5,192.0901905,960.4509525,0
7,2021-11-14,0.0018485891253078,0.0010847768022682,0.0005507845383175,0.0005352889139622,0.0010674756202533,0.0050497903247508,0.0165546172388434,0.0178339397904156,0.0171469700842434,0.0150927126535827,0.0143438326919671,0.0123781334424019,0.0125038854232542,0.014993156321437,0.0154955364194325,0.013007272177407,0.0133135448227189,0.0160109854416866,0.0184457918071163,0.017775984293114,0.0145155143722536,0.0132195383433918,0.0104114430678593,0.0055836337987741,residential,11,autumn,1,5,192.0901905,960.4509525,0
7,2021-11-15,0.001849440219183,0.0010851919340609,0.0005508915351478,0.0005353911196119,0.0010678795786704,0.0050525086754475,0.0165640919815698,0.0178478062355956,0.0172017105183876,0.0151724595171265,0.0146886155089373,0.0116879545226255,0.011729845074613,0.012650995985037,0.0122989232543611,0.0110958495156733,0.0127012238783549,0.0156414064472303,0.0183976532335145,0.0168887167786507,0.0144923689568765,0.0122044134100261,0.010185385926553,0.0055866321173986,residential,11,autumn,0,5,192.0901905,960.4509525,0
7,2021-11-16,0.0018502849826056,0.0010856045292079,0.0005509978366737,0.0005354926528997,0.0010682808728442,0.0050552114932645,0.0165735042870392,0.0178579694237923,0.017211436598419,0.0156255421731236,0.0161466177337836,0.0137948771170553,0.0143563763241491,0.0156341720875216,0.0197111059258502,0.0138932962977951,0.01597149089071,0.017484034097775,0.0200058800776749,0.0194031473924805,0.0173374635298582,0.0155402440702243,0.0126550676808935,0.0071317180191226,residential,11,autumn,0,5,192.0901905,960.4509525,0
7,2021-11-17,0.0018511253334734,0.0010860141124369,0.0005511032005492,0.0005355934740013,0.0011506108753357,0.0050578908033604,0.0165828512058432,0.0194861870610611,0.0182893554042809,0.0171117874347723,0.0182171287369441,0.0161991192056562,0.0168186430292835,0.018895354717206,0.0163154419983527,0.0148093940894395,0.0160728590058574,0.0180923765644957,0.0199563374039419,0.0183476694227188,0.0167258147345111,0.0142997930838185,0.0112634230618891,0.0056832429659219,residential,11,autumn,0,5,192.0901905,960.4509525,0
7,2021-11-18,0.0018519588716837,0.0010864204188203,0.0005512081682892,0.000535693575868,0.0010690749961578,0.0050605529819224,0.0165921301327013,0.0178780815184994,0.0172306835126298,0.0155242084379681,0.0145193242541387,0.0125366863282377,0.0132901211648398,0.0161266004020047,0.0173860376204201,0.012375750016948,0.0136560409971366,0.0173613349391261,0.0194137057051194,0.0178288757627708,0.0162187690411755,0.0138315888746574,0.0108947332406924,0.0064239162965969,residential,11,autumn,0,5,192.0901905,960.4509525,0
7,2021-11-19,0.0018527853370113,0.0010868240719973,0.000551311973239,0.0005357929004398,0.001069467589867,0.0050631948513516,0.0166013382659829,0.0178880244673541,0.0172401986218863,0.0174098089926199,0.0175987654135922,0.0158157241522763,0.0148428593843805,0.0162604050533087,0.0138169955028518,0.013040200220324,0.0145909076714968,0.0171036403424704,0.0205206518939255,0.0198798845179755,0.0175806935483534,0.0159068809912202,0.0138181314251613,0.0078663795315757,residential,11,autumn,0,5,192.0901905,960.4509525,0
7,2021-11-20,0.0047784970546808,0.0026980779782635,0.000834019241879,0.0018608466887267,0.0013603908912688,0.0050658156344169,0.017279600220538,0.0200372692593535,0.0199490750355421,0.0194696360497536,0.0208415833122196,0.0184671297012731,0.0195241891020927,0.0231388418471644,0.0220132623902608,0.0161120616328187,0.0172322426436263,0.0197530354643657,0.0230412166379572,0.0223300071763903,0.0185073437176844,0.0162577352800709,0.014077856531578,0.0085720235714405,residential,11,autumn,1,5,192.0901905,960.4509525,0
7,2021-11-21,0.0048556460700286,0.0036493095949742,0.0016308699202411,0.0026526845174843,0.0021040407376443,0.0057367028034088,0.0182269267310814,0.0197614570991337,0.0204945973131988,0.0215899862380763,0.0216198817694381,0.0184723036545107,0.0172067135566611,0.0189009230573383,0.0202847782142153,0.015315053238015,0.0164220679309014,0.0209334838435237,0.0223962544067828,0.0217276415607438,0.0193618390586427,0.0166594349094471,0.0154605415378088,0.0089330257680144,residential,11,autumn,1,5,192.0901905,960.4509525,0
7,2021-11-22,0.0051410420951131,0.0039268350993293,0.002334112020712,0.0029788021843021,0.001070625803733,0.0050709932065381,0.016628502618875,0.0179173653688519,0.0172682773681763,0.0152046061053142,0.0138095996797209,0.0112441848630518,0.0098305997498859,0.0087712322598694,0.0077271682386416,0.00876834018563,0.0102855394413339,0.013517905438029,0.0158075040075001,0.0151268282235477,0.013895750225949,0.0114086215313261,0.009848842324955,0.0056070174808888,residential,11,autumn,0,5,192.0901905,960.4509525,0
7,2021-11-23,0.0018560265580782,0.0010884045463788,0.000551719316422,0.0005361820046332,0.0010710054772893,0.0050735460888779,0.0166374087186919,0.0179269735731041,0.0172774719607103,0.0152126674672184,0.0138168988592287,0.0112500562590889,0.0098356935867611,0.0087757477964405,0.0077311058882947,0.008772837741667,0.0102908010751615,0.0135248780017987,0.0158157185508462,0.0151346966965659,0.0139029520123216,0.0114144914292311,0.0098539361618302,0.0056098336018938,residential,11,autumn,0,5,192.0901905,960.4509525,0
7,2021-11-24,0.001856817680082,0.001088790423275,0.0005518188406674,0.000536277081513,0.0010713812550376,0.0050760748082424,0.0166462224338373,0.0179364910433342,0.0172865792794925,0.0152206522950525,0.0138241290085228,0.0112558721052632,0.0098407392293701,0.0087802206102121,0.007735006216162,0.0087772927212876,0.0102960129265047,0.0135317845961229,0.0158238558135296,0.0151424908665207,0.0139100856639947,0.0114203057903317,0.0098589818044392,0.0056126227490701,residential,11,autumn,0,5,192.0901905,960.4509525,0
7,2021-11-25,0.0018576024764917,0.0010891728420651,0.0005519175870999,0.0005363712305298,0.0010717533367024,0.0050785786327621,0.0166549493389063,0.0179459147557739,0.0172955971063755,0.0152285582519145,0.0138312879216143,0.0112616306770898,0.0098457351834937,0.0087846493766029,0.009427641383688,0.0087817038543442,0.0103011734532347,0.0135386231756792,0.0158319127049689,0.0151502081097061,0.0139171490614865,0.0114260628927601,0.0098639777585628,0.0056153844439135,residential,11,autumn,0,5,192.0901905,960.4509525,0
7,2021-11-26,0.0018583785311897,0.0010895516174296,0.0005520149478809,0.000536464400153,0.0010721216055685,0.0050810567915585,0.0166635868499417,0.0179552418903257,0.0173045226021755,0.0152363835175069,0.0138383735022993,0.0112673302702834,0.0098506799696274,0.0122916397963329,0.0142112017015018,0.0111724906802616,0.0123827313943465,0.0142126345037026,0.0177079899270426,0.0157135024587388,0.0139241401128725,0.0119485136058285,0.0098689225446965,0.0056181178489928,residential,11,autumn,0,5,192.0901905,960.4509525,0
7,2021-11-27,0.0018591463426104,0.0010899259745958,0.0005521114537852,0.0005365565838821,0.0010724857341103,0.0050835085731434,0.016672132409451,0.017960833841184,0.017268403295936,0.0151991756757422,0.0138004338855468,0.0112280194127137,0.010934601479864,0.0131991369058703,0.0136395657881222,0.0117691982747918,0.012385938573241,0.014834451817479,0.0176886448271112,0.0163634147207964,0.0140192351967844,0.0114373985194159,0.0098738146984887,0.0056208221650524,residential,11,autumn,1,5,192.0901905,960.4509525,0
7,2021-11-28,0.0018599056832528,0.0010902960121416,0.0005522070758064,0.0005366477575101,0.0010728460556406,0.0050859308451182,0.016680583414905,0.0179699597545261,0.0172771361925711,0.0152068318695004,0.01380736655801,0.0119643263678216,0.0125603055597678,0.0137238507108902,0.0142954726477976,0.0122964877845878,0.0136396236696611,0.016165416771091,0.0189458237432028,0.0175647429549916,0.0152563237995186,0.0129167245901843,0.0101368433837732,0.0056234965811074,residential,11,autumn,1,5,192.0901905,960.4509525,0
7,2021-11-29,0.001860656121495,0.001090662301545,0.0005523012374532,0.0005367378696113,0.0010732024623034,0.0050883301219282,0.0166889375809505,0.017982616911752,0.0173307185534262,0.0154760240667401,0.0153469732063163,0.0136806376506486,0.0135100537870446,0.0156065158426974,0.0174549019895341,0.0143398061448001,0.0154923463991947,0.0171887968280011,0.01962227044513,0.0174083768313119,0.0161935965327397,0.0127054521331899,0.0106648630256106,0.0056261403085916,residential,11,autumn,0,5,192.0901905,960.4509525,0
7,2021-11-30,0.0018613980531281,0.0010910237326689,0.0005523944482003,0.0005368269173571,0.001073554408983,0.005090694657406,0.0166971921626264,0.0179915307802697,0.0173392484566477,0.0159716426656114,0.0156573303974694,0.0128668001144676,0.0127672191444785,0.0144865469112016,0.0140387480912384,0.0117348847957572,0.0122814263991594,0.0140377526350194,0.0158709121309131,0.0151875640293012,0.0139513398388126,0.0114539304745291,0.0098881609586687,0.0056287525879294,residential,11,autumn,0,5,192.0901905,960.4509525,0
7,2021-12-01,0.0018621299205066,0.0010913809016495,0.000552486518447,0.0005369148651528,0.0010739020093105,0.0050930375376037,0.0167053449517978,0.0180003345436295,0.0173476730996975,0.015274214502999,0.0138726289773989,0.0120939657593173,0.0123369028312056,0.013448848656279,0.0145973189286192,0.0112152665486153,0.0126450395764285,0.0149696613429228,0.0166713485479169,0.0159749570913664,0.0141587483715845,0.0114593088503154,0.0098928282577175,0.0056313325756936,residential,12,winter,0,5,192.0901905,960.4509525,0
7,2021-12-02,0.0018628536710632,0.0010917338478735,0.0005525774203018,0.0005370016880941,0.0010742451667385,0.005095346700487,0.0167133933709488,0.018009025596271,0.0173559900940464,0.015281505971016,0.0138792313778547,0.011300196041986,0.0098791932699053,0.0105707474525236,0.013565389171713,0.0093492512375525,0.0103357336883752,0.0135844213916085,0.0158858694393527,0.0152018908840345,0.0139644528873901,0.0114646184170426,0.0098974358449744,0.0056338796040049,residential,12,winter,0,5,192.0901905,960.4509525,0
7,2021-12-03,0.0018635668226628,0.0010920817723583,0.0005526671078074,0.0005370873591894,0.0010745835523181,0.0050976252449679,0.016721335091639,0.0180176018919901,0.0173641963689893,0.0152887008217813,0.0138857462596003,0.0113054365644853,0.0098837397808769,0.0095452670142858,0.0129654104386367,0.0088152596740469,0.010340429966767,0.0135906447628031,0.016267403006347,0.0158737014949122,0.013970880851528,0.0114698576023328,0.009901982355946,0.0056363928427758,residential,12,winter,0,5,192.0901905,960.4509525,0
7,2021-12-04,0.0018642707093461,0.0010924249660745,0.0005527555639006,0.0005371718547207,0.0010749177341756,0.0050998725177196,0.0167291677624853,0.0180224241963905,0.0173273403994161,0.0152508470433423,0.0138472218927599,0.0112656553514033,0.0098482759746074,0.0087773645625266,0.0114020192459814,0.0088039975301514,0.0103001119819408,0.0135931468515143,0.015900433002969,0.0152158405018209,0.0139772205609966,0.0114750248546509,0.0099064664442261,0.0056388715480594,residential,12,winter,1,5,192.0901905,960.4509525,0
7,2021-12-05,0.0018649646222447,0.0010927630316801,0.0005528427529174,0.0005372551501983,0.0010752467201842,0.0051020878248634,0.0167368890644035,0.0180307623273332,0.0173353193889278,0.015257842193063,0.0138535559919183,0.0112707504406158,0.0098526963122758,0.0087812830618596,0.0086188052684371,0.0087781719731308,0.0103046779307324,0.0135991975137227,0.0159075615054692,0.0152226687383644,0.0139834701424145,0.011480118643764,0.0099108867818945,0.0056413150660419,residential,12,winter,1,5,192.0901905,960.4509525,0
7,2021-12-06,0.0018656483117776,0.0010930963678144,0.0005529288614439,0.0005373372256974,0.0010755713020107,0.0051042705388752,0.0167444967269929,0.0180426138291796,0.0173881302202895,0.0153096841806107,0.0139047466323804,0.0113207203232603,0.0098969994848409,0.0088300936719736,0.0099390129776693,0.0088269672111906,0.0103541264609792,0.013608794957582,0.0159145848270707,0.0152293963563725,0.01398962773695,0.0114851374611948,0.00991524205991,0.0056437225630459,residential,12,winter,0,5,192.0901905,960.4509525,0
7,2021-12-07,0.0018663223409879,0.0010934246751717,0.0005530132742507,0.0005374180364008,0.0010758907270789,0.0051064199921051,0.0167519884507143,0.0180507041360165,0.0173958717410341,0.0153164713155882,0.0139108924137808,0.0113256639441831,0.0099012884134292,0.0088338956810222,0.0077818129145877,0.0088307540855933,0.010358556671921,0.0136146657439497,0.0159215012216057,0.0152360213674947,0.0139956915209447,0.0114900798206681,0.0099195309884983,0.005646093439892,residential,12,winter,0,5,192.0901905,960.4509525,0
7,2021-12-08,0.0018669843315599,0.0010937479598568,0.0005530967491275,0.0005374975865106,0.0010762048922958,0.005108535548069,0.0167593620645393,0.018058666914301,0.0174034911974063,0.0153231514704249,0.0139169412821764,0.0113305296236273,0.0099055097224647,0.008837637747326,0.0077850792190142,0.0088344812494656,0.0103629170358424,0.0136204439710824,0.0159283091557901,0.0152425420497885,0.0140016597069372,0.0114949442585508,0.0099237522975338,0.0056484268772146,residential,12,winter,0,5,192.0901905,960.4509525,0
7,2021-12-09,0.0018676367592041,0.001094065819842,0.0005531786635714,0.0005375758338793,0.0010765143710279,0.0051106166017761,0.0167666153696552,0.0180664995592212,0.0174109865977106,0.0153297226408288,0.0139228914821545,0.011335315920668,0.0099096621618468,0.0088413187627076,0.0077882896538319,0.0088381476087175,0.0103672062614629,0.013626127927813,0.0159350053377045,0.0152489564636734,0.0140075305276462,0.0114997293342857,0.0099279047369158,0.0056507222733528,residential,12,winter,0,5,192.0901905,960.4509525,0
7,2021-12-10,0.0018682779050589,0.0010943780180423,0.0005532589918414,0.0005376527510007,0.0010768184075372,0.0051126625155886,0.0167737462185533,0.0180742002365844,0.0174183727464988,0.0153361827571796,0.0139287412682261,0.0113400214178886,0.0099137445018698,0.0088449376370692,0.0077914458903231,0.0088417520769324,0.010371423078569,0.0136317159308916,0.0159415887210083,0.0152552623522858,0.0140133022317282,0.0115044336308181,0.0099319870769388,0.005652978951173,residential,12,winter,0,5,192.0901905,960.4509525,0
7,2021-12-11,0.0018689069461584,0.0010946849549344,0.0005533383089869,0.0005377283399311,0.0010771169119911,0.0051146726837219,0.0167807524999965,0.0180781308415482,0.0173806453014681,0.0152975804504845,0.0138895390500688,0.0112996949375511,0.0098778076390378,0.0088035435144657,0.007749595292619,0.0088003437947351,0.0103306164541407,0.0136335704886493,0.0159480573608122,0.0152614582182455,0.0140189731227032,0.011509055755015,0.0099359981086564,0.0056551961453874,residential,12,winter,1,5,192.0901905,960.4509525,0
7,2021-12-12,0.001869526062011,0.0010949864433593,0.0005534158096956,0.0005378025490093,0.0010774104600456,0.0051166441000015,0.0167876320847856,0.018085560042273,0.0173877665517037,0.0153038127884508,0.0138951826371333,0.0113042346770138,0.0098817461746209,0.0088070349104209,0.0077526358267956,0.0088038212977019,0.0103346847299342,0.0136389616488269,0.0159544088239132,0.0152675420947498,0.0140245415169384,0.0115135943380782,0.0099399366442396,0.0056573732964884,residential,12,winter,1,5,192.0901905,960.4509525,0
7,2021-12-13,0.0018701329173855,0.001095282245571,0.0005534920512583,0.0005378753760129,0.0010776983004804,0.0051185834557005,0.0167943831006292,0.0180964864011604,0.0174397253233682,0.0153548786365529,0.013945670554654,0.0113536392958199,0.0099255589422592,0.0088554107909909,0.0078005731991278,0.0088521835363258,0.0103836267007183,0.0136478878148835,0.0159606414881297,0.0152735121844138,0.0140300057654065,0.0115180480359492,0.0099438015173283,0.0056595097622279,residential,12,winter,0,5,192.0901905,960.4509525,0
7,2021-12-14,0.0018707273282921,0.0010955725255144,0.0005535668256291,0.0005379467942352,0.00107798056895,0.0051204828872776,0.0168010033842283,0.0181036360972802,0.0174465984207251,0.0153608766091484,0.0139511015892316,0.0113580079063389,0.0099293490083079,0.0088587705730705,0.0078035029589444,0.0088555299405188,0.0103875416159815,0.0136530757464689,0.0159667535081376,0.0152793667192521,0.0140353642499221,0.0115224155297077,0.009947591583377,0.0056616048055827,residential,12,winter,0,5,192.0901905,960.4509525,0
7,2021-12-15,0.0018713112732553,0.0010958565876495,0.0005536400840911,0.0005380167812649,0.001078256962465,0.0051223442575683,0.0168074910303977,0.0181106423182926,0.0174533340805364,0.0153667541272989,0.013956423727679,0.0113622889949859,0.0099330631449244,0.0088620630459417,0.0078063781847931,0.0088588092991908,0.0103913781004537,0.013658159744061,0.0159727430743389,0.0152851040963474,0.0140406153881327,0.0115266955259616,0.0099513057199935,0.0056636579469036,residential,12,winter,0,5,192.0901905,960.4509525,0
7,2021-12-16,0.0018718824166588,0.001096135209726,0.0005537118411127,0.000538085316326,0.0010785278383997,0.0051241670296912,0.0168138441183671,0.0181175032514937,0.0174599303144647,0.0153725094601814,0.0139616353895409,0.0113664812938365,0.0099367002522023,0.0088652872345699,0.0078091906549047,0.0088620206503732,0.0103951350183243,0.0136631383020821,0.0159786084133965,0.015290722224125,0.0140457576114289,0.0115308867572308,0.0099549428272714,0.005665668434385,residential,12,winter,0,5,192.0901905,960.4509525,0
7,2021-12-17,0.0018724406418509,0.0010964075532334,0.0005537820487925,0.0005381523805329,0.0010787931190431,0.0051259506639856,0.0168200607672152,0.0181242165843555,0.0174663846566159,0.0153781414718528,0.0139667352262043,0.0113705835656536,0.0099402592530469,0.008868442184142,0.0078119370286857,0.008865163038066,0.0103988112568437,0.0136680099461792,0.0159843477887594,0.0152962198313344,0.0140507894105246,0.0115349879823216,0.0099585018281159,0.0056676358195693,residential,12,winter,0,5,192.0901905,960.4509525,0
7,2021-12-18,0.001872987133252,0.001096673634062,0.00055385068434,0.0005382179526156,0.0010790522857588,0.0051276946179736,0.016826139136421,0.0181271450460994,0.0174277456774455,0.0153386984303864,0.0139267718464852,0.0113296448092224,0.0099037911989439,0.0088265771761002,0.0077696854008117,0.0088232857477799,0.010357455943079,0.0136691373968267,0.0159899595011759,0.0153015951590635,0.0140557092907881,0.0115389979866951,0.0099619816685626,0.0056695594085825,residential,12,winter,1,5,192.0901905,960.4509525,0
7,2021-12-19,0.0018735210695115,0.0010969338297099,0.0005539177480554,0.0005382820125215,0.0010793054780139,0.0051293983824454,0.0168320774264095,0.0181335580799759,0.017433911067986,0.0153440782564556,0.0139316433421882,0.011333563405214,0.009907190848471,0.0088295908654162,0.0077723139563482,0.0088262874377754,0.0103609675810611,0.0136737909170911,0.0159954418891971,0.0153068466154599,0.0140605157952435,0.0115429155828266,0.0099653813180897,0.0056714386296568,residential,12,winter,1,5,192.0901905,960.4509525,0
7,2021-12-20,0.0018740422924777,0.0010971878107849,0.0005539832104671,0.0005383445436484,0.0010795526209456,0.0051310614529274,0.0168378738790995,0.0181434538148781,0.0174848790014072,0.0153942793746978,0.0139813482706722,0.0113823381931733,0.0099504571948541,0.0088774823596147,0.0078198300241114,0.0088741672186231,0.0104093451308516,0.0136819691288766,0.0160007930584695,0.0153119663597869,0.0140652075051951,0.0115467396105571,0.0099686997699231,0.0056732730441138,residential,12,winter,0,5,192.0901905,960.4509525,0
7,2021-12-21,0.0018745513050933,0.0010974358031683,0.0005540470608569,0.0005384055264155,0.0010797936474983,0.0051326833369882,0.0168435268027434,0.0181495586931067,0.0174907481259953,0.0153994006560538,0.0139859857465144,0.0113860684742028,0.0099536934662658,0.0088803512190368,0.0078223323354801,0.0088770246555503,0.0104126880088511,0.0136863990133325,0.0160060119658732,0.015316962072441,0.0140697830218646,0.0115504689374369,0.0099719360413349,0.0056750619503423,residential,12,winter,0,5,192.0901905,960.4509525,0
7,2021-12-22,0.0018750459125538,0.0010976768302297,0.0005541092519977,0.0005384649425105,0.001080028480131,0.0051342635543924,0.0168490344505998,0.0181555067522469,0.0174964664869308,0.0154043906076825,0.0139905040317301,0.011389702923219,0.0099568465988648,0.0088831463783465,0.0078247699307309,0.0088798086858074,0.0104159450093474,0.0136907150954253,0.0160110964554296,0.0153218285969808,0.0140742409949243,0.0115541024590612,0.0099750891739338,0.0056768049384722,residential,12,winter,0,5,192.0901905,960.4509525,0
7,2021-12-23,0.0018755280269572,0.0010979117237845,0.0005541697938595,0.000538522773356,0.0010802570513305,0.0051358016372758,0.0168543952652571,0.0181612965312657,0.0175020321457339,0.015409247309192,0.0139949017945063,0.0113932404662195,0.0099599156588806,0.008885867009784,0.0078271424416285,0.0088825184850507,0.0104191151678107,0.0136949160969881,0.0160160463186363,0.015326566381301,0.0140785800990565,0.0115576390993916,0.0099781582339496,0.0056785014943408,residential,12,winter,0,5,192.0901905,960.4509525,0
7,2021-12-24,0.0018759968048506,0.0010981403661622,0.0005542286693471,0.0005385790041918,0.0010804790704291,0.0051372971230074,0.0168596076352076,0.0181669257150006,0.0175074438489345,0.0154139692629149,0.0139991778150676,0.0113966800555945,0.0099628997374401,0.00888851230766,0.0089179870051402,0.0088851532505028,0.0104221975454287,0.013699000773934,0.0160208585197958,0.0153311696869642,0.0140827990590861,0.0115610778111018,0.0099811423125091,0.0056801509898391,residential,12,winter,0,5,192.0901905,960.4509525,0
7,2021-12-25,0.0018764528498092,0.0010983622321903,0.0005542858413985,0.0005386336161198,0.001080695140675,0.0051387495903523,0.0168646655070261,0.0181687567568142,0.0174677501627137,0.0153736059988833,0.0139583809625599,0.0113550708884924,0.0099258500562872,0.008846131704345,0.0084681074707776,0.0088427624181993,0.0103802414451348,0.0136993320797901,0.01602553197186,0.0153356406530658,0.0140868966248642,0.0115644175758336,0.0099840405259058,0.005681753114863,residential,12,winter,1,5,192.0901905,960.4509525,0
7,2021-12-26,0.0018768945696569,0.0010985774123832,0.000554341303072,0.0005386865948662,0.0010809045309464,0.0051401585876894,0.0168695809127738,0.0181740607297823,0.017472849089004,0.0153780550416025,0.0139624096613395,0.0113583115441204,0.0099286615462426,0.0088486240074996,0.0100183299216267,0.0088452447984482,0.0103831455488769,0.0137031805133937,0.0160300658352812,0.0153399777124406,0.0140908715745937,0.0115676574045528,0.0099868520158613,0.0056833071953017,residential,12,winter,1,5,192.0901905,960.4509525,0
7,2021-12-27,0.0018773225949619,0.0010987858923054,0.0005543950371712,0.000538737923074,0.0010811073966301,0.0051415237050239,0.0168743388677487,0.0181828350428446,0.017522738809122,0.0154273152862591,0.014011262727312,0.0114064010627891,0.0099713333747102,0.0088959884790518,0.0083845533449857,0.008892599656116,0.0104309089966324,0.0137105449350678,0.0160344583502976,0.0153441795761142,0.0140947227270945,0.0115707963376886,0.0099895759497793,0.0056848129287553,residential,12,winter,0,5,192.0901905,960.4509525,0
7,2021-12-28,0.0018777360513906,0.0010989873057939,0.0005544470185302,0.0005387875858899,0.0010813036832628,0.0051428420906214,0.0168789424346758,0.0181878068532798,0.0175275189265446,0.0154314860024812,0.0140150393249761,0.0114094389461965,0.0099739689459236,0.0088983248354157,0.0078380124675874,0.0088949267104638,0.0104336313866622,0.0137141525669582,0.0160387089695854,0.0153482452582985,0.0140984489624848,0.0115738334460542,0.0099922115209926,0.0056862698167564,residential,12,winter,0,5,192.0901905,960.4509525,0
7,2021-12-29,0.0018781369301889,0.0010991822475637,0.0005544972506665,0.0005388355696133,0.0010814933308748,0.0051441206959347,0.01688339036744,0.0181926101633288,0.0175321367068418,0.0154355155490289,0.0140186882188817,0.0114123740789519,0.0099765153739329,0.0100833561789981,0.0128700086569157,0.0088971750566061,0.010436261697006,0.0137176381775332,0.0160428147615384,0.0153521734137918,0.0141020491614837,0.0115767678298602,0.0099947579490019,0.0056876774279018,residential,12,winter,0,5,192.0901905,960.4509525,0
7,2021-12-30,0.001878522316804,0.0010993702120132,0.0005545459046904,0.0005388818662418,0.0010816762832799,0.0051453518005807,0.0168876767100261,0.0181972445188673,0.0175365921682281,0.0154394029487297,0.0140222082432408,0.0114152055918435,0.0099789719046376,0.0089027598111698,0.0090219282152719,0.0091283812635232,0.0107388867727941,0.0137210007345625,0.0160467768315302,0.0153559628994942,0.0141055222615877,0.0115795986202429,0.0099972144797066,0.0056890353453799,residential,12,winter,0,5,192.0901905,960.4509525,0
7,2021-12-31,0.0018788948918904,0.0010995515906715,0.0005545925852726,0.0005389264470085,0.0010818522618183,0.0051465374803691,0.0168918137982733,0.0182017073433496,0.017540882917876,0.0154431468652182,0.0140255984464608,0.0114179326463457,0.0099813378105593,0.0089048571171839,0.0079748534704819,0.0089014329844745,0.0104412429903683,0.0137242392422566,0.0160505918480313,0.0153596125734835,0.014108867234271,0.0115823249788903,0.0099995803856284,0.0056903431670946,residential,12,winter,0,5,192.0901905,960.4509525,0
8,2021-01-01,0.0017955657077366,0.0010282696878656,0.0004911320027883,0.0004767011236818,0.0010103108489394,0.0050206785101088,0.0166292283555542,0.0179106598796083,0.0172200992741522,0.0151462600325812,0.0137433396279425,0.0111611772686648,0.0097450756878294,0.0086779983857177,0.0076287855605908,0.008669647914932,0.0101718076088111,0.0134322621877418,0.0157333780706095,0.0150555540546562,0.0138222427272521,0.0113351709468613,0.0097935677458538,0.0055503260745386,residential,1,winter,0,6,296.3601028,1778.1606167999998,0
8,2021-01-02,0.0017958844928102,0.0010284342414702,0.0004911742337647,0.0004767416236479,0.0010104711512088,0.0050217556649664,0.0166329826631902,0.0179147151558881,0.0172239979940114,0.0151496619416978,0.0137464199749637,0.0111636551555868,0.0097472253905017,0.0086799040266441,0.0076304484175815,0.0086715458889972,0.0101740280169803,0.013435204558667,0.0157368449535938,0.0150588699862997,0.0138252820007576,0.011337648195137,0.009795717448526,0.0055515144628944,residential,1,winter,1,6,296.3601028,1778.1606167999998,0
8,2021-01-03,0.0017962082250899,0.0010285915181596,0.000491214839162,0.0004767804019283,0.0010106243974167,0.0050227868380622,0.0166365767292862,0.0179185972007007,0.0172277306562597,0.0151529183967458,0.0137493688619043,0.0111660272828909,0.0097492833409105,0.0086817283321978,0.0076320403015515,0.0086733628549219,0.0101761536550785,0.0134380213451589,0.0157401631299435,0.015062044498908,0.0138281915425117,0.0113400197105015,0.0097977753989349,0.0055526521738326,residential,1,winter,1,6,296.3601028,1778.1606167999998,0
8,2021-01-04,0.0017965181525765,0.0010287422803264,0.0004912538359612,0.0004768174470443,0.0010107705420369,0.0050237717240741,0.0166400094898258,0.017925335031977,0.0172687536299569,0.0151934869376231,0.0137896435941158,0.0112057511016421,0.0097845388417443,0.008720928915676,0.0076710188946274,0.008712556428177,0.0102156420471661,0.0134437415770821,0.0157433326540761,0.0150650765410735,0.0138309705199952,0.0113422847918231,0.0097997409876379,0.0055537388235793,residential,1,winter,0,6,296.3601028,1778.1606167999998,0
8,2021-01-05,0.0017968128029991,0.0010288856259065,0.000491290598895,0.0004768527263612,0.0010109102131943,0.0050247100530143,0.0166432799285492,0.0179288673339275,0.0172721498807208,0.0151964504803242,0.0137923269757067,0.0112079096337888,0.0097864114866509,0.0087225889539785,0.0076724674394492,0.0087142097877379,0.010217576284911,0.013446304729651,0.0157463525897304,0.0150679653421415,0.0138336180886353,0.0113444427674081,0.0098016136325446,0.0055547740901542,residential,1,winter,0,6,296.3601028,1778.1606167999998,0
8,2021-01-06,0.00179709256224,0.0010290218144488,0.0004913257115395,0.0004768862510956,0.0010110426981246,0.0050256015254314,0.0166463870772532,0.0179322239352093,0.0172753765846745,0.0151992656013639,0.0137948763288401,0.0112099603936504,0.0097881906331952,0.0087241661090487,0.0076738436605922,0.0087157805975262,0.0102194139490552,0.0134487399078416,0.0157492214720174,0.015070709655781,0.0138361334623655,0.0113464929984961,0.0098033927790889,0.0055557576676371,residential,1,winter,0,6,296.3601028,1778.1606167999998,0
8,2021-01-07,0.0017973573240491,0.0010291507571196,0.0004913589685327,0.0004769180040974,0.0010111681814179,0.0050264458845812,0.0166493300160777,0.0179354024886661,0.017278432746836,0.0152019321669712,0.0137972910178966,0.0112119027739137,0.0097898757544997,0.008725659913827,0.0076751471505016,0.0087172683923613,0.0102211544953917,0.0134510463904989,0.0157519387367006,0.015073309055439,0.0138385158998297,0.0113484348779308,0.0098050779003934,0.0055566892641469,residential,1,winter,0,6,296.3601028,1778.1606167999998,0
8,2021-01-08,0.0017976077302335,0.0010292722589974,0.0004913903503873,0.0004769479759633,0.0010112866259145,0.0050272428804597,0.0166521078737782,0.0179384030697492,0.0172813174907586,0.015204449154454,0.0137995702325148,0.0112137361993613,0.0097914663515317,0.0087270699259374,0.0076763775231612,0.0087186727316469,0.0102227974084743,0.01345322349458,0.0157545031034277,0.0150757626393902,0.0138407647015846,0.011350267830643,0.0098066684974254,0.0055575686536737,residential,1,winter,0,6,296.3601028,1778.1606167999998,0
8,2021-01-09,0.0017978432198293,0.0010293867429439,0.0004914198670828,0.0004769761578176,0.0010113979965392,0.0050279922770901,0.0166547198279827,0.0179381945860587,0.0172465717983035,0.0151693578356773,0.0137642551978644,0.0111780019734933,0.0097596720411203,0.00869093757427,0.0076400762606596,0.0086825350459532,0.0101868840482216,0.0134522407113267,0.0157569149524709,0.0150780698540219,0.0138428791908243,0.0113519913134061,0.0098081640991446,0.0055583951056564,residential,1,winter,1,6,296.3601028,1778.1606167999998,0
8,2021-01-10,0.0017980644619213,0.0010294942236787,0.0004914475098828,0.0004770025413144,0.0010115022603114,0.0050286938525842,0.0166571651054357,0.0179408362756544,0.0172491109292434,0.015171573521933,0.0137662615345359,0.0111796158928812,0.0097610722046185,0.0086921787732973,0.0076411593274908,0.0086837712513322,0.0101883302642542,0.0134541571625741,0.0157591730064384,0.0150802296562821,0.0138448587553396,0.0113536048166417,0.0098095642626429,0.0055591694870579,residential,1,winter,1,6,296.3601028,1778.1606167999998,0
8,2021-01-11,0.0017982692604846,0.0010295940163634,0.0004914732513222,0.0004770271194585,0.0010115993863756,0.0050293473992168,0.0166594429822264,0.0179463268227884,0.0172889346181207,0.0152110956339311,0.0138055886742812,0.0112185774795781,0.0097956664273812,0.0087307931554501,0.0076796264029148,0.0087223809816936,0.0102271356282887,0.0134589722807834,0.0157612762085332,0.0150822415022682,0.0138467027973318,0.0113551078621272,0.0098108685732749,0.0055598905580199,residential,1,winter,0,6,296.3601028,1778.1606167999998,0
8,2021-01-12,0.0017984596568076,0.0010296862368693,0.0004914972789786,0.0004770498897497,0.0010116893459087,0.0050299527234813,0.0166615527840029,0.0179486056415241,0.0172911256132992,0.0152130072431194,0.0138073197421719,0.0112199699812602,0.0097968744988878,0.0087318640712259,0.0076805608810527,0.0087234475889124,0.0102283834342653,0.0134606258092097,0.0157632239347119,0.0150841051774553,0.013848410798426,0.0113565000052067,0.0098120766447815,0.0055605584234919,residential,1,winter,0,6,296.3601028,1778.1606167999998,0
8,2021-01-13,0.0017986355944847,0.0010297716194023,0.0004915190291099,0.0004770708262052,0.0010117721123317,0.0050305071847665,0.0166634938308373,0.017950702552423,0.0172931413264581,0.01521476605379,0.0138089124365719,0.0112212511390995,0.0097979859735101,0.0087328493570314,0.0076814206387157,0.0087244289106712,0.0102295314662062,0.0134621471222056,0.0157650159975714,0.0150858195263417,0.0138499822073709,0.0113577808327088,0.0098131881194037,0.005561172886649,residential,1,winter,0,6,296.3601028,1778.1606167999998,0
8,2021-01-14,0.0017987956296529,0.0010298490262351,0.0004915392375015,0.0004770899507334,0.0010118476611146,0.0050310155405819,0.0166652656587422,0.0179526164594424,0.0172949813673795,0.0152163715459269,0.0138103661850823,0.0112224205736932,0.0097990005220953,0.0087337487210833,0.0076822054212948,0.0087253246563609,0.0102305793841326,0.0134635357692487,0.0157666519558346,0.0150873846504704,0.0138514165770811,0.0113589499652929,0.0098142026679889,0.0055617338167598,residential,1,winter,0,6,296.3601028,1778.1606167999998,0
8,2021-01-15,0.0017989403963185,0.001029919244549,0.0004915571468361,0.0004771072293167,0.0010119159698991,0.0050314776415007,0.0166668677431987,0.0179543467941923,0.0172966453785101,0.0152178231369275,0.0138116806436431,0.0112234779387244,0.0097999178441945,0.0087345618970436,0.007682914996384,0.0087261345607147,0.0102315268777136,0.0134647913391043,0.0157681311360745,0.0150887996699039,0.0138527134958187,0.0113600070576803,0.0098151199900881,0.005562240945501,residential,1,winter,0,6,296.3601028,1778.1606167999998,0
8,2021-01-16,0.0017990691857108,0.0010299819511437,0.0004915733259869,0.0004771226768098,0.0010119770184139,0.0050318884275726,0.0166682949514606,0.0179528634663323,0.0172606740867742,0.0151816622865324,0.0137753972639193,0.0111869647675161,0.0097674477560207,0.0086978304905498,0.0076460910003012,0.0086894002303392,0.0101949155128097,0.0134628835959179,0.0157694531003795,0.0150900642928035,0.0138538725707524,0.0113609517963546,0.0098159398140451,0.0055626941737111,residential,1,winter,1,6,296.3601028,1778.1606167999998,0
8,2021-01-17,0.0017991833353425,0.0010300374784124,0.0004915877819448,0.0004771362908196,0.0010120307886348,0.0050322477762875,0.0166695605030219,0.0179542253284826,0.0172619836726278,0.01518280469669,0.013776431894523,0.0111877970873172,0.0097681698390523,0.008698470593479,0.0076466495523431,0.0086900377579771,0.0101956613457488,0.0134638719354429,0.0157706179382391,0.0150911780229731,0.0138548934684696,0.0113617839020462,0.0098166618970767,0.0055630933671847,residential,1,winter,1,6,296.3601028,1778.1606167999998,0
8,2021-01-18,0.0017992821160997,0.0010300849996614,0.0004915998947826,0.0004771480436756,0.0010120772645905,0.0050325629684073,0.0166706505472525,0.0179584325883874,0.0173005737684485,0.0152212504779717,0.0138147843802843,0.0112259746516441,0.0098020838794512,0.0087364820162706,0.0076845904870997,0.0087280469548309,0.0102337641556596,0.0134677560649917,0.0157716243435419,0.015092140774251,0.0138557758671643,0.0113625031273301,0.0098172860253449,0.0055634383558522,residential,1,winter,0,6,296.3601028,1778.1606167999998,0
8,2021-01-19,0.0017993655129826,0.0010301252625471,0.0004916104705788,0.0004771579625271,0.0010121164325602,0.005032826523449,0.0166715691431937,0.0179594253636777,0.0173015274074368,0.0152220830129289,0.0138155380967707,0.0112265809403537,0.0098026098681263,0.008736948287983,0.0076849973545036,0.0087285113506177,0.0102343074445368,0.013468476003523,0.015772472017413,0.0150929521344728,0.0138565195001133,0.0113631092591945,0.00981781201402,0.005563729141163,residential,1,winter,0,6,296.3601028,1778.1606167999998,0
8,2021-01-20,0.0017994334727948,0.0010301582552244,0.0004916189213427,0.0004771660218866,0.0010121482809238,0.0050330383628155,0.0166723114689534,0.0179602321612056,0.0173023030665582,0.0152227597989006,0.0138161509807763,0.0112270739274476,0.0098030375614418,0.0087373274240824,0.0076853281876131,0.0087288889613595,0.0102347492050388,0.0134690614018633,0.015773162153039,0.0150936118794509,0.0138571241770038,0.0113636021191707,0.0098182397073355,0.0055639655852791,residential,1,winter,0,6,296.3601028,1778.1606167999998,0
8,2021-01-21,0.0017994859896658,0.0010301834616345,0.0004916252241905,0.0004771722193663,0.00101217280025,0.0050332058126562,0.0166728911193232,0.0179608531922174,0.0173029005921666,0.0152232806373904,0.0138166226774438,0.0112274534639913,0.0098033668327403,0.0087376193122911,0.0076855828884551,0.0087291796752303,0.0102350893063424,0.0134695120866523,0.0157736928101828,0.015094119792499,0.0138575897039077,0.0113639815607904,0.009818568978634,0.0055641476703216,residential,1,winter,0,6,296.3601028,1778.1606167999998,0
8,2021-01-22,0.0017995230337974,0.0010302011233551,0.0004916297783655,0.0004771765666517,0.0010121899832542,0.0050333214344778,0.0166732941081508,0.0179612884980551,0.017303318838957,0.0152236457718282,0.0138169534433388,0.0112277194464107,0.0098035975845113,0.0087378238661693,0.0076857613816023,0.0087293834061381,0.0102353276477297,0.013469827924424,0.0157740651884341,0.0150944758717843,0.0138579159477935,0.0113642474716855,0.0098187997304049,0.0055642752381687,residential,1,winter,0,6,296.3601028,1778.1606167999998,0
8,2021-01-23,0.001799544622704,0.0010302109874664,0.0004916325720628,0.0004771790643565,0.0010121998261818,0.0050333876573105,0.0166735249214404,0.0179585079570456,0.0172661006368321,0.015186396765468,0.0137796845565994,0.0111904136306224,0.009770439836289,0.0087004828715922,0.0076484054606475,0.0086920419402016,0.0101980060050702,0.0134669789576167,0.0157742783022878,0.0150946797415784,0.0138581028177579,0.011364399773639,0.0098189318943134,0.0055643479281372,residential,1,winter,1,6,296.3601028,1778.1606167999998,0
8,2021-01-24,0.0017995514448359,0.0010302138566568,0.0004916330486929,0.0004771796890815,0.0010122023238482,0.0050334044615012,0.0166735834908612,0.0179585712233602,0.0172661614606996,0.0151864498346225,0.0137797326980494,0.0111904522903845,0.0097704733731959,0.0087005126009604,0.0076484314024118,0.0086920715499613,0.0101980406450337,0.0134670248607181,0.0157743320885114,0.0150947314686707,0.0138581502325673,0.0113644384204887,0.0098189654312203,0.005564366791297,residential,1,winter,1,6,296.3601028,1778.1606167999998,0
8,2021-01-25,0.001799542081338,0.0010302086196133,0.0004916317542116,0.000477178462351,0.0010121974755136,0.0050333718280803,0.0166734697990616,0.017961477921648,0.0173035015359215,0.0152238051858295,0.0138170976086697,0.0112278354054141,0.0098036981853003,0.00873791304547,0.0076858391992128,0.0087294722266485,0.0102354315573619,0.0134699656201345,0.0157742269248982,0.0150946310484519,0.0138580581781491,0.0113643634007886,0.009818900331194,0.0055643308538885,residential,1,winter,0,6,296.3601028,1778.1606167999998,0
8,2021-01-26,0.0017995172296394,0.0010301963398362,0.000491628532665,0.0004771753772908,0.0010121852826139,0.0050332898087527,0.0166731838797377,0.0179611694300499,0.0173032043676688,0.0152235460480235,0.0138168630273709,0.0112276466937819,0.0098035344676196,0.0087377679151145,0.0076857125588669,0.0087293276801881,0.0102352624548713,0.0134697415341945,0.0157739631208149,0.0150943783781473,0.0138578267282872,0.0113641747383439,0.0098187366135132,0.0055642399699835,residential,1,winter,0,6,296.3601028,1778.1606167999998,0
8,2021-01-27,0.0017994769321529,0.0010301760081803,0.0004916233464493,0.0004771704357652,0.0010121657510296,0.0050331583857738,0.0166727258174951,0.0179606742781962,0.0173027289173214,0.0152231310125628,0.0138164871738994,0.0112273443649211,0.0098032721807677,0.0087375354064212,0.0076855096724256,0.0087290961069344,0.0102349915411882,0.0134693825332886,0.0157735401748597,0.0150939739139792,0.0138574559041031,0.0113638724874364,0.0098184743266614,0.0055640952912043,residential,1,winter,0,6,296.3601028,1778.1606167999998,0
8,2021-01-28,0.0017994211714212,0.0010301486474272,0.0004916162356598,0.0004771636373372,0.0010121388852108,0.0050329776120378,0.0166720957479516,0.0179599936819727,0.0173020742713341,0.0152225601039691,0.0138159702183791,0.0112269285083636,0.0098029114024187,0.0087372155882453,0.0076852305999717,0.0087287775754655,0.0102346188965412,0.0134688887237314,0.0157729584303776,0.0150934173942718,0.0138569458373308,0.0113634567381045,0.0098181135483123,0.005563895517423,residential,1,winter,0,6,296.3601028,1778.1606167999998,0
8,2021-01-29,0.0017993497386478,0.0010301134982588,0.0004916071745005,0.0004771549849698,0.0010121046931371,0.005032747541054,0.0166712938576336,0.0179591274866586,0.0173012414937251,0.0152218335201239,0.0138153122844612,0.0112263992472614,0.0098024522394135,0.008736808555298,0.00768487542415,0.0087283721801115,0.0102341446312853,0.0134682602517599,0.0157722176791951,0.0150927091463134,0.0138562966629376,0.0113629276134684,0.0098176543853071,0.0055636416757999,residential,1,winter,0,6,296.3601028,1778.1606167999998,0
8,2021-01-30,0.001799263123214,0.0010300708298713,0.0004915961732315,0.0004771444812469,0.0010120631867741,0.0050324682409984,0.0166703203839353,0.0179550464394967,0.0172627725001898,0.0151834932177266,0.0137770553988011,0.0111882985848019,0.0097686049155981,0.0086988562745699,0.0076469860965941,0.0086904218873784,0.0101961107323217,0.0134644674394608,0.0157713188546557,0.0150918493249169,0.013855508593912,0.0113622852702234,0.0098170969736225,0.0055633338413093,residential,1,winter,1,6,296.3601028,1778.1606167999998,0
8,2021-01-31,0.0017991611112252,0.0010300206534587,0.0004915834316721,0.0004771321372968,0.0010120143729139,0.0050321397881035,0.0166691756150451,0.0179538098702865,0.0172615835850604,0.0151824557760017,0.0137761161138797,0.0111875430183545,0.0097679494203063,0.0086982751994885,0.0076464790520886,0.0086898431501047,0.0101954336772481,0.0134635702408327,0.0157702617329327,0.0150908381723854,0.0138545818431038,0.0113615298985932,0.0098164414783307,0.0055629714600891,residential,1,winter,1,6,296.3601028,1778.1606167999998,0
8,2021-02-01,0.0017990439637299,0.0010299627286144,0.0004915683579457,0.000477117933444,0.0010119582714901,0.0050317622989487,0.0166678598898631,0.0179554185006874,0.0172976757110137,0.0152187218919897,0.0138124946847327,0.0112241327716729,0.0098004859476567,0.0087350655021338,0.0076833544407899,0.008726636139678,0.0102321136665681,0.0134655689215725,0.0157690473912901,0.0150896760042403,0.0138535166859173,0.011360661721779,0.0098156880935504,0.0055625549620307,residential,2,winter,0,6,296.3601028,1778.1606167999998,0
8,2021-02-02,0.0017989112621462,0.0010298978382434,0.0004915515721139,0.000477101897512,0.0010118949000772,0.0050313358659421,0.0166663735978988,0.0179538130238244,0.0172961318904766,0.0152173751685478,0.0138112751877715,0.0112231517948294,0.0097996348964957,0.008734311073187,0.0076826961281819,0.0087258847459841,0.0102312346236312,0.0134644040589967,0.0157676748834624,0.0150883632076676,0.0138523134757617,0.0113596809983684,0.0098148370423894,0.005562084470463,residential,2,winter,0,6,296.3601028,1778.1606167999998,0
8,2021-02-03,0.0017987625768327,0.0010298249349527,0.0004915330388016,0.0004770840327057,0.0010118242722004,0.0050308606218477,0.0166647171791589,0.0179520239384522,0.0172944120454078,0.0152158744753468,0.0138099161288857,0.0112220585318791,0.0097986864309847,0.0087334702896134,0.0076819624627658,0.0087250473450891,0.0102302549623059,0.0134631058620976,0.0157661456737429,0.0150869001476914,0.0138509725120717,0.011358588016832,0.0098138885768784,0.0055615601247032,residential,2,winter,0,6,296.3601028,1778.1606167999998,0
8,2021-02-04,0.0017985993427996,0.0010297448974156,0.0004915124032525,0.0004770643296665,0.0010117464112198,0.0050303342460539,0.016662891068681,0.0179500512979884,0.0172925157128324,0.0152142199660616,0.013808417844054,0.0112208533065815,0.0097976408320029,0.008732543400403,0.0076811536618098,0.0087241241849815,0.0102291749727096,0.0134616747153239,0.0157644592951946,0.0150852872889074,0.0138494942342532,0.0113573831023041,0.0098128429778965,0.0055609820800149,residential,2,winter,0,6,296.3601028,1778.1606167999998,0
8,2021-02-05,0.001798421608682,0.0010296574968215,0.0004914898564732,0.0004770428027975,0.0010116613402258,0.0050297642775177,0.0166608959730537,0.0179478958152947,0.0172904437689014,0.0152124119590833,0.0138067807084422,0.0112195364729869,0.0097964984091943,0.0087315306800453,0.0076802699648324,0.0087231155390463,0.010227994974671,0.0134601110424962,0.0157626174901821,0.0150835248756604,0.0138478790611582,0.0113560666111227,0.009811700555088,0.0055603505582545,residential,2,winter,0,6,296.3601028,1778.1606167999998,0
8,2021-02-06,0.001798227325489,0.0010295626134895,0.0004914652113195,0.0004770194514245,0.0010115690844151,0.0050291435257328,0.016658732316931,0.0179425291515891,0.0172507387042294,0.0151729933392878,0.0137675472862061,0.0111806502732591,0.0097619695887461,0.0086929742748997,0.0076418534799842,0.0086845635524364,0.0101892571640872,0.0134553854426521,0.0157606195614813,0.0150816137899131,0.0138461274807569,0.011354638933154,0.0098104616467705,0.0055596656447933,residential,2,winter,1,6,296.3601028,1778.1606167999998,0
8,2021-02-07,0.0017980186666382,0.0010294604210804,0.0004914388637189,0.0004769942953469,0.0010114696710685,0.0050284745643076,0.0166564007961823,0.0179400106820221,0.0172483174616003,0.0151708807727381,0.0137656343685734,0.0111791114373562,0.0097606345618106,0.0086917908172992,0.0076408207981621,0.0086833848561763,0.0101878782270127,0.0134535581460263,0.0157584673068176,0.0150795544489699,0.0138442400069351,0.0113531004911915,0.009809126619835,0.0055589275933725,residential,2,winter,1,6,296.3601028,1778.1606167999998,0
8,2021-02-08,0.001797794983798,0.0010293509013311,0.0004914106269553,0.0004769673355406,0.0010113631296443,0.0050277576627704,0.0166539021010406,0.0179403416579261,0.017283180444543,0.01520607510149,0.0138010424196397,0.0112149204152998,0.0097924937237434,0.0087279806577138,0.0076771722251851,0.0087195797993258,0.0102238585718069,0.0134546296937554,0.0157561597431103,0.015077347420628,0.0138422172105395,0.01135145174124,0.0098076958696371,0.0055581365723103,residential,2,winter,0,6,296.3601028,1778.1606167999998,0
8,2021-02-09,0.0017975570538841,0.0010292343889065,0.0004913805190289,0.0004769385799895,0.0010112494916929,0.0050269930095637,0.0166512369712311,0.0179374628388289,0.0172804127494208,0.0152036601093809,0.013798855688269,0.0112131613912335,0.0097909676739862,0.0087266278646458,0.0076759917817034,0.0087182324488764,0.0102222823290123,0.0134525409377177,0.0157536991729938,0.0150749935271693,0.0138400596751165,0.0113496931707253,0.0098061698198799,0.005557292916759,residential,2,winter,0,6,296.3601028,1778.1606167999998,0
8,2021-02-10,0.0017973035263734,0.0010291103138913,0.0004913485288009,0.0004769080372093,0.0010111287908661,0.0050261808310905,0.0166484061957523,0.0179344050963003,0.0172774730447154,0.0152010951889983,0.0137965330553199,0.0112112930396238,0.0097893467765949,0.0087251909922605,0.0076747379708424,0.0087168013573814,0.0102206081189665,0.0134503223605076,0.01575108528307,0.0150724931975404,0.013837768030479,0.0113478253008565,0.0098045489224886,0.0055563968258884,residential,2,winter,0,6,296.3601028,1778.1606167999998,0
8,2021-02-11,0.0017970344901446,0.0010289787131554,0.000491314862291,0.0004768757227048,0.0010110010628884,0.0050253213678243,0.0166454106126422,0.0179281395778636,0.0172369040731303,0.0151609227601553,0.0137566170050677,0.0111718577602172,0.0097543415994522,0.0086862123125258,0.007635953010358,0.0086778287950966,0.0101813782839229,0.0134449447551065,0.0157483198859214,0.0150698471772124,0.013835342956705,0.0113458486844277,0.0098028336574766,0.0055554486136128,residential,2,winter,0,6,296.3601028,1778.1606167999998,0
8,2021-02-12,0.0017967521005112,0.001028840532017,0.0004912791674228,0.0004768416327172,0.0010108663456121,0.0050244148742436,0.0166422511087314,0.0179247266569267,0.017233622996245,0.01515805997068,0.0137540246833326,0.0111697724456172,0.0097525324747789,0.0086846085828273,0.007634553600268,0.0086762315175963,0.0101795096556444,0.0134424685448345,0.0157454018783123,0.0150670566148724,0.0138327852136167,0.0113437639078687,0.0098010245328033,0.0055544484144445,residential,2,winter,0,6,296.3601028,1778.1606167999998,0
8,2021-02-13,0.0017964543940572,0.0010286946515077,0.0004912416116525,0.0004768057845627,0.0010107244551287,0.0050234591551895,0.0166389285641292,0.0179211379002898,0.0172301726857951,0.0151550494150997,0.013751298620905,0.0111675795598216,0.0097506300261996,0.0086829221245464,0.0076330820014462,0.0086745518443509,0.0101775446339594,0.0134398645989685,0.0157423341840638,0.0150641219713751,0.0138300955038437,0.0113415715871746,0.009799122084224,0.0055533966710278,residential,2,winter,1,6,296.3601028,1778.1606167999998,0
8,2021-02-14,0.0017961414154608,0.0010285418755252,0.0004912022348375,0.0004767681885075,0.0010105761047892,0.0050224618835803,0.0166354395979666,0.0179173740946802,0.0172265541463658,0.0151518923384428,0.0137484396118536,0.0111652797522329,0.0097486348171063,0.0086811534371116,0.0076315386496926,0.0086727902727798,0.0101754838007906,0.0134371336886423,0.0157391176649912,0.0150610441155436,0.0138272746619775,0.0113392723728927,0.0097971268751307,0.0055522936459656,residential,2,winter,1,6,296.3601028,1778.1606167999998,0
8,2021-02-15,0.0017958146658653,0.0010283820927206,0.0004911610391716,0.0004767288561082,0.0010104206671941,0.0050214159647542,0.0166317941384813,0.0179134360585802,0.0172227684461615,0.015148589036513,0.013745448426838,0.011162873701234,0.0097465474383614,0.008679303044303,0.0076299240020564,0.0086709473245556,0.010173327766434,0.0134342766225892,0.0157357517501248,0.0150578241886375,0.0138243234973811,0.0113368669446846,0.0097950394963858,0.005551139665876,residential,2,winter,0,6,296.3601028,1778.1606167999998,0
8,2021-02-16,0.0017954742426538,0.0010282153504013,0.0004911178416564,0.0004766877905241,0.0010102584121445,0.0050203241719512,0.0166279933143183,0.0179093258317926,0.0172188168123855,0.0151451412441578,0.0137423263153609,0.0111603621274033,0.0097443685081222,0.0086773714940969,0.0076282385367,0.00866902354545,0.010171077169379,0.0149536302372118,0.0157322377363779,0.0150544631844127,0.0138212429098336,0.0113343560157856,0.0097928605661466,0.005549935119202,residential,2,winter,0,6,296.3601028,1778.1606167999998,0
8,2021-02-17,0.0017951181393606,0.0010280415524664,0.0004910730449176,0.0004766450200828,0.0010100891641454,0.0050191868212372,0.0166240291974178,0.0179050439410075,0.0172147001536149,0.0151415493257958,0.0137390737714944,0.0111577457664704,0.0115243453565743,0.0100533928063484,0.0085978753317767,0.0094834437576497,0.0112363763441854,0.0162291039536868,0.0157285776031766,0.0150509618113548,0.0138180337933789,0.0113317403294865,0.0097905907296827,0.0055486802224281,residential,2,winter,0,6,296.3601028,1778.1606167999998,0
8,2021-02-18,0.0017947492955689,0.0010278609443497,0.0004910264673489,0.000476600548904,0.0010099136439791,0.0050180018185193,0.0166199074344572,0.0179036218012168,0.0172478780548055,0.0151752729286726,0.0139195932618814,0.0116345527844057,0.0116215440665947,0.0098165784083536,0.0076621153237375,0.0089300317288977,0.0117942098099731,0.0139708834355504,0.0164087527675124,0.0157259635985912,0.0138146971062421,0.0113290206605999,0.0097882306591848,0.0055473754873397,residential,2,winter,0,6,296.3601028,1778.1606167999998,0
8,2021-02-19,0.0017943649854423,0.0010276733855879,0.0004909783174351,0.0004765543978113,0.0010097312329384,0.0050167743981143,0.0166156293560548,0.0178990005523449,0.0172434357960392,0.0151713966760676,0.0137696399947677,0.0111896599749395,0.0097705789076715,0.0087085538918913,0.0076602204831711,0.00870023119215,0.0102012229593276,0.0134246341420565,0.0157208224110661,0.0150435424459595,0.013811233829421,0.0113261978141003,0.0097857810535652,0.0055460212535478,residential,2,winter,0,6,296.3601028,1778.1606167999998,0
8,2021-02-20,0.001793967431449,0.001027479077173,0.0004909282200609,0.0004765065660495,0.0010095422086284,0.0050155024773534,0.0166111961735401,0.0178911821663553,0.0172013737281098,0.0151299216069486,0.0137285444819666,0.0111492758790321,0.0097347505802272,0.0086688455164067,0.0084738601786134,0.0087021772785151,0.0101611428998888,0.0134181298629317,0.0166318315459505,0.0150396268885314,0.0138076449973815,0.011323272626174,0.0097832426382516,0.0055446179220575,residential,2,winter,1,6,296.3601028,1778.1606167999998,0
8,2021-02-21,0.0017935560531387,0.0010272780281545,0.000490876384801,0.0004764570749966,0.0010093466270255,0.0050141864328405,0.0166066091993643,0.0178862275391052,0.0171966103734934,0.0151257654576169,0.0149691964900063,0.0131118610863705,0.0108787805966536,0.0091114477847536,0.0112050916912392,0.008658212954676,0.0114988571768382,0.0167459928340755,0.0168129461906006,0.015229038606535,0.0152393303319328,0.0113202459629673,0.0097806161649715,0.0055431659525809,residential,2,winter,1,6,296.3601028,1778.1606167999998,0
8,2021-02-22,0.0017931316571554,0.0010270705995722,0.0004908226420774,0.0004764059321038,0.0010091445460478,0.0050128291030008,0.0166018698466363,0.0178841381387952,0.0174023897709478,0.01734680389413,0.016278851423086,0.0148712702812863,0.0128525669638444,0.0116054763541903,0.0120605224655606,0.0095940069403819,0.0112244537608164,0.016045778793408,0.016536835315631,0.0158790697039447,0.0144999841491949,0.0128310991321993,0.0106456994199497,0.0055416653254737,residential,2,winter,0,6,296.3601028,1778.1606167999998,0
8,2021-02-23,0.0017926923149017,0.0010268559484552,0.0004907675625363,0.0004763531741293,0.0010089360255383,0.0050114235441763,0.0165969793531011,0.017878855754345,0.0172240686838652,0.015792134770133,0.0158722072670343,0.0136706238374675,0.0128663978924947,0.0102941476182105,0.0092827128844865,0.0108677978880182,0.0118216868150772,0.0142332003197805,0.0182735788088237,0.0175827686432443,0.0141212831605733,0.012775089789934,0.0106831475508449,0.0055401175687869,residential,2,winter,0,6,296.3601028,1778.1606167999998,0
8,2021-02-24,0.0017922402107495,0.001026635042759,0.0004907106077579,0.0004762987950839,0.0010087211272467,0.0050099799648174,0.0165919393870551,0.0178734118150903,0.0172188349058111,0.0173435575514791,0.0174532372433948,0.014159356691717,0.0134856531252474,0.0131006627253175,0.0125646060417665,0.0124535441155962,0.012690703478971,0.0163512468343373,0.0186399193391605,0.0188298409983729,0.0147985334798056,0.013082206750113,0.0109521244003588,0.0055385221454587,residential,2,winter,0,6,296.3601028,1778.1606167999998,0
8,2021-02-25,0.0017917747937532,0.0010264076464092,0.0004906517851691,0.0004762428110783,0.0010084999148117,0.0050084914498077,0.0165867512752992,0.0197515821934338,0.0193097767374766,0.0194552501415,0.0190535029205269,0.0136386812534621,0.017808139776417,0.0141041248521844,0.011008027135253,0.0131551709411538,0.0155340173057136,0.0182056335863096,0.020235115869524,0.0185948365015834,0.0162161948675956,0.0144962691206075,0.0123149362220516,0.0059348754742002,residential,2,winter,0,6,296.3601028,1778.1606167999998,0
8,2021-02-26,0.0022856428871034,0.0010261738267452,0.0004905916952364,0.0004761852602839,0.001580749935098,0.0050069584430686,0.0175500000583185,0.0210381975115905,0.0199398618210029,0.0200143391984524,0.0208341139776544,0.018596578179961,0.0164029999363148,0.0147048085792039,0.0178826160578619,0.0150617654859073,0.0167686145459969,0.022616646625784,0.020891865440267,0.0192007050382351,0.0181303144402173,0.016105779762899,0.0139653532731849,0.0083049540034381,residential,2,winter,0,6,296.3601028,1778.1606167999998,0
8,2021-02-27,0.0047042843963296,0.0035077922576265,0.0015720567323889,0.0025699577959892,0.0030396794270955,0.0061575709126151,0.0192656507710168,0.0199567712861112,0.0178653184263596,0.0181036384671711,0.0177797695158263,0.0125269836953524,0.0136459292613334,0.0123987433941871,0.0088189625602032,0.0116344177299011,0.0133039430306359,0.0148521469206863,0.0181503853707494,0.0165555786185873,0.0145110147267829,0.0125012865457124,0.0103278621817096,0.0055334565717492,residential,2,winter,1,6,296.3601028,1778.1606167999998,0
8,2021-02-28,0.0017903000633838,0.0010256871963238,0.0004904662302895,0.0004760654693867,0.0010077990569616,0.005003773004609,0.0165703139176041,0.0178470236171694,0.0171589201532847,0.0158197315918635,0.0162665508038058,0.0122617596454091,0.0127723251479109,0.0125086920296839,0.0101507196405056,0.011336824179309,0.0135264984825442,0.0155509241206456,0.0180686414845156,0.0169304448863127,0.0150626038352584,0.0113401827081335,0.0097598337907111,0.0055316762979956,residential,2,winter,1,6,296.3601028,1778.1606167999998,0
8,2021-03-01,0.0017897832944102,0.0010254348306043,0.0004904010963847,0.000476003271957,0.0010075532614405,0.0050021215115349,0.0165645492897422,0.0178438269056626,0.0171903918511605,0.0151251136012767,0.0137277295449256,0.0111559467628919,0.0097413308490202,0.0086826264469922,0.0076375962666118,0.0086744080622335,0.0101710129078615,0.0133846013326324,0.0156736590498145,0.0149984139074801,0.0137698826300685,0.0112924932947589,0.0097565329949139,0.0055298518425287,residential,3,spring,0,6,296.3601028,1778.1606167999998,0
8,2021-03-02,0.0017892529610566,0.0010251757278819,0.0004903341674727,0.0004759395570953,0.0010073014976201,0.0050004274150985,0.0165586446253101,0.0178374491550313,0.01718426023778,0.0151197634753642,0.0137228849107643,0.0111520496672979,0.0097379499050644,0.0086796293510424,0.0076349859930199,0.0086714230239633,0.0101675207618655,0.0133799737200216,0.0156682071823673,0.0149931914332186,0.0137651026171093,0.0112885972040026,0.009753152050958,0.0055279827229184,residential,3,spring,0,6,296.3601028,1778.1606167999998,0
8,2021-03-03,0.0017887113983676,0.0010249111683388,0.0004902658898262,0.000475874358042,0.0010070438400562,0.0049986912205337,0.0165525971864016,0.0178309220754038,0.0171779851498908,0.0151142880447012,0.0137179268528965,0.0111480613418188,0.0097344898141846,0.0086765620939399,0.0118817570083893,0.0109746009805783,0.0117783124023723,0.0179650623530969,0.0156626275020944,0.0149878468352664,0.013971696449446,0.0112846099068841,0.0097496919600782,0.0055260698093744,residential,3,spring,0,6,296.3601028,1778.1606167999998,0
8,2021-03-04,0.0017881561783849,0.0010246402794608,0.0004901960607997,0.0004758076869169,0.0010067803650498,0.0049969207572433,0.0165464223852675,0.0178242474571064,0.0171715685052448,0.0158114761938711,0.0137128568079519,0.011235595210435,0.0116015843340412,0.0114031080688987,0.0079500724139689,0.0113893801257089,0.0131286081973523,0.0133703949040706,0.0177686511746184,0.01630847115891,0.0137552083437051,0.01221366085649,0.0105809176823642,0.0055241130459744,residential,3,spring,0,6,296.3601028,1778.1606167999998,0
8,2021-03-05,0.0017875895425177,0.001024363287002,0.0004901249524055,0.000475739570641,0.0010065111506249,0.0049951067980008,0.0165401038938197,0.0178490188491434,0.0171650122729618,0.0170886112984931,0.0159996829567267,0.0118900874277803,0.0142557003477937,0.0149274504303838,0.0113401627244706,0.0113950632467746,0.0134777642296761,0.0177823540792471,0.017880605722143,0.0170265348254073,0.0146840163601681,0.0129154853916134,0.0108154497742875,0.0055221150689441,residential,3,spring,0,6,296.3601028,1778.1606167999998,0
8,2021-03-06,0.0017870109709913,0.0010240807288666,0.0004900520447277,0.000475670015031,0.0010732188017991,0.004993257192952,0.0165336616706999,0.0199775071909098,0.0190204827147085,0.0211421814056277,0.0175261275453438,0.0173609395708498,0.0159050988649017,0.0158455380320169,0.0140600965386119,0.0157787302502801,0.0174506002912901,0.0200021242865903,0.0216774347248267,0.020983141063178,0.0191719732219957,0.0171408172958589,0.0149995406385267,0.0085972387054886,residential,3,spring,1,6,296.3601028,1778.1606167999998,0
8,2021-03-07,0.004778891342098,0.0044048803500129,0.0021544136462527,0.0036336116896376,0.0041432068667612,0.0066061730036894,0.0185408038326049,0.0221180765258637,0.0228163225388323,0.0230989700711589,0.0239937048545079,0.0201202646328745,0.0201236010831351,0.0190425660833483,0.0165455461102568,0.0192639348832957,0.0214836950226688,0.023430951765331,0.0245579776616948,0.0228942437765868,0.0204867520613895,0.0190033698973028,0.0168109909256023,0.0110075642831356,residential,3,spring,1,6,296.3601028,1778.1606167999998,0
8,2021-03-08,0.0076165028396262,0.0063774343352611,0.0042556117101716,0.0053988971841358,0.0049752033452508,0.0064890239299798,0.0210755782401713,0.0227378193787504,0.0197087758995774,0.0207575488637944,0.0197749887768073,0.0166154169522524,0.0173935515947529,0.0164265976005264,0.0122724584591966,0.0125628474385819,0.0139951142061769,0.0159410820281626,0.0199337951703569,0.0192613248370558,0.0154381650899897,0.0141709866786335,0.0119790077014543,0.005515869048745,residential,3,spring,0,6,296.3601028,1778.1606167999998,0
8,2021-03-09,0.0017852060774539,0.0010231992923738,0.0004898245281107,0.0004754529561761,0.0010053785182066,0.0049874878261809,0.0165135444240618,0.0177887359861862,0.0171374693535912,0.0150788984424708,0.0136858812060598,0.0111222835477331,0.0097121261670938,0.0086567374541373,0.0076150173727921,0.0086486232318341,0.0101408476598167,0.0133446278944022,0.0156265657481469,0.0149533020431544,0.0137285927536602,0.0112588387613561,0.0097273283129875,0.0055137063165672,residential,3,spring,0,6,296.3601028,1778.1606167999998,0
8,2021-03-10,0.0017845814965933,0.0010228943160939,0.0004897458981061,0.000475377882083,0.0010050818356988,0.004985491466258,0.0165065862102407,0.017781220761959,0.0171302654054657,0.0150725937123299,0.0136801721916132,0.0111176911519234,0.0097081420120664,0.0086532056313529,0.0076119375985735,0.0086451056266488,0.0101367324628996,0.013339174646348,0.0156201411257771,0.0149471478011712,0.0137229599147513,0.0112542475496185,0.00972334415796,0.005511503711117,residential,3,spring,0,6,296.3601028,1778.1606167999998,0
8,2021-03-11,0.0017839458864037,0.0010225839570051,0.0004896658802941,0.000475301482944,0.0010047799167651,0.0049834598693866,0.0164995051757017,0.0177735724147323,0.0171229473400681,0.0150661776877074,0.0136743624141181,0.0111130177011775,0.0097040875374401,0.00864961147255,0.0076088034650612,0.0086415259293077,0.0101325446332746,0.013333625149475,0.0156136031018812,0.014940884937956,0.0137172276572783,0.0112495753038435,0.0097192896833337,0.0055092621978047,residential,3,spring,0,6,296.3601028,1778.1606167999998,0
8,2021-03-12,0.0017832994339838,0.0010222680523278,0.0004895844888277,0.0004752237813836,0.0010044728508143,0.0049813936371232,0.0164923034169299,0.0177657939580656,0.0171155045595711,0.0150596522774074,0.0136684535940854,0.0111082645794938,0.0096999639439093,0.0086459560421048,0.0076056159002847,0.0086378852068568,0.0101282854113675,0.013327981047214,0.0156069536122099,0.0149345153081965,0.0137113976787949,0.0112448234076724,0.0097151660898029,0.0055069825343599,residential,3,spring,0,6,296.3601028,1778.1606167999998,0
8,2021-03-13,0.0017826415813058,0.0010219471598584,0.0004895017668983,0.0004751448004124,0.0010041607287792,0.0049792933812817,0.0164849830661625,0.0177548575834255,0.0170704810421204,0.0150155612599128,0.0136249893278078,0.011065975040916,0.0096624825405063,0.0086047822689902,0.007564917694566,0.0085967263839136,0.0100864979049584,0.0133192141469832,0.015600194625524,0.0149280407981982,0.013705471705794,0.0112399932683344,0.0097109745985307,0.0055046653018575,residential,3,spring,1,6,296.3601028,1778.1606167999998,0
8,2021-03-14,0.001781973978377,0.0010216212094975,0.0004894177294554,0.0004750645634197,0.0010038436430899,0.0049771597237516,0.0164775462907571,0.0177468253614534,0.01706279535645,0.0150088229061732,0.0136188877010351,0.0110610668233094,0.0096582243927631,0.008601007560648,0.0075616261144153,0.0085929668634925,0.0100820997032405,0.0133133858758103,0.0155933281430112,0.0149214633253259,0.0136994514931963,0.0112350863162293,0.0097067164507875,0.0055023111891014,residential,3,spring,1,6,296.3601028,1778.1606167999998,0
8,2021-03-15,0.0017812961173774,0.0010212902547994,0.0004893325944431,0.0004749831013129,0.0010035216876467,0.0049749932963076,0.016469995292551,0.0177416998975702,0.0170924497838964,0.0150394395129046,0.0136501506000903,0.0110935413818647,0.0096871907616898,0.0086346330349224,0.0075957421338533,0.0086266077481215,0.0101150921083265,0.0133104979596825,0.0155863559470922,0.0149147849509274,0.0136933388278841,0.0112301040045046,0.0097023929075835,0.0054999206447643,residential,3,spring,0,6,296.3601028,1778.1606167999998,0
8,2021-03-16,0.0017806081697225,0.0010209543910297,0.0004892460581956,0.0004749004239226,0.0010031949577918,0.0049727923201893,0.0164623322525625,0.0177334236209594,0.0170845303160286,0.0150324961827909,0.0136438634048812,0.0110884838819453,0.0096828031034014,0.0086307435197287,0.0075923504373877,0.0086227338781406,0.0101105601363317,0.0133044924230356,0.0155792808538306,0.014908007428417,0.0136871355119107,0.0112250478086247,0.009698005249295,0.0054974952941042,residential,3,spring,0,6,296.3601028,1778.1606167999998,0
8,2021-03-17,0.0017799103390844,0.0010206137191181,0.0004891579748202,0.0004748165557435,0.0010028635502813,0.0049705647071819,0.0164545596035653,0.0177250285983362,0.0170764971249981,0.0150254534444004,0.0136374861857731,0.011083353976546,0.0101535715499079,0.0097763727852646,0.0119252808350887,0.0120392509032829,0.0143132048319323,0.0176330616141749,0.0168017021439373,0.0160836108375252,0.0150062626066677,0.0112199192259341,0.0096935547752855,0.0054950348805526,residential,3,spring,0,6,296.3601028,1778.1606167999998,0
8,2021-03-18,0.0017792035697053,0.0010202686391175,0.0004890689374922,0.0004747315358915,0.0010025275632568,0.0049683038568087,0.0164466750529905,0.018035999853771,0.0173334299735676,0.0165792926281443,0.0166855491917324,0.0153917182116885,0.0161805034097445,0.0152326032593513,0.0153787854502848,0.0171514701274345,0.0202952815454671,0.0219582560854091,0.0217298509660495,0.0201633261704667,0.0178774232238444,0.0146953071817759,0.0125673540076869,0.0073218241903241,residential,3,spring,0,6,296.3601028,1778.1606167999998,0
8,2021-03-19,0.0025554208531956,0.0014299811945393,0.0004889786938096,0.0004746453824019,0.0010021870962159,0.0049660128588002,0.016438694278476,0.0210109646035959,0.0233966078769202,0.0230931890706808,0.0232352954476255,0.021719446827526,0.019683818659937,0.0201282013534072,0.0201456984669256,0.0231477787145919,0.024135548981728,0.0262816516896999,0.0229404521415257,0.0212462722103444,0.0200089619714989,0.0172960487297494,0.0150584437961302,0.0102134919203582,residential,3,spring,0,6,296.3601028,1778.1606167999998,0
8,2021-03-20,0.0048113684253199,0.0034944560577335,0.0023578193864096,0.0015164575179436,0.0018829953683188,0.0060581264024044,0.0188494485662211,0.0224023315046754,0.021695222830816,0.0215572270141401,0.0196464746171247,0.0156392740598279,0.0186969485921319,0.017213159320989,0.0150142753237652,0.0198737614477402,0.0218657466427452,0.0212800002318864,0.023270143416353,0.0223917449624073,0.0175790807850959,0.0165931506477769,0.0135925446690783,0.0071663609619008,residential,3,spring,1,6,296.3601028,1778.1606167999998,0
8,2021-03-21,0.004333687341927,0.0031044633896741,0.0004887950203578,0.0010579941299434,0.001745156493286,0.0049613407299196,0.0170723083322088,0.0218411938256811,0.0209266762916407,0.0222419153331552,0.0213599339617691,0.0174958005895185,0.0170897936826812,0.0164635496344557,0.0153564228747195,0.0154331460330547,0.0171472173934202,0.0202378653708572,0.020527810608149,0.0188723297018137,0.0175729612139176,0.0138951092650594,0.0116940915277272,0.0067320129790279,residential,3,spring,1,6,296.3601028,1778.1606167999998,0
8,2021-03-22,0.0030952502851369,0.0018065538381813,0.0004887013857645,0.000474380383995,0.0010011398296921,0.0049589633956313,0.0164141319017008,0.0187576388550257,0.0186436945469763,0.0176457201003458,0.016248213764728,0.0130913118914763,0.0127484504356159,0.0119413417018511,0.0110813423104536,0.0126081937238105,0.0141745049606433,0.0161357686302717,0.0191969612948775,0.0167563706283354,0.0138395421050201,0.0118523693997793,0.0104927163184013,0.0054822377142105,residential,3,spring,0,6,296.3601028,1778.1606167999998,0
8,2021-03-23,0.0017755279931251,0.0010184744573819,0.0004886066727605,0.0004742899543284,0.0010007824636462,0.0049565586787925,0.0164057503052822,0.0194990778924678,0.0195602960799547,0.0198329245800347,0.0189626708895444,0.018227244248999,0.0171813787201896,0.0147425067636531,0.0164947450839146,0.0175465772443872,0.020274963489712,0.0208760799676957,0.0218023598403466,0.0219262455015583,0.0178927683896183,0.0162067829818671,0.0141143766725277,0.0082682768234427,residential,3,spring,0,6,296.3601028,1778.1606167999998,0
8,2021-03-24,0.0050807516795942,0.0038904506680325,0.0020786749523515,0.0027901904338281,0.0024050895322927,0.005714392666152,0.0177968232866549,0.0240436991527015,0.0238463581178192,0.0227347731552662,0.0215988510407217,0.0193713881724582,0.0185401763327891,0.0142983627668983,0.0128381655889201,0.0110277323002231,0.0115823133875345,0.0141876030550115,0.0155310785579705,0.0148504684993215,0.0136344715331738,0.01118212248041,0.009660755570564,0.0054769017127815,residential,3,spring,0,6,296.3601028,1778.1606167999998,0
8,2021-03-25,0.0017739986620807,0.0010177279302409,0.0004884140764027,0.0004741061134743,0.0010000556436547,0.0049516699464495,0.0163887107254797,0.0176539099743786,0.0170084443570696,0.0149657888507125,0.0135834600117836,0.0110398947290086,0.0096406493509525,0.0085933756004784,0.0077411300572335,0.010810812186909,0.0127652634522061,0.0143917366227938,0.0160031405333285,0.0148428933804005,0.0136275381073934,0.0111764711840472,0.0096558514968461,0.0054741905207122,residential,3,spring,0,6,296.3601028,1778.1606167999998,0
8,2021-03-26,0.0017732216612087,0.001017348682051,0.0004883162976793,0.0004740127567292,0.0009996867942636,0.0049491873856608,0.016380053392519,0.0176445647198673,0.0169995017611117,0.0151600459977257,0.0142466484151358,0.0110341839588619,0.0118720345272456,0.0111089977724163,0.0100650219929944,0.0118036619011615,0.0139879306725582,0.0151492458258509,0.0158137082753926,0.0150340932549505,0.0136205335177274,0.0111707618863809,0.0096508970908417,0.0054714515012641,residential,3,spring,0,6,296.3601028,1778.1606167999998,0
8,2021-03-27,0.0017724369796416,0.0010169654478808,0.0004882176021277,0.0004739184792072,0.0009993141380182,0.0049466827388478,0.0163713195453811,0.0176320977178965,0.0169530128096873,0.0158902379698271,0.0150755707622566,0.0126731363884006,0.0114349037991077,0.0106093705145823,0.0112230099055712,0.0130545214679,0.0150568759858446,0.0169000418955909,0.0186282042347077,0.017180719659899,0.0141925764968111,0.0121537458306035,0.0102442064849086,0.0054686857645286,residential,3,spring,1,6,296.3601028,1778.1606167999998,0
8,2021-03-28,0.0017716441366688,0.0010165790322561,0.0004881178763218,0.0004738233088279,0.0009989381222235,0.0049441519430831,0.0163624940927494,0.0178297259385212,0.0182070675838719,0.0174179548048827,0.0167214454032911,0.0138899931161492,0.0146034196449695,0.0126692942748149,0.0114493958663541,0.0138269571003225,0.0163303097928693,0.0187092399249324,0.0202090058287475,0.0187168008347046,0.0158906052320861,0.0140775309382226,0.0120224434347063,0.0059852171701907,residential,3,spring,1,6,296.3601028,1778.1606167999998,0
8,2021-03-29,0.0022857105418789,0.0011714651908212,0.0004880172829742,0.0004737272737747,0.0009985588239252,0.0049415957602332,0.0163535971980362,0.0208833039560778,0.0212750937101417,0.0206551303662045,0.0198801322796063,0.0160246144211228,0.0157783044927031,0.0143823098957212,0.0144638665502645,0.0161206127888327,0.0182033923808434,0.0196553828370815,0.0213037552464527,0.0205064645717318,0.017001031640515,0.0156296912008118,0.0135280015351857,0.0072040994271738,residential,3,spring,0,6,296.3601028,1778.1606167999998,0
8,2021-03-30,0.0037407377636664,0.0025899625296468,0.000709089110088,0.0015687980078048,0.0013152018605871,0.0049390197304548,0.0173054776993475,0.0243838364158883,0.023795876294737,0.0222437048109553,0.0217501299707556,0.0185224088961325,0.0190664380366476,0.0169930978331029,0.0160090774403428,0.0166055128734301,0.0207915946363739,0.021746725132689,0.0231028444891991,0.02139816025786,0.0183915247750465,0.0166292240830012,0.014504717661059,0.0083674998963567,residential,3,spring,0,6,296.3601028,1778.1606167999998,0
8,2021-03-31,0.0044793190577545,0.0032996415451078,0.0016921811249456,0.0022080737128539,0.0025914835724265,0.0060285773850191,0.0180761854620403,0.0245867376831652,0.0246736444761565,0.0247381673366671,0.0217264760704466,0.0183398909645455,0.0186089189511846,0.0183175934613719,0.017058772427662,0.0190284809085524,0.0211732438177903,0.0214302366179153,0.0232952714763888,0.0224797718459943,0.0206902631710152,0.0173087436174117,0.0142005564593703,0.0084422166567192,residential,3,spring,0,6,296.3601028,1778.1606167999998,0
8,2021-04-01,0.0035799593415934,0.0024380774132709,0.0015734905680659,0.0015871719389938,0.0019239550784741,0.0057337074337723,0.018311807923849,0.0207092274184719,0.0193287485276357,0.0183420443112737,0.0173108453091248,0.0135713768369529,0.01340773875921,0.0135972365498504,0.0108344120618346,0.0099366368018466,0.0117491426963378,0.0150991388048426,0.0175210867942855,0.016782555247283,0.0147125100519689,0.012689648131325,0.0105852235030992,0.0055090862907924,residential,4,spring,0,6,296.3601028,1778.1606167999998,0
8,2021-04-02,0.0017675800281363,0.001014595344846,0.0004876062993686,0.0004733350522055,0.0009970088428826,0.0049311682527271,0.0163172438112287,0.0175767264201084,0.0169345855830153,0.0160441876869292,0.0150288524274652,0.0116017065141807,0.0101618887740216,0.0104944609993009,0.010530306676492,0.0103050212401996,0.0117386678858851,0.0145203597151556,0.0167727378195523,0.0159407959724945,0.0144010408115483,0.0129260916236235,0.0108112371692946,0.0054515686024251,residential,4,spring,0,6,296.3601028,1778.1606167999998,0
8,2021-04-03,0.0017667482211378,0.0010141894068203,0.0004875016392951,0.0004732351252092,0.0009966137252379,0.0049285109453364,0.0163079817723495,0.0175636940634292,0.0171419681856835,0.0154750434271266,0.0134797680166771,0.0109491573752844,0.0099883636251852,0.0092912698117731,0.0090420707153928,0.0133133395287395,0.0133793280228817,0.0156643635051083,0.0175628346710233,0.0167802755325104,0.0148029799089911,0.0129359035965356,0.0108188540879409,0.005448636803802,residential,4,spring,1,6,296.3601028,1778.1606167999998,0
8,2021-04-04,0.00176591135199,0.0010137807119213,0.0004873964471642,0.0004731345147908,0.0009962163166713,0.0049258352876056,0.0170745809994949,0.0219025823858279,0.0232067397626862,0.0204546013045962,0.019869483911607,0.015017308848854,0.0144544770336387,0.013838985923867,0.0146986869192781,0.0157458789319566,0.0173796127912694,0.0179122507821188,0.020226431344236,0.0185187924433239,0.0156506833438291,0.0129664991747579,0.0108431024316011,0.0054562883404212,residential,4,spring,1,6,296.3601028,1778.1606167999998,0
8,2021-04-05,0.0017650682507466,0.0010133692838233,0.0004872903717995,0.0004730332366044,0.0009958160781502,0.0049231420506701,0.0162892602967412,0.0203992903037447,0.021697371117487,0.0207979706457674,0.0200013149155598,0.0171083601616521,0.0150599878684055,0.0146614057271567,0.0177157822989477,0.0158720295889058,0.0173651127465936,0.020725485438129,0.0203301710069487,0.0193896552666001,0.0175492281455862,0.0150547822428037,0.0129011823929143,0.0071216800605225,residential,4,spring,0,6,296.3601028,1778.1606167999998,0
8,2021-04-06,0.0031330325611324,0.0019617379310981,0.0006090567480366,0.0009231784485906,0.001266335385942,0.0049204320391141,0.0196091750915939,0.0213319426865507,0.0196916366440989,0.0190447975824788,0.0189470147034041,0.0164644956224997,0.0151658112883369,0.0117354133607194,0.0075115710057741,0.0085595865747702,0.0103998484676812,0.0131614608787239,0.0154700021555793,0.0154881245459194,0.013539393531019,0.0119811409105021,0.0095935060883018,0.0054397233494852,residential,4,spring,0,6,296.3601028,1778.1606167999998,0
8,2021-04-07,0.0017633657824999,0.0010125388184681,0.0004870760806677,0.000472828811248,0.0009950082428705,0.0049177060554285,0.016270316818828,0.0178139158961579,0.0183591168478358,0.0180072547720072,0.0167815125319867,0.0133983900920628,0.0133592509648481,0.0119122148325307,0.009694439820902,0.0112729311635028,0.0123857197389152,0.0144202171133977,0.0183825698641334,0.0177059656395268,0.0149615791704805,0.012954513989493,0.0108536739508026,0.0054367157780794,residential,4,spring,0,6,296.3601028,1778.1606167999998,0
8,2021-04-08,0.0018029005309376,0.0010121200733373,0.0004869683088688,0.0004727257387277,0.0009946008853425,0.0049149649068462,0.0167529757370714,0.0200245347079728,0.0192580336536546,0.0183910247289788,0.0173391376609485,0.0144475182070244,0.01315078652131,0.0132350497525056,0.0126492275634198,0.0136911892997377,0.014235796171745,0.0182694369453493,0.0195958691723972,0.01959938947112,0.0167551238316235,0.0147360844053523,0.0117522865053108,0.0065194348642471,residential,4,spring,0,6,296.3601028,1778.1606167999998,0
8,2021-04-09,0.0034577833388232,0.0022447555555762,0.0004868597815869,0.0009580246390578,0.0019453455646097,0.0049122070277018,0.0173467454852628,0.0210272385209537,0.020679639028183,0.0197496436729457,0.0197588313202623,0.0205622045868339,0.0179146457915181,0.0174176272476034,0.0211245987462348,0.0179116640052729,0.0198322944580238,0.0231295610749062,0.0218104274981804,0.0209032319691472,0.0197312898824873,0.0168441845997312,0.0146586506041133,0.0089271784641763,residential,4,spring,0,6,296.3601028,1778.1606167999998,0
8,2021-04-10,0.0044835276369346,0.00411640053442,0.0025740673411263,0.0030531204423367,0.0034635895200834,0.0066772916330652,0.0214135744285619,0.0251610619969712,0.0242541670783856,0.0234793907027028,0.021634509371598,0.0183150145323771,0.0187686586067345,0.0189267209734102,0.0176823357820885,0.0210475946075532,0.0228609648559652,0.0224568540994016,0.0243779482987325,0.0226484874429809,0.0186977854116635,0.0169343441442269,0.0139789335881552,0.0085475458460874,residential,4,spring,1,6,296.3601028,1778.1606167999998,0
8,2021-04-11,0.0048169347316555,0.0035864143534034,0.0022041368201806,0.0017681574850254,0.0028523791003961,0.0059993122828659,0.0206360728021294,0.0243906091959772,0.0253736507690397,0.0255769286410802,0.0226753671608774,0.0214982447780062,0.0190635261292278,0.0184197567837236,0.0226378798726515,0.0194572655392922,0.0209126334611441,0.0237685616792378,0.0236476296697007,0.0228824320605772,0.0208065610989993,0.0196504638493065,0.016489177705247,0.0104381153680897,residential,4,spring,1,6,296.3601028,1778.1606167999998,0
8,2021-04-12,0.0071664330141113,0.0059774997868909,0.0035241018250163,0.0039716968931603,0.0043676559658866,0.0073794380532517,0.022813237711431,0.027266649407693,0.0278084019702293,0.0272667961095638,0.0249853607343647,0.0245727573342961,0.0210303617548772,0.0205369603611754,0.0263724798395455,0.0218850402089162,0.0220598311544386,0.0260799557519634,0.0244406711742276,0.0236359684047082,0.0225700716375296,0.0194838788411148,0.0172586538286507,0.0120675578798296,residential,4,spring,0,6,296.3601028,1778.1606167999998,0
8,2021-04-13,0.0069552842728776,0.0056573438821367,0.0046790917521243,0.0046230848545164,0.0050071080040823,0.0088763567591664,0.0252012814666358,0.02867438997111,0.0299414379314245,0.0287734894434326,0.0272569881766368,0.0260987108670676,0.0242143255036353,0.0237654185830308,0.0266100202090066,0.0243914693602958,0.0262445179386444,0.0275365310603752,0.0260922854375451,0.0252518768534999,0.0239233386677253,0.0212203167168951,0.0180135995493755,0.0133379790480287,residential,4,spring,0,6,296.3601028,1778.1606167999998,0
8,2021-04-14,0.0086412844754018,0.0073257094176141,0.0067689511279698,0.0070656851296791,0.006567054361009,0.0104662870123298,0.0251373812441374,0.0274220769152295,0.0271399574861345,0.0270195867394683,0.0245539373360005,0.0190494191341599,0.0211690368650392,0.018957824480761,0.016622557289136,0.0189088070972247,0.02036857620623,0.0209166487627221,0.0238386713973243,0.0221727134949659,0.0187310317420648,0.0170930050183527,0.0149225237789037,0.0091329264529546,residential,4,spring,0,6,296.3601028,1778.1606167999998,0
8,2021-04-15,0.00576812684213,0.0045412067505705,0.0023695307397349,0.002640710767329,0.0029778546351391,0.0058684842008505,0.020599945031601,0.0242264586932076,0.0245391840957958,0.0235377999321182,0.0220624251292933,0.0183740242858982,0.0175840389413328,0.0191580971782358,0.0174343549768079,0.0199336252497962,0.0204854808024835,0.0216720189334279,0.0230643475862999,0.0215850862442093,0.0191866007269556,0.0174188894316314,0.0152230768672461,0.0093734493879364,residential,4,spring,0,6,296.3601028,1778.1606167999998,0
8,2021-04-16,0.006058841951475,0.0048571081353672,0.0029566179752733,0.0036754488294382,0.0041217100990392,0.0067847072602095,0.0228197378368376,0.0260860319945957,0.0253150792905259,0.0249602086277897,0.0229350340278368,0.0194412969448214,0.0188208950149605,0.0189684373305756,0.0201072313304594,0.0216584259146182,0.0221988927448576,0.0232398947276948,0.0247129595215859,0.0238471530413604,0.0204978338590206,0.0186559772922628,0.016408196199944,0.0104935369243597,residential,4,spring,0,6,296.3601028,1778.1606167999998,0
8,2021-04-17,0.0072294270009942,0.0060060080647125,0.003678055445008,0.0040618978695105,0.0044491105895788,0.0075961272597097,0.022945650345809,0.0276437129546846,0.028032987249421,0.0282604898182108,0.0257857849976515,0.0247169381424369,0.0207349891029675,0.0204771818686178,0.0248611233113485,0.0216990686347275,0.0232062047724295,0.0271946681168119,0.0252915327791294,0.0244307240902183,0.0222124209307123,0.019389422231821,0.0171559718845757,0.0120515624510258,residential,4,spring,1,6,296.3601028,1778.1606167999998,0
8,2021-04-18,0.0078550538882328,0.0056988748078015,0.0046216525057284,0.0045626040150001,0.0049447241661486,0.008052069900692,0.023910499330891,0.0264884396316711,0.0279168903876184,0.0267059510851395,0.0256942467923594,0.025937593126404,0.0214554224096713,0.0210156747601916,0.0230348173557181,0.0235393736596094,0.0243209563313787,0.0274563513624541,0.0254438028696455,0.0245114747379596,0.0222771397398734,0.019567517667418,0.0173583408864658,0.0122134188222307,residential,4,spring,1,6,296.3601028,1778.1606167999998,0
8,2021-04-19,0.0079957479657621,0.0067087579783947,0.0046802299181952,0.00466927847021,0.0050406274556955,0.0083562822200404,0.0244140755434864,0.0295149195632834,0.0299460760502159,0.0305162654365945,0.0265833360353418,0.0252805944045953,0.0223854197248696,0.021922444847599,0.0252494774625946,0.0234655341510176,0.0244908562758313,0.0281718267630714,0.0258405774062121,0.0249218048493273,0.0235208124069956,0.0199307057656857,0.0176821841421184,0.0130469541594293,residential,4,spring,0,6,296.3601028,1778.1606167999998,0
8,2021-04-20,0.0084039562713274,0.0070716315763913,0.0060641437730043,0.0060362406465986,0.0063971410445002,0.0102703623313359,0.0231173240096149,0.0255734588488027,0.026407322603882,0.0245082081067219,0.0242009833738801,0.0225645260710933,0.0202508626712212,0.0202961162397154,0.0240256642997003,0.0225779801804059,0.0232209606925958,0.0265650711568349,0.0260667891948084,0.0243404553024826,0.0232803213156239,0.0202851128935983,0.0181182547882126,0.0129618746556322,residential,4,spring,0,6,296.3601028,1778.1606167999998,0
8,2021-04-21,0.0081040096341799,0.0077481117698329,0.006277490773682,0.006690440338536,0.0071181155398437,0.010284155324019,0.0258087173327313,0.0292870641495641,0.0283061986785098,0.0280122673603746,0.0274150695214718,0.0218709095863556,0.0236162640107744,0.0219331476897346,0.0212543711110137,0.0248679791704317,0.0248187996809486,0.0249627030918111,0.0264655475204977,0.025634218144316,0.0219838644508045,0.0205528141976001,0.0183342973191057,0.0120825166594991,residential,4,spring,0,6,296.3601028,1778.1606167999998,0
8,2021-04-22,0.0081721853837134,0.0068768650066283,0.0051813963010659,0.0057775404351893,0.0070600009415692,0.009158655856166,0.0244381289618506,0.0283948588008009,0.0264899190836513,0.0266920127011504,0.0250858914717659,0.0230151564552008,0.0223196970437545,0.0208649499302855,0.0201156557329622,0.0188874348580481,0.0197845133418567,0.0231982987042124,0.0258341011856257,0.0241189135596049,0.0226585187874984,0.0200762389607388,0.0179587432968684,0.0136106952316524,residential,4,spring,0,6,296.3601028,1778.1606167999998,0
8,2021-04-23,0.0088378682421285,0.0075876677845076,0.0065760008328746,0.0065629946571023,0.0070394524639225,0.0099206592430871,0.0223242046872401,0.0248207924813727,0.0237361942559814,0.0233510598328976,0.0229000733394175,0.0185054625166388,0.0184574945428895,0.0172673640423076,0.0135956734094971,0.0163029937018655,0.0168217125243856,0.0184130734707947,0.0216178451577516,0.0208482137429326,0.0184346087044283,0.0167752844496019,0.0146347224664865,0.0089955940731071,residential,4,spring,0,6,296.3601028,1778.1606167999998,0
8,2021-04-24,0.0054828997191371,0.0042845026357273,0.0026729933298321,0.0033344987588316,0.0037579672538304,0.0062905292847449,0.0214121732739752,0.0243691606125325,0.023433129307068,0.0230805615015506,0.0218667722546185,0.0180253524520981,0.0192622608412146,0.0170444174033768,0.0142998923786232,0.0177303379703575,0.0192677099091464,0.0201192208571036,0.0227751971945346,0.0219222452002785,0.0190406358671,0.0177971944465037,0.015660014537423,0.0097478699778982,residential,4,spring,1,6,296.3601028,1778.1606167999998,0
8,2021-04-25,0.0065982611698562,0.0054367226845727,0.0033236149730486,0.0036133560363196,0.0049463096186033,0.0074800913402241,0.0216324305281477,0.0257338348323128,0.02435730768371,0.0243515273693842,0.0253904824340569,0.0206296432072758,0.021076858475113,0.0205526658587294,0.0216916880313072,0.0223237501369817,0.0228306944605666,0.0243779234155138,0.0256778419981842,0.0248200921957332,0.0215594442370605,0.0198934631632419,0.0176862006137316,0.0116557948804736,residential,4,spring,1,6,296.3601028,1778.1606167999998,0
8,2021-04-26,0.0085594380030228,0.0073608860353137,0.0052335284112989,0.0054849313031175,0.0058837070934716,0.0089276343051534,0.0230013049434501,0.0260193274267117,0.025672532171642,0.0260358667989009,0.0253163531249081,0.0212502993045582,0.0238929505349858,0.0190080068809824,0.0129524557197719,0.0140232250467434,0.0179021283487871,0.0208604467255907,0.023042215616754,0.0220687748671721,0.0201736130936427,0.0171679445670086,0.0150179649793375,0.0102528818263726,residential,4,spring,0,6,296.3601028,1778.1606167999998,0
8,2021-04-27,0.0059121592006285,0.0046879119248807,0.0031338246902842,0.0027842523899705,0.0031389298514105,0.0068381193920003,0.0215655727986333,0.0269346235556961,0.0285008990387586,0.0286834943458777,0.0265231727715064,0.024903514860494,0.0229920080452477,0.0222018676246548,0.0229455810210617,0.0237313353492854,0.0235354303147354,0.0266702775330549,0.0267835437553205,0.0249988622619436,0.0238381474691991,0.0208735376597608,0.0186338683024786,0.0129662355222282,residential,4,spring,0,6,296.3601028,1778.1606167999998,0
8,2021-04-28,0.0087023659938344,0.0075448866914674,0.005964656723594,0.0055445569994599,0.0049672413859188,0.0093053871161918,0.0232480278750748,0.0282288325407581,0.0281128682322665,0.0260798137424747,0.0253033536487291,0.0217229773767193,0.021305702819521,0.0208986255358215,0.0222818039543004,0.023124543132111,0.0248753942821935,0.0272722095204886,0.0265776906830709,0.0257001118942643,0.0226422489882246,0.0199314318367671,0.0178892163615332,0.0122843496566714,residential,4,spring,0,6,296.3601028,1778.1606167999998,0
8,2021-04-29,0.0087550280284913,0.0073845291626301,0.005114429939859,0.0055699292582547,0.0058983477894372,0.0089172313753529,0.0254862107322571,0.0294387426079899,0.0292417536034307,0.0286171549537841,0.0262836472353628,0.0235983369118038,0.0210871038679705,0.0204742233530655,0.0200015431580545,0.0197983224199699,0.0208529366938482,0.0220256382839951,0.0255284699406897,0.0238757397928477,0.0211610113059841,0.0188404878761167,0.01665899644,0.0113119528451972,residential,4,spring,0,6,296.3601028,1778.1606167999998,0
8,2021-04-30,0.0067810389374458,0.0047423113214357,0.0033431453221027,0.0028872717095859,0.0041305883791144,0.0072801815856702,0.0218071014461952,0.0257276237400064,0.0253820905014677,0.023777213393468,0.023606975973843,0.0204480716506283,0.0179636731709658,0.0165941597271698,0.0165336192565725,0.0164593155153111,0.0179263094874107,0.0205770337781081,0.021798759029086,0.0204614615383758,0.0187355159112753,0.0162583266083337,0.0147346347766099,0.0102135695609317,residential,4,spring,0,6,296.3601028,1778.1606167999998,0
8,2021-05-01,0.0060710577399186,0.0047791962883575,0.0036549562095139,0.0036857424616943,0.004281079058843,0.0080045372806158,0.0212343625772753,0.0233241193754089,0.0215730225779823,0.0210710782746615,0.0209330292178585,0.0176183627402509,0.0177765075707403,0.0170490367635519,0.0142490081749891,0.0160040003036319,0.0173198056493644,0.0183994661953765,0.0219988145405977,0.0204332831494243,0.0184065967159672,0.0148472083113614,0.0135774792295862,0.0075696561839777,residential,5,spring,1,6,296.3601028,1778.1606167999998,0
8,2021-05-02,0.0045087308015059,0.003304620503955,0.0010526281307016,0.0022302889217708,0.0026541026179773,0.0054682568986671,0.0189202650983033,0.0230650408546965,0.0235899277506206,0.0243694851544548,0.02404048979991,0.0208667397350041,0.0189377614196644,0.0194879077918883,0.0198859019041738,0.0230226439439221,0.0218115420077852,0.0231553724197069,0.0265607413960319,0.0247057828138425,0.0210468019936444,0.0196488554249624,0.0174778207097234,0.0113615870975646,residential,5,spring,1,6,296.3601028,1778.1606167999998,0
8,2021-05-03,0.0083857889892821,0.0062682258431765,0.0049710495149286,0.0052455221391492,0.006615930335041,0.0092888967987915,0.0246935483685565,0.0279398500993573,0.0295389102589836,0.0284752885006528,0.0274388561726142,0.0255174176827378,0.0233015015009967,0.0247507999069247,0.0260469761180846,0.026046320366341,0.0271253039518996,0.0299472977280925,0.0282634670286628,0.0263822370924167,0.025834192337551,0.0224763601955511,0.0202452150937085,0.0152924278629238,residential,5,spring,0,6,296.3601028,1778.1606167999998,0
8,2021-05-04,0.0111172916581392,0.0098958625284329,0.0087217791886318,0.0088596348002144,0.0082533231935338,0.0128507273179932,0.0278521179507308,0.0333242954349436,0.0341781988846804,0.0336936248658504,0.0310217357800373,0.0286568120534341,0.0258310244345458,0.0251961177986766,0.0274608546297942,0.0209842604809778,0.0205668867260699,0.0233909175014879,0.0253762652622935,0.0253694426083936,0.0226152693114716,0.0202021580666324,0.0179307171715742,0.0128027643629684,residential,5,spring,0,6,296.3601028,1778.1606167999998,0
8,2021-05-05,0.0086611562778705,0.0073776927960993,0.0055170324296233,0.0053089270949674,0.0056349281082108,0.0098606341420176,0.0238722198539409,0.0279179661407163,0.0269562288621378,0.0279803408329943,0.0289875504824062,0.0255389328338874,0.0225737160763151,0.0230581101358625,0.0238060361309178,0.0259557828837542,0.0278032632126463,0.0300844871567323,0.0293129627658489,0.0273917658028721,0.0259261483728883,0.0224280086535873,0.0213005495378158,0.015618993883424,residential,5,spring,0,6,296.3601028,1778.1606167999998,0
8,2021-05-06,0.0121618310012619,0.0098340050267871,0.0090544724633218,0.008845553007902,0.0092040999864486,0.0126581848147805,0.0284646197857775,0.0337811268705568,0.0360070889283167,0.032380198830971,0.031015147078729,0.0297747383929828,0.0256140720325081,0.0268550769819946,0.0291964099032401,0.0280406437087818,0.0292491648488019,0.0308313592966597,0.0307487807265403,0.028718970637422,0.0278037003837019,0.0247266311966918,0.0235874817993275,0.0177301437777181,residential,5,spring,0,6,296.3601028,1778.1606167999998,0
8,2021-05-07,0.0131078936591682,0.0118720974104394,0.0107514224068055,0.0108543660927065,0.0112441913599915,0.0144985446666819,0.0297041293081209,0.0340416305477758,0.037412124744449,0.0351013971849693,0.0328961780164604,0.0314739690561366,0.0288209020518824,0.0280874243300245,0.028950148754191,0.0283560393828592,0.0286597311060007,0.0301656594016181,0.0309090913472806,0.0301076612418061,0.0279348773630278,0.0215407003614287,0.0189889186067232,0.0138414926907516,residential,5,spring,0,6,296.3601028,1778.1606167999998,0
8,2021-05-08,0.0115189834820265,0.0102570541197778,0.0081700018603461,0.0091189445822305,0.0095106072174283,0.0131529418880966,0.0280356406556347,0.0333615278467271,0.0355355114000796,0.0343831127233047,0.0320400274244112,0.0290260910413932,0.0283942488341006,0.0283750488423948,0.0283710645621753,0.0304097922289003,0.0315203176159507,0.0329869010713585,0.0320712229094662,0.0300400803030631,0.0281914099875652,0.0261415682367186,0.0227364439677885,0.0186080631253349,residential,5,spring,1,6,296.3601028,1778.1606167999998,0
8,2021-05-09,0.0134391510952209,0.0121433228132119,0.01147141434227,0.0122747058260211,0.011394704093414,0.014873618192576,0.0293778233834254,0.0336301041944883,0.0335172967140213,0.0321157511850484,0.0309971708282428,0.0306505373469392,0.0266121404741884,0.0260415817413433,0.0285723790593252,0.0294377713268847,0.0293281241578244,0.0307310361978418,0.0305976125121973,0.0296400015323842,0.0281588816659231,0.025728806886784,0.0235512933873348,0.0180452244555644,residential,5,spring,1,6,296.3601028,1778.1606167999998,0
8,2021-05-10,0.0143620843058955,0.0130086896723717,0.0111280714619942,0.0106953523058438,0.0111066326281293,0.0145756410806253,0.0296288272993137,0.0358280513296856,0.0363975878146773,0.0366868385217059,0.0324518861755938,0.0305933692502624,0.0268758785894984,0.0280126420561382,0.0307732037783629,0.0292841121176874,0.0300619365323963,0.0315648936777015,0.0310832313460338,0.0302606623125887,0.0286222250483414,0.0262418839357703,0.0240002673087215,0.0182237664877888,residential,5,spring,0,6,296.3601028,1778.1606167999998,0
8,2021-05-11,0.0135886053687441,0.0123253491355376,0.0116736954186505,0.0112899588252866,0.011699591509625,0.0154683268736032,0.0231772507322789,0.0271944259162569,0.0251639357453138,0.0239209655154814,0.0209064085553878,0.019316663497514,0.0187569314303878,0.0189682834807987,0.0175575281810664,0.0188409869001258,0.0198662447690674,0.0230298217513291,0.0258203178747433,0.0250714368689641,0.0227512698876406,0.0199735062491453,0.0177672148971268,0.0134760967907616,residential,5,spring,0,6,296.3601028,1778.1606167999998,0
8,2021-05-12,0.0086063689093188,0.0063898571926652,0.0047386958716239,0.0041909397308744,0.0044736649411592,0.0076870891690143,0.022415961331568,0.0267651469658285,0.028624874280285,0.027102915468331,0.0262070943206617,0.0242315718964584,0.0213932965445188,0.0212050739183115,0.0252540712944389,0.0265793536048466,0.0281550169652561,0.0269694838694915,0.0263045986809787,0.0255955286285083,0.0231646275590244,0.0216879314449548,0.0184919018487099,0.0126444248244563,residential,5,spring,0,6,296.3601028,1778.1606167999998,0
8,2021-05-13,0.0083478901005803,0.0070282142792065,0.0055371497557511,0.0049075538064358,0.0052868298556224,0.0089554645453676,0.0261525236584892,0.0298643042309689,0.031066620869334,0.0314684832919852,0.0287663752813892,0.0259451327201234,0.024596688562994,0.0244717393538118,0.0264451803260877,0.0236115165098137,0.0221077120124325,0.0262498313299378,0.026954236171138,0.0260535035974315,0.0238588489552789,0.0229720788852999,0.0206832679681517,0.0137576995770025,residential,5,spring,0,6,296.3601028,1778.1606167999998,0
8,2021-05-14,0.010501052449235,0.0092829677902113,0.0071122540627219,0.0072175015102842,0.0076024589863897,0.0107899308954831,0.026756252107501,0.0327091280558894,0.0320996291907699,0.0319017963388878,0.0299141687098436,0.0257354311155141,0.0250174089376262,0.0248843984082902,0.0251767708032735,0.0250194456181518,0.0267658968602299,0.0264723625038135,0.0299527006938959,0.0279282623442323,0.0244729975260937,0.0226916311842551,0.020612096458408,0.0143355048094962,residential,5,spring,0,6,296.3601028,1778.1606167999998,0
8,2021-05-15,0.0116631444410253,0.009483665171912,0.0079821373673114,0.0084681982182878,0.008888143814541,0.0115404081764423,0.0261168772959225,0.0295656475610281,0.0287300950938334,0.0297067435777426,0.0291672817744906,0.0248030017246261,0.0267897870108805,0.0253645029294667,0.0255499672667885,0.0284410984788136,0.0263478416228295,0.0282184296525294,0.0307239708890826,0.0297287444970045,0.0251285476622471,0.0232686936048221,0.0211710101747021,0.014995300921235,residential,5,spring,1,6,296.3601028,1778.1606167999998,0
8,2021-05-16,0.0110334884635128,0.0098073259617687,0.0082946832047091,0.0078434692511125,0.0091969325865522,0.0121148417792168,0.027437539965169,0.0339929297008102,0.0333623118562845,0.0328660882336413,0.0310247126159032,0.0299439392273145,0.0262536453171052,0.0266158849116324,0.0309322476737458,0.0285853037110609,0.0295712841238575,0.0315234148054588,0.0304408684683672,0.0254741412956553,0.0230353641380401,0.0210360625991038,0.0188239422965981,0.0137741157007669,residential,5,spring,1,6,296.3601028,1778.1606167999998,0
8,2021-05-17,0.0086330210213305,0.006165274954825,0.0049955365802101,0.0045891250745691,0.0038328653132545,0.0076418423036931,0.0227157360440997,0.0260118350607705,0.0265382952928208,0.0250455544595373,0.0235147261079119,0.020451924302723,0.0210197693805288,0.0220771487144141,0.0224400088270354,0.0246428583921341,0.0274361422690918,0.0258891630979904,0.027297791385601,0.0253802080497175,0.0230013874174391,0.0213612602559532,0.01849510791419,0.012907036721406,residential,5,spring,0,6,296.3601028,1778.1606167999998,0
8,2021-05-18,0.0099747936250894,0.0079788354282549,0.0061841195693884,0.0070471203509052,0.0074611561430933,0.009702263017203,0.0230671034002611,0.0256222437696831,0.0250251151085328,0.0242890701212039,0.0232973558240811,0.02177170603029,0.0200004606607897,0.0178957169468494,0.0177813848671246,0.0202403593136318,0.0208274824329378,0.0216744805342435,0.0249410753560649,0.0233169801479222,0.0196393593261589,0.0183936162529058,0.0162768338394503,0.0108062333442683,residential,5,spring,0,6,296.3601028,1778.1606167999998,0
8,2021-05-19,0.0072128858580821,0.0059990110997137,0.0045597900194031,0.0049097133256905,0.0053616033662844,0.0083716425733437,0.0223569277711087,0.0255514120696546,0.02608268593612,0.0264639155435955,0.0260600796893531,0.0232315286560205,0.0213064175003723,0.0211582629917052,0.022124883396006,0.0244833013080407,0.0256875762394226,0.0244389098826941,0.027825804615032,0.0258847800667044,0.0222337358282405,0.0206565111797016,0.0185690263346091,0.0118893614122422,residential,5,spring,0,6,296.3601028,1778.1606167999998,0
8,2021-05-20,0.0086145757532439,0.0074043331554704,0.0060319352369884,0.0065174397182976,0.0070030338543207,0.0096525748337226,0.0253689564785711,0.0288348088557959,0.0283570649419921,0.026847830492321,0.0281648759627038,0.0250579461155673,0.0233827558495481,0.0233365305867754,0.0243004451764546,0.0263208296242231,0.0270879892337371,0.0270733509136963,0.0289712923833203,0.0271229230443931,0.0237907024206684,0.0220295846420287,0.0197995595950214,0.0141004878629477,residential,5,spring,0,6,296.3601028,1778.1606167999998,0
8,2021-05-21,0.0107058014674866,0.0094986652528804,0.0080155216700904,0.0085351083019976,0.0089770065787599,0.0118399165554965,0.0248894142235502,0.0275598709547627,0.0270335129586402,0.0277760080922555,0.0264262068160396,0.0225475329362765,0.0225866757044249,0.0189373599733824,0.0157531340443388,0.0167346866231119,0.0183018323997687,0.0217730854845652,0.0247205127289212,0.0239184652945513,0.0219216997061203,0.0198059495139733,0.0176259426777302,0.01197220828811,residential,5,spring,0,6,296.3601028,1778.1606167999998,0
8,2021-05-22,0.0085987701484535,0.0074153104463969,0.0058356217148138,0.0065069973261051,0.0069773209163525,0.0100392756311749,0.0226632184542806,0.0250297057161012,0.0239839035287256,0.0224053297829558,0.0238355282284584,0.0211635859369756,0.0209875574704112,0.0219369323864802,0.0233936476977812,0.0270571806518753,0.0269834086538735,0.0270023360434473,0.0280686805489579,0.027311547451538,0.0246507172068243,0.0223775000066979,0.0201003722072589,0.0136644373664013,residential,5,spring,1,6,296.3601028,1778.1606167999998,0
8,2021-05-23,0.0100407432097834,0.0088564644358699,0.0073192404072347,0.0069818269015503,0.0072728681642602,0.0106102691082743,0.0255137274195523,0.0306758158691235,0.0305452228667245,0.0309550776443813,0.0298868997461321,0.0261012694146622,0.0257495290812708,0.026953753864425,0.0243885024143143,0.0284538802828336,0.0297163612023612,0.0281262737969963,0.0311896155921529,0.0291611122915002,0.0261196402334924,0.0241150975200252,0.022009639627182,0.0153127867248492,residential,5,spring,1,6,296.3601028,1778.1606167999998,0
8,2021-05-24,0.0117446371072425,0.0104488321018285,0.0080378832798183,0.0084099685505959,0.0087736521422725,0.0112067778431585,0.026174282429754,0.0311839113179027,0.0336237186010919,0.0326151086009495,0.0317185084744322,0.0287567775427897,0.0256378584256454,0.0272116737563402,0.0282314938833435,0.0310614181876025,0.0323567762943993,0.0308258997671849,0.0323447998513859,0.0279666028907058,0.026312079014208,0.0243521612438701,0.0222842806206948,0.0164672665563218,residential,5,spring,0,6,296.3601028,1778.1606167999998,0
8,2021-05-25,0.0120422866578572,0.0108335339953097,0.0092755502690471,0.0097080114143692,0.0101160774434158,0.0129035048819372,0.028126128833729,0.0323384438138704,0.0347692266496372,0.0326413582921703,0.0315653881226255,0.0303258645449261,0.0268660830948114,0.0288894362578835,0.0303078680425696,0.0308553246555375,0.0303149689416297,0.0303515021688967,0.0306721845688985,0.0299402461976465,0.0274843946793139,0.0247904180021978,0.0225743315835016,0.0175892471515627,residential,5,spring,0,6,296.3601028,1778.1606167999998,0
8,2021-05-26,0.0134572157354745,0.0121275526726959,0.0102467471554114,0.0109497129881342,0.0102384820866505,0.0141683187175763,0.0302380205864159,0.0357082843643934,0.0370251664983335,0.035211399407797,0.0329748171558044,0.0294983960107647,0.0272083148986016,0.0278900786445071,0.032667732484837,0.0319182810037173,0.0333716776316538,0.0333524812634075,0.035033339063906,0.0312951637571827,0.0276700431695996,0.0258379971144409,0.0236349724175979,0.0175057996672285,residential,5,spring,0,6,296.3601028,1778.1606167999998,0
8,2021-05-27,0.0134860927110069,0.0122893949119851,0.0108737885635338,0.0111258367688666,0.0114764004541175,0.0143080605551086,0.0299078547275061,0.035500780385184,0.0349799804571635,0.036255974290226,0.0353931385790216,0.029611734773758,0.029458120105734,0.0284021592906106,0.0281885890852298,0.0334979633036719,0.0352622647878397,0.0327883102637483,0.0349032596682239,0.0327270633794146,0.0288336563792341,0.0273994399256073,0.0252117892420118,0.0189151644865464,residential,5,spring,0,6,296.3601028,1778.1606167999998,0
8,2021-05-28,0.0160311623897634,0.0137151688745071,0.0125478835707767,0.0140608625189499,0.0132075123965853,0.0156630079345713,0.0292487491125054,0.0341013899455177,0.0331784017483765,0.0333650389640738,0.0331461185607356,0.030129942809232,0.0294899153007204,0.0306680439129912,0.024714874421533,0.0256932953148705,0.0294908506323889,0.0289977250003977,0.0315889826705607,0.0308447928812593,0.0266185238068774,0.0270110635315545,0.0235334968760751,0.0172012311978024,residential,5,spring,0,6,296.3601028,1778.1606167999998,0
8,2021-05-29,0.0131922032017293,0.0120428922497734,0.0110623109283569,0.0088970536787669,0.0102139862150558,0.0155843267742017,0.0286086105709756,0.0295692005134262,0.0297249945957699,0.0267077960380868,0.0263215877016597,0.0303292592713193,0.0232573900391651,0.0212793720876991,0.0252736888274391,0.0210713624389715,0.0217322683159237,0.0233685673788046,0.0267652070154872,0.0259420620123809,0.0233190869842775,0.0218973136277446,0.0196936080753266,0.0146698991601479,residential,5,spring,1,6,296.3601028,1778.1606167999998,0
8,2021-05-30,0.0118343941337431,0.0107281588016591,0.0087899174534808,0.0098796590135598,0.0103993268237081,0.0133807408470001,0.0272817029194211,0.0319484938309007,0.0331024705811807,0.0309953592176973,0.0318546440017629,0.0311684959757609,0.0289767535332652,0.02742680848664,0.030034527852718,0.0289905580908025,0.0303702733575593,0.0308340126186611,0.030426455987136,0.0295964109261068,0.0289818291958247,0.0257483348782183,0.023518935598736,0.019179229641236,residential,5,spring,1,6,296.3601028,1778.1606167999998,0
8,2021-05-31,0.0144646506713146,0.0132567804835693,0.0118554357309037,0.0123007098822574,0.0127399290689329,0.0160552581197141,0.0311534085480762,0.035246872103241,0.0369824809607748,0.0356404493764566,0.0349051914740681,0.031216511884486,0.028867767097354,0.0287306533581661,0.0331131472819082,0.0294341646551645,0.0300489450987443,0.0339438441876615,0.0326778427658231,0.0316239659417005,0.0299496128277897,0.0274989697660645,0.0251973002528063,0.0195482633795847,residential,5,spring,0,6,296.3601028,1778.1606167999998,0
8,2021-06-01,0.0149399903272853,0.0133737937522075,0.0118909601789789,0.0123227903322219,0.0130816134593665,0.0170194582563003,0.0338776512360376,0.0380020557886652,0.0372134174120508,0.0391210550499977,0.0375729279807466,0.0315893346093855,0.0307757713452676,0.0326891555968471,0.0332146748561785,0.0342703842336323,0.0347258159999615,0.0361304793229163,0.0345432446293752,0.033645889897257,0.030804949675475,0.0282572800431093,0.0260270147521284,0.0215055127644547,residential,6,summer,0,6,296.3601028,1778.1606167999998,0
8,2021-06-02,0.0169755418343553,0.0157677224928541,0.0146726582597321,0.014785695218245,0.013936951292941,0.0166574612466636,0.0335873238020904,0.036236920641156,0.0363955162876505,0.038656319615808,0.0366244803174594,0.0336084260578344,0.0278008706721917,0.0286753648627705,0.0294799201006887,0.0269229580842824,0.0278788178756875,0.0304887988888922,0.0342483170273219,0.0316798905241425,0.0303974868497411,0.0276846588552627,0.0255532205593466,0.0202692092217719,residential,6,summer,0,6,296.3601028,1778.1606167999998,0
8,2021-06-03,0.0165158640811159,0.0147750139704665,0.0136797156687289,0.0130590674624494,0.0147930184238205,0.0177053100723711,0.0321741096052387,0.0380703480993427,0.0387124669297077,0.0389630462656712,0.03712022504109,0.0330353509984483,0.0324051576167117,0.0327497581465757,0.0332976575470849,0.0355501970832285,0.0365195970430737,0.0356251113126363,0.0350851630493811,0.0336582826089667,0.0316440221170178,0.0297952317645952,0.0263527665158294,0.0210506489001597,residential,6,summer,0,6,296.3601028,1778.1606167999998,0
8,2021-06-04,0.0170162995829536,0.0158698168808734,0.0145374028232737,0.0147372988405057,0.0150244564399605,0.0182289587355277,0.0338454298850414,0.0385517107622827,0.0394147911915325,0.0404903192163524,0.037569314069363,0.0336555909512241,0.0304175384155354,0.0308964477955231,0.0319740705419453,0.0328913541477385,0.0346647409396547,0.0344685976578512,0.0350404543982342,0.0338529711828163,0.0317585941396099,0.0299561906653062,0.0277074341999943,0.021105808371451,residential,6,summer,0,6,296.3601028,1778.1606167999998,0
8,2021-06-05,0.0171751098555755,0.0158417174845826,0.014799754811491,0.0147712939502674,0.0137886759975599,0.0175996367452057,0.0347220685064286,0.03887929210158,0.0378283896232492,0.0395414644605718,0.0374509582612829,0.0332382993226531,0.0322908328321018,0.0326411314520529,0.0333173164197285,0.0330495451830841,0.0336372081304955,0.0337297303630348,0.033464344842711,0.0329201729726511,0.0304129998333327,0.0290240614990018,0.027200926286775,0.0212668106221705,residential,6,summer,1,6,296.3601028,1778.1606167999998,0
8,2021-06-06,0.0169464991504909,0.0168655985233021,0.0140535639805497,0.0143588239241866,0.014722806090129,0.0175982172159459,0.0341298041202372,0.0384391779404238,0.0364802528033038,0.0374095686235824,0.0371882249658204,0.0313012739701759,0.0326702466812074,0.030816697384456,0.029121623823565,0.0312295676703023,0.0287551987389014,0.0312505461499375,0.034627224558177,0.0336219209278875,0.031072775092985,0.0280877981084538,0.0259038808039066,0.0207103457648018,residential,6,summer,1,6,296.3601028,1778.1606167999998,0
8,2021-06-07,0.0181413653654581,0.0161736805012237,0.0144563495417406,0.014431851342468,0.0135579949466823,0.0143513170873025,0.029988455980718,0.0348040591549104,0.0331274446143297,0.0341935840482504,0.0294974993950416,0.0258446725963142,0.0284664177799407,0.0275579253465366,0.0256797384218565,0.0296571887310548,0.0282746179158657,0.0298362719667544,0.033251966189804,0.0325188726801137,0.0295503850872577,0.0246411756183126,0.0219102488582494,0.0164065202650582,residential,6,summer,0,6,296.3601028,1778.1606167999998,0
8,2021-06-08,0.0135603249032966,0.013760892947522,0.013007264215676,0.0135971867133772,0.0141773929094673,0.0173879340589801,0.0300927534718878,0.0323942668769917,0.0313832569537034,0.02842209246132,0.0232997132628504,0.0209188194724375,0.0210201173015184,0.0225034479126794,0.0220564152665375,0.0202954898442536,0.0214577797072703,0.0224863401046901,0.0270969087674356,0.0262438823933442,0.0240570927111738,0.0223985645845415,0.0202537508003096,0.0151702747625194,residential,6,summer,0,6,296.3601028,1778.1606167999998,0
8,2021-06-09,0.0125165789011506,0.0105290419750193,0.0090996221049433,0.0120527458625083,0.0114602458099522,0.0154228111090342,0.0275759319339701,0.0317395524370157,0.0307707001043636,0.031059770733651,0.0301228886882182,0.0285020074122519,0.0269217431151962,0.025762556392306,0.0226876144601578,0.0204431911904734,0.020726857714065,0.0223326341571605,0.0260541886381221,0.0263551109313135,0.0236719137120629,0.0235453224272474,0.0228299173436845,0.0152236267608916,residential,6,summer,0,6,296.3601028,1778.1606167999998,0
8,2021-06-10,0.0142412200380374,0.0132748029822091,0.0102004401107037,0.0087977220089802,0.008159456200668,0.0107013955058268,0.0235397425178164,0.0268296442037848,0.024338550475376,0.0235844671311627,0.0226274164610886,0.0190794383267384,0.0205911711906476,0.0193065739912219,0.0155316038307099,0.0177548399810184,0.0198909695374558,0.0220096863608243,0.0260981394668384,0.0255225963500904,0.0232367172903234,0.0217678911480064,0.019655362027489,0.0143985206544945,residential,6,summer,0,6,296.3601028,1778.1606167999998,0
8,2021-06-11,0.0106957512877728,0.008544167335552,0.0076457055092509,0.0087414841220392,0.0092814976956783,0.0119922146831847,0.0287203209978411,0.0323498523854175,0.0325559322304234,0.032042614475325,0.0299643763002589,0.0283718327258526,0.0260441440649762,0.0281812760281932,0.0310890262980936,0.0320771988138754,0.0313643620115336,0.0308428399479606,0.0315660120520501,0.0307803101319666,0.0278858139992926,0.0269283617044972,0.0247842487541048,0.0187299226438908,residential,6,summer,0,6,296.3601028,1778.1606167999998,0
8,2021-06-12,0.0133454106245974,0.0119206228964611,0.0110093093634666,0.0108438532780327,0.0112615351662551,0.0145961502690394,0.0296414315744461,0.0343178940931276,0.0340494480300156,0.0332260667572004,0.0319944865793811,0.0265029319071328,0.0250665095138739,0.0277480068579328,0.0258468495598721,0.0260456167593962,0.0264593669257522,0.0285990979014814,0.031280833168208,0.028765985574247,0.0255530674739641,0.0228858001082391,0.0205922300447644,0.0151456342963425,residential,6,summer,1,6,296.3601028,1778.1606167999998,0
8,2021-06-13,0.0126213367672038,0.0126581484290087,0.0111793409751626,0.0119324114048981,0.0124415330809668,0.0153337747729961,0.0298979973962329,0.0336375756605413,0.0340655325559186,0.0347492963844357,0.0330333319434539,0.0294255049818683,0.0249789917238421,0.0255436158749247,0.0268366524664817,0.0266060852395029,0.0279831256510401,0.0308174625703745,0.0318994236407216,0.0272407477232233,0.0247763822796177,0.0227683672652749,0.0205335863523001,0.0152528513238471,residential,6,summer,1,6,296.3601028,1778.1606167999998,0
8,2021-06-14,0.0125573160090497,0.0114479131659897,0.0093804951119495,0.0091648652829194,0.0094673333093133,0.0119257455296822,0.0240877735017155,0.0280799023160249,0.027638553568584,0.0271208740583361,0.026039988193031,0.0213120011345874,0.019755259491558,0.0183244470590585,0.0179873123012604,0.0195895614787877,0.0195175243480142,0.0232287745307746,0.0246893185698564,0.0228486277734359,0.0219208279466648,0.0195893810779485,0.0174854448040247,0.0129286719475104,residential,6,summer,0,6,296.3601028,1778.1606167999998,0
8,2021-06-15,0.0096050878960039,0.008436316184366,0.0068315544533355,0.0065498037642783,0.0070679774266432,0.0107522335137121,0.0247009218696662,0.0282334029257224,0.0291531606294084,0.0298225966268386,0.0291797777005969,0.0256488858233456,0.0256746930089592,0.0254998235056851,0.0261096453391575,0.0279910384883903,0.0278884053554346,0.0299394895707905,0.0299278703990236,0.0274051373524548,0.0258295503968004,0.0234803493467225,0.0213904235644823,0.0165387394304501,residential,6,summer,0,6,296.3601028,1778.1606167999998,0
8,2021-06-16,0.0123242368653554,0.0111609306640511,0.0097040667589781,0.0091729419556363,0.0094373194365803,0.0133424701992153,0.0303095727391107,0.0345548952176915,0.0348284289786007,0.0327550271946642,0.0318301953894204,0.0293900698564366,0.0275999376526779,0.027470085226907,0.0315576072480422,0.027507552581517,0.0284211603481331,0.0312663697486291,0.030713841298997,0.0296345848818871,0.0278928658551905,0.0257106726054835,0.0235143709410975,0.0183695346095214,residential,6,summer,0,6,296.3601028,1778.1606167999998,0
8,2021-06-17,0.013196218316372,0.0130089974433193,0.0114787602381862,0.0107986358484891,0.0111527471248527,0.0147888764437708,0.0286177876135998,0.0341341168760112,0.0356955384386673,0.0368295431236542,0.0331655225348348,0.0320476820486868,0.026620085360677,0.025129569965069,0.0232573985233719,0.0231871445255372,0.0250223705433832,0.0286318852579088,0.0301667439814724,0.0291707183734571,0.0273296856852636,0.0250576807349351,0.0228855353294252,0.0164465822041739,residential,6,summer,0,6,296.3601028,1778.1606167999998,0
8,2021-06-18,0.012576925326519,0.0113239362187786,0.009612650578906,0.0102746407374841,0.0106041428737949,0.0134494252192436,0.0276178868972877,0.0316986479450884,0.0337505773480332,0.0347525801717545,0.034801534382376,0.0324859099103183,0.0289936808636237,0.0290396076416165,0.0323434610766254,0.0291647842354431,0.0338157518651423,0.0330769755550687,0.0327278895919633,0.031261814455514,0.0290319663974608,0.025992105601823,0.023831408306546,0.0181865447050752,residential,6,summer,0,6,296.3601028,1778.1606167999998,0
8,2021-06-19,0.0146450004971084,0.0133750261534306,0.0113732589327037,0.0111018631512686,0.0113933000777424,0.0145291808931801,0.0313798164484339,0.0352974704550501,0.0372500123150714,0.0388999718082702,0.038274646336737,0.0336513156845259,0.0298296012125877,0.0307253310689196,0.030457713225213,0.0335241898463894,0.0345142831237313,0.0367656909093107,0.0334209746825176,0.0320758340746708,0.0305251742363102,0.0267957491791562,0.0245481147038864,0.020119610274866,residential,6,summer,1,6,296.3601028,1778.1606167999998,0
8,2021-06-20,0.0166922275481138,0.0140815132970648,0.0125127983223384,0.0127706516623709,0.0118488049976887,0.0153571132222547,0.0300595579818674,0.035688746359407,0.0380140258376904,0.0374936322183946,0.0352263447618493,0.0341004232883728,0.0313887961716653,0.0320801016095835,0.0303170194766082,0.0333657438248594,0.0354018985601639,0.0374571324895814,0.0349006386479534,0.0320983686039889,0.0306057696751087,0.026840464904119,0.0246343647313071,0.0203795796815969,residential,6,summer,1,6,296.3601028,1778.1606167999998,0
8,2021-06-21,0.0154915503624532,0.0155429075601509,0.0129541567025412,0.0130228006984725,0.0132860223005712,0.0162435993032342,0.0325811198171747,0.0379534285384513,0.0382717660692177,0.0358918550955816,0.03508168740739,0.0352077337260312,0.031538562840283,0.032051564259934,0.0352431597988612,0.0349502203970807,0.036586251746738,0.0365996849216742,0.0352451272877571,0.0336939098026594,0.0310748228931883,0.0284135401267687,0.0262574122359375,0.0207394243421589,residential,6,summer,0,6,296.3601028,1778.1606167999998,0
8,2021-06-22,0.0170217505766974,0.0157959949273502,0.0134772364746427,0.0132070183060844,0.0135486201836433,0.0170080475216034,0.0330242431022475,0.0390595905502434,0.0396017116331708,0.0376364164883532,0.0370104819648171,0.0356963152072396,0.0319296262722936,0.0325300378061143,0.0336175494389034,0.035032892670162,0.0375393629763767,0.0371198877365617,0.0354606829055963,0.0338452189228234,0.0315232002686207,0.0284802277263823,0.0263113753092752,0.0210416403271708,residential,6,summer,0,6,296.3601028,1778.1606167999998,0
8,2021-06-23,0.0171879233052379,0.0159138566161691,0.013880230922107,0.0133512160184185,0.0148935298459688,0.0167532558556437,0.0337732929385794,0.0395964802367916,0.0402502626790961,0.0374753478373471,0.0371919251194222,0.0359739790995572,0.0320694729267485,0.032664723202273,0.0352332681865689,0.0344051914592224,0.0355929044141811,0.0354701983161249,0.0365113776423618,0.0341186498721657,0.0322296639033237,0.0298624507413348,0.0277717967015969,0.0218034831576147,residential,6,summer,0,6,296.3601028,1778.1606167999998,0
8,2021-06-24,0.0174690374333657,0.0162809123441816,0.0148848690438695,0.0148367027357547,0.0152452792878008,0.0188080802909421,0.0341252026283945,0.0386943141168639,0.0400028133998316,0.0383067090401754,0.0376539445349802,0.0358983694740067,0.0326106379353729,0.033863912134153,0.0337769916909769,0.0364562996159251,0.0365416454336822,0.0361462286087157,0.0369952704526842,0.0342277176507521,0.0322944493299515,0.0302594951118073,0.0278918760908341,0.0223351852924393,residential,6,summer,0,6,296.3601028,1778.1606167999998,0
8,2021-06-25,0.017403237569954,0.0175997913801605,0.0155719733472676,0.0150637622888811,0.015249249754564,0.018886102148078,0.0345762293230014,0.0379373293152693,0.0369433258350656,0.0390175359717569,0.0372983939761345,0.0350950936763345,0.0320622932289317,0.0325649271622875,0.0349574633712825,0.0347031770745683,0.0362966017083594,0.0363736899249428,0.0367517646638262,0.0338322333131135,0.0320712623712117,0.0297150794970388,0.0275498365552682,0.0215151668350868,residential,6,summer,0,6,296.3601028,1778.1606167999998,0
8,2021-06-26,0.0172296849271306,0.0159689151316327,0.0146627434272647,0.0149976804238548,0.0151065575387049,0.0164018349774531,0.0345045531795616,0.0380470788094519,0.039854178939494,0.0384605406200124,0.0364712908354705,0.0360189517687203,0.0319130655139101,0.032691647168263,0.0299564753923837,0.0341133735867995,0.035687490277044,0.0379953133002539,0.0366429113255439,0.0337080874567995,0.0314745493725594,0.0296124500390162,0.0274426769771539,0.0206868226200592,residential,6,summer,1,6,296.3601028,1778.1606167999998,0
8,2021-06-27,0.0170439801269804,0.0159110163476053,0.0139581602012795,0.0148003382148258,0.0151834629964202,0.0178458415029511,0.0333664684849761,0.0375320158538638,0.0387095177252178,0.0362104086901829,0.0320995659817917,0.0306740160386555,0.0308401622154533,0.0297557956508701,0.0307335739166682,0.0340557687147289,0.0330817125351175,0.0346747105526721,0.0355792521131648,0.0342452083515592,0.0294892114557776,0.0287644464531596,0.0254010088055419,0.0200931461220834,residential,6,summer,1,6,296.3601028,1778.1606167999998,0
8,2021-06-28,0.0120274627281585,0.011705623337275,0.0104979806147695,0.0115888697707931,0.0120293983174579,0.0133845402402923,0.0269248948643977,0.029059669275694,0.0313178357749388,0.0301082572859808,0.0286365697163827,0.0253099802053022,0.0243308864196792,0.0238292263731929,0.0196053936173632,0.0226008554019778,0.0253159180205619,0.0257925476681002,0.0294311346217744,0.0285043350317357,0.0255558926187897,0.0244189191588724,0.0222760689002353,0.0166221655290494,residential,6,summer,0,6,296.3601028,1778.1606167999998,0
8,2021-06-29,0.0134323637376507,0.0111792798951133,0.0097727817129212,0.0102884749308053,0.0107450879154867,0.012672741669649,0.0253988947283232,0.0270156774730868,0.0270094346869382,0.0302406822305421,0.0309971126764489,0.025827759450145,0.0218560076670967,0.0233014042407157,0.0208592884126603,0.0225698403665314,0.0240439016478911,0.0268116870614809,0.0289095578392744,0.0279589755885928,0.0254201574753989,0.022758077266478,0.020612817642694,0.0156905604925213,residential,6,summer,0,6,296.3601028,1778.1606167999998,0
8,2021-06-30,0.0116795332759312,0.0104992166931934,0.0088373447782731,0.0095229139656057,0.0099836409532282,0.012451213629858,0.0270345621520274,0.0318220918918747,0.0314168771925512,0.0321722598516627,0.0309492491211742,0.0282013321564852,0.0207173516711248,0.0217239470370892,0.0213734336842128,0.0256329288662774,0.0264848009541434,0.0244928058022123,0.0276524950873824,0.0266059638290116,0.0247962180691298,0.0232216675828094,0.0216697760660996,0.0172152688385107,residential,6,summer,0,6,296.3601028,1778.1606167999998,0
8,2021-07-01,0.0139838684885002,0.0128691570494654,0.0116180787288631,0.011948022252285,0.0123766918326721,0.0163255407045431,0.0316325450709529,0.0358401498940164,0.0372545513100137,0.0364552885238808,0.0343799921737367,0.0300723718266748,0.0297918603550811,0.030210547385249,0.0300709698745127,0.0330879885413498,0.0354166829111734,0.0347160688648686,0.0351210698324838,0.0325158285491422,0.0299135698386905,0.0287438677730191,0.0265921293950309,0.0198962812174768,residential,7,summer,0,6,296.3601028,1778.1606167999998,0
8,2021-07-02,0.0162447719573348,0.015180898599472,0.0136057211009342,0.0140722314969376,0.0143649022881226,0.0170945100732309,0.0326753200967229,0.03666286177406,0.0363968214263188,0.0381730669551715,0.0374894388250071,0.0303814751985956,0.0308666690278526,0.0314701266097693,0.030510725652504,0.0329588626353254,0.0323513608877432,0.0318532482211828,0.0337824856801348,0.032780148122062,0.0298959091716046,0.0287635894831052,0.0266465915846623,0.0202591599113703,residential,7,summer,0,6,296.3601028,1778.1606167999998,0
8,2021-07-03,0.0162459670820358,0.016385861662889,0.0135629072983149,0.0139501030179782,0.0143128279260226,0.0173749664596198,0.0320107961753377,0.0353086110025805,0.0349008878335459,0.0342026528113807,0.0357268576475467,0.0283091482058193,0.0300532504317448,0.0306447340947932,0.0277707302102045,0.0303273344142069,0.0310933535382088,0.0302232997957028,0.0330437821532625,0.0323206370217949,0.0291655485641521,0.0284293616305753,0.0263199022512896,0.0196332013006948,residential,7,summer,1,6,296.3601028,1778.1606167999998,0
8,2021-07-04,0.0160376909902567,0.014917289575723,0.013176741958027,0.0138894572177277,0.0142844368794975,0.0158606425552934,0.0299991375643741,0.032648740483302,0.0304263363083623,0.0283690136212272,0.0272862402212183,0.026277514147142,0.0237379305254289,0.024700051601205,0.0226151076078732,0.0258113576601401,0.0271765431910472,0.0263619825001406,0.0307441235999339,0.0300988974713839,0.0256717256707961,0.0224820612227632,0.0192492810288748,0.0133960011818814,residential,7,summer,1,6,296.3601028,1778.1606167999998,0
8,2021-07-05,0.0100700081960516,0.0079209236890577,0.006591710298772,0.0076402261265283,0.0079406579536753,0.0107224145424222,0.0261178604122498,0.0304597868495743,0.0282948392300543,0.0302420481427378,0.031057706911435,0.0259566229136282,0.0279467097327563,0.0258714194479318,0.0233681990435792,0.0182881782525483,0.0200616353691909,0.0226770989411126,0.026558418299986,0.0246459526590294,0.0226727530382301,0.0226841677928697,0.0193895441478012,0.0136279970349447,residential,7,summer,0,6,296.3601028,1778.1606167999998,0
8,2021-07-06,0.0105070580965385,0.0083052960860027,0.0074679202663662,0.0083475335157931,0.0087617361773503,0.0107085640839394,0.0268181283297965,0.0317563364336534,0.0308233772345648,0.032189062187876,0.0315336073635173,0.0292654275475373,0.0276691029567016,0.0292835539355723,0.0312464563633758,0.029909572558503,0.0291047365803439,0.0304868972612269,0.03195751124567,0.0312546661535447,0.0278506371346037,0.0261756784004762,0.0239556770079646,0.0181371990771033,residential,7,summer,0,6,296.3601028,1778.1606167999998,0
8,2021-07-07,0.0151266067960769,0.0127589778878536,0.0113027232680145,0.0118539516108748,0.0122659659773945,0.0149690471447647,0.0306955902732205,0.0357971528288254,0.0360222777533625,0.0375468356435707,0.0364742123589897,0.0325670614842954,0.0305334641234454,0.0310227120596669,0.0324797015440552,0.0342328861622957,0.0365766977516796,0.0355698760986859,0.0353707441793788,0.0327555117582139,0.0297998317480157,0.0289344647218203,0.0255986738653998,0.0197361212268854,residential,7,summer,0,6,296.3601028,1778.1606167999998,0
8,2021-07-08,0.0166704930488739,0.0153971852320247,0.0123444404902088,0.0129890356398144,0.0133145378729024,0.0155871925649749,0.0330026569111628,0.0381389548284221,0.0386391495219565,0.0389081766403506,0.0364785426469174,0.0326828244504909,0.0314288655171007,0.0316154427594836,0.0326217579141818,0.0359843478582893,0.036574753809421,0.0353048833606568,0.0354837521691442,0.0326815528902982,0.0297577048450188,0.0278491810519651,0.0257992285897278,0.0197689759513293,residential,7,summer,0,6,296.3601028,1778.1606167999998,0
8,2021-07-09,0.0167523032661674,0.015490356327753,0.0127914309386758,0.0131367354054739,0.0133658442358479,0.0161959271041175,0.0328188680501889,0.0384019313416131,0.0385781307694759,0.0379683755005596,0.0370171541852375,0.0336162182179816,0.0316449573606341,0.033446070267991,0.0336554793621785,0.0384783339753491,0.0390369822847039,0.0369867639499191,0.0364345592778867,0.0335849235883041,0.0309971867847257,0.0300559307008297,0.0265994461217432,0.0210814770509855,residential,7,summer,0,6,296.3601028,1778.1606167999998,0
8,2021-07-10,0.0173264006015201,0.0160115524900181,0.0140054070910629,0.014708316563439,0.0137139799462827,0.0167625016377637,0.0331227368983382,0.0369832422319462,0.0391198811386693,0.0382656192003581,0.0370042053975558,0.0352640875052569,0.0334113620952209,0.0337326741419496,0.0348539559264876,0.0390117755909763,0.0415980211305266,0.0414253699475493,0.0410468862426514,0.0362307005926841,0.0333543779171893,0.0300736387592499,0.0294257022341504,0.0239370869922161,residential,7,summer,1,6,296.3601028,1778.1606167999998,0
8,2021-07-11,0.022123641458283,0.0193869604850845,0.0154900535662582,0.0148504823539942,0.014884593276488,0.0187722212672349,0.0333493800258138,0.038602802526946,0.0380539388441615,0.0381672545352875,0.0359580614943419,0.03077611285589,0.0314927232206131,0.0316347386433366,0.0306126958467296,0.0368671731492458,0.0357500247580635,0.0288417982439377,0.0328811308083199,0.0318082768715833,0.0287675063582872,0.0278480765523832,0.0256379182063744,0.0198150693418205,residential,7,summer,1,6,296.3601028,1778.1606167999998,0
8,2021-07-12,0.0152397161087772,0.0138974613816768,0.0127991968818378,0.0139697790490776,0.0142489010977145,0.0165526797457874,0.0327405357157077,0.0365458100541132,0.0369341996219669,0.0392472526587535,0.0383859797172112,0.0339197409431813,0.0293559130156885,0.0349524962611311,0.0327401289544467,0.0390250843093014,0.0397749303735405,0.0362415915637687,0.0369819465428875,0.033127253919378,0.0307509608538936,0.029444770740883,0.0270959477220973,0.0199891151242194,residential,7,summer,0,6,296.3601028,1778.1606167999998,0
8,2021-07-13,0.0166431730444935,0.0154861066199086,0.0133066113539193,0.013039294404039,0.0134865442527788,0.0165219197757484,0.0330738478732467,0.0383741263453983,0.0401231614324656,0.0383278839400826,0.0374064280905196,0.0353886886462301,0.0329619420908221,0.0330751714930476,0.0349843604994562,0.0401150757447946,0.0399155443834784,0.0371062333439246,0.0372516988072663,0.0347859714002772,0.0313465198835917,0.029879759112267,0.0277459540771152,0.0213904070253441,residential,7,summer,0,6,296.3601028,1778.1606167999998,0
8,2021-07-14,0.0174676708299115,0.0162857263985669,0.0144255175402155,0.0136971858242111,0.0139238986204558,0.0172240981702334,0.0323293584731894,0.0359465626378366,0.0376266181115084,0.0386003938782471,0.0357321277054745,0.0331510338452341,0.0319990255679842,0.031569680052064,0.029444129781784,0.0315064203814459,0.0309129838809104,0.032156382362234,0.033763179927464,0.0328141699441726,0.0302448022964986,0.0288303046857058,0.0267076024613,0.0202461936604495,residential,7,summer,0,6,296.3601028,1778.1606167999998,0
8,2021-07-15,0.0175180862671485,0.0148867613517229,0.013097503542134,0.0137867692939966,0.0141621037732599,0.0164139393457033,0.0313646180542277,0.0352598032723271,0.0342132077795491,0.0305346803358817,0.0315845470925194,0.0290325770239349,0.0326921521041991,0.0325915145051624,0.0310920067689445,0.0352331811539482,0.0382205023824012,0.034404157429936,0.0374838830790514,0.0348116028705839,0.0292874130576339,0.0298870021980633,0.0265717700312275,0.0201319950806883,residential,7,summer,0,6,296.3601028,1778.1606167999998,0
8,2021-07-16,0.0176761830855154,0.0153404035191857,0.0132902564342645,0.0142407585841691,0.0145019302235456,0.0166808327199341,0.0337850863443908,0.035994768224107,0.0372370559580405,0.0399815701609924,0.0376854844912713,0.0333377582657974,0.0343305888777435,0.0344771939820849,0.0320812655784852,0.0353833894188945,0.0384168920264409,0.0342867666656407,0.0368851354420828,0.0343479067144134,0.0299954693950994,0.0291793482775536,0.0269309741462825,0.0204859693700296,residential,7,summer,0,6,296.3601028,1778.1606167999998,0
8,2021-07-17,0.0166421284930079,0.015434216145036,0.0132288581226304,0.0130016938934361,0.0133933836211759,0.0166085026593938,0.0329265858139583,0.0384483390249178,0.0385644413051811,0.040828485173403,0.0386304379914112,0.0352628584912513,0.0328822774922112,0.033257791949891,0.0331645732565767,0.0364757669193059,0.0380550121522357,0.0364059166092087,0.0384561316633788,0.034261424838714,0.0320951164846869,0.0303994966081752,0.0271289372257836,0.0219658490954755,residential,7,summer,1,6,296.3601028,1778.1606167999998,0
8,2021-07-18,0.0182746815882117,0.0173408913939393,0.0154346032215327,0.0164177663935014,0.0165612521013839,0.0183053795293438,0.0345176595648036,0.0400945202350701,0.039769972458973,0.0411570338818117,0.0402496327611885,0.0372100876592906,0.0363706403478576,0.0393108184690991,0.0356651635790649,0.0379825356033009,0.0365723862594622,0.0306436124709521,0.0320402522835459,0.0291625709863698,0.0274674915282477,0.0265289455812428,0.0255574698503162,0.0181302985497278,residential,7,summer,1,6,296.3601028,1778.1606167999998,0
8,2021-07-19,0.0152184235743872,0.0128625862656402,0.0096589967445303,0.0095042452061394,0.0098211844316553,0.0139574033462538,0.0272504111142094,0.0282504692887313,0.0285236755543189,0.0269765333279946,0.026297172876179,0.0224267053972545,0.0206976001354732,0.0221716813708004,0.0212368949505989,0.0276905543347581,0.0317167848971322,0.0299018751563243,0.03186128796448,0.0291034974120028,0.0248402048648833,0.0240984864138893,0.0209358631854294,0.0156624740465525,residential,7,summer,0,6,296.3601028,1778.1606167999998,0
8,2021-07-20,0.0132828122874596,0.0121019694032502,0.0087989494897367,0.0090223015738819,0.010583412998081,0.014004209462661,0.0286511232147207,0.0334074784096933,0.0354857855613736,0.035402049583773,0.0331221724432248,0.0306114885744846,0.0299245531706647,0.0310427941891388,0.030490037656342,0.0349184053698546,0.0354363348565481,0.0337898695336845,0.0365224949966455,0.0321823645794285,0.0289404467202686,0.027071244205821,0.0262261487694723,0.0192919928235441,residential,7,summer,0,6,296.3601028,1778.1606167999998,0
8,2021-07-21,0.0158859972422806,0.0145547974457907,0.0123001621719382,0.0123399605086346,0.0128162452390129,0.0156605717089784,0.0304018401485651,0.0369135409635826,0.0388485479995352,0.038946882449529,0.0350890484089554,0.0325343833010491,0.0312109037590423,0.0316571817679923,0.0322214018715223,0.0347969632469168,0.0365842714378291,0.0368920217171901,0.0358614683888689,0.0331312630535644,0.030502098035327,0.0279119527866188,0.025565342017753,0.0197729423107646,residential,7,summer,0,6,296.3601028,1778.1606167999998,0
8,2021-07-22,0.0163898196360684,0.0151696526451261,0.0127384947801602,0.0129391159064235,0.0132307730341293,0.0157819777848999,0.0323379602024618,0.0377416607160852,0.0376613547435081,0.0373648277998348,0.0352474496465584,0.0327303764359914,0.03140432324384,0.0316062348783655,0.0314292157991221,0.0343401928646907,0.0367579174124708,0.036942179051773,0.0357402490503938,0.0331165051057196,0.0296502492171349,0.0279726334377352,0.0257529954987625,0.019533055052252,residential,7,summer,0,6,296.3601028,1778.1606167999998,0
8,2021-07-23,0.0165062151680285,0.0141091650570197,0.0125683362432967,0.0128761321339683,0.0132662792818258,0.0156760356613596,0.0314875672247263,0.0369159680708734,0.0365922092890665,0.036571485132889,0.0336463549221312,0.0310997581831101,0.02996880048729,0.0303733820705275,0.0319172903785583,0.0339927189511537,0.0331886150541211,0.0349295073824691,0.0356277462688944,0.0331417960214015,0.0294344535417718,0.0277847323834049,0.0256927022010138,0.019889154919998,residential,7,summer,0,6,296.3601028,1778.1606167999998,0
8,2021-07-24,0.0168207657378387,0.0155796889122731,0.0133864567453613,0.0144454933415794,0.0122775114186788,0.017079348650495,0.0326969246691752,0.0354625688961165,0.0383932203306116,0.0367062536172891,0.033140831531964,0.031057423438958,0.0316463549611921,0.0319492749433489,0.0278563086400612,0.0299776574424184,0.032424865719292,0.0321463587293875,0.0340438305763023,0.0330063616391743,0.03000299686384,0.0278772710725305,0.0256444702947337,0.020090426327945,residential,7,summer,1,6,296.3601028,1778.1606167999998,0
8,2021-07-25,0.0165807886622721,0.0153128407138491,0.0134339298231566,0.0142591666562459,0.0146705885789626,0.0168349482144262,0.0328996920936207,0.036978174046665,0.0359647853700097,0.0365366292443292,0.0361143398789191,0.0316857395350773,0.0318095014075222,0.0304376904935463,0.0318436152829347,0.0261260189510581,0.0291815195306956,0.0324960754268441,0.0341655322754844,0.0331875160786363,0.0303926833345327,0.0278952328911593,0.0256740592233035,0.0204012090293677,residential,7,summer,1,6,296.3601028,1778.1606167999998,0
8,2021-07-26,0.0166290221856054,0.0154031017183946,0.0141606066503653,0.0142901734769691,0.0134122375202948,0.0173777377139312,0.0313671179972109,0.0363877506430346,0.0366277514286292,0.0389406967564189,0.0365503708119777,0.032222725787404,0.0317161688175363,0.0317188588010019,0.0342845278734821,0.0334388995459691,0.0325433854194318,0.0323177756069199,0.0352349111284266,0.0328265038317677,0.029817360053393,0.0289505991782399,0.0267815930216742,0.0203455867770513,residential,7,summer,0,6,296.3601028,1778.1606167999998,0
8,2021-07-27,0.0179875444487655,0.0168774357527881,0.0136155357970697,0.0143281565883835,0.0148733798725321,0.0176686383313278,0.0311292789532124,0.0351589514609691,0.0352572212434857,0.0354195513389296,0.0349306843849102,0.0317676053164966,0.0305190010805621,0.0304046237195427,0.0307648904141932,0.0325883750711223,0.0340673915316594,0.0342063349554607,0.0341886309145444,0.0329633219117071,0.0296925178084629,0.0290644858849165,0.0255491647712606,0.0197619800871134,residential,7,summer,0,6,296.3601028,1778.1606167999998,0
8,2021-07-28,0.0163954994480356,0.0153075147288257,0.0133869073939888,0.0141643962419873,0.0144755900533745,0.015197053582112,0.0302653206845515,0.0329210382382997,0.0314516456341893,0.0343150898330357,0.03068018183562,0.0303121755590447,0.0297638987780816,0.0293743571866145,0.0293386436816116,0.0324040936558846,0.0361763302341125,0.0351678947662347,0.0354730267456407,0.0327264830427789,0.0301019217005712,0.0276372031194826,0.0269081806996099,0.0205374701450131,residential,7,summer,0,6,296.3601028,1778.1606167999998,0
8,2021-07-29,0.0163106687374623,0.0150440552557221,0.0134203350555152,0.0140602685435145,0.014474015062019,0.0167072769701529,0.0308320658260491,0.0357930894921929,0.0362854912172128,0.0377492434900097,0.0371366538862185,0.0335200527965724,0.0315058687001,0.0289893557370117,0.0304459581951078,0.0329392279110911,0.0353975500583416,0.0351393282223224,0.0367498373173565,0.0325367349870555,0.0300959693500752,0.0288929716755505,0.0268103133489685,0.0200172336339172,residential,7,summer,0,6,296.3601028,1778.1606167999998,0
8,2021-07-30,0.0165797772927823,0.0152794196449702,0.0135374208196705,0.0141109337028947,0.0133243488394502,0.0169491986790475,0.0320600181831486,0.0365277920082058,0.0362039331309821,0.0366650947885833,0.0301986275277677,0.0317544803265017,0.0313361248209273,0.0324478790440177,0.0288463943357079,0.0345414456919747,0.0329999379423338,0.0318126198301796,0.0353903995360143,0.0340154740066822,0.0289201276580128,0.0263216592560894,0.025492145807245,0.0198235969260849,residential,7,summer,0,6,296.3601028,1778.1606167999998,0
8,2021-07-31,0.0164430107282011,0.0149298958850018,0.0124604703603758,0.0127589360123522,0.0132924793701323,0.0161952972767026,0.0320375113173881,0.0355515246836807,0.0349403294654198,0.0370931181085228,0.0369559982515045,0.0318130143419598,0.0323025327579343,0.0320904126837807,0.0315901662195907,0.034634169467443,0.0362268593825105,0.0343098328129475,0.0347244078995794,0.0321348310234136,0.0300981049070314,0.0283429598147022,0.0265479756901641,0.0219682526065841,residential,7,summer,1,6,296.3601028,1778.1606167999998,0
8,2021-08-01,0.0184677539192484,0.0173825262887759,0.015943185767536,0.0158450637439138,0.0160940763212195,0.0195984553932287,0.035633991565546,0.0397420993453734,0.0395750727806007,0.0396550838223828,0.0387261475315287,0.0351316025951617,0.0329801796766448,0.0344884187419494,0.0370069460461219,0.0371506498168011,0.0391533512530302,0.0400838224893401,0.0409289412659916,0.0356295359703514,0.0293723729463288,0.0244477099199689,0.022273804506473,0.0172526379600054,residential,8,summer,1,6,296.3601028,1778.1606167999998,0
8,2021-08-02,0.01471262162328,0.0147033601865457,0.0114065821811647,0.0134821548848531,0.0136116740688163,0.0152097359615872,0.0298226464781856,0.0343702627742669,0.0355975087315011,0.0368686309256732,0.0344893795510714,0.0323362479916664,0.0306016684128554,0.0325466759439924,0.0346244780533471,0.0370101947643099,0.0389159060196416,0.039636317346273,0.0383586979790744,0.0355394784939438,0.0331039218698447,0.0319415033452933,0.0231100107785625,0.0191318388200867,residential,8,summer,0,6,296.3601028,1778.1606167999998,0
8,2021-08-03,0.0145559890440296,0.0122459525452898,0.0108585729808294,0.0120532471532593,0.0136158529921307,0.0151396152556903,0.0318086799800799,0.0358270563423857,0.0360150041334203,0.0361359062520562,0.0353971181269141,0.0335445346416295,0.0309434612933262,0.0326236269319226,0.0313344280024133,0.034596094226657,0.0362612259585519,0.0366705258332762,0.0364154658172088,0.0349808224288372,0.0316725413732269,0.0296291042696403,0.0278250902803586,0.0219015169225578,residential,8,summer,0,6,296.3601028,1778.1606167999998,0
8,2021-08-04,0.0176775132554566,0.0174337371393715,0.0144791407578583,0.0135515524524958,0.0140035695337472,0.0168719409065598,0.0313926287395178,0.0366514896751293,0.0372610852574254,0.0373088073651585,0.0348643356825395,0.0335766106076274,0.0318001813275929,0.0319187036921855,0.0325096518092689,0.0330938834701919,0.0344985649690512,0.03506792208776,0.0352929723827261,0.0345177527457206,0.0316924363128007,0.0308459062686096,0.0272547328014342,0.0214596895427747,residential,8,summer,0,6,296.3601028,1778.1606167999998,0
8,2021-08-05,0.0182395301400016,0.0169122850810018,0.0142581461435462,0.0146109716132627,0.0150726462605909,0.0175131677543516,0.0327472074426809,0.0394496498568101,0.0393024359164628,0.0397120155805047,0.0382432578379607,0.0334908793850757,0.0322085579086487,0.0315560260149072,0.0287818244595371,0.0327554375521723,0.0340789322431899,0.0361842239115096,0.035607789820094,0.0348093316609867,0.031224691196509,0.0294194879013278,0.0272742680005508,0.0211454874084132,residential,8,summer,0,6,296.3601028,1778.1606167999998,0
8,2021-08-06,0.0180494437446768,0.0169106553532355,0.0147182442196825,0.0159279800636388,0.0137368747254574,0.0157672297231598,0.0317887979548901,0.035952708933486,0.0361096579736295,0.0392741513687089,0.033666622329711,0.027914027485548,0.0266025056541564,0.0257082401733418,0.0271159726217053,0.0294097595674952,0.0313381007102976,0.0322377892571619,0.0334263866067417,0.0324707964922631,0.0292858881038839,0.028683483289529,0.0267254872781807,0.0202681250485214,residential,8,summer,0,6,296.3601028,1778.1606167999998,0
8,2021-08-07,0.0179550179180335,0.015386732502208,0.0131834238772496,0.0144103054952694,0.0146757488904888,0.016939925987865,0.0310473195956677,0.0341840172247287,0.030938167489481,0.0328395871901794,0.0318425810928094,0.0294663095439539,0.0285423981496193,0.0299618495114286,0.0267718907621819,0.0293078794566227,0.0297612101905888,0.0302882542620657,0.033233167777324,0.0324426812992076,0.0289343447065328,0.0286109069941093,0.0263879003347892,0.0195816035865226,residential,8,summer,1,6,296.3601028,1778.1606167999998,0
8,2021-08-08,0.0173683683442514,0.0162368295504754,0.0128101869812009,0.0138923137309485,0.0143252373361612,0.0165083166107729,0.0332672795544001,0.0379847833513733,0.0380442005320704,0.0384061102614172,0.0356525489055492,0.0327779994078553,0.0310890162655332,0.0310556285235447,0.0318761568793113,0.0317849536329758,0.033712305788259,0.0341469501137792,0.0355769051364411,0.0333977493972496,0.0308658236036591,0.0293664158555253,0.027041884600925,0.0207314938914148,residential,8,summer,1,6,296.3601028,1778.1606167999998,0
8,2021-08-09,0.0178181761057336,0.0166544228135403,0.014436663450906,0.0144679006631336,0.01618792903281,0.0181331923897977,0.0329798157517847,0.0390668255562509,0.0394636599775668,0.0377653047828131,0.0351835854848158,0.0332817824160963,0.0299945826165904,0.031550075947522,0.03186399381736,0.0283562955331617,0.0304052634843454,0.0328945474566939,0.0340726115904612,0.0333748346793295,0.031749072478393,0.0290780070448002,0.0269735773899866,0.0214870220659237,residential,8,summer,0,6,296.3601028,1778.1606167999998,0
8,2021-08-10,0.0167391448155579,0.0155777983034011,0.0145947866288863,0.0146601494620555,0.0149605621808547,0.0183393933408971,0.0326912621539824,0.0366613092348669,0.0371163381578716,0.0379202663660186,0.0354979946148545,0.0307983739355686,0.0300592474130782,0.0315989614625672,0.0319625553481016,0.031659142418109,0.0323632553162156,0.0338732977582945,0.0354957446119403,0.0334035861966874,0.0312630480974002,0.0293913323672697,0.0271901372386697,0.021406172661764,residential,8,summer,0,6,296.3601028,1778.1606167999998,0
8,2021-08-11,0.0181274888084552,0.0171209684657142,0.0150443857708258,0.016087784466433,0.0162288841136314,0.0180088938054587,0.0334301338659759,0.0394193671775515,0.0390938365418134,0.037315492028941,0.0367017206910271,0.0360830491201368,0.0327904878508719,0.0306161712845517,0.0311943363440606,0.0322248912899404,0.03197820339966,0.0329990996987328,0.0356163380133405,0.0333800453213602,0.0310840089436526,0.0294005498678706,0.0272667111462788,0.0216678318514289,residential,8,summer,0,6,296.3601028,1778.1606167999998,0
8,2021-08-12,0.0170033805407239,0.017326362932663,0.0147835198013722,0.0148648595528882,0.0153382241026614,0.018991553130422,0.0349467736001511,0.0383171428100152,0.0362023421804803,0.0351093399875299,0.0347629000847638,0.0320902684055351,0.031539645179513,0.0290754333101156,0.0269909108453874,0.0241595291248982,0.026607925352472,0.028806558240511,0.031517603797019,0.0308238492173865,0.027611137315699,0.025801560482598,0.0249468441421071,0.0176773958632467,residential,8,summer,0,6,296.3601028,1778.1606167999998,0
8,2021-08-13,0.0161162339801137,0.0150654205946385,0.0135345812440836,0.0116949909435991,0.0095938495927829,0.0139668851036439,0.0259540510635507,0.0293713318035527,0.0289246067873628,0.0284891923430601,0.0249973032961153,0.0225232835992368,0.0212719685608139,0.0199659336525745,0.0173079057333446,0.0182743104083314,0.0211922517051446,0.023159529321259,0.0271294829849003,0.0262724022887692,0.0234649943535208,0.0223865597659234,0.0202200889830316,0.0148355797506412,residential,8,summer,0,6,296.3601028,1778.1606167999998,0
8,2021-08-14,0.0113324809531281,0.0114027574029216,0.008512418192413,0.0106851788417146,0.0112994880052471,0.0136295530449057,0.0275994380140482,0.0321747810391883,0.0325626426070296,0.0335394679045799,0.0324066443259669,0.0293211151648727,0.0270451063012144,0.0248129611197336,0.0250632580401277,0.0269603926972604,0.027002088782054,0.0281753850789641,0.0322960813921207,0.0314454564565657,0.0275725650480493,0.0262928425685484,0.0242956632722126,0.018470090726678,residential,8,summer,1,6,296.3601028,1778.1606167999998,0
8,2021-08-15,0.0154312856473037,0.0141794430296144,0.0115052830182293,0.0130818591972229,0.0135641898847362,0.0146251526228068,0.029419507632733,0.0356063962657375,0.037995079597904,0.0360332263902044,0.0341939895292781,0.0312638085630763,0.0294127744754264,0.029773891441564,0.0319009086808967,0.0318062163248953,0.0336152361144307,0.0354214004333793,0.0338055870508355,0.0330744394549132,0.0305578204007578,0.0291384316214458,0.0269380895682309,0.0204761286208921,residential,8,summer,1,6,296.3601028,1778.1606167999998,0
8,2021-08-16,0.0151680954513349,0.0136838211796126,0.0133363828952031,0.0126956471275069,0.0131543402449508,0.0169116701998289,0.0326362132597275,0.0385230562825559,0.0377272710872196,0.0373514077553761,0.0354660680432435,0.0331070454966584,0.0307792703791878,0.0321642460619325,0.033373690766777,0.0343740883223294,0.0337562187070518,0.0338632364142748,0.0354492971373561,0.0347030968248342,0.0307124728628139,0.0294074874437014,0.0269814722182509,0.0199766297309447,residential,8,summer,0,6,296.3601028,1778.1606167999998,0
8,2021-08-17,0.0164904420676417,0.0152097017325732,0.012960234509667,0.0141315546577313,0.0143670797099507,0.0160492343348634,0.0318369317794228,0.0380481414177454,0.037819983147183,0.037299097506332,0.0344976453250165,0.0314918078058407,0.0306387827297893,0.0306181198848378,0.0328271020632032,0.0343871512414471,0.0358677298760252,0.0364130322230583,0.0358270709970398,0.0336211949921335,0.0315066670507102,0.0296189876046328,0.0273164249202371,0.0206055723048977,residential,8,summer,0,6,296.3601028,1778.1606167999998,0
8,2021-08-18,0.0181561014647135,0.0156383274371393,0.0136825512935874,0.0145566076672967,0.0148376903613724,0.0170427976695395,0.0336107185189267,0.0381921638993925,0.0377648584473436,0.0376587486011192,0.0352456768317006,0.032199571368775,0.0305659795006006,0.0309665982531596,0.0335501471691981,0.0334233115307084,0.0368077738596464,0.0367559415316171,0.0355734571018001,0.0333928491641189,0.0313200647839204,0.0298395863512721,0.0277827789143168,0.0219987053879053,residential,8,summer,0,6,296.3601028,1778.1606167999998,0
8,2021-08-19,0.0185495472262923,0.0172345927407118,0.0148611741376196,0.016343456522926,0.0166699434157065,0.0186950259877643,0.0322747112103414,0.0348705092522938,0.0328669367284287,0.0360423996826148,0.0346753944957342,0.0297803300038215,0.031463150052751,0.0290247265866913,0.0279821953860346,0.0238439026659269,0.0242606027638113,0.0264332856728463,0.0288241103894583,0.028042486577803,0.0252938137962773,0.0240850028060934,0.0218931135940308,0.0152000941762572,residential,8,summer,0,6,296.3601028,1778.1606167999998,0
8,2021-08-20,0.011647043271165,0.0103662470989599,0.009077372976387,0.009413767831892,0.0108925056739684,0.0132721512727567,0.0250441550612186,0.0261960036291062,0.0246119877269429,0.0248878066027397,0.0232749081108385,0.0209821119063643,0.0205682539986623,0.0182967657628742,0.0177545636384731,0.0196504815915613,0.019672664234982,0.0216687526911014,0.0242984051579894,0.0245620930428005,0.0220685628518321,0.0206670638503367,0.0185203784754147,0.0129174159441928,residential,8,summer,0,6,296.3601028,1778.1606167999998,0
8,2021-08-21,0.009615678956144,0.0084312948420789,0.0066298294320275,0.0075591091273263,0.0080207553600304,0.0108295153097372,0.0251832150548627,0.0316266567746026,0.0295058031925257,0.0314843209900282,0.0298282879158384,0.028908599326049,0.0262924409643968,0.0278890598654676,0.0290576544803827,0.0281840193409523,0.0303022968555575,0.0316066541276341,0.0308027194000568,0.0299556713106178,0.027116050400819,0.0251419759221821,0.023078333676949,0.0184272308838577,residential,8,summer,1,6,296.3601028,1778.1606167999998,0
8,2021-08-22,0.0140579610792807,0.0127853256440575,0.0119703378844477,0.010577803910624,0.0110285110507127,0.0137745675566602,0.0276420827294106,0.0345098579835514,0.0365187850768697,0.0335095694705647,0.032865764641565,0.0274553332182763,0.026973193728165,0.0278670073287597,0.0300919184199511,0.030388255739788,0.0320534809592082,0.0329793699438724,0.0321111190082314,0.0312894043793795,0.0300463841985662,0.0275768395622264,0.0253206552321639,0.0206908819213231,residential,8,summer,1,6,296.3601028,1778.1606167999998,0
8,2021-08-23,0.0150305994901197,0.0136552012069573,0.0127611084297734,0.0125297734196865,0.0116219970485835,0.0149842179008812,0.0299251779398715,0.0357426770807182,0.0359298161227346,0.0341032354220266,0.0334373698305286,0.0309262856275209,0.0291303867678699,0.0305162056857668,0.0312043754455537,0.0327147577037741,0.0329009782608131,0.0338002831223384,0.0339997509655657,0.0317368601374512,0.0290520028565482,0.0276529649895319,0.0254882674014438,0.0189600357210031,residential,8,summer,0,6,296.3601028,1778.1606167999998,0
8,2021-08-24,0.0163000577772476,0.0149605292295461,0.0121851296171623,0.012360337605936,0.011579417872808,0.0149423022551765,0.030850913170668,0.0363929476244799,0.0381609454353898,0.0356886272285541,0.0345232078106041,0.0327925564340109,0.0287162146217031,0.03023026283327,0.0327575810394659,0.0338373402905807,0.0344764889851202,0.0364598811540796,0.0337063610948116,0.032775161544487,0.0297090671008211,0.0276644783864087,0.0254994302162726,0.0194089107159134,residential,8,summer,0,6,296.3601028,1778.1606167999998,0
8,2021-08-25,0.0164845076999654,0.0150170141396906,0.0119484762407257,0.0125873041502077,0.011799509745567,0.0152876756308258,0.0308761984458248,0.0348309096017328,0.0389610414227538,0.0385545423865253,0.0339460774059945,0.0326935524701277,0.0299737163332209,0.0314023503241936,0.0339286109348328,0.0347446645994325,0.0350983227877069,0.0377332096001504,0.0353426282757403,0.0345904068641703,0.0312259627895898,0.0289785661829525,0.0266702784898293,0.0202308396592308,residential,8,summer,0,6,296.3601028,1778.1606167999998,0
8,2021-08-26,0.0164016618216617,0.015093857385058,0.0130254019769574,0.0127976710507993,0.0132869949249903,0.0164717965959939,0.031037349834401,0.0370132601588086,0.0382170273032685,0.0392386511785148,0.0365840196152996,0.0334378735817279,0.0303784267111877,0.0306188966155067,0.0339979378659087,0.0333534096542422,0.0355787460971209,0.0374944235962888,0.0365144278818147,0.0352039143403893,0.0304593108373656,0.0284160121632131,0.0264298971556533,0.0200614893610902,residential,8,summer,0,6,296.3601028,1778.1606167999998,0
8,2021-08-27,0.0162209726889329,0.0150714423458879,0.0142636549864058,0.0141682155003108,0.0133833422681806,0.0168871451902638,0.0311514183788459,0.0354920791387234,0.0363579198815329,0.0362077103384077,0.0355664130830992,0.0314876847061066,0.0316423449106614,0.0311106030558176,0.0282999261177722,0.0309740044970865,0.0326205743794118,0.0321287313230609,0.035447344168058,0.0332655060882551,0.0294156533866613,0.0281986596524157,0.026064972818673,0.0193258281776978,residential,8,summer,0,6,296.3601028,1778.1606167999998,0
8,2021-08-28,0.0145572986850395,0.0149245703132406,0.0128254881404138,0.0127257033948493,0.013116388203655,0.0173057884499061,0.0307879329835969,0.0359368144148585,0.0367428883621211,0.0366591056177997,0.034052798346217,0.0318417868087927,0.0321430289017294,0.0304184988194597,0.0307093316608748,0.0318386434075751,0.0349549033657384,0.0337923486346749,0.0356987240987398,0.0321095239140433,0.0300521997448693,0.0272099091115305,0.0250608700284985,0.0197625928165088,residential,8,summer,1,6,296.3601028,1778.1606167999998,0
8,2021-08-29,0.0158964415650923,0.0146822856611676,0.0129035306578525,0.0124622683009175,0.0129460787555347,0.015924538838922,0.0320288277991908,0.0362874746535407,0.0372433744428196,0.0366923961605276,0.0351702993767175,0.0331085929393389,0.0304914349801566,0.0294236400164106,0.0333587994584501,0.0336592700313008,0.0352326644069272,0.0370597462622175,0.0348469132128621,0.0328417857289656,0.0320599162262493,0.0286614457207896,0.0252350748504875,0.0211621598432784,residential,8,summer,1,6,296.3601028,1778.1606167999998,0
8,2021-08-30,0.0161425410173405,0.0149730054226454,0.0143530087206389,0.0140185088774879,0.0131575069840602,0.0169633656273899,0.0324336301315331,0.0379977195482733,0.0371721923867243,0.037260193710662,0.0356751921267274,0.0334463174786313,0.031453627918644,0.0306471048422044,0.0350054977113869,0.032944265395702,0.0343520336845621,0.0361078009234488,0.0348167644049087,0.0328939017085071,0.0312016176730082,0.0290736541006135,0.0264051769178174,0.0200086047540616,residential,8,summer,0,6,296.3601028,1778.1606167999998,0
8,2021-08-31,0.0160971205826101,0.0149149591252536,0.0133608853336489,0.01273471415081,0.0144008782027212,0.0169244130262895,0.0323252499852306,0.0375044948857494,0.0378239399648225,0.0362192651812356,0.0366069063722745,0.0329550239325228,0.0286783960749955,0.025115007261576,0.0290993888093304,0.026228583731042,0.0273646765404337,0.0310470260384961,0.0310546211297036,0.0301308704296599,0.0288251135845204,0.0264529130728271,0.0242584191068293,0.0193093015054949,residential,8,summer,0,6,296.3601028,1778.1606167999998,0
8,2021-09-01,0.0146242556815572,0.0128564839740171,0.0116622289118236,0.01140844838847,0.0117946312282531,0.0155802720174304,0.0303745987886298,0.0326784814118538,0.0325430681881366,0.0323359083165172,0.0284171263353368,0.0267654860185562,0.0230570275283602,0.0227236682486608,0.0209725174582249,0.0245118774165707,0.0266636819720575,0.0262311097761915,0.0293395893177426,0.0297654562465337,0.0260544605671287,0.0233819723101022,0.0213093476855019,0.0159378306889712,residential,9,autumn,0,6,296.3601028,1778.1606167999998,0
8,2021-09-02,0.0124917329967388,0.0111754876291568,0.0090000800936443,0.0102539668031493,0.0096293059844446,0.0134066061586526,0.028943345028973,0.032994111501504,0.033732708039267,0.033167588016941,0.0319555403510699,0.0290303057396414,0.0291358602708518,0.0293506235303561,0.0271816722794432,0.0287618141509638,0.029536911008742,0.0289079070933158,0.0307422722747736,0.0299997455671424,0.0276409043097358,0.0249830256814475,0.0242133215492613,0.0179808815503005,residential,9,autumn,0,6,296.3601028,1778.1606167999998,0
8,2021-09-03,0.0140261860266749,0.0139127188499714,0.0111704755586724,0.0116474249378704,0.0120646372900603,0.0132413673820641,0.0295651768066108,0.0332028161029517,0.0313023313473317,0.0335495250488099,0.0270969567469162,0.0266546884732443,0.0259776910368164,0.0243855538252859,0.0257439649886183,0.0322624518019879,0.0320036940045675,0.0326169914887238,0.0323040142286432,0.0300438373252234,0.0276095833986003,0.0265774430780026,0.0245261522600813,0.017713266080371,residential,9,autumn,0,6,296.3601028,1778.1606167999998,0
8,2021-09-04,0.0140930470475732,0.0128497089373238,0.0109917216097791,0.0118463993676045,0.0110919734724529,0.0149616985477766,0.0298021156931521,0.035004820867152,0.0340470472938253,0.0358865987021301,0.0328437175823192,0.0297445890263576,0.0316066771778647,0.0315445728569342,0.0300779740525271,0.0321273127125061,0.0309915505305585,0.0263770674356803,0.0326067883674253,0.0318825667345043,0.0274454966184536,0.0254871176042919,0.0245000275294982,0.0180148888259233,residential,9,autumn,1,6,296.3601028,1778.1606167999998,0
8,2021-09-05,0.0156528488287476,0.0145103623350688,0.0118921941759324,0.0134939409127316,0.012652363823339,0.0153771235990998,0.0302259513650075,0.0355349497777882,0.0358735221502679,0.0380871694661925,0.0334658260183841,0.0310478371969184,0.0314544743706114,0.0305345355303245,0.0273057070884805,0.033089035368688,0.0335446330839087,0.0327692585021286,0.0342737249259833,0.0335698918278611,0.0288033177521611,0.0270032233098831,0.0258788508021259,0.0187915228262186,residential,9,autumn,1,6,296.3601028,1778.1606167999998,0
8,2021-09-06,0.0156825134616022,0.0132644502398418,0.0117622531762707,0.012330187952626,0.012747248946915,0.015392541036624,0.0316762921366109,0.0368174597193913,0.0364488723002065,0.03781072585406,0.0350055987391752,0.0265043859168483,0.0330001641867053,0.0300488688001321,0.0281024004539315,0.0320987903158952,0.0349531300285342,0.03233571268827,0.0356936770102987,0.0333248261377038,0.0285713096646839,0.0280509011342072,0.024755731421297,0.0185450946653587,residential,9,autumn,0,6,296.3601028,1778.1606167999998,0
8,2021-09-07,0.0156400933097539,0.0131592064098606,0.0116107421528927,0.0121533715663,0.0126239347727743,0.0154769984660684,0.0334674004313274,0.0376709541718842,0.0365623913788528,0.0373244623680179,0.0344704534795584,0.0308112177116915,0.0316076542442382,0.0319601552720716,0.0307337746003558,0.0354377842857387,0.0353094849947503,0.0332733309868778,0.0357183954197418,0.0333706362548855,0.0291217885759569,0.0280298210486248,0.0259850596265855,0.0190771214455378,residential,9,autumn,0,6,296.3601028,1778.1606167999998,0
8,2021-09-08,0.0158988644322894,0.0146632792274582,0.0124161660254732,0.0124885671722121,0.0129122172934541,0.0160989206920461,0.032513828895157,0.0360595899607565,0.0361513732848702,0.0360063082443542,0.034822399259298,0.0319099624224972,0.0337456588472202,0.0304366278605416,0.0307393041256866,0.0337387674246171,0.0298010336995154,0.0329189351309492,0.0332220417296355,0.0321817429282911,0.0290189443099134,0.0270352892377121,0.0249024920852931,0.0194872862903516,residential,9,autumn,0,6,296.3601028,1778.1606167999998,0
8,2021-09-09,0.0159404719577417,0.014642902701663,0.0125430977056111,0.0123467940396934,0.0126169748224211,0.0157967889931208,0.0316021556291822,0.0351959020533413,0.0362527620068359,0.0377626958269856,0.0346505229056609,0.032125930811337,0.0340191986396626,0.0325139300841889,0.0313856370236157,0.0363897949534551,0.0371365515788262,0.0322295929647931,0.0347670096165796,0.0328230951647733,0.0293528329218904,0.0296021870294454,0.0263005152391672,0.0197379797695499,residential,9,autumn,0,6,296.3601028,1778.1606167999998,0
8,2021-09-10,0.0172048793078471,0.0160222166036616,0.0130818127343507,0.0138007564912651,0.0142984541536825,0.01685053699803,0.0318696588988012,0.0366972048220219,0.0358534933348154,0.0362490438076189,0.0352277440935333,0.0318416537281599,0.033936397643375,0.0338204148608579,0.0301319384412169,0.0356577312719191,0.0367609131619613,0.0310777118251891,0.0346247790059581,0.0331275100429279,0.0288299701023931,0.0280590705852381,0.0259149778256302,0.0194304673055134,residential,9,autumn,0,6,296.3601028,1778.1606167999998,0
8,2021-09-11,0.015776149525893,0.013467894994582,0.0122030746831046,0.0123620559381391,0.0115373287177858,0.0156141119148651,0.030183472651019,0.0351476046211397,0.0334456643281938,0.0340603820795877,0.0333985123484902,0.0287819633357828,0.0334856455895035,0.0318851737007223,0.0249423876570657,0.0304659053563017,0.0322753536503469,0.0319311227571374,0.0347999764978451,0.0324586364888664,0.0280587889219238,0.0274819288840358,0.0256135810959814,0.0191083894739823,residential,9,autumn,1,6,296.3601028,1778.1606167999998,0
8,2021-09-12,0.0168884115224607,0.0142648211794099,0.0125423804524978,0.0132604256152335,0.0125381836978041,0.0158784900051004,0.0312701761260794,0.0343801757657356,0.034063361212826,0.0341108323535319,0.0343909147796919,0.0288337921574288,0.0318504648439727,0.0305620876618582,0.031510782936358,0.0345847270456495,0.0340605734822258,0.0327028000717006,0.0337213963372039,0.0330897647310378,0.0280937117640367,0.0265386049946078,0.024585661852104,0.0188228772209415,residential,9,autumn,1,6,296.3601028,1778.1606167999998,0
8,2021-09-13,0.0156567472276262,0.0144244035445902,0.012261812401931,0.0121617401041311,0.0124876809344076,0.0154137860989745,0.0306918323924982,0.0358241890053403,0.0357912869217438,0.0371572175232491,0.0353142376214822,0.0295442552917279,0.0305707857583898,0.0295428578813119,0.0320798577806837,0.0331012539530482,0.0328292622641477,0.0340597719426984,0.0335904186010651,0.0314867310516009,0.0287370065095903,0.0278933715263787,0.0257230957253754,0.018751280671243,residential,9,autumn,0,6,296.3601028,1778.1606167999998,0
8,2021-09-14,0.0153795689163508,0.0141926783853073,0.0117135027798026,0.0120483270248261,0.0123553366217684,0.015021212716297,0.0302397347854301,0.0359318858897471,0.036808589674096,0.0376355052873562,0.0358617932068148,0.0305059117533003,0.0308332822410456,0.031222852760372,0.0291909000107868,0.0327738637656006,0.0334763478273481,0.0283972579859261,0.0324139836886813,0.0316326490003489,0.0284857738583561,0.0266060762985254,0.0244104263348942,0.0185769770066243,residential,9,autumn,0,6,296.3601028,1778.1606167999998,0
8,2021-09-15,0.0153914641710719,0.0141080427268445,0.0119303069031319,0.013100853131151,0.013599525868522,0.013879123935565,0.0302066240123344,0.035463654112959,0.0339067267973764,0.0371471024449098,0.0359177551067801,0.0307881564268671,0.0328416628505061,0.0326746722730916,0.0285613079842267,0.0296126936744193,0.0320267298623841,0.0316372653581753,0.035187535987346,0.0329017969505172,0.0282683239704841,0.0278108005562363,0.0245203675285121,0.0186635216934399,residential,9,autumn,0,6,296.3601028,1778.1606167999998,0
8,2021-09-16,0.0156719921231935,0.0143536856891,0.0121988011048933,0.0123267812115047,0.0127570110402593,0.0159171992231631,0.0304881168050184,0.0358352823612371,0.0366543455524858,0.0372497954144712,0.0358524002683417,0.0308858920516199,0.0326402314913082,0.032306577290947,0.0227052746596429,0.0324112911358408,0.0328697704953968,0.0309681669550008,0.034391956313803,0.0322349533484109,0.0278506215377596,0.0267787878544798,0.0245327801312004,0.0181920468142657,residential,9,autumn,0,6,296.3601028,1778.1606167999998,0
8,2021-09-17,0.0144273675964583,0.013152249214792,0.0117496327833855,0.0122220363911053,0.012678324876375,0.0148897161829327,0.0299952810964173,0.0353491560406632,0.0353491428145134,0.0347655452758476,0.0336666241486949,0.0293465549369762,0.0325553294089531,0.0323987152095996,0.0304001968233879,0.0344345219068916,0.0286761918087821,0.033428213547815,0.0339139041896704,0.0332707864154264,0.0290343217909029,0.028281780348326,0.0260526164162254,0.0191346548828892,residential,9,autumn,0,6,296.3601028,1778.1606167999998,0
8,2021-09-18,0.0157496204342086,0.0144536759784532,0.0123971466988228,0.0121134862012614,0.0126241177041012,0.0158296118085708,0.0303721131305952,0.035631552853537,0.035591521805063,0.0365137697699439,0.0352048533966325,0.0305533125666082,0.0340973093044124,0.0354990901463211,0.0295956257658674,0.0336980387411606,0.0350619007470689,0.0307483458964497,0.0329131910978304,0.0305885531141693,0.0270270425693386,0.0270932577541614,0.0238879068968767,0.0178533294989178,residential,9,autumn,1,6,296.3601028,1778.1606167999998,0
8,2021-09-19,0.0151732348399596,0.0140528264226436,0.0119332015847595,0.0119558397866566,0.0123462689083823,0.0157419176536924,0.0299049456378386,0.0358023692134478,0.0345223704338578,0.0360448960246207,0.0335015310488238,0.029258340280353,0.0300157577037762,0.0303195715144137,0.0294879950646369,0.0309676176232087,0.0305606965206117,0.0300983771842225,0.0268005331893391,0.0261946310835975,0.0245446128518962,0.0245258781594775,0.0221809477313891,0.0155598692977891,residential,9,autumn,1,6,296.3601028,1778.1606167999998,0
8,2021-09-20,0.011719941380461,0.0101822129653868,0.0078951121180374,0.0078704593570224,0.0081029357982493,0.0111641522489014,0.0233567747709651,0.0257118398679912,0.0255382694900166,0.0239471554531276,0.0234690862278649,0.0185869505176936,0.0204206017471423,0.0187111927511243,0.0164079894638808,0.0201101179949894,0.0214535152503929,0.0225493123773466,0.0259663448874922,0.0252254603829515,0.0222098918952224,0.0201892369746315,0.018078982482331,0.0123536957611286,residential,9,autumn,0,6,296.3601028,1778.1606167999998,0
8,2021-09-21,0.0073865582815535,0.0061492824694339,0.0044313892750385,0.0042569855059752,0.0045549388239471,0.0071122920410735,0.0209657979832284,0.0243579756913261,0.0246613041592099,0.0237077829677459,0.0220511720432023,0.0201946128056607,0.02054494743726,0.0195499853512473,0.018971814640004,0.0222156311535167,0.0221856839774034,0.0238631124957855,0.0264207321158065,0.0257921688425609,0.0231246130501091,0.0219364642791564,0.0188653015712754,0.0132882323107011,residential,9,autumn,0,6,296.3601028,1778.1606167999998,0
8,2021-09-22,0.0081249670401327,0.0068365648512099,0.0049968620633464,0.0041271141883914,0.0044241935260613,0.0079179303206829,0.0215576743770436,0.0259606881942462,0.0259586003553142,0.0241815218252148,0.0239685850318936,0.0212462646229553,0.0219610172818787,0.0204857825510072,0.0205928119246829,0.0247525036628869,0.0255871733852264,0.0241050677625625,0.0277995013762914,0.026081108256632,0.023221425629936,0.0223190640734768,0.0202225517437785,0.0134550510032048,residential,9,autumn,0,6,296.3601028,1778.1606167999998,0
8,2021-09-23,0.0104553229578329,0.0083198089715294,0.0066461969044576,0.006429546259971,0.0067233370192793,0.0098034859548981,0.0246192634484995,0.0267767300333458,0.0252670443117483,0.0250925218510773,0.0244789656855229,0.0198161117310632,0.0205578554282721,0.0210108531970349,0.0160063051048945,0.0195962286568611,0.0215515423301989,0.022176194086311,0.0262532450187673,0.0257357094199124,0.0224422022811325,0.0218686081637622,0.0180084909497623,0.0127124027260618,residential,9,autumn,0,6,296.3601028,1778.1606167999998,0
8,2021-09-24,0.0091786973129228,0.0072081884862159,0.0059207918253216,0.0063004327640201,0.0065455347327422,0.0095199160382546,0.0235021908009702,0.0259079511649697,0.0250342878345438,0.0241109750166209,0.0214255612823899,0.0192972339433606,0.019718124823709,0.020411735468202,0.0167410523752606,0.0173192566757849,0.0182938688215783,0.0203479592616602,0.0228142447869868,0.0229711970372597,0.0212517210498421,0.0198809486538468,0.0186308115416841,0.01239261725101,residential,9,autumn,0,6,296.3601028,1778.1606167999998,0
8,2021-09-25,0.0087933313272113,0.0075980559330071,0.005844787629249,0.006635177211782,0.0070227836148318,0.0096283163048774,0.0221592711047127,0.0242776651705174,0.0226825999823327,0.0218882553700626,0.0203223543226732,0.0175430758971756,0.017458295400078,0.0162002206483241,0.0129540031181148,0.0160884095682515,0.0164939725301573,0.0196385386117349,0.023319914950299,0.0227080742928017,0.0198989383768541,0.0180288578743772,0.0143369002655816,0.0099801111550508,residential,9,autumn,1,6,296.3601028,1778.1606167999998,0
8,2021-09-26,0.0064912979804266,0.0044775274176788,0.0045519697676463,0.0045383800949539,0.004980376377218,0.0094366377158168,0.0207432164287248,0.0240750019730609,0.0237246748134297,0.0248866213841929,0.0245033741442417,0.0217964000044202,0.0241876399572674,0.0243759508706805,0.0247091212753605,0.0258516599848839,0.0277586175854287,0.0278727747000472,0.0293772453593601,0.0278866861568215,0.0245326602862338,0.0232891754208562,0.0212573702789955,0.0149161904351818,residential,9,autumn,1,6,296.3601028,1778.1606167999998,0
8,2021-09-27,0.0112301104117581,0.0090121856213025,0.0080194089462881,0.0080940812874225,0.0085352666343483,0.0120654399519808,0.0282134779343185,0.0324239309075338,0.0330862226732935,0.032836585514251,0.0314548705753282,0.0281697471154675,0.0312716452969567,0.0284948819505983,0.0273192726151069,0.0304053623927735,0.0328692857888062,0.0288224522279055,0.0299217379603166,0.0296815664393907,0.0268239346617618,0.0248767095485925,0.0227509912974701,0.0169301686609756,residential,9,autumn,0,6,296.3601028,1778.1606167999998,0
8,2021-09-28,0.0125172245863191,0.0112821080246563,0.0097714320931413,0.0103399697712893,0.0097043250539557,0.0133831000112796,0.0284000990445857,0.0333126626886386,0.0320658865106366,0.0331710379847625,0.0319131181094001,0.0283804446856757,0.0307127715021687,0.0287661429173289,0.0255941655232507,0.0288789859861381,0.0288439950427437,0.0300850329854246,0.0346552895438607,0.0326944874275364,0.0279344627871179,0.0290248445276348,0.0257484265993324,0.0161433348928501,residential,9,autumn,0,6,296.3601028,1778.1606167999998,0
8,2021-09-29,0.0135747148354349,0.0139036923288423,0.009500904638396,0.013375574672893,0.0136480389142753,0.0163096417018455,0.0268446862245158,0.0288104823470567,0.0275769490689604,0.0278827623373727,0.0258070270196098,0.0226978029752696,0.0239167089714224,0.0239168312067542,0.0198496375858187,0.0192864949793688,0.0240994633791124,0.0248196773999526,0.0274419284422907,0.0278489352502117,0.0263270253123563,0.0249840552248721,0.0226570606369561,0.015572036560457,residential,9,autumn,0,6,296.3601028,1778.1606167999998,0
8,2021-09-30,0.012813038392782,0.0117616662409443,0.0100848100690942,0.0106699006655433,0.0111221949781166,0.013749449959951,0.0284408369954866,0.0312670421493386,0.0320099459652855,0.0322989553437174,0.0318344495625629,0.0268616626062005,0.0286632248712806,0.0266727529327095,0.0223769315591799,0.0239995551264684,0.0218930034158719,0.0263737433205135,0.0289482935126457,0.0281708562408154,0.0262273618715188,0.0245698431077974,0.0229247948659047,0.0181171638346373,residential,9,autumn,0,6,296.3601028,1778.1606167999998,0
8,2021-10-01,0.0140444586889412,0.0120486059026281,0.0104658290628134,0.0102031181299463,0.0103799549695528,0.0144335841080395,0.0285241652430709,0.0339891166503682,0.0341186148753275,0.0328189616425466,0.0312882201356471,0.03064838814613,0.0300794941485696,0.0291049907571963,0.0277189967510238,0.0301706889958855,0.0313863851351472,0.0327529289056126,0.031627340440675,0.0311668539485447,0.0286659279213358,0.0263824066738947,0.0242775773089267,0.0188497744594377,residential,10,autumn,0,6,296.3601028,1778.1606167999998,0
8,2021-10-02,0.0139098224897023,0.0139572221017778,0.011507028777496,0.0130185252294999,0.0120889465105819,0.0150261611991456,0.0302277053926892,0.035286062978144,0.0346408911112432,0.0344119075457709,0.0330032676902123,0.0286612916565807,0.0301914847215567,0.027893766419155,0.0285134731662341,0.0292765972608449,0.0302539585597152,0.0318079669978222,0.0323394007337744,0.0305023026854291,0.0282425906995323,0.026803195675621,0.0244562339558998,0.0174851742772865,residential,10,autumn,1,6,296.3601028,1778.1606167999998,0
8,2021-10-03,0.0152099863142661,0.0137440272780736,0.0125136513366183,0.0118889152139738,0.0121785096972099,0.0139314470429261,0.0286870773778104,0.034901166991976,0.0336083716809025,0.0323252327429092,0.0311605050819497,0.0281829002217816,0.0297826746910441,0.0274050537606093,0.0263440581588371,0.0280270231150754,0.0308107580562696,0.0311953415576398,0.0317948829586027,0.0296794871812287,0.0266376037727124,0.0258319662781427,0.0237540974414088,0.0162439456541188,residential,10,autumn,1,6,296.3601028,1778.1606167999998,0
8,2021-10-04,0.013500668324705,0.0122340718335051,0.00942578273156,0.0111583868963809,0.0115112196113534,0.0130074158257106,0.0284983846649569,0.0332797820362341,0.0330198278475199,0.0322252351399559,0.0296634599711132,0.0301111674799299,0.0293863203716121,0.0264805797653305,0.0255911732884597,0.0281115488642472,0.0292809959358321,0.0298259866416548,0.0301094988517355,0.0295854579227819,0.0264305733969515,0.0258446727184383,0.0237032357284579,0.0162466051943862,residential,10,autumn,0,6,296.3601028,1778.1606167999998,0
8,2021-10-05,0.01339760924391,0.0121672214188157,0.0092518423615157,0.0110335415209252,0.0103542056843932,0.0126171486795163,0.0285079273608172,0.0333790040065086,0.0333553990414532,0.0325960183728069,0.0309601862575252,0.0292686894176407,0.0290310615703348,0.0281023875185261,0.0261566381825514,0.0301056519722515,0.0323794211577878,0.0292845551068242,0.0317881117068195,0.030009202562573,0.0274753512714585,0.0253697398450834,0.0245573431675001,0.0175520709198177,residential,10,autumn,0,6,296.3601028,1778.1606167999998,0
8,2021-10-06,0.0142552613471412,0.0118650639058794,0.0105662685102072,0.0111308401641571,0.0116011373027974,0.0145096689903589,0.0295247898995623,0.0339348087060726,0.0330152883045713,0.0307641660599462,0.0298950151545783,0.0257207925775469,0.027744406696783,0.0253810866122589,0.0217277160171943,0.0226698030176706,0.0223180917991601,0.0218155101027581,0.0264902785301332,0.0256725844360058,0.022509674889484,0.021400103049107,0.0192294740608788,0.012708178336013,residential,10,autumn,0,6,296.3601028,1778.1606167999998,0
8,2021-10-07,0.0093985809880471,0.0073332654717973,0.0054676197700154,0.0063218641152497,0.0066495738477714,0.0102713036336776,0.0243647928255324,0.0271172752238619,0.026438942651925,0.0260500079250677,0.0252048624679664,0.025214873082988,0.0273845423088459,0.0252231510821972,0.0214056161539767,0.0252511836723508,0.0275780915705767,0.0265916875950083,0.0289830326562272,0.0282749448736426,0.0246878940043235,0.0232794846689803,0.0212484186597581,0.0150945045012877,residential,10,autumn,0,6,296.3601028,1778.1606167999998,0
8,2021-10-08,0.0112543401240454,0.0100626679921275,0.0082876929006223,0.0092863596856754,0.009707963223524,0.0120365473259293,0.0264994055247262,0.0315317451748243,0.0308734357279478,0.0301557532595447,0.0301928878678156,0.0261797848695265,0.0288646711804839,0.0281179719461717,0.0246954177750178,0.0255570241346132,0.0280351916700035,0.0290525681656428,0.0300066869365037,0.0293711600376565,0.0262121406370186,0.0243924548974304,0.0222053707073404,0.015941505272934,residential,10,autumn,0,6,296.3601028,1778.1606167999998,0
8,2021-10-09,0.0130701822224174,0.0118200670073503,0.0093002677125267,0.0097106386339503,0.0090978609318101,0.0127231329274069,0.0267837249813796,0.0304245942374878,0.0307349132255697,0.0310906293675761,0.0296673178323127,0.0271321001212595,0.0284838214519055,0.0261132059209012,0.0224685459499292,0.0274065125847669,0.0265140039394142,0.0276032232739992,0.02965453895839,0.0288683985482891,0.0250985289836575,0.0238692373528086,0.0207122222987726,0.0154416880738495,residential,10,autumn,1,6,296.3601028,1778.1606167999998,0
8,2021-10-10,0.0117648344833185,0.0105017461243103,0.0089160097096826,0.0086157473389858,0.009992075055656,0.0127597529764287,0.0265538380858502,0.0310868512783217,0.0309628068556931,0.0303624772019834,0.0289452641963979,0.0274385001980446,0.0271914618142243,0.0251210166385271,0.0246964362248084,0.0256466768320931,0.027725614389791,0.0279354294041435,0.0302790270936689,0.0284222168792955,0.0255368188285978,0.0243079970349101,0.0221985654097123,0.015683410196194,residential,10,autumn,1,6,296.3601028,1778.1606167999998,0
8,2021-10-11,0.0130662165072658,0.0107561235852571,0.0084875744942503,0.0097588394935218,0.0101562063510284,0.0122749738996377,0.027811966878842,0.0329948482969996,0.0321380422586366,0.0311346384783797,0.0296146761365356,0.0278852336734496,0.0279295915735861,0.0269925345732868,0.0263560249388662,0.029151241245035,0.031990079479663,0.0290899790045702,0.0314741937673189,0.0310532678606171,0.0275278651395331,0.0261815752662282,0.0240129891786802,0.0171787420093433,residential,10,autumn,0,6,296.3601028,1778.1606167999998,0
8,2021-10-12,0.0137444381788433,0.0125370541801236,0.0103045460785443,0.0115954035776617,0.0119220315088852,0.0137493659376601,0.0294993971432289,0.0342517833006131,0.0330366730382875,0.0325296739005322,0.0312937043656713,0.0278689106068179,0.0301556450294316,0.0276654347089274,0.0263938716521199,0.0298596746682178,0.0319055229907965,0.0296886676549615,0.0323250689516026,0.03159215217406,0.0276218711316672,0.0264065844443891,0.0243152872836559,0.0178088167400792,residential,10,autumn,0,6,296.3601028,1778.1606167999998,0
8,2021-10-13,0.0152192695504524,0.0140269530343057,0.0109770942149267,0.0075816613108982,0.0087021296936668,0.010628787082847,0.0250210816467447,0.0284311339370782,0.0280513926990814,0.0267064106137683,0.0256656227953026,0.0231688770401086,0.0231785538217851,0.0223490207688863,0.0209149617830822,0.0225501250534887,0.0244544794392541,0.0259018808136329,0.0282215453107042,0.0274950031734707,0.0240119798748771,0.0224639017302898,0.0203350427216078,0.0147025832167578,residential,10,autumn,0,6,296.3601028,1778.1606167999998,0
8,2021-10-14,0.0112636194412424,0.0101151353714843,0.0076920804364862,0.0081034047380908,0.0084811741493052,0.0099487509822979,0.0239580662711108,0.0261924531226525,0.024590400414312,0.024806876283955,0.022307424131324,0.0213264520944972,0.0224544974594784,0.0216941614650928,0.0179571295532352,0.0216307851110723,0.0221193477873996,0.022903219898771,0.0269948926926241,0.0252866500339992,0.0229986273930055,0.021346004134251,0.0192623054523498,0.0130690018439585,residential,10,autumn,0,6,296.3601028,1778.1606167999998,0
8,2021-10-15,0.0091245391473183,0.007983057397446,0.0059531638722079,0.0060641472986826,0.0064503519465765,0.0095267658018801,0.0237003734554064,0.0279180854334004,0.0261087876620317,0.0274049439941488,0.0260878827667964,0.0227255983347128,0.0242204952848514,0.0221555071727299,0.0206996946285194,0.0232958976629635,0.022617218964161,0.0239342738465163,0.0268388399947336,0.0262813538922255,0.0232487716650897,0.0214629845935689,0.0193353486062402,0.0129036794745709,residential,10,autumn,0,6,296.3601028,1778.1606167999998,0
8,2021-10-16,0.0095420976722489,0.0084012396284026,0.0066543265362569,0.0064239854240571,0.0068367533952286,0.0095040758769934,0.0230575264309814,0.0280534171764726,0.0278725533016728,0.0259066919273367,0.0243576190591771,0.0217712952753233,0.0223925055160148,0.0212177390588885,0.0188378329654561,0.0218104804181125,0.0225794108377098,0.0236177282249115,0.0273751531059369,0.0257853681726351,0.0222653326535576,0.0208734498288645,0.0180117158707853,0.0122097465649074,residential,10,autumn,1,6,296.3601028,1778.1606167999998,0
8,2021-10-17,0.0081775118117648,0.0069520234446731,0.0049713406842847,0.0060339382442671,0.0055468390993629,0.0084845566332982,0.0224781135978057,0.0267712398695122,0.0260950556634304,0.0250576993655857,0.0240136487713458,0.0210460249483089,0.0234499062794151,0.0211884990055731,0.0188025367996959,0.0226541720180654,0.0249412952789521,0.0235139359915099,0.025976807737242,0.0243750797679314,0.0222786308411531,0.0204214852512826,0.017544919690255,0.0122774392839854,residential,10,autumn,1,6,296.3601028,1778.1606167999998,0
8,2021-10-18,0.0088575352632441,0.00684327690577,0.0057167433324905,0.0059945128564105,0.0063673426284525,0.0094430348592483,0.0220825978395324,0.0264264243637115,0.0261326016211313,0.0250097805959427,0.0247327960380574,0.0208016860839643,0.0229515713760628,0.0210329062294565,0.0185158379820659,0.0226696193537213,0.0238665907086444,0.023509651740631,0.0260806715300051,0.0244577274379024,0.0224260446317708,0.020470643192595,0.016808869704162,0.011812247634815,residential,10,autumn,0,6,296.3601028,1778.1606167999998,0
8,2021-10-19,0.0090171070185614,0.0078150978426748,0.0054419851055851,0.005888894415402,0.0054437739686609,0.0087877920365352,0.0224718514771222,0.0259712144882384,0.0254392001271779,0.0248057426585335,0.0236760604279918,0.0210342544255263,0.0231900589085486,0.0223197972693859,0.0194294818240666,0.0217103912181018,0.0241015402321468,0.0240137047815928,0.0263348722189354,0.0246453595341774,0.0220199952196691,0.0209763754773529,0.0179665622091209,0.0123217835357471,residential,10,autumn,0,6,296.3601028,1778.1606167999998,0
8,2021-10-20,0.0092429432201275,0.0072040928396762,0.0057831332084094,0.0062761530091716,0.0057606896143873,0.0096269347558873,0.023535943772287,0.0275486916273815,0.0278725868790753,0.0267370058848016,0.0252200691330155,0.021794067420458,0.0242096553493934,0.0230765662219729,0.0190571378282438,0.022066690431446,0.0242822084123152,0.022475047373496,0.0256180307590523,0.0252086076162351,0.0216695336181743,0.0194304106033155,0.017268963613436,0.0115749447593082,residential,10,autumn,0,6,296.3601028,1778.1606167999998,0
8,2021-10-21,0.0073452976186938,0.0060722302726562,0.0045507078000754,0.0040772898296946,0.0044220143406858,0.0078734871511334,0.0219573542073001,0.0278645919286703,0.0269879241768314,0.0268148164853642,0.0241232626244991,0.021065315478664,0.0230327095807844,0.0207534644873319,0.0202647240782872,0.0210204544837392,0.023184131796011,0.0222227269635357,0.0247014429158316,0.0240998629978703,0.0211356050688471,0.0190895177505793,0.0168821643098201,0.010808573328888,residential,10,autumn,0,6,296.3601028,1778.1606167999998,0
8,2021-10-22,0.0068919640385817,0.0056126365525574,0.0038825863568238,0.0036864683848493,0.0040408839177725,0.0070652190646715,0.0213260443986478,0.0264918256572953,0.0262988828286442,0.0257087712399962,0.0244677739068718,0.0217893751805525,0.0224611244061662,0.0204215466334834,0.017408179228468,0.0205993845843523,0.0222172952648961,0.0211958999652374,0.0239440152991147,0.022472262308836,0.0200896000539651,0.0183142845084978,0.0161693970966606,0.0102438789395381,residential,10,autumn,0,6,296.3601028,1778.1606167999998,0
8,2021-10-23,0.0064123822871233,0.005237398998826,0.0036305261643258,0.0035109407417543,0.0039451217810519,0.0073321084312935,0.020975310314387,0.0257157152910818,0.0253841759043317,0.0241297070149812,0.0238497253827752,0.021096074088025,0.0220993868163379,0.0191422786559325,0.0198005697630794,0.0203011786403581,0.0225486774552659,0.0224495297454049,0.0252913025338297,0.0237922033964618,0.0214308299131375,0.0200238335487672,0.0178903244604848,0.0117324940000057,residential,10,autumn,1,6,296.3601028,1778.1606167999998,0
8,2021-10-24,0.0078645320650392,0.0066620312872668,0.0051429413988242,0.005731103152177,0.0061668170516412,0.0093240666477276,0.0228318780254091,0.0261198954715598,0.0253789755623691,0.02472398566781,0.023761590473383,0.0215480956816922,0.0231397664823495,0.0209508211635116,0.0182189149580542,0.0219104923496,0.0236446858607344,0.0224921976959789,0.0263375094046465,0.0246395427064351,0.0216419533445972,0.0208671790535333,0.0178047762429054,0.0123490298114238,residential,10,autumn,1,6,296.3601028,1778.1606167999998,0
8,2021-10-25,0.0080167963203326,0.0068437608811951,0.005154519802493,0.0050569167056285,0.0054603526310403,0.0087059033262821,0.0219948010268428,0.0266498294458948,0.0265643587658733,0.0253673307518046,0.025345953247068,0.0226222319721765,0.0223786942015147,0.020673653573381,0.0187670478412955,0.0210173482606843,0.0232093992858008,0.0233835222913721,0.0269015838335794,0.0250151109874741,0.0216180095513579,0.0201727506522022,0.0181184871181973,0.0120495506758582,residential,10,autumn,0,6,296.3601028,1778.1606167999998,0
8,2021-10-26,0.0082259016298331,0.0070313958313434,0.0056740347210526,0.0060661770621204,0.0061058618220106,0.0095771071168464,0.0240717999561477,0.0275395015463832,0.0279403165911638,0.0268844760254197,0.025572659217038,0.0224967122897413,0.0228422271806805,0.0206626737534938,0.0187411100570108,0.0197049937327692,0.0229553054951549,0.0225379543886089,0.0259780669803616,0.0253223960238094,0.0220302657680153,0.0194965175679686,0.0172079101467998,0.0113207977447417,residential,10,autumn,0,6,296.3601028,1778.1606167999998,0
8,2021-10-27,0.0072038402771815,0.0059576553639853,0.004190649354693,0.0048740948487159,0.0044087288243995,0.007933765044474,0.0220578596012229,0.0253892523187047,0.0243285311450012,0.0233392043471904,0.0229732553048681,0.0199260938506248,0.0215008729729466,0.0192355193206668,0.0188613035160663,0.0202082875587642,0.0219269053320908,0.0223903138499105,0.0257773476608713,0.0241073537268248,0.0223266242395701,0.0200957665546274,0.0178675695840497,0.0119380089195242,residential,10,autumn,0,6,296.3601028,1778.1606167999998,0
8,2021-10-28,0.0088701541493693,0.0068034029031574,0.0053056753108921,0.00587663740014,0.0063439455321331,0.0095474709501317,0.0223793863945052,0.0268895523338446,0.0255142421909312,0.0254226799824969,0.0256789538836784,0.0232300108246052,0.0208505406364004,0.0180926996566162,0.0173540064838216,0.0158006156187477,0.015645227860184,0.0183051070680564,0.0204733249008316,0.0196621091881505,0.017559970157704,0.0154074129649703,0.0131952432974078,0.0076309924119451,residential,10,autumn,0,6,296.3601028,1778.1606167999998,0
8,2021-10-29,0.0031974820255302,0.001151698793753,0.0004855487322147,0.0004713703524492,0.0009892445649901,0.0048789191224409,0.0161351359631719,0.0190458895300594,0.0191873244975967,0.0173969199609835,0.0173918112878608,0.0153444268746882,0.0161203698655378,0.0155445794182759,0.0114407465811239,0.014768283227764,0.0155813194098703,0.0171914890870666,0.0209177572087316,0.0202421125981694,0.0171106881856258,0.0164562710239082,0.0136844163410259,0.0078012017321094,residential,10,autumn,0,6,296.3601028,1778.1606167999998,0
8,2021-10-30,0.0038612016351524,0.0019702079718671,0.0005519851711694,0.0004714779859261,0.0009896699193982,0.0048817837612822,0.016145112671819,0.0201808848619007,0.019722703389266,0.0178101762474914,0.0168659255466671,0.0150522486995795,0.0157125557745276,0.0154368657233388,0.0135461027928202,0.0148099788673477,0.0157095791029292,0.0180351611475281,0.0209360341517627,0.0195800816104551,0.017808590266911,0.0157048635302448,0.0136606217279829,0.0084788595090473,residential,10,autumn,1,6,296.3601028,1778.1606167999998,0
8,2021-10-31,0.0048148632628938,0.0037444172567466,0.0019976858163148,0.0022405404388998,0.0027191837319418,0.0059827354029838,0.0183605260595496,0.0209250718019282,0.0196367304446749,0.0190321776159084,0.0181708213064869,0.0147378435167225,0.0159954195652749,0.0151294869870285,0.0138086428089364,0.01665774638534,0.0175134238794613,0.0192696460556699,0.0215678472526834,0.0205824660812924,0.0188364536017074,0.0160652476085944,0.0137167835362848,0.0087675995793261,residential,10,autumn,1,6,296.3601028,1778.1606167999998,0
8,2021-11-01,0.004253241586724,0.0029475141191522,0.0019356608431762,0.001608317957927,0.0020473519647697,0.0061370242714972,0.0179417738937852,0.0229806212360266,0.0229341138206264,0.0230096170326719,0.0220702483173445,0.0197164443973811,0.0190687161310516,0.0201498943014914,0.0178130114488901,0.0171325772664819,0.0186795718872057,0.0208253002373793,0.0227934851256954,0.0230859167133516,0.0206028487103153,0.0193791730720471,0.0163212626668253,0.0108615226675222,residential,11,autumn,0,6,296.3601028,1778.1606167999998,0
8,2021-11-02,0.0071853081370958,0.0060568750948019,0.0044435899641683,0.0052204662802958,0.0048295577926869,0.0080867500548803,0.0205851328948285,0.0257275696463997,0.0251154224954103,0.0247467280092966,0.0237618487366169,0.0201774180343417,0.019912397036758,0.0188499277060964,0.0175375460413841,0.0177332300697576,0.0196674053935621,0.0216070933499171,0.025322877462015,0.0246416453069884,0.0209792289769894,0.0196820638238899,0.0166990349528819,0.0109279302339355,residential,11,autumn,0,6,296.3601028,1778.1606167999998,0
8,2021-11-03,0.0067782180304365,0.0056592500064683,0.0044456117955031,0.0046202052396314,0.0051128388064321,0.0087839165879304,0.0208831011404454,0.0249249134548851,0.024330102863665,0.0234902527739151,0.0232382223445745,0.0224746496706874,0.0215105797247063,0.018764718955079,0.0166045767448738,0.0166392863482893,0.0183237607327374,0.0213348273228419,0.0244794971412008,0.0229047481054405,0.0206171397193398,0.0187732615421742,0.0165391132335947,0.0105935002492884,residential,11,autumn,0,6,296.3601028,1778.1606167999998,0
8,2021-11-04,0.0073644352478629,0.005294391085354,0.0038472780554406,0.0043634418479531,0.0039066371139506,0.0079859707859472,0.0197623702885078,0.0254211567256641,0.0253489503270144,0.0246956745053526,0.0241234883758684,0.0219950537283782,0.0203123118840334,0.0190113244943762,0.0199925688431292,0.0192808112866861,0.0211307379038564,0.0227491889332613,0.0246320123200129,0.0240855914476815,0.0214608040779055,0.0200937465190949,0.0168575324539667,0.0112962031190356,residential,11,autumn,0,6,296.3601028,1778.1606167999998,0
8,2021-11-05,0.0076362385508052,0.0064824829497618,0.0053325398344808,0.0055636052418224,0.0060170721103938,0.0091524603737018,0.0209150429358634,0.0262545359480395,0.0263807212068019,0.0261687097716108,0.0245274099311977,0.0243963614966474,0.0218307102094572,0.0219570889988944,0.0210179401829757,0.0197363539954814,0.021531667762813,0.0235027396258418,0.0261298417661408,0.0244513716344737,0.0220940712214639,0.0194434392412458,0.0182483530767645,0.0117396442965821,residential,11,autumn,0,6,296.3601028,1778.1606167999998,0
8,2021-11-06,0.0071690601291033,0.0068504512333714,0.0042361987570146,0.004923606682016,0.0054126927706015,0.0085893514921209,0.0212936735063593,0.0254924651143875,0.0254298721909165,0.0263566804911589,0.0244727791001301,0.0232460104726428,0.0215854436745495,0.0203551736737931,0.0209354635178423,0.0203161292583635,0.0209321025487513,0.0240169468430239,0.0257160909978074,0.0251638468931416,0.0230073198227985,0.0203665186812683,0.0182782287073507,0.0126587585046796,residential,11,autumn,1,6,296.3601028,1778.1606167999998,0
8,2021-11-07,0.009186615114996,0.0079363057972794,0.0057946791105679,0.0060453753049648,0.0065797254806295,0.0097531617720995,0.0224966256016654,0.0270344569781449,0.026900411878168,0.0266424665754941,0.0246849718531102,0.0239481599104539,0.0219440886674367,0.0194367734767639,0.0208114979245355,0.0196275828176414,0.0213429618655247,0.0233743744658097,0.0261736443709042,0.0255377159493567,0.0220379544442916,0.0203502571742231,0.0172649940517571,0.0120547326960343,residential,11,autumn,1,6,296.3601028,1778.1606167999998,0
8,2021-11-08,0.0043839283004288,0.0011838371763588,0.0021388211507254,0.0004724352195075,0.0009934525177472,0.004907237061658,0.0162338394687175,0.0174866553675849,0.0168483894773674,0.0148254627327479,0.0136150902875735,0.011077756333047,0.0104427856680085,0.0092370033864264,0.0074912190244915,0.0085072266602122,0.0109910876174757,0.0131254250412338,0.0153683105647558,0.014705921511695,0.01350217093166,0.0110742869672004,0.0095671782261402,0.0054251680033975,residential,11,autumn,0,6,296.3601028,1778.1606167999998,0
8,2021-11-09,0.0017608643916855,0.0010113647612157,0.0004867733144328,0.000472539729752,0.000993865826209,0.0049100186158421,0.016243526409217,0.017497116339644,0.0168584005940765,0.014834239841317,0.0134643447972096,0.0109440771352163,0.0095575223383406,0.0085196862296788,0.0074955064118311,0.0085121234538002,0.0099811587844631,0.0131330163927126,0.0153772545758762,0.0147144887020222,0.0135100122877758,0.0110806782961235,0.0095727244842342,0.0054282342515577,residential,11,autumn,0,6,296.3601028,1778.1606167999998,0
8,2021-11-10,0.0017617308895324,0.0010117870982205,0.0004868824478867,0.0004726437607937,0.0009942769185146,0.0049127825228731,0.0162531683111775,0.0175075288511454,0.0168683652755205,0.0148429762048813,0.0134722553502482,0.0109504404717325,0.0095630428814256,0.0085245800100953,0.0074997739173683,0.008516997543596,0.0108427122302571,0.0131405725471868,0.0153861571031979,0.014723016170906,0.0135178172877502,0.0110870399918997,0.0095782450273192,0.0054312862831151,residential,11,autumn,0,6,296.3601028,1778.1606167999998,0
8,2021-11-11,0.0017625923895981,0.0010122075408213,0.0004869908596919,0.0004727472694121,0.000994685974123,0.0049155350981321,0.0162627624811819,0.0175178899465047,0.0168782805403996,0.014851669302796,0.0134801267128364,0.01104748591304,0.0102377968545619,0.0097498920936324,0.0087877677762702,0.0094868713248223,0.0113164688002734,0.0137521465102659,0.0160711627586536,0.0148536878158001,0.013584371144652,0.0116852002288364,0.0095837382205387,0.0054343231925297,residential,11,autumn,0,6,296.3601028,1778.1606167999998,0
8,2021-11-12,0.0017634500768815,0.001012625813346,0.0004870987003907,0.0004728502335754,0.0009950928722262,0.0049182755323171,0.0162723060783774,0.0175281962410833,0.0168881435445696,0.0151001041894944,0.0147283760172187,0.0126997487693898,0.0115528768139471,0.0112321023893035,0.0099645027430962,0.010698481626359,0.0120212629457205,0.0143633149290128,0.0172227570059981,0.0166841701795889,0.0147264646889945,0.0124585991321753,0.0105749549316035,0.0054373440804766,residential,11,autumn,0,6,296.3601028,1778.1606167999998,0
8,2021-11-13,0.0017643029769462,0.001013041743873,0.0004872059366037,0.0004729526198917,0.0009954974930656,0.0049209982532364,0.0162817961688556,0.017535415065897,0.0172249687049824,0.015800847156086,0.0146238330735259,0.0129737443932995,0.0123248329770505,0.0117760521512666,0.0104542169225327,0.0112982356575437,0.013224830677317,0.0147772478229219,0.0177809233958309,0.0164975508889646,0.0140199723873233,0.0120089737217078,0.0095946360589333,0.005440348054242,residential,11,autumn,1,6,296.3601028,1778.1606167999998,0
8,2021-11-14,0.0017651515386441,0.0010134552573348,0.0004873125377236,0.0004730544003308,0.0009958997127032,0.0049237024488753,0.0162912299424183,0.0175456030983591,0.0170529023401264,0.0156386323605485,0.0147783262143689,0.0127475275114332,0.0124612200344263,0.0120828342960066,0.0102628631245772,0.0120334923591099,0.0132735122723592,0.0153676776310712,0.0177859688518729,0.017130590715189,0.0141407192056855,0.0127154472181959,0.0101132833513914,0.0054433342186636,residential,11,autumn,1,6,296.3601028,1778.1606167999998,0
8,2021-11-15,0.0017659941243135,0.0010138661350246,0.0004874184710269,0.0004731555424548,0.0009962994170174,0.0049263920839139,0.0163006047137264,0.0175587571832269,0.0173878156193263,0.0159560612699768,0.0151394997378447,0.0123500140679224,0.0120652912306958,0.0113569166651694,0.0096956585806162,0.0108133323456355,0.0128230871089192,0.0153802019028568,0.0180130557202265,0.0166550428526627,0.0143938119204145,0.0121368731092516,0.0101595545290193,0.0054463016950423,residential,11,autumn,0,6,296.3601028,1778.1606167999998,0
8,2021-11-16,0.001766830435632,0.0010142745041196,0.0004875237160397,0.0004732560192296,0.0009966964851392,0.0049290663763417,0.0163099177069722,0.0182420575368107,0.0177876461117582,0.0164886712183282,0.0167112901262096,0.0146652372096789,0.0146789002352397,0.0136836055003151,0.0138506569880351,0.0132492570330861,0.0159374073403722,0.017075871244431,0.0195638976538029,0.019001520260225,0.016949701571919,0.0151378843192479,0.0123891666967905,0.0069902262592673,residential,11,autumn,0,6,296.3601028,1778.1606167999998,0
8,2021-11-17,0.0019279089338643,0.0010146798905987,0.0004876280307277,0.0004733557911438,0.0011642052023426,0.0049317173583763,0.0163777826657837,0.0214740885088557,0.0204547690666108,0.0184255560687413,0.0185604952150871,0.0165750622914378,0.0165680230089016,0.0160282228195371,0.0128290809482004,0.0142380289332031,0.0159480576337413,0.0177482430310224,0.0196386587962131,0.0181894373018934,0.0165420377182662,0.0141710966456651,0.0113121151084485,0.0058745830896449,residential,11,autumn,0,6,296.3601028,1778.1606167999998,0
8,2021-11-18,0.0017684875988009,0.0010150820307774,0.0004877319569165,0.0004734548514593,0.0009974822454982,0.0049343514150563,0.0163283470232026,0.0184215284779101,0.0183677852899979,0.0168552185895069,0.0152592896454149,0.0136564477733486,0.0136974530552396,0.0134247965065984,0.0120071215737297,0.0118923702109914,0.0139033878923008,0.0168878707477157,0.0190105809658593,0.0175465877905054,0.0159792935701095,0.0136106724564907,0.0108204972888021,0.0063372994339225,residential,11,autumn,0,6,296.3601028,1778.1606167999998,0
8,2021-11-19,0.0017693057952769,0.0010154815495286,0.0004878347282599,0.0004735531424246,0.0009978707047815,0.0049369653771112,0.0163374579974772,0.0187711913890584,0.0188512534030061,0.0187717690377296,0.0182704588218868,0.016480871093901,0.0150651955279645,0.0147294476684209,0.0122198458489657,0.0131847726394029,0.0147944671335852,0.0171220597091257,0.0203863961357915,0.019717395509972,0.0175086432283154,0.0157621381659944,0.0136942033420542,0.0079383159723107,residential,11,autumn,0,6,296.3601028,1778.1606167999998,0
8,2021-11-20,0.0047058876043969,0.0027076405514437,0.0010463876691809,0.0019026472626115,0.0015529216379619,0.0049395584755741,0.0175184778721892,0.022328180159944,0.0223568397814377,0.0206916344739651,0.020887394254152,0.018662756691221,0.0190221650023707,0.0189908275115997,0.0151595005157737,0.0149186874331549,0.0170611409291655,0.018940566372151,0.022164236419508,0.0214894605474477,0.0179551153018056,0.015751823295176,0.0136243243815778,0.008247854141975,residential,11,autumn,1,6,296.3601028,1778.1606167999998,0
8,2021-11-21,0.0045338557587807,0.0033330841206137,0.0014712373795095,0.0024038081692843,0.0019812084953215,0.0056199588172067,0.0179303781116635,0.021566188560002,0.0224415623821179,0.0225777464545899,0.0214138426658315,0.0185436763322708,0.0168198496709203,0.0155055857666143,0.0148488183915129,0.0145237557494715,0.016405181896819,0.0201306520240306,0.0217691480474777,0.0210880292080683,0.0189033941505056,0.0162252422844823,0.0149622350729273,0.0087259131848064,residential,11,autumn,1,6,296.3601028,1778.1606167999998,0
8,2021-11-22,0.004939602828756,0.0037304445682251,0.0023471530962298,0.0028477176354416,0.0009990167182379,0.0049446813795323,0.0163643394384675,0.0176275932943784,0.0169832620890459,0.0149437100902644,0.01356346807238,0.0110238130380824,0.0096266976038055,0.0085810078341349,0.0075489802153809,0.0085731983245749,0.0100526092811943,0.0132276989236878,0.0154888067578466,0.0148213423058605,0.0136078129818138,0.0111603936406735,0.0096418997496992,0.0054664773606768,residential,11,autumn,0,6,296.3601028,1778.1606167999998,0
8,2021-11-23,0.0017725146235839,0.0010170458283343,0.0004882380225489,0.0004739381977241,0.0009993923966281,0.0049472072945007,0.0163731478541547,0.0176371017929696,0.0169923608012924,0.0149516875536804,0.0135706913437318,0.0110296235078363,0.0096317385047298,0.0085854764275043,0.0075528769068064,0.0085776489381066,0.010057815981488,0.0132345985756761,0.0154969354135542,0.0148291288779735,0.0136149398588219,0.0111662026122954,0.0096469406506234,0.0054692645167276,residential,11,autumn,0,6,296.3601028,1778.1606167999998,0
8,2021-11-24,0.0017732978324627,0.0010174277478638,0.0004883365574527,0.0004740322852622,0.0009997642170097,0.0049497093016402,0.016381868571183,0.0176465202707145,0.0170013730955976,0.0149595892768142,0.0135778463086383,0.0110353790041688,0.0096367317122302,0.0085899027422174,0.0075567367182444,0.0085820574250966,0.0100629734190392,0.0132414329480583,0.0155049873516913,0.0148368419184239,0.0136219993098696,0.0111719566235541,0.0096519338581239,0.0054720249729954,residential,11,autumn,0,6,296.3601028,1778.1606167999998,0
8,2021-11-25,0.0017740747920817,0.0010178062482586,0.0004884343242864,0.0004741254546801,0.0010001323802792,0.0049521866769914,0.0163905033939619,0.0176558460140672,0.017010296865331,0.0149674129473742,0.0135849307666392,0.0110410778204667,0.0096416757476158,0.0085942854674631,0.0075605585349053,0.0085864225340016,0.0100680800684499,0.0132482000168999,0.0155129602303609,0.0148444788379926,0.0136289892374491,0.0111776539704537,0.0096568778935095,0.0054747582594727,residential,11,autumn,0,6,296.3601028,1778.1606167999998,0
8,2021-11-26,0.0017748430902526,0.0010181811453595,0.0004885307155015,0.0004742176547375,0.0010004967708817,0.0049546386575087,0.0163990497658035,0.0176650762125654,0.0170191292818455,0.0149751568402071,0.0135919426125951,0.0110467182689172,0.0100455974170266,0.0098687317593605,0.008950160916696,0.0103207837221011,0.0124501264996927,0.0138481773343479,0.0171918036032983,0.0153586437024997,0.0136359075713932,0.0115846032585324,0.0096617712926509,0.0054774635471411,residential,11,autumn,0,6,296.3601028,1778.1606167999998,0
8,2021-11-27,0.0017756032277067,0.0010185516655425,0.0004886262621599,0.0004743088792208,0.0010008570624402,0.0049570645394563,0.0164075051562052,0.0176711782358665,0.0169904095190545,0.0149453600235741,0.0135614217217934,0.0110334807439179,0.0112954025016383,0.010951908176573,0.0092452456909193,0.0111818128442696,0.0119861526960255,0.0144068323633153,0.0172141605119138,0.0159546266641729,0.0137493225227775,0.0111888719395948,0.0096666126064144,0.0054801400450719,residential,11,autumn,1,6,296.3601028,1778.1606167999998,0
8,2021-11-28,0.0017763549792156,0.0010189179085215,0.0004887209355395,0.000474399104207,0.0010012135894038,0.0049594611981056,0.0164158669893406,0.0176802092897431,0.0169990512989064,0.0149529366146092,0.0139450954242523,0.0125773528923259,0.0125896905799908,0.0113704826579539,0.0098504015944374,0.0115538418495598,0.0129900186133826,0.015519565862563,0.0182804996255872,0.0169618804489732,0.0147696434478205,0.0124716288839539,0.0098324738209168,0.005482786950518,residential,11,autumn,1,6,296.3601028,1778.1606167999998,0
8,2021-11-29,0.0017770981221534,0.0010192804468984,0.0004888141594296,0.0004744882785516,0.00100156624504,0.004961835155487,0.0164241330062642,0.0176921666124412,0.0171718578675146,0.0162494694723745,0.0155904657289033,0.0138896237707104,0.0133383533513487,0.0130234135408748,0.0118903349770343,0.0131761536743311,0.0144708832286457,0.0163042232924656,0.0187475698175315,0.0167264934916344,0.0155132107836903,0.0122082077615098,0.010199453030789,0.0054854034830602,residential,11,autumn,0,6,296.3601028,1778.1606167999998,0
8,2021-11-30,0.0017778324342873,0.001019638171647,0.0004889064435829,0.0004745763997035,0.0010019144853443,0.0049641746729311,0.0164323004881191,0.0179853758938877,0.0178259378084754,0.0166085691035565,0.0157525782540846,0.013224011857683,0.012752087542936,0.0123347276013236,0.009673200351031,0.0110309380023123,0.0118536713863152,0.0137025872006307,0.015551551861173,0.0148814459296711,0.0136628243794858,0.0112052323021873,0.0096808097780107,0.0054879888911767,residential,11,autumn,0,6,296.3601028,1778.1606167999998,0
8,2021-12-01,0.0017785569804125,0.0010199916800009,0.0004889975981322,0.0004746634323426,0.0010022584250452,0.0049664928438989,0.0164403672525643,0.0177097000881039,0.017061829711448,0.0150334545879433,0.0141891912731694,0.0127848925969043,0.0125211240112474,0.0113826559983082,0.010012516164586,0.0108130682900903,0.0123259241212731,0.0146559004144666,0.0165227354337291,0.0158588349274374,0.0140950882072718,0.0112258118272571,0.0096854285737566,0.0054905423393978,residential,12,winter,0,6,296.3601028,1778.1606167999998,0
8,2021-12-02,0.0017792737105678,0.001020341012431,0.0004890875970792,0.0004747493518354,0.0010025979686793,0.0049687776136737,0.0164483307475595,0.0177183010168064,0.017070060118725,0.0150198096219538,0.0136323756394601,0.0110792430004147,0.0097488497754516,0.0095975864143907,0.0091919060272666,0.0092340845508682,0.0101022794809191,0.0133369033770731,0.0157138532805594,0.0150830955960204,0.0136758010326788,0.0112158093097881,0.0096899882782448,0.0054930631677036,residential,12,winter,0,6,296.3601028,1778.1606167999998,0
8,2021-12-03,0.0017799795231991,0.0010206853710249,0.0004891763931122,0.000474834131458,0.001002932788368,0.0049710296693808,0.0164561886151873,0.0177267880743816,0.0170781806630113,0.0150269295168473,0.0136388227616152,0.0110844291430778,0.0096792853952683,0.0088565876358787,0.0097001925633871,0.008761977182389,0.0101762186890948,0.013705909534425,0.0165862289573158,0.0159873752861338,0.0138720037371927,0.0112209941152421,0.009694487541162,0.0054955505537654,residential,12,winter,0,6,296.3601028,1778.1606167999998,0
8,2021-12-04,0.0017806763760187,0.0010210250478092,0.0004892639699724,0.0004749177477564,0.0010032634532935,0.0049732556218522,0.0164639386927598,0.0177321285473157,0.0170487319208684,0.0149964935856211,0.0136077232037698,0.0110520859274854,0.0096504329720697,0.0086021678196181,0.0081406318677306,0.0090223217222617,0.0100740520163246,0.0133027214941677,0.0155807640524975,0.0149094280787027,0.0136884359033574,0.0112261077343484,0.0096989250300941,0.0054980037612926,residential,12,winter,1,6,296.3601028,1778.1606167999998,0
8,2021-12-05,0.0017813633550544,0.0010213596464834,0.0004893502922563,0.0004750001765011,0.0010035889723708,0.0049754475272088,0.016471578521789,0.0177403800187538,0.0170566275989039,0.0150034159215011,0.0136139914312307,0.0110571281459934,0.0096548073728964,0.0085979784845863,0.0075589847309217,0.0085899499752249,0.0100785702947854,0.0133087088848773,0.0155878180159716,0.0149161852431516,0.0136946204798107,0.011231148652757,0.0097032994309208,0.0055004221440221,residential,12,winter,1,6,296.3601028,1778.1606167999998,0
8,2021-12-06,0.0017820402127787,0.0010216895667134,0.0004894355468068,0.0004750813980241,0.001003910138293,0.0049776071838667,0.0164791059099268,0.0177515400491622,0.0171018649122195,0.0150476944746808,0.0136576255474382,0.0110995543053964,0.0096924073023112,0.0086392573271237,0.0075997745434707,0.0086312134451785,0.0101204802256241,0.0133176380156785,0.0155947678956314,0.0149228428351222,0.0137007140261412,0.0112361153776478,0.0097076094482048,0.0055028048757202,residential,12,winter,0,6,296.3601028,1778.1606167999998,0
8,2021-12-07,0.001782707514258,0.0010220145102052,0.0004895191186472,0.0004751613677612,0.0010042261994957,0.0049797339310045,0.0164865185835102,0.0177595462696417,0.0171095262069562,0.015054411046322,0.0136637074156271,0.0111044466273703,0.0096966516596816,0.0086430198107526,0.0076030554814969,0.0086349607897287,0.0101248641833925,0.0133234474115008,0.0156016121370777,0.0149293988870016,0.0137067147376578,0.0112410064381721,0.0097118538055752,0.0055051513645414,residential,12,winter,0,6,296.3601028,1778.1606167999998,0
8,2021-12-08,0.0017833628831689,0.0010223344840598,0.0004896017658163,0.0004752400901633,0.0010045370538821,0.0049818271388622,0.016493814392817,0.0177674262872803,0.0171170841989539,0.0150610216736787,0.0136696933875604,0.0111092618166485,0.0097008291002122,0.0086467229747974,0.0076062846719283,0.0086386490450141,0.0101291790230713,0.0133291652159758,0.0156083487183855,0.014935851697269,0.0137126208455773,0.0112458203858888,0.0097160312461059,0.0055074607983425,residential,12,winter,0,6,296.3601028,1778.1606167999998,0
8,2021-12-09,0.0017840087971829,0.0010226490872298,0.0004896828660564,0.0004753175233282,0.001004843275799,0.0049838837809237,0.0165009911079976,0.0177751776455082,0.0171245010550612,0.0150675244420374,0.0136755817085008,0.0111139984472582,0.0097049383867936,0.0086503657226011,0.0076094611565471,0.0086422771367685,0.0101334234674836,0.01333478973583,0.0156149748787742,0.0149421993464434,0.0137184306010023,0.0112505557951928,0.0097201405326872,0.0055097325825709,residential,12,winter,0,6,296.3601028,1778.1606167999998,0
8,2021-12-10,0.0017846435393672,0.0010229580835948,0.0004897625865723,0.0004753936471537,0.001005144110473,0.0049859105104915,0.0165080467685465,0.0177827984131486,0.0171318106959241,0.0150739171334768,0.0136813706410743,0.0111186551164911,0.0097089783024994,0.0086539469753984,0.0076125840559236,0.0086458439878215,0.0101375962596115,0.0133403193054151,0.01562148942262,0.014948439597433,0.0137241422706732,0.0112552112637375,0.0097241804483931,0.0055119660470854,residential,12,winter,0,6,296.3601028,1778.1606167999998,0
8,2021-12-11,0.0017852662886523,0.0010232618745798,0.0004898409245363,0.0004754684424445,0.0010054394690198,0.0049878994437513,0.0165149791211712,0.0177872561027453,0.0171015163394544,0.0150427405365147,0.013649600287233,0.0110857722917707,0.0096796577388162,0.008620007519087,0.0075781942306306,0.0086118903736757,0.0101042380096397,0.0133427224231721,0.0156278904254196,0.0149545709722957,0.0137297541758887,0.01125978541285,0.0097281497968406,0.0055141604334729,residential,12,winter,1,6,296.3601028,1778.1606167999998,0
8,2021-12-12,0.00178587922641,0.0010235602739572,0.0004899178471711,0.0004755418864301,0.0010057299280267,0.0049898500089606,0.0165217861133449,0.0177946082191305,0.017108528193697,0.0150489080271051,0.0136551851765438,0.0110902649232596,0.0096835553445205,0.0086234626187345,0.0075812070995935,0.0086153315713801,0.0101082638107951,0.0133480572082335,0.0156341754740002,0.014960591523327,0.013735264650484,0.0112642768879394,0.0097320474025449,0.0055163151889797,residential,12,winter,1,6,296.3601028,1778.1606167999998,0
8,2021-12-13,0.0017864800192386,0.001023853044896,0.0004899931367277,0.0004756139484461,0.0010060147371886,0.0049917689035671,0.0165284658942739,0.0178048528354387,0.0171529225842562,0.0150924188900855,0.0136981238835401,0.0111321316844516,0.0097206699653732,0.0086643112511458,0.0076216217706765,0.0086561665618565,0.0101496724708747,0.0133563220807534,0.0156403429658481,0.0149664994718954,0.0137406720625841,0.0112686843588978,0.0097358721112669,0.0055184296779903,residential,12,winter,0,6,296.3601028,1778.1606167999998,0
8,2021-12-14,0.0017870684849436,0.0010241403522385,0.0004900671679482,0.0004756846235182,0.0010062940330575,0.004993648270089,0.0165350163217549,0.017811927960888,0.0171597243320566,0.0150983541620925,0.0137034984243398,0.0111364549628089,0.0097244206444617,0.0086676361051664,0.0076245210613352,0.0086594780379904,0.0101535465128773,0.0133614557623747,0.0156463910749395,0.0149722930684178,0.0137459748108353,0.0112730065204945,0.0097396227903553,0.0055205031699896,residential,12,winter,0,6,296.3601028,1778.1606167999998,0
8,2021-12-15,0.0017876466038102,0.0010244215013254,0.0004901396981482,0.0004757538822858,0.0010065675135241,0.0049954899773038,0.0165414355112898,0.0178188613631413,0.0171663900084323,0.0151041704982032,0.0137087652148699,0.0111406916274697,0.0097280961831885,0.0086708943497203,0.0076273622666163,0.0086627231681908,0.0101573429429357,0.0133664865968358,0.0156523180106028,0.0149779707280235,0.0137511713293907,0.0112772420927622,0.0097432983290822,0.0055225351917105,residential,12,winter,0,6,296.3601028,1778.1606167999998,0
8,2021-12-16,0.0017882120419476,0.0010246972707688,0.0004902107420115,0.0004758217041887,0.0010068355368257,0.0049972934941532,0.0165477215623811,0.0178256511202304,0.0171729175974887,0.015109865897928,0.0137139226767027,0.0111448404236653,0.0097316954930778,0.0086740850199095,0.0076301496590613,0.0086659010010886,0.0101610606371011,0.0133714130943026,0.0156581220180485,0.0149835303768223,0.0137562600658161,0.0112813898213764,0.0097468976389714,0.0055245249976018,residential,12,winter,0,6,296.3601028,1778.1606167999998,0
8,2021-12-17,0.0017887646843933,0.0010249668229031,0.0004902802518476,0.0004758880705523,0.001007098026096,0.0049990582866788,0.0165538726139598,0.0178322945434774,0.0171793051986382,0.0151154393003117,0.0137189694772819,0.0111489001270418,0.0097352175082279,0.008677207170847,0.0076328674212673,0.0086690105935195,0.0101646984943558,0.0133762337958395,0.0156638013788884,0.0149889707608819,0.013761239526665,0.0112854484780265,0.0097504196541215,0.0055264721453307,residential,12,winter,0,6,296.3601028,1778.1606167999998,0
8,2021-12-18,0.0017893057172213,0.001025230174445,0.0004903482050738,0.0004759529603133,0.0010073544635251,0.0050007838179824,0.0165598868449311,0.01783576075284,0.0171480923472914,0.0150834305745286,0.0136864458718134,0.0111154113796917,0.0097053712734967,0.0086428017243893,0.0075980730514655,0.0086345928641859,0.0101307972835837,0.0133779174098122,0.0156693541428018,0.0149942902678896,0.0137661082374356,0.0112894168607798,0.0097538633315211,0.0055283759470162,residential,12,winter,1,6,296.3601028,1778.1606167999998,0
8,2021-12-19,0.0017898343206973,0.0010254877037012,0.0004904146021914,0.0004760163536213,0.0010076049893885,0.00500246958431,0.0165657624747136,0.0178421071337402,0.0171541937444302,0.0150887544063713,0.0136912667718786,0.0111192893154784,0.0097087355933332,0.0086457840836024,0.0076006754498491,0.0086375632235749,0.0101342722586614,0.0133825222684273,0.0156747794722423,0.0149994869336019,0.0137708647424154,0.0112932937944373,0.0097572276513576,0.0055302358367504,residential,12,winter,1,6,296.3601028,1778.1606167999998,0
8,2021-12-20,0.0017903510398774,0.0010257391304911,0.0004904794139262,0.0004760782340714,0.0010078495296129,0.0050041150865178,0.0165714977637818,0.0178513318348096,0.0171976073298867,0.0151314095242701,0.0137334306558349,0.0111605327814863,0.009745309471426,0.0086861533652889,0.0076406738457424,0.0086779207902343,0.0101751223904455,0.0133900470079998,0.0156800746833083,0.0150045533224326,0.0137755076516056,0.0112970781308817,0.0097605116173197,0.0055320513815796,residential,12,winter,0,6,296.3601028,1778.1606167999998,0
8,2021-12-21,0.0017908542743605,0.0010259845362003,0.000490542629753,0.0004761385822755,0.0010080880179135,0.0050057198373773,0.0165770910385036,0.0178573732632266,0.0172034154659711,0.0151364774984246,0.0137380198265747,0.0111642243518669,0.0097485121109982,0.0086889924002495,0.0076431533992753,0.0086807484025921,0.0101784303674793,0.0133944305693559,0.015685239018293,0.0150094970009169,0.0137800355760493,0.0113007687494179,0.0097637142568918,0.0055338218854808,residential,12,winter,0,6,296.3601028,1778.1606167999998,0
8,2021-12-22,0.0017913439357307,0.0010262230902165,0.0004906042026325,0.0004761973801092,0.0010083203775011,0.0050072833617268,0.0165825405697992,0.0178632599409369,0.0172090744795219,0.0151414151470253,0.0137424910988292,0.0111678210869449,0.0097516324757491,0.0086917585012789,0.0076455667406273,0.0086835033752293,0.0101816533636336,0.0133987015183751,0.015690270337379,0.0150143136770901,0.0137844471795128,0.0113043645571039,0.0097668346216428,0.0055355469440336,residential,12,winter,0,6,296.3601028,1778.1606167999998,0
8,2021-12-23,0.0017918212359224,0.0010264555766655,0.0004906641427178,0.0004762546091783,0.0010085465415948,0.0050088051966458,0.016587844817469,0.017868989110088,0.0172145826848293,0.0151462213850899,0.0137468431386324,0.0111713219215812,0.0097546696416123,0.0086944508492227,0.0076479142072259,0.0086861848898527,0.0101847904243629,0.013402858590256,0.0156951684478099,0.0150190012666817,0.0137887411504102,0.01130786448907,0.009769871787506,0.0055372260483846,residential,12,winter,0,6,296.3601028,1778.1606167999998,0
8,2021-12-24,0.0017922853329083,0.0010266818785894,0.000490722433092,0.0004763102549006,0.0010087662202397,0.0050102848843147,0.0165930021867568,0.0178745599311487,0.0172199382248286,0.0151508941892848,0.0137510746663344,0.0111747258190367,0.0097576227091599,0.0086970686467673,0.007650198490108,0.0086887921549858,0.0101878406207421,0.0134069005539213,0.0156999303292141,0.0150235565930434,0.0137929162269316,0.0113112675088608,0.0097728248550536,0.0055388585755934,residential,12,winter,0,6,296.3601028,1778.1606167999998,0
8,2021-12-25,0.00179273683165,0.001026901471509,0.0004907790368663,0.0004763642985514,0.0010089797935399,0.0050117220009872,0.0165980066405254,0.0178769402892025,0.017187681600516,0.0151179747696786,0.0137177262676666,0.0111405736177314,0.0097272008917382,0.0086621529651288,0.0076149588905016,0.0086538662443588,0.0101533448959076,0.0134077963483523,0.0157045549013794,0.0150279809604206,0.0137969711719259,0.0113145726086879,0.0097756929497626,0.0055404442205807,residential,12,winter,1,6,296.3601028,1778.1606167999998,0
8,2021-12-26,0.0017931741413174,0.0010271144466119,0.0004908339472672,0.0004764167260253,0.0010091872025583,0.0050131136721925,0.0166028701715278,0.0178821888176626,0.0171927275508972,0.0151223775565022,0.0137217130947527,0.011143780645735,0.0097299831642495,0.0086646193584744,0.0076171110584992,0.0086563227147987,0.0101562186796606,0.0134116045390613,0.015709041363429,0.0150322728154479,0.0138009047762157,0.0113177788097828,0.0097784752222738,0.005541982314116,residential,12,winter,1,6,296.3601028,1778.1606167999998,0
8,2021-12-27,0.001793597893785,0.0010273207901153,0.0004908871472618,0.0004764675201285,0.0010093879318233,0.005014466817664,0.0166075734604221,0.0178903038819448,0.0172350744134695,0.0151641012275806,0.013763033918112,0.0111843459533167,0.0097659687027501,0.0087044670964052,0.0076566543567567,0.0086961608388451,0.0101964611209572,0.0134183239982885,0.0157133879454429,0.0150364310092214,0.013804715879337,0.0113208851626593,0.0097811708486438,0.0055434725585338,residential,12,winter,0,6,296.3601028,1778.1606167999998,0
8,2021-12-28,0.0017940072159844,0.0010275201364892,0.0004909386118422,0.0004765166661657,0.0010095821513414,0.0050157712502377,0.0166121329655232,0.0178952239056394,0.0172398048717631,0.0151682286124789,0.0137667712355353,0.0111873523132258,0.0097685768846945,0.0087067791641721,0.007658671860682,0.0086984636045959,0.0101991550881607,0.0134218939053366,0.0157175941217659,0.0150404541888718,0.0138084033478561,0.0113238907474004,0.0097837790305882,0.0055449144599538,residential,12,winter,0,6,296.3601028,1778.1606167999998,0
8,2021-12-29,0.0017944041003859,0.0010277130810606,0.0004909883446788,0.0004765641505895,0.0010097698017549,0.0050170363744618,0.0166165339641248,0.017899977610775,0.0172443748019968,0.0151722161268116,0.0137703821826698,0.0111902569887056,0.009771096849825,0.0089903198567179,0.008158036049779,0.008700688483657,0.0102017579370264,0.0134253430670408,0.0157216571337204,0.0150443415285486,0.0138119661041982,0.0113267946739307,0.0097862989957186,0.0055463075914107,residential,12,winter,0,6,296.3601028,1778.1606167999998,0
8,2021-12-30,0.0017947856336196,0.0010278991188194,0.00049103651703,0.0004766099655454,0.0010099508274693,0.0050182544739454,0.0166207750294791,0.0179045634840311,0.0172487840015273,0.0151760631570559,0.0137738656260486,0.0111930591195638,0.0097735278518776,0.008711168034229,0.0076625015765296,0.008880800143776,0.0110661300029156,0.0134286704619645,0.0160727575695761,0.0150480913903406,0.0138154030740381,0.01132959608228,0.0097887299977713,0.0055476515403812,residential,12,winter,0,6,296.3601028,1778.1606167999998,0
8,2021-12-31,0.001795154497481,0.0010280786418652,0.0004910827337091,0.0004766540824089,0.0010101249503953,0.0050194276283497,0.0166248685108335,0.0179089803981658,0.0172530299021907,0.015179768104668,0.0137772205728884,0.011195757875976,0.0097758691709344,0.0087132435367968,0.0076643126543179,0.0087049019694631,0.0102066872237201,0.0134318751047312,0.0157293527409279,0.0150517030242745,0.0138187132539879,0.0113322941428375,0.009791071316828,0.0055489459089055,residential,12,winter,0,6,296.3601028,1778.1606167999998,0
9,2021-01-01,0.001690885267936,0.0009389260284269,0.0004117440699127,0.0003988600495146,0.0009206492362338,0.0048617744999436,0.0162954886226635,0.0175454460918777,0.0168695885895808,0.0148263494490021,0.0134421848110767,0.0108927856254855,0.009496529594415,0.0106197212105118,0.0137656832469061,0.0140292113551841,0.0151276766534655,0.0144353161590122,0.0153317757125336,0.0146706164497647,0.0134595038765491,0.0110225946831536,0.0095328986379334,0.0053735615699473,residential,1,winter,0,8,518.8829925,4151.06394,0
9,2021-01-02,0.0016911997936424,0.0009390884523478,0.0004117857684681,0.0003989000170597,0.0009208074088196,0.0048628372794366,0.0162991928827338,0.0175494481306604,0.0168734362685121,0.0148297065076436,0.0134452246807753,0.0108952310347319,0.0095334540153628,0.0095109765246713,0.0094402306207573,0.0088356081659293,0.0103380611149815,0.0130704228473699,0.0153351971044782,0.0146738886875738,0.0134625032103148,0.011025039453472,0.0095350201222973,0.0053747345654327,residential,1,winter,1,8,518.8829925,4151.06394,0
9,2021-01-03,0.0016915194340173,0.0009392436902515,0.000411825864169,0.0003989382856437,0.0009209586162416,0.0048638546907282,0.016302739037363,0.0175532790299386,0.0168771199047816,0.0148329200075453,0.0134481348307826,0.0108975720705522,0.0095006820152757,0.0084514978536848,0.0074170869527435,0.0090410705199872,0.0100183782771841,0.0130732024260205,0.0153384714469327,0.0146770214050727,0.0134653745330061,0.0110273798776345,0.009537051058794,0.0053758574478377,residential,1,winter,1,8,518.8829925,4151.06394,0
9,2021-01-04,0.0016918254812685,0.000939392505134,0.0004118643741472,0.0003989748439386,0.0009211028135775,0.0048648264325715,0.0163061260367232,0.0175592107158703,0.0169087316051946,0.0148640831170668,0.0134790079988587,0.0109279016548319,0.0095275892365607,0.0084813110181863,0.007446681047769,0.0084667917374077,0.0099223292386317,0.0130781296539992,0.0153415991044544,0.0146800135279115,0.0134681169989103,0.0110296152628715,0.009538990845981,0.0053769296596616,residential,1,winter,0,8,518.8829925,4151.06394,0
9,2021-01-05,0.0016921164212792,0.0009395340660895,0.0004119008682799,0.0003990096666776,0.000921240629529,0.0048657522388713,0.0163093528781063,0.0175626969774739,0.01691208334061,0.0148670074671995,0.0134816561192927,0.0109300318950876,0.0095294372999883,0.0084829492578186,0.0074481105767296,0.0084684232982985,0.0099242379672945,0.0130806589490592,0.0153445788674101,0.0146828642920986,0.0134707297858866,0.0110317449465654,0.0095408389094085,0.0053779514756717,residential,1,winter,0,8,518.8829925,4151.06394,0
9,2021-01-06,0.0016923926553635,0.0009396684214721,0.0004119355403146,0.0003990427507688,0.000921371351881,0.0048666318138848,0.01631241860622,0.0175660091796394,0.016915267732949,0.0148697858073377,0.0134841720230297,0.01093205577563,0.00953119309237,0.0084845057025937,0.007449468731445,0.0084699733977916,0.0099260513959869,0.0130830619601956,0.0153474101400337,0.0146855724780413,0.013473212104187,0.0110337682983343,0.0095425947017902,0.0053789225948955,residential,1,winter,0,8,518.8829925,4151.06394,0
9,2021-01-07,0.0016926547751484,0.0009397957432179,0.0004119681849154,0.0003990740791885,0.0009214951657457,0.0048674649043911,0.0163153223134707,0.0175691463408125,0.0169182838385576,0.0148724173149428,0.0134865549650088,0.010933972697106,0.0095328560937445,0.0084859798915851,0.0074507551097105,0.0084714415768398,0.0099277689876791,0.0130853379757796,0.0153500912250017,0.0146881377761974,0.0134755632483249,0.0110356847189817,0.0095442577031648,0.0053798420880473,residential,1,winter,0,8,518.8829925,4151.06394,0
9,2021-01-08,0.0016929020291937,0.0009399159230403,0.0004119993775617,0.0003991036643357,0.0009216120344576,0.0048682512637232,0.0163180631402317,0.0175721075313079,0.0169211307636485,0.0148749012109478,0.0134888042395443,0.0109357820918375,0.0095344258116298,0.0084873713882258,0.0074519693305773,0.0084728274006557,0.0099293902337227,0.0130874863217907,0.0153526219993573,0.0146905590617801,0.0134777825041184,0.0110374936409779,0.0095458274210501,0.0053807100035007,residential,1,winter,0,8,518.8829925,4151.06394,0
9,2021-01-09,0.0016931345699615,0.0009400289253538,0.000412028328741,0.000399131468544,0.0009217219234083,0.0048689906590542,0.0163206402750976,0.0175726194755633,0.0168957140494047,0.0148491431448266,0.0134628255653737,0.0109093898088283,0.0095109343470707,0.008460586165276,0.0074250174193044,0.0084460368436796,0.0099028210388397,0.0130872339639945,0.0153550019924099,0.0146928357750922,0.0134798692191778,0.0110391945286276,0.0095473033905891,0.0053815260842571,residential,1,winter,1,8,518.8829925,4151.06394,0
9,2021-01-10,0.0016933523270211,0.0009401347166902,0.0004120556151197,0.0003991575052597,0.0009218248000559,0.0048696828714577,0.0163230529551242,0.0175752261444883,0.0168982201328753,0.0148513298801997,0.0134648055866755,0.0109109825745671,0.009512316131169,0.0084618110655902,0.0074260862681092,0.0084472567503455,0.00990424818191,0.0130891251002193,0.0153572302232,0.0146949670142609,0.0134818227582521,0.0110407868777993,0.0095486851746873,0.0053822900877304,residential,1,winter,1,8,518.8829925,4151.06394,0
9,2021-01-11,0.0016935545412558,0.0009402332172106,0.000412081033518,0.0003991817603628,0.0009219206339559,0.0048703276959814,0.0163253004660541,0.0175799271131695,0.0169286482814274,0.0148814603188642,0.0134947436368409,0.0109405599173717,0.0095385707547223,0.0084910457264256,0.0074551755604623,0.0084764867593895,0.0099336712402986,0.013093159170423,0.0153593056437626,0.0146969524979179,0.0134836425769893,0.0110422702177794,0.0095499723641425,0.0053830017905013,residential,1,winter,0,8,518.8829925,4151.06394,0
9,2021-01-12,0.0016937432399897,0.0009403242894127,0.0004121047619691,0.0003992042314486,0.0009220093966676,0.0048709249417016,0.0163273821425281,0.0175821758232476,0.0169308105428529,0.014883346853733,0.0134964519794088,0.0109419341675277,0.0095397629683455,0.0084921025795501,0.0074560977711809,0.008477539303957,0.0099349025899812,0.013094790856859,0.0153612276382816,0.0146987916382665,0.0134853281376825,0.0110436441093328,0.0095511645777658,0.0053836609790183,residential,1,winter,0,8,518.8829925,4151.06394,0
9,2021-01-13,0.001693916279365,0.000940408522304,0.0004121262368193,0.0003992248926231,0.0009220910619666,0.0048714719703994,0.0163292973129472,0.0175842453991249,0.0169327996781394,0.0148850825318387,0.0134980237236309,0.0109431985332251,0.009540859853074,0.0084930749271479,0.0078432090273624,0.008837892794856,0.0099360354814663,0.0130962920743409,0.0153629960269739,0.0147004834141098,0.0134868789005513,0.011044908144693,0.0095522614624943,0.005384267459026,residential,1,winter,0,8,518.8829925,4151.06394,0
9,2021-01-14,0.0016940743043319,0.0009404851779492,0.000412146008336,0.0003992437586428,0.0009221656056488,0.0048719735417855,0.0163310455209871,0.0175861341715885,0.016934615828282,0.0148866666483948,0.0134994583635327,0.010944352640034,0.0095418610840757,0.0084939624812673,0.0074577207226199,0.0087477444617502,0.0108772873541323,0.0130976623782974,0.0153646103755733,0.0147020279336754,0.0134882944385275,0.0110460619499717,0.009553262693496,0.0053848211021571,residential,1,winter,0,8,518.8829925,4151.06394,0
9,2021-01-15,0.0016942165581268,0.0009405541850492,0.0004121638760752,0.0003992608172645,0.0009222330056537,0.0048724295084421,0.0163326262491236,0.0175878419574464,0.0169362577044771,0.0148880993648639,0.0135007555957988,0.0109453961461767,0.0095427663648456,0.0084947649790677,0.0075589288187089,0.0084801908494592,0.0099380045771208,0.0130989013629258,0.0153660702065841,0.0147034243231277,0.0134895743037452,0.0110471051829913,0.0095541679742659,0.0053853216422465,residential,1,winter,0,8,518.8829925,4151.06394,0
9,2021-01-16,0.0016943444184519,0.0009406161279759,0.000412179852179,0.0003992760617103,0.0009222932419791,0.0048728348122358,0.0163340343709352,0.0175870954396631,0.0169096314483653,0.0148612859964674,0.0134738212995664,0.0109182351274675,0.0095186079931952,0.0084673885677358,0.0118274917754181,0.0137415347177795,0.0142987724568659,0.0153385553920733,0.0161321702344923,0.0148109536884703,0.0150142656888521,0.0110681333684009,0.0095549770367136,0.0053857689820835,residential,1,winter,1,8,518.8829925,4151.06394,0
9,2021-01-17,0.0016944571373663,0.0009406706859512,0.0004121941196485,0.0003992894968804,0.0009223462968414,0.0048731893322795,0.016335283111568,0.0175884397729485,0.0169109236221629,0.0148624133748841,0.0134748423616531,0.010919056538049,0.0095193205977246,0.0084680202652006,0.0074315044196973,0.0084534406364192,0.0099114825797575,0.01309871154752,0.0153685239769343,0.0147057713614621,0.0134917256348704,0.0110488587322496,0.0095556896412429,0.0053861629892069,residential,1,winter,1,8,518.8829925,4151.06394,0
9,2021-01-18,0.0016945546814913,0.0009407178428189,0.0004122060875563,0.0003993010951574,0.000922392154481,0.0048735003507658,0.0163363586253703,0.0175918741105244,0.0169401345936763,0.0148914816427612,0.0135038185610214,0.0109478601346684,0.0095449039674026,0.0084966598843911,0.0074600744783269,0.0084820780296718,0.0099402123494349,0.0131018269267927,0.015369517088441,0.01470672143726,0.0134925964252793,0.0110495685277006,0.0095563055768228,0.0053865035469475,residential,1,winter,0,8,518.8829925,4151.06394,0
9,2021-01-19,0.0016946370219419,0.0009407575846141,0.000412216338375,0.0003993108765,0.0009224308013602,0.0048737603884471,0.0163372649756865,0.0175928536993915,0.016941076050826,0.0148923030302322,0.0135045622802853,0.0109484584738164,0.0095454230516296,0.008497120033291,0.0074604760045539,0.0084825363026462,0.0099407484733188,0.0131025373554238,0.0153703537487809,0.0147075221151281,0.0134933303026418,0.0110501667134485,0.0095568246610498,0.0053867901798791,residential,1,winter,0,8,518.8829925,4151.06394,0
9,2021-01-20,0.0016947041485847,0.000940790153581,0.0004122248777568,0.0003993188371682,0.0009224622260134,0.0048739693677682,0.016338001894191,0.0175936495812385,0.0169418415525747,0.0148929711343761,0.0135051671809229,0.0109489450022588,0.0095458451307818,0.0084974941907927,0.0074608024946315,0.0084829089347903,0.0099411844078023,0.0131031150210486,0.0153710345847195,0.0147081731740422,0.0134939270349617,0.0110506531118405,0.009557246740202,0.0053870238747033,residential,1,winter,0,8,518.8829925,4151.06394,0
9,2021-01-21,0.0016947560130457,0.0009408150337861,0.0004122310992124,0.0003993249530966,0.0009224864191346,0.0048741346157254,0.0163385693288039,0.0175942629424582,0.0169424309132544,0.0148934851110574,0.0135056327090701,0.0109493195641766,0.0095461700798644,0.0084977822460931,0.0074610538518725,0.0084831958157527,0.0099415200237875,0.0131035597525969,0.0153715582284565,0.0147086743998884,0.0134943864455223,0.0110510275788344,0.0095575716892846,0.0053872035947598,residential,1,winter,0,8,518.8829925,4151.06394,0
9,2021-01-22,0.0016947925999715,0.0009408324669038,0.0004122355962367,0.0003993292432313,0.0009225033735359,0.0048742486944774,0.0163389669454632,0.0175946921773196,0.0169428439169656,0.014893845454457,0.0135059590167115,0.0109495820574582,0.0095463978026469,0.0084979841138872,0.0074612300018399,0.0084833968605764,0.0099417552218849,0.0131038714183656,0.0153719253998804,0.0147090257874632,0.0134947084031037,0.0110512900035352,0.0095577994120671,0.0053873295052358,residential,1,winter,0,8,518.8829925,4151.06394,0
9,2021-01-23,0.0016948139270118,0.000940842200082,0.000412238162292,0.0003993317009659,0.0009225130855304,0.0048743140335113,0.0163391946818242,0.017592666185812,0.0169149868674419,0.0148659582272652,0.013478052295428,0.0109216387862702,0.0095215607975932,0.0084700061192326,0.0074332372772074,0.0084554183945625,0.0099137963172818,0.0131017775280359,0.0153721359905366,0.014709226978479,0.0134948928180717,0.0110514403087584,0.0095579298411115,0.0053874012459391,residential,1,winter,1,8,518.8829925,4151.06394,0
9,2021-01-24,0.0016948206826946,0.0009408450360478,0.0004122388255247,0.0003993323246217,0.0009225155499722,0.0048743306134361,0.016339252470467,0.017592728264922,0.0169150468835849,0.0148660105987031,0.013478099720195,0.0109216769364118,0.0095215938942742,0.0084700354582119,0.0074332628784197,0.0084554476139332,0.0099138305004071,0.0131018228247884,0.0153721888723551,0.0147092780598468,0.0134949396099199,0.011051478448933,0.0095579629377925,0.0053874198682206,residential,1,winter,1,8,518.8829925,4151.06394,0
9,2021-01-25,0.0016948114481843,0.0009408398634981,0.0004122375471669,0.0003993311140146,0.0009225107661314,0.0048742984153482,0.0163391402942713,0.0175948794660568,0.0169430239786049,0.0148940025532664,0.0135061013623632,0.01094969649953,0.0095464970828886,0.0084980721221364,0.007461306797895,0.0084834845100354,0.0099418577611378,0.013104007295209,0.0153720851228854,0.0147091789617505,0.0134948487647602,0.0110514044127632,0.0095578986923089,0.005387384398392,residential,1,winter,0,8,518.8829925,4151.06394,0
9,2021-01-26,0.0016947869208718,0.000940827745914,0.0004122343661685,0.0003993280695027,0.0009224987354247,0.0048742174908239,0.0163388581864845,0.0175945746724534,0.0169427309463771,0.0148937471056671,0.0135058698594525,0.010949510261342,0.009546335514266,0.0084979288975495,0.007461181820028,0.0084833418693435,0.0099416908888019,0.0131037861692925,0.0153718246159232,0.0147089297081763,0.0134946203608484,0.0110512182237627,0.0095577371236862,0.0053872942960017,residential,1,winter,0,8,518.8829925,4151.06394,0
9,2021-01-27,0.0016947471430737,0.0009408079297768,0.0004122292545655,0.0003993231929382,0.0009224794636847,0.004874087821794,0.0163384062305833,0.0175940863724605,0.016942261488902,0.0148933375171597,0.013505498957766,0.010949211895107,0.0095460766703513,0.0084976994420269,0.0074609815969909,0.0084831133492605,0.0099414235479781,0.0131034319105453,0.0153714074285491,0.0147085304436644,0.0134942544039151,0.011050919935481,0.0095574782797716,0.0053871518954788,residential,1,winter,0,8,518.8829925,4151.06394,0
9,2021-01-28,0.0016946920971795,0.0009407806707679,0.000412222223479,0.0003993164838648,0.0009224529552846,0.0048739094606337,0.0163377845603771,0.0175934147107886,0.0169416154916002,0.0148927741141437,0.0135049887785587,0.0109488014891834,0.0095457206277989,0.0084973838235197,0.0074607061880778,0.0084827990174603,0.009941055817837,0.0131029446238778,0.0153708333592623,0.0147079812510387,0.0134937510387418,0.011050509636783,0.0095571222372191,0.0053869547129825,residential,1,winter,0,8,518.8829925,4151.06394,0
9,2021-01-29,0.0016946215741802,0.0009407459764866,0.0004122132760419,0.0003993079452192,0.000922419218098,0.0048736824601376,0.0163369933599053,0.017592559886488,0.0169407936532506,0.0148920570826559,0.0135043395022256,0.0109482791651089,0.0095452674920473,0.0084969821354954,0.0074603556748485,0.0084823989670294,0.0099405878072783,0.0131023244535953,0.0153701024262651,0.0147072823392828,0.0134931103934811,0.0110499874491746,0.0095566691014676,0.0053867041692906,residential,1,winter,0,8,518.8829925,4151.06394,0
9,2021-01-30,0.001694536063188,0.00094070393066,0.0004122024128281,0.0003992975795413,0.0009223782639554,0.0048734068875725,0.0163360328633959,0.0175892497548682,0.0169117026022073,0.0148630930198106,0.0134754576472098,0.0109195514624038,0.0095197499631903,0.0084684008817488,0.0074318365459429,0.0084538197012778,0.0099119260397378,0.0130992991853333,0.0153692156263152,0.0147064338273952,0.0134923326785957,0.0110493535272969,0.0095561190067086,0.0053864003384009,residential,1,winter,1,8,518.8829925,4151.06394,0
9,2021-01-31,0.0016944353499813,0.0009406543332984,0.0004121896385831,0.0003992853907137,0.0009223300994866,0.0048730828180669,0.0163349033551946,0.0175880294195102,0.0169105291034241,0.0148620693835767,0.0134745307212126,0.0109188057991694,0.0095191030723295,0.0084678274370119,0.0074313361576953,0.008564110807108,0.0100366968420681,0.0130984138380913,0.0153681723140635,0.0147054359873791,0.013491418103869,0.0110486080588798,0.0095554721158478,0.0053860426652656,residential,1,winter,1,8,518.8829925,4151.06394,0
9,2021-02-01,0.0016943196952237,0.0009405971548229,0.0004121749464819,0.0003992713806886,0.0009222747444317,0.0048727103669023,0.0163336051696821,0.0175888992420654,0.01693727451926,0.0148889863008526,0.0135015589143463,0.0109460423962268,0.0095433270110353,0.0084952619711049,0.0074588546582909,0.0084806858153695,0.0099385836272962,0.0130996686740564,0.015366973982176,0.0147042891197972,0.0134903669410996,0.0110477512641914,0.0095547286204556,0.0053856315783818,residential,2,winter,0,8,518.8829925,4151.06394,0
9,2021-02-02,0.0016941886798916,0.0009405331075777,0.0004121583714311,0.000399255555538,0.0009222122161446,0.0048722896249947,0.0163321386911735,0.0175873148421482,0.0169357510043973,0.0148876572830521,0.0135003554368682,0.0109450742770514,0.0095424871312909,0.008494517448886,0.0074582049877222,0.0084799443284035,0.0099377161773388,0.013098519198526,0.0153656196289624,0.0147029936073031,0.0134891795395524,0.011046783398449,0.0095538887407111,0.005385167199476,residential,2,winter,0,8,518.8829925,4151.06394,0
9,2021-02-03,0.0016940418738441,0.0009404611439199,0.000412140073144,0.00039923792564,0.0009221425279008,0.0048718207234228,0.0163305043538083,0.0175855494382888,0.0169340536500722,0.0148861763809783,0.0134990142455614,0.0109439953435037,0.0095415511159167,0.0084936877059997,0.0083827807142154,0.0088016950257777,0.0104954170459131,0.0130972381499284,0.0153641105941965,0.0147015498098024,0.0134878561939804,0.0110457047463152,0.0095529527253369,0.0053846496660551,residential,2,winter,0,8,518.8829925,4151.06394,0
9,2021-02-04,0.0016938807115347,0.0009403821422448,0.0004121196964438,0.0003992184815662,0.000922065702782,0.0048713013396967,0.0163287025860845,0.017583602850665,0.0169321821781819,0.0148845435657615,0.013497535627771,0.0109428059150998,0.0095405192421047,0.0084927729881664,0.0074566827701722,0.0084782069794653,0.0099356836894713,0.0130958259076341,0.0153624466760359,0.014699958186187,0.0134863973520536,0.0110445156291459,0.0095519208515249,0.0053840791313655,residential,2,winter,0,8,518.8829925,4151.06394,0
9,2021-02-05,0.0016937052382643,0.0009402958734347,0.0004120972380924,0.0003991972304119,0.000921981763572,0.0048707390107027,0.0163267340873821,0.0175814756596787,0.0169301373970677,0.0148827593264441,0.0134959200248391,0.0109415063412117,0.0095393918154347,0.0084917735662711,0.0074558106739813,0.0084772116319925,0.0099345192534632,0.0130942828898651,0.0153606294937274,0.0146982189797841,0.0134848033864279,0.0110432163972062,0.0095507934248549,0.0053834557643477,residential,2,winter,0,8,518.8829925,4151.06394,0
9,2021-02-06,0.0016935134268068,0.0009402022174737,0.0004120730942996,0.000399174193113,0.0009218907351324,0.0048701265436723,0.0163245992744786,0.0175768967960052,0.0168998263176802,0.0148527310198272,0.0134660744610396,0.0109120033972792,0.0095132017356853,0.0084625961211221,0.0074267713080731,0.0084480386053792,0.0099051628576181,0.0130903371555496,0.0153586578530288,0.0146963331769213,0.0134830748240592,0.0110418074366458,0.0095495707792036,0.0053827798000181,residential,2,winter,1,8,518.8829925,4151.06394,0
9,2021-02-07,0.0016933073988725,0.0009401013476592,0.0004120470773473,0.000399149367684,0.0009217926443803,0.0048694665097602,0.0163222988347017,0.0175744113894228,0.0168974368173717,0.014850646227763,0.0134641866727033,0.0109104847309431,0.0095118842331275,0.0084614282040076,0.0074257521828451,0.0084468754496051,0.0099038021062187,0.0130885339962743,0.0153565338452757,0.0146943008221315,0.0134812121440594,0.0110402891642501,0.0095482532766458,0.0053820513374078,residential,2,winter,1,8,518.8829925,4151.06394,0
9,2021-02-08,0.0016930865508852,0.0009399932453362,0.0004120191949403,0.0003991227622344,0.0009216875203825,0.0048687591758512,0.0163198334490802,0.0175740201764729,0.0169229696154629,0.0148765055674585,0.0134902570538699,0.0109369507862521,0.0095354396979274,0.0084882701607952,0.0074527536001016,0.0084737225091277,0.0099304374022386,0.0130888739460277,0.0153542565946431,0.0146921229780314,0.0134792159333314,0.011038662030051,0.0095468413073476,0.0053812705926869,residential,2,winter,0,8,518.8829925,4151.06394,0
9,2021-02-09,0.0016928516446482,0.0009398782447501,0.0004119894649739,0.0003990943846429,0.0009215753942696,0.0048680047275542,0.0163172038474749,0.0175711791504772,0.0169202382068727,0.014874122698426,0.0134880990679674,0.0109352148177226,0.0095339336800299,0.0084869351318294,0.0074515886529642,0.0084723929227804,0.0099288819472231,0.0130868127810421,0.0153518283409195,0.0146897999855943,0.013477086735957,0.011036926515073,0.0095453352894502,0.0053804378979645,residential,2,winter,0,8,518.8829925,4151.06394,0
9,2021-02-10,0.0016926013287431,0.0009397555218629,0.0004119578665601,0.0003990642433133,0.0009214562992457,0.0048672033882502,0.0163144108083629,0.0175681615513868,0.0169173370498213,0.0148715914863374,0.0134858069455375,0.0109333709546063,0.0095323340595263,0.0084855171276275,0.0074503513015823,0.0084709806994687,0.0099272298169664,0.0130846235097339,0.0153492491641598,0.0146873325749198,0.0134748252001228,0.0110350831336976,0.0095437356689466,0.0053795534491645,residential,2,winter,0,8,518.8829925,4151.06394,0
9,2021-02-11,0.0016923363874229,0.000939625922604,0.0004119244391077,0.0003990323464073,0.0009213302705597,0.0048663553952028,0.0163114551586071,0.0175626962139719,0.0168861733873749,0.0148408192961962,0.0134552877620285,0.0109033261277847,0.0095056738760309,0.0084559229529568,0.0074209482972246,0.0084413926422481,0.0098973878855703,0.0130800343824132,0.0153465204631061,0.0146847213547263,0.0134724319880677,0.0110331324314668,0.0095420429195492,0.0053786175567536,residential,2,winter,0,8,518.8829925,4151.06394,0
9,2021-02-12,0.0016920568860188,0.0009394894852324,0.0004118893874924,0.0003989987117135,0.0009211973455606,0.0048654609994936,0.0163083377732121,0.0175593278649817,0.0168829350772059,0.0148379941295724,0.013452729466072,0.0109012681454129,0.0095038884990314,0.0084543402825163,0.0074195672579766,0.0084398164240057,0.0100458764282427,0.0130775908812013,0.0153436409894583,0.0146819675694062,0.0134699078501781,0.0110310749871361,0.0095402575425497,0.0053776303515955,residential,2,winter,0,8,518.8829925,4151.06394,0
9,2021-02-13,0.001691762949029,0.0009393454894552,0.0004118523031234,0.0003989633347421,0.0009210573398093,0.00486452045873,0.0163050595750648,0.0175557864544579,0.0168795299384831,0.0148350232445442,0.0134500392410421,0.0108991040017819,0.0095020110231524,0.0084526759698375,0.0083303224606338,0.0099711283331477,0.0122798019253998,0.0133869126464153,0.0153406136654201,0.0146790715629109,0.0134672534791319,0.0110289114086064,0.0095383800666707,0.0053765922724864,residential,2,winter,1,8,518.8829925,4151.06394,0
9,2021-02-14,0.0016914539236901,0.0009391946901015,0.0004118134204656,0.0003989262328441,0.0009209109660985,0.0048635340730163,0.0163016215346621,0.0175520721747726,0.0168759588390967,0.0148319074968101,0.0134472177879365,0.0108968343377821,0.0095574763484741,0.0109841111879396,0.0097758039420277,0.0113365482421671,0.0133713968439361,0.0140654824085095,0.0165334820546898,0.0152317208229401,0.0134644697068426,0.0113457846881894,0.0095364110479088,0.0053755035779829,residential,2,winter,1,8,518.8829925,4151.06394,0
9,2021-02-15,0.0016911313099749,0.0009390369752371,0.0004117727417847,0.0003988874174298,0.0009207575964436,0.0048625021127859,0.0162980201415352,0.0175481856445782,0.0168722227669604,0.014828647566228,0.0134442658937828,0.0108944598228699,0.009497982025852,0.0084491044132786,0.0074149984351001,0.0084346019002516,0.0098894435397824,0.013069507168699,0.015334118341242,0.0146728566585056,0.013461557308336,0.0110242684457921,0.0095343510693703,0.0053743645904591,residential,2,winter,0,8,518.8829925,4151.06394,0
9,2021-02-16,0.0016907952040415,0.0009388723915568,0.0004117300839293,0.0003988468915054,0.0009205975000331,0.0048614248907963,0.0162942700453895,0.0175441295574039,0.0168683231810351,0.0148252451694085,0.0134411847831503,0.0108919811682844,0.00949583169758,0.0084471982270811,0.0102390507331545,0.0116396405329669,0.0133677332877966,0.0164770789517451,0.0157084349300752,0.0146695399416971,0.0134585171952704,0.0110217904361383,0.0095322007410983,0.005373175693918,residential,2,winter,0,8,518.8829925,4151.06394,0
9,2021-02-17,0.0016904435981456,0.0009387008423205,0.0004116858493651,0.0003988046832388,0.0009204305007326,0.0048603027187986,0.0162903587729083,0.0175399038789399,0.0168642603084569,0.014821700542974,0.0134379749515106,0.0108893991000065,0.0110026669494404,0.0116861228411682,0.0126725282805531,0.0150742763664739,0.0152338405150006,0.0184232173522368,0.0159511882246853,0.0146660846658192,0.0134553502484988,0.0117501839749532,0.0095299606998921,0.0053719371002098,residential,2,winter,0,8,518.8829925,4151.06394,0
9,2021-02-18,0.0016900794305388,0.0009385225722963,0.0004116398563196,0.0003987607965831,0.0009202573186588,0.0048591334982046,0.0162862919551198,0.0175377826183007,0.0168881298074531,0.014846108617931,0.0136955867535504,0.0116467399205534,0.0110914735932459,0.0114456843933171,0.010442927944195,0.0124490854767387,0.0149310967858068,0.0157057979334383,0.017174019077256,0.01640611183733,0.0134520573940125,0.0110165250295173,0.0095276316091188,0.0053706493162914,residential,2,winter,0,8,518.8829925,4151.06394,0
9,2021-02-19,0.0016896999739997,0.0009383374403283,0.0004115923131043,0.0003987152521888,0.0009200773344118,0.0048579224586574,0.0162820709063707,0.0175332222842561,0.0168837456992566,0.014842283277226,0.013459267169761,0.010912021434603,0.0095138125490963,0.0099183435207166,0.0089741575032283,0.0106263655796444,0.0119401963856665,0.0131759015511893,0.0159754388187021,0.0146587629464179,0.0134486396195743,0.0110137391916225,0.0095252141585166,0.0053693127220055,residential,2,winter,0,8,518.8829925,4151.06394,0
9,2021-02-20,0.0016893074351886,0.0009381456466898,0.0004115428444242,0.0003986680491211,0.0009198908248782,0.0048566675126373,0.0162776968211018,0.0175262239107454,0.0168511087682344,0.0148102256258034,0.0134275840019178,0.010881040227423,0.0094863400204721,0.0101461527798021,0.0130498735482987,0.0134846163280288,0.0126254316108481,0.013929880555077,0.0175130170333473,0.0153047407034412,0.0134450979395926,0.0110108523540365,0.0095227090639904,0.0053679275773931,residential,2,winter,1,8,518.8829925,4151.06394,0
9,2021-02-21,0.0016889012752776,0.0009379471996856,0.0004114916596678,0.0003986192085718,0.0009196978452896,0.0048553690317213,0.0162731709942631,0.0175213346437106,0.0168464078708581,0.014806124053619,0.0151888925752373,0.0132887209943724,0.0106902104934201,0.011149155613457,0.0145051068454189,0.0114961230080187,0.0140027661594091,0.0182350361286275,0.0176958268258535,0.0160541848318376,0.0160574745801262,0.0121365352112005,0.0099420107032383,0.0060943186396588,residential,2,winter,1,8,518.8829925,4151.06394,0
9,2021-02-22,0.0016884815570428,0.0009377424111109,0.0004114385890647,0.0003985687377994,0.0009194984527937,0.0048540298491331,0.0162684948208553,0.0175185549825624,0.0172902395984872,0.0169106338183239,0.0162408909231822,0.015243985239726,0.0128893502133655,0.0130619379686867,0.0149375605294426,0.0124130536104338,0.0124697782321236,0.0167186258349468,0.0170889329895814,0.0164103723000766,0.0150205723078781,0.0133523799749652,0.0111771690284815,0.0053650133369056,residential,2,winter,0,8,518.8829925,4151.06394,0
9,2021-02-23,0.002008958303293,0.0009375305826209,0.0004113842030618,0.0003985166733632,0.0009192927064371,0.0048526430158407,0.0162636695199136,0.0175133419448424,0.0168646322406452,0.0155097253955949,0.0157204290093278,0.0137586095674168,0.012702527528757,0.0113855590306612,0.0105034947232215,0.0115010964213836,0.0121387413412484,0.0145402584040951,0.0184146550075187,0.0177221053513854,0.0142545594994766,0.0129299225002702,0.010856713130456,0.0053634856928274,residential,2,winter,0,8,518.8829925,4151.06394,0
9,2021-02-24,0.0016876020761628,0.0009373125359273,0.000411327963034,0.0003984630090685,0.0009190806671481,0.0048512187347493,0.016258696740428,0.0175079694733425,0.0168594673312995,0.0170996022502593,0.0172235231291983,0.0139866276161955,0.0131115688866328,0.0140532699067239,0.0148584752722025,0.0149342279851274,0.0141344971490186,0.0170059217178409,0.0189457171076071,0.0191217980520401,0.0151032265635464,0.0134087059205676,0.0112929865962209,0.0054837951652644,residential,2,winter,0,8,518.8829925,4151.06394,0
9,2021-02-25,0.0022236542665159,0.0010321321614592,0.0004112698761966,0.0003984077608142,0.0009188623977186,0.0048497500850271,0.016253577789303,0.0190383424710677,0.0182699312928914,0.0184410345843149,0.018564635434408,0.0135021538781706,0.0170736862864124,0.0162631644039715,0.015500076112483,0.0177441874831228,0.0188522995336727,0.0199248604076119,0.0210038112578703,0.0193685008678609,0.0170172214287732,0.0153037723117127,0.0131195164250134,0.006751995965152,residential,2,winter,0,8,518.8829925,4151.06394,0
9,2021-02-26,0.0031061353871054,0.0018085264377081,0.0004112105427981,0.0015395381794706,0.0021053214967967,0.0048482375047129,0.0181169743764002,0.0206609539593934,0.0190978979341221,0.0193069009318271,0.0206338645688906,0.0188080745753162,0.016057942012324,0.0166841179910198,0.0236205624871624,0.0217526275667565,0.0219282972869906,0.0252030034761296,0.0221495202196778,0.0204270987154473,0.0193264094111884,0.017262151087839,0.0150916637527036,0.0094458483773061,residential,2,winter,0,8,518.8829925,4151.06394,0
9,2021-02-27,0.005827609221206,0.0045757036338672,0.0025962735171965,0.003527072139605,0.0039291572390374,0.0069271622247581,0.0198211291764696,0.0202809339870277,0.0179092157088059,0.0182179810983073,0.0179790640522266,0.0127058787921546,0.0138459080576289,0.0129019357304541,0.0093146908089315,0.0119830809601446,0.0134533884664938,0.0149231459479828,0.0181967462620623,0.0166012241799924,0.0145590890396111,0.0125830010070433,0.0104364826331996,0.0053569112355413,residential,2,winter,1,8,518.8829925,4151.06394,0
9,2021-02-28,0.0016856864632011,0.0009363769566941,0.0004110866523661,0.0003982327501717,0.0009181708640649,0.0048450945781542,0.0162373595502234,0.0174826453901147,0.0168092112431915,0.0151640791694102,0.0158463475289003,0.0121869007832005,0.0123594742159018,0.013808031411794,0.0137744719721098,0.0155834174725881,0.0163369441900641,0.0166708902938052,0.018642526284128,0.0174948218249211,0.0156447756339051,0.0119439749221116,0.0094996074952591,0.0053551540870191,residential,2,winter,1,8,518.8829925,4151.06394,0
9,2021-03-01,0.001685176234342,0.0009361278610318,0.0004110223359756,0.0003981713702563,0.0009179283386011,0.0048434651579665,0.0162316717687071,0.0174787729556716,0.0168313971708704,0.0147966086768622,0.0134179072837945,0.0108787501017851,0.0094849484183002,0.0084435115155362,0.0074136971773573,0.008429146337498,0.0098782886766006,0.0130197706121125,0.0152728460908084,0.0146142284141863,0.0134078317143566,0.0109804765515107,0.0094963500277205,0.0053533533394673,residential,3,spring,0,8,518.8829925,4151.06394,0
9,2021-03-02,0.0016846525999065,0.0009358721077685,0.0004109562444284,0.0003981084927594,0.0009176799242398,0.0048417936703787,0.0162258458165624,0.0174724789329527,0.0168253460148317,0.0147913288736365,0.013413126202597,0.0108749040832169,0.0094816118546767,0.0084405537757302,0.0074111237276233,0.0084262006593376,0.0098748425857681,0.0130152041271292,0.0152674659669426,0.0146090745991747,0.0134031145037544,0.0109766315400048,0.009493013464097,0.0053515085034351,residential,3,spring,0,8,518.8829925,4151.06394,0
9,2021-03-03,0.0016841178929553,0.0009356109760943,0.0004108890177349,0.0003980441578563,0.0009174256945447,0.0048400806139291,0.0162198789325734,0.0174660372745358,0.016819153117802,0.0147859254660496,0.0134082333500635,0.0108927281328896,0.00947819718306,0.0101249600845517,0.01768671684095,0.0150528684252517,0.0146248247393293,0.019506882865247,0.0162262274117289,0.0147103410053539,0.0149903860497589,0.0109726965178872,0.0094895987924802,0.0053496204419407,residential,3,spring,0,8,518.8829925,4151.06394,0
9,2021-03-04,0.0016835696834999,0.0009353435924799,0.0004108198710385,0.0003979783558641,0.000917165724802,0.0048383338111683,0.0162137865051351,0.017459450545616,0.0168128208590893,0.0152421052629621,0.0134032298537737,0.0113831822107639,0.0111649276644047,0.0128871664908549,0.0102539377948781,0.0134910491624502,0.0148465514214859,0.0140498188526112,0.0182707106546526,0.016740952320085,0.0133933502265858,0.0128460451548631,0.010780345779757,0.0053476886682605,residential,3,spring,0,8,518.8829925,4151.06394,0
9,2021-03-05,0.0016830102108633,0.0009350701816413,0.0004107496580494,0.0003979111349933,0.0009169000919975,0.0048365440278631,0.0162075521817653,0.0174527206900608,0.0168063503337584,0.0162676212829782,0.0154945389444392,0.0117875093557616,0.0138799345636088,0.0159497151471942,0.0139945223639523,0.0142020931870131,0.0161686892584614,0.0193354090584359,0.018440837140989,0.0175125397509119,0.0151969535980459,0.0134655403322681,0.0113768886940274,0.0057647878359735,residential,3,spring,0,8,518.8829925,4151.06394,0
9,2021-03-06,0.0022097801024444,0.0010031188174127,0.0004106776646007,0.0009350916412868,0.0017471668933661,0.0048347177177365,0.0162011958961801,0.0199542223459871,0.0183391227074104,0.0203610476689435,0.0168994995197239,0.0174433355148768,0.0154311039410429,0.0179655075271041,0.0184511615432904,0.0190847387505847,0.0199773870218956,0.0212728845320533,0.022334365319059,0.0216282603724105,0.0198064785931584,0.0178079645116545,0.015665507665399,0.0092951380386309,residential,3,spring,1,8,518.8829925,4151.06394,0
9,2021-03-07,0.0054979066872934,0.0050944099261593,0.0028240186176288,0.0042612564516632,0.0047101904485287,0.0070917235253015,0.0188358087406459,0.0213700340149489,0.0219333604042054,0.0224933899221944,0.0236332305927827,0.0201579968372649,0.0198271601826611,0.0209878451429406,0.0212375575249389,0.0232660664031312,0.0248445585630123,0.0254552561199295,0.0253609799779297,0.0236238632809398,0.0212421636782466,0.0197867069554016,0.0175789769087868,0.0118001345435605,residential,3,spring,1,8,518.8829925,4151.06394,0
9,2021-03-08,0.0084244304793855,0.0071502538306412,0.0049973212011763,0.006096484500461,0.0056246576771949,0.007029408871146,0.0214207698450873,0.0229511348423043,0.0197870215490224,0.0208363742093761,0.0197905601885434,0.016645994146059,0.0173699583381508,0.0169458856109669,0.0128538017815469,0.0129749888453957,0.0142528637107828,0.0161149614764982,0.0199781833772119,0.0192997999296465,0.0154756255785349,0.0142515074450811,0.0120828068031045,0.005499122399243,residential,3,spring,0,8,518.8829925,4151.06394,0
9,2021-03-09,0.0016806568828145,0.0009339212555157,0.0004104530008802,0.000397628287654,0.0009157825280816,0.0048290267684348,0.0161813468218152,0.0174244052800834,0.0167791562088458,0.0147510011361014,0.0133766086665025,0.010845528110521,0.0094561270948398,0.0084179624820756,0.0073914148438552,0.0084037014664929,0.0098485212533788,0.0129803251959203,0.0152263745727127,0.0145697096658456,0.0133670843263435,0.0109472632420026,0.00946752870426,0.0053374175756853,residential,3,spring,0,8,518.8829925,4151.06394,0
9,2021-03-10,0.0016800401960594,0.0009336202262886,0.0004103753576388,0.0003975542003242,0.0009154897926265,0.0048270570511179,0.0161744813637334,0.0174169887220831,0.016772059839587,0.0147447792849012,0.0133709746460577,0.0108409959072654,0.009452195238261,0.0084144770371608,0.0073883755269322,0.0084002302391772,0.0098444603284368,0.0129749439815785,0.0152200348119766,0.0145636363384434,0.0133615254946734,0.0109427322228192,0.0094635968476813,0.0053352435541912,residential,3,spring,0,8,518.8829925,4151.06394,0
9,2021-03-11,0.0016794126339112,0.0009333138839173,0.0004102963440061,0.0003974788053644,0.0009151918904103,0.0048250525670894,0.0161674947220551,0.0174094407825239,0.016764838175409,0.0147384476113458,0.0133652411861948,0.0108363837114612,0.0094481939851414,0.0084109300747884,0.0073852825647741,0.0083966977382665,0.0098403277286772,0.0129694677897995,0.0152135831475065,0.0145574558179366,0.0133558685506531,0.0109381212319858,0.0094595955945616,0.0053330311942568,residential,3,spring,0,8,518.8829925,4151.06394,0
9,2021-03-12,0.0016787743372703,0.0009330020644326,0.000410215973838,0.0003974021251023,0.0009148889096522,0.0048230139098769,0.0161603889653123,0.0174017644452305,0.0167574934395373,0.0147320079900929,0.0133594099848237,0.0108316928889664,0.0094441245204141,0.0084073226453576,0.007382136873223,0.0083931050168301,0.00983612467817,0.0129638982423056,0.0152070214894788,0.0145511699346278,0.0133501151695332,0.0109334316350037,0.0094555261298343,0.0053307811484593,residential,3,spring,0,8,518.8829925,4151.06394,0
9,2021-03-13,0.0016781247895086,0.0009326853244214,0.0004101342900231,0.0003973241822456,0.0009145809400753,0.004820941683128,0.0161531661973117,0.0173916893374353,0.0167219341194695,0.0146973687126068,0.0133253891536383,0.0107988312137627,0.0094150206151145,0.0083755622020135,0.0073508457685875,0.0083613595236573,0.0098037588064477,0.0129559645904437,0.0152003517806434,0.0145447805500219,0.0133442670551228,0.0109286648206526,0.0094513896586328,0.0053284940212785,residential,3,spring,1,8,518.8829925,4151.06394,0
9,2021-03-14,0.0016774656235676,0.0009323635925544,0.0004100513072036,0.0003972449998764,0.0009142680728799,0.0048188365004317,0.016145828556513,0.0173837625670254,0.0167143496776527,0.0146907189472391,0.0133193676782497,0.0107939873281881,0.0094108183624154,0.0083718370609746,0.0073475974279993,0.0083576495705395,0.0097994186090209,0.0129502133067844,0.0151935759957494,0.0145382895562746,0.0133383259392858,0.0109238222005795,0.0094471874059338,0.0053261704926032,residential,3,spring,1,8,518.8829925,4151.06394,0
9,2021-03-15,0.0016767963291288,0.0009320369211367,0.0004099670499473,0.0003971646014436,0.000913950400717,0.0048166989851302,0.0161383782153956,0.017377986708193,0.0167347423654409,0.0147120606628494,0.0133413473902486,0.0108171626683819,0.0094315190067744,0.0083961483254063,0.0073723927711847,0.0083819762565172,0.009823105371198,0.012946646094516,0.0151866958903583,0.0145316989891236,0.0133322935854805,0.0109189052088805,0.0094429206161946,0.0053238110020487,residential,3,spring,0,8,518.8829925,4151.06394,0
9,2021-03-16,0.0016761170750706,0.0009317054041654,0.0004098817934636,0.000397083017899,0.0009136280176605,0.004814527349901,0.0161308173251691,0.0173698190064252,0.0167269272207346,0.0147052089595139,0.0133351428103436,0.0108121714571379,0.0094271889435645,0.0083923098850936,0.0073690456297186,0.0083781534545875,0.0098186331673079,0.0129407198869396,0.015179714253262,0.0145250104598623,0.0133261717679728,0.0109139153016759,0.0094385905529847,0.005321417165677,residential,3,spring,0,8,518.8829925,4151.06394,0
9,2021-03-17,0.0016754280624908,0.0009313691412829,0.0004097948123454,0.0003970002519772,0.0009133010191792,0.0048123294978402,0.0161231482883566,0.017361534170949,0.0167189999376618,0.0146982588106592,0.0133288493629354,0.0108071087894329,0.0094345699406584,0.0119442448425291,0.0174572341170556,0.0158648149424862,0.0170626444270862,0.0190280002884185,0.0172422187400333,0.0165315146475051,0.0154465278258857,0.0112366187229605,0.0094341984986113,0.0053189887175867,residential,3,spring,0,8,518.8829925,4151.06394,0
9,2021-03-18,0.0016747302330201,0.0009310285312366,0.000409706892506,0.0003969163496137,0.0009129695021089,0.0048100988196579,0.0161153687817054,0.0182189810346614,0.0176027350766488,0.016145449595591,0.0162071409312687,0.0155746322620328,0.0160415476821694,0.0174584099557542,0.0203785845455746,0.0221731361787136,0.0246086505484002,0.0246519947730047,0.0228507275964817,0.0212030116985437,0.0189207321767025,0.0157515023995015,0.0136036969891048,0.0083761591436836,residential,3,spring,0,8,518.8829925,4151.06394,0
9,2021-03-19,0.0036313226145937,0.0024650301999776,0.0014662228361407,0.0004686538404463,0.0009126335646235,0.0049472200984269,0.0165796514424924,0.0189427673132781,0.0210715593425846,0.0208302912526677,0.022042889959704,0.0216704691098351,0.0189527151445509,0.022269539919866,0.0242267139689192,0.0282967107773013,0.0286787537698396,0.0288769567348636,0.0237825760169354,0.0220232146318822,0.0207980082869604,0.0181057681394272,0.0158770912193138,0.0110626847908288,residential,3,spring,0,8,518.8829925,4151.06394,0
9,2021-03-20,0.0056652705772729,0.0043137570045282,0.0031467415360244,0.0022670371839193,0.0025801908129795,0.0066595551311535,0.0192420335458307,0.0212958658625195,0.0201230310067807,0.020260515547374,0.019026803478139,0.0155508411221318,0.018287942996086,0.0188830716133633,0.0187156968736964,0.0242219577950959,0.0259558650837996,0.0233909618547222,0.0240139332227646,0.0230752337070422,0.0182731261348521,0.0172980406856726,0.014281044555246,0.0079075002621325,residential,3,spring,1,8,518.8829925,4151.06394,0
9,2021-03-21,0.0051116831063313,0.0038408775830048,0.0008656438585034,0.0019121470999053,0.0023010744032531,0.004803228586861,0.0178104845670495,0.0206366355720752,0.0190446870166367,0.0202940089286772,0.020256472374891,0.017270010005495,0.0164353068686113,0.0180867690664438,0.019367695501718,0.0188982943214146,0.0197736006753121,0.021543658365397,0.0210867753847095,0.0193491932552187,0.0180630831115949,0.0144375945460722,0.0122653842017475,0.0073472121285478,residential,3,spring,1,8,518.8829925,4151.06394,0
9,2021-03-22,0.0037407665181024,0.0024253617705987,0.0004093439563608,0.0003965698132998,0.0009116002308745,0.0048008829792101,0.0160832594951782,0.0173319939302534,0.016921269497652,0.0154134521385341,0.0147889177712357,0.012739987242163,0.01188612986403,0.0136557947659425,0.0148151270374562,0.0158104554452022,0.0168160306704166,0.0175582207697575,0.0197700158387138,0.0172318221878077,0.0143057094148533,0.0123202403683482,0.0109638163583537,0.0054049539320533,residential,3,spring,0,8,518.8829925,4151.06394,0
9,2021-03-23,0.0019743288584439,0.0009292575662077,0.0004092504319509,0.0003964805722273,0.0009112476192051,0.0047985127631617,0.0160749896810606,0.0184680455770064,0.0176251354905572,0.0178192231824979,0.0177571672628669,0.0180975435568263,0.0164119659084639,0.0171362666200245,0.0226034126933188,0.0224268197951423,0.0241703284496399,0.0229838474832889,0.0227162743309946,0.0227382094758303,0.018680314485603,0.0170071323630522,0.0149046562560947,0.0090982431468113,residential,3,spring,0,8,518.8829925,4151.06394,0
9,2021-03-24,0.0059332861865574,0.0047074978198536,0.0028741908736342,0.0035488433453899,0.0031061365143598,0.0063284416153297,0.0181868813004524,0.0218132858741367,0.0213737551686111,0.0206787647464274,0.0205348871815823,0.0192092576158388,0.0178150252288719,0.0153578021810253,0.0140000456252818,0.0114601975376399,0.0117078010408681,0.0141490490448965,0.0154118642363984,0.0144682281541304,0.0132741997205989,0.0108715527410466,0.0094018298362541,0.0053010911295998,residential,3,spring,0,8,518.8829925,4151.06394,0
9,2021-03-25,0.0016695910898232,0.0009285207045738,0.00040906025197,0.0003962991477499,0.0009105304647207,0.0047936868642422,0.0160581771862203,0.0172913491952054,0.0166518438056903,0.0146393785881287,0.0132755328790603,0.0107642191624583,0.0093855885269784,0.0096461454596064,0.0115878784440366,0.0136190807231006,0.0155045789701966,0.0156350692264419,0.0162489858191309,0.0149251322723226,0.0132673573899068,0.0108659755353556,0.0093969901363986,0.0052984151609646,residential,3,spring,0,8,518.8829925,4151.06394,0
9,2021-03-26,0.0016688239054877,0.0009281463646522,0.0004089637003136,0.0003962070180719,0.0009101665235979,0.0047912374342644,0.0160496351975643,0.0172821266378218,0.0166430188514426,0.0146316413564887,0.0132685268268895,0.0107585832434029,0.0108391852866741,0.0131393389548601,0.0144658291681979,0.0159616055487855,0.0177638504446615,0.0171072633790771,0.0165523753149078,0.0156864760698087,0.0132604448302711,0.0109429794158051,0.009392100764949,0.0052957117264616,residential,3,spring,0,8,518.8829925,4151.06394,0
9,2021-03-27,0.0016680491372773,0.0009277680871603,0.0004088662439316,0.0003961139797196,0.0009097989090168,0.0047887662450301,0.0160410134421702,0.0172705408783754,0.0166060133544994,0.0145957342038616,0.0136526195564081,0.0122085726839322,0.010583650545719,0.0121505047582174,0.0158231797929498,0.0174689686795411,0.0189705534087676,0.0191449368400868,0.0194697564172523,0.0179024482015096,0.0148128417288095,0.0127869825384401,0.0108629850533549,0.0054882719980476,residential,3,spring,1,8,518.8829925,4151.06394,0
9,2021-03-28,0.0021756304039278,0.000927386675156,0.0004087677690308,0.0003960200602453,0.0009094278118565,0.0047862692237035,0.0160323143503692,0.0172611392849974,0.0165970171315882,0.0154290961240176,0.0156000166795321,0.0135905968564411,0.0139641068654272,0.0141977153788148,0.0159922406177012,0.0182240471296673,0.0202963096210552,0.0209425506218819,0.0211805016039949,0.0195153160515057,0.0166457262978078,0.0148254336985749,0.0127786133856453,0.0068100509897086,residential,3,spring,1,8,518.8829925,4151.06394,0
9,2021-03-29,0.003116069256746,0.0019666808374827,0.0004086684379534,0.0003959252874623,0.0009090535626391,0.0047837471221494,0.016023531723503,0.0179904145989455,0.0181208610119783,0.0179430632914386,0.0183456182783631,0.0156385556147439,0.0150476289931844,0.0160640433694163,0.0194114013168374,0.0203835237677151,0.0217527239017332,0.0216625834936329,0.0220959281810286,0.0211162179601944,0.017647407821519,0.0163132546061924,0.0142334571574433,0.0079709904623246,residential,3,spring,0,8,518.8829925,4151.06394,0
9,2021-03-30,0.0045381409741224,0.0033548850243643,0.0014638695869171,0.0022799754336615,0.0019685291419795,0.005343180273139,0.017686920088488,0.0209158668318459,0.0200183867959237,0.0194955893747429,0.0201804952731541,0.0181010745759614,0.0182132691630857,0.0189734127919545,0.0208670969622218,0.0205055098027626,0.0241958541361162,0.0235729660826712,0.0237776063471046,0.0219990011135985,0.0189968154234386,0.0172569987645979,0.0151371670683454,0.0090326219221686,residential,3,spring,0,8,518.8829925,4151.06394,0
9,2021-03-31,0.0051784301567561,0.0039778192026007,0.0023574709148747,0.0028446386331053,0.0031842966492901,0.0065329098480519,0.0183451936557879,0.0220300909311689,0.0220150272215846,0.0225728792099419,0.0205598302404124,0.0181513221727842,0.0178507925259495,0.0206544480282888,0.0213493236092156,0.0225447614201282,0.0232552617330085,0.0223026258332727,0.0237244701098414,0.0229158318301039,0.0211435673894333,0.0177872963865831,0.0146788443300829,0.0089710870589496,residential,3,spring,0,8,518.8829925,4151.06394,0
9,2021-04-01,0.0041387462827121,0.0029850238323491,0.0021026484102056,0.0020820044187426,0.0023837010060492,0.0061013161788331,0.0183010360862539,0.0206931919777245,0.0191312631270761,0.0182614320710132,0.017130558436577,0.0134520237949458,0.0133357962455471,0.013603089457508,0.0109943210507178,0.0100250466334644,0.0118217268464985,0.015142636730329,0.0174354489695413,0.0166980319501049,0.0146429515526317,0.0126638047061169,0.0105934993919483,0.0055815718884105,residential,4,spring,0,8,518.8829925,4151.06394,0
9,2021-04-02,0.0016632535328344,0.0009254286576567,0.0004082626095554,0.0003955382211007,0.0009075242024264,0.0047734588052451,0.0159876629261981,0.0172151791710379,0.0165789576799214,0.0156894424119352,0.0147231730682865,0.0113154413408376,0.0098954889338291,0.0104524080348313,0.0107658152747051,0.0107161170526902,0.011917312639411,0.0144357037760075,0.0165977449204488,0.0157836998348227,0.0142623424331664,0.0128456401857956,0.0107608388887407,0.0052760871466417,residential,4,spring,0,8,518.8829925,4151.06394,0
9,2021-04-03,0.001662432233237,0.0009250279733316,0.0004081592629069,0.0003954396075295,0.0009071343384822,0.0047708369603331,0.0159785243492815,0.0172030356094473,0.016541418103932,0.0147622528631108,0.0131820754795234,0.0106835446778411,0.0093675470101883,0.0094180003278473,0.0101127511177618,0.0152422759370233,0.0145763376014332,0.0161576851930118,0.0176025473036462,0.0168128880059453,0.0148531849772946,0.0130229840668954,0.0109400485752345,0.0054622080817765,residential,4,spring,1,8,518.8829925,4151.06394,0
9,2021-04-04,0.0016616059440956,0.0009246245684357,0.0004080553932768,0.0003953403196119,0.0009067422199188,0.0047681970101238,0.0159693182569006,0.0206489862307819,0.0190549756783009,0.0173293998216329,0.0179247645874489,0.0141123695076948,0.0134722741672289,0.0141482117530792,0.0163160127509539,0.0179045630945275,0.0192824181615995,0.0191579517696677,0.0203571144046176,0.0185913517527164,0.0157097900107659,0.0130621893351075,0.0109585804090604,0.0056417944226924,residential,4,spring,1,8,518.8829925,4151.06394,0
9,2021-04-05,0.0016607734923307,0.0009242187146504,0.0004079504674847,0.0003952403655452,0.000906347306137,0.0047655397151782,0.0159600604297606,0.0191487191385628,0.017252074762959,0.0167355939312063,0.0172895731993861,0.0158930587607269,0.0138210541745729,0.0155702760974951,0.0200394676517163,0.0183535826532019,0.0193502486298802,0.0217428270223108,0.0203625899277044,0.0193829656191742,0.0175889072025869,0.0151336735982095,0.0130227275385003,0.0072951786634355,residential,4,spring,0,8,518.8829925,4151.06394,0
9,2021-04-06,0.0033543793482134,0.0021847527424041,0.0008369939550789,0.0011503106068495,0.001472694924072,0.0048432380238314,0.0178920347684651,0.0206255456387438,0.0189253865458453,0.0182094467426437,0.0180513579758047,0.0159279708519258,0.0146916108209317,0.0114354601881398,0.0072893273530158,0.0082871075167462,0.0100208996670069,0.01282633085481,0.0150737347055225,0.0151279828767637,0.0131803709038931,0.0117285293074023,0.0093354631117093,0.0052643957846771,residential,4,spring,0,8,518.8829925,4151.06394,0
9,2021-04-07,0.0016590925188228,0.0009233987470911,0.0004077390448075,0.0003950386340962,0.0009055502182267,0.0047601762646801,0.0159413657425487,0.0171651706682798,0.0165734876936426,0.0158158984357694,0.015246354799232,0.0126528705169802,0.0125764144476904,0.011908177903793,0.0098935904763982,0.0113377227096097,0.0119785380223288,0.0139023142107935,0.017893256909692,0.0172590903363793,0.0145355390207516,0.012601396001353,0.0105544712936452,0.0052614272869356,residential,4,spring,0,8,518.8829925,4151.06394,0
9,2021-04-08,0.001658245212502,0.0009229854214078,0.0004076326278704,0.0003949369164378,0.000905148280146,0.0047574716973677,0.0159319387701359,0.0191339341267053,0.017741377491725,0.0159931650149287,0.0155274341174994,0.0135265256174549,0.0122307010906376,0.0133738001911594,0.0131822255293625,0.0140872556949017,0.0145586819400757,0.0181054280052212,0.0191896397069095,0.0192379800183954,0.0164422507393417,0.0144761314431136,0.0115275228634404,0.0063833834410582,residential,4,spring,0,8,518.8829925,4151.06394,0
9,2021-04-09,0.0033962282080791,0.0021949400502955,0.0004075254625433,0.0009439239980457,0.0018983141671794,0.0047547505910013,0.0167498293303665,0.0205534935742373,0.0196832043996071,0.01864447319197,0.0184887559449161,0.0199911925194296,0.0172699835576904,0.0188665114555254,0.0243345472016697,0.021148490514227,0.0226729794499612,0.0250144017522464,0.0222671666210091,0.0212865193915613,0.0201462116443645,0.0172735675951024,0.0151233200984561,0.0094438792397959,residential,4,spring,0,8,518.8829925,4151.06394,0
9,2021-04-10,0.0050296530442286,0.0046519036829696,0.0031047201335323,0.0035491797107252,0.0039201953559436,0.0070499666267292,0.0196693861025127,0.0242966897957543,0.0217478945458553,0.021199721946518,0.0200508137982339,0.0177267045853054,0.0182458613149302,0.0199661102519762,0.0200595336917108,0.0243194052084688,0.0259277730115142,0.0243473626025351,0.024800594058758,0.0229859939369916,0.0190090242210782,0.0172934895167878,0.014351481394254,0.0089793404552421,residential,4,spring,1,8,518.8829925,4151.06394,0
9,2021-04-11,0.0052833685179568,0.0040454264255576,0.0026516120358669,0.00220993009788,0.0032838075445634,0.0063394653861647,0.0189448698177938,0.0235294549149552,0.0223360144071098,0.0228166803277862,0.020956242149399,0.020788444354723,0.0183334358528294,0.0194234444793034,0.0252783188850392,0.0220323010909897,0.0230014389143029,0.0249242187556748,0.0238064227092497,0.0230423950689532,0.0210042645710303,0.0198901187161771,0.0167427922273503,0.0107379556263667,residential,4,spring,1,8,518.8829925,4151.06394,0
9,2021-04-12,0.0075037612999717,0.0062993374359027,0.0038397464830758,0.0042697568410455,0.0046399348843756,0.0075782739781531,0.0211049226591458,0.0259406000747333,0.0239564342163168,0.0237069037109581,0.0226505153681571,0.0235686293331843,0.020046245803675,0.0219021140877969,0.0297013085838922,0.0247616927080432,0.0242216715541278,0.0274997774218617,0.0246365972873643,0.0238166374464145,0.0227913998890723,0.0197558827280857,0.017552799553558,0.0124059202525035,residential,4,spring,0,8,518.8829925,4151.06394,0
9,2021-04-13,0.0073264378628979,0.0060179283858783,0.0050367284194383,0.0049669812752025,0.0053110508460636,0.0091170146509605,0.0222734068936286,0.0274524382469239,0.0259688753897032,0.0250197547124591,0.0247236688834195,0.0252725604367631,0.0233565017411722,0.0253954081743427,0.0295704848824676,0.0277928082303641,0.0292908840804156,0.0295556317804737,0.0263601651136631,0.0254680341095531,0.0242057407527869,0.0215621029414512,0.018359657750564,0.0137283766901824,residential,4,spring,0,8,518.8829925,4151.06394,0
9,2021-04-14,0.0090549096792757,0.0077257055125837,0.0071562659057591,0.0074354128622947,0.0069123968661584,0.0107361676356235,0.0233386488613751,0.0267371153671136,0.026015510317444,0.0259159958836605,0.0237508513308336,0.0186057917453606,0.0207654485830053,0.0196510148482347,0.0177162051278854,0.0201231830865117,0.0214265026032975,0.0214772100833494,0.0238762768053371,0.0221878251904826,0.0187429355773382,0.0171529420756872,0.015005980145263,0.0092713922839011,residential,4,spring,0,8,518.8829925,4151.06394,0
9,2021-04-15,0.0059591711929772,0.0047294053879461,0.0025587077998617,0.0028170161067479,0.0031364175969019,0.0059537709561083,0.019302126342247,0.0231715149386125,0.0212044157388035,0.0203304388025353,0.0199905183752497,0.0175787028192675,0.0169796884134095,0.0202031301955898,0.0195116319046505,0.0228402580172748,0.0226814698747189,0.0228126139865549,0.023286955442722,0.0217187757898219,0.019346147113397,0.0176164047415626,0.0154379051001397,0.0096323136913245,residential,4,spring,0,8,518.8829925,4151.06394,0
9,2021-04-16,0.0063633822704065,0.0051465300882284,0.003235440726936,0.0039612366002075,0.0043778619375716,0.0069582267675412,0.0209042005648223,0.0249988182029773,0.0222616966509413,0.0220578523825292,0.0210016770506017,0.0186570593081515,0.0181065509141578,0.0197711495629017,0.02258268981137,0.0247945908185925,0.0248757956544037,0.0247829407156477,0.0249808771253692,0.0240798936778089,0.0207531542313507,0.0189511354576158,0.0167098501937359,0.0108581719136262,residential,4,spring,0,8,518.8829925,4151.06394,0
9,2021-04-17,0.0076326215735235,0.006394759888837,0.0040524852535348,0.004426980421217,0.0047843581315113,0.0078529212921034,0.0212794652149328,0.0264971536976268,0.0241237337968604,0.0246722364544918,0.023511342478642,0.0237313976460975,0.0197308509956882,0.0219027397803062,0.0278400019120913,0.0246222442536104,0.0256576754899092,0.0291421216387968,0.0255051585863454,0.0245470647384007,0.0224586946365106,0.0196953143258406,0.0174994764890638,0.0124657858837913,residential,4,spring,1,8,518.8829925,4151.06394,0
9,2021-04-18,0.008307040818468,0.0061179537479508,0.0050475908354582,0.0049570674492663,0.0053076599856526,0.0083407534754707,0.0219916772411834,0.0257279054652013,0.0252796482493565,0.0235227119975658,0.0235731881603099,0.0250636363916376,0.0205611709505484,0.0226260739714027,0.0260993477249637,0.0270029581912183,0.0274813506355798,0.0300504675967236,0.0259094697067439,0.0248895629189561,0.0227097332945937,0.0200440421564665,0.0178530710216459,0.0127619865046256,residential,4,spring,1,8,518.8829925,4151.06394,0
9,2021-04-19,0.0085511391001122,0.0072411417785023,0.0051886710182735,0.0051530430566757,0.005494422827926,0.0087340763747344,0.0222193628801722,0.0283915582829796,0.0259175872101219,0.0268076969892699,0.0243517221436696,0.0246096972134223,0.0216281560860586,0.0231109919537743,0.0279960997472946,0.0261752461570815,0.0270998877589826,0.0302717650055273,0.0260870361212911,0.0251096790000882,0.0237847129280625,0.0202372024415099,0.0180117086510969,0.0134275118446699,residential,4,spring,0,8,518.8829925,4151.06394,0
9,2021-04-20,0.0088148723211892,0.0074635133622732,0.0064440634327775,0.0063947808196531,0.0067284706822785,0.0105238459880597,0.0227256635543506,0.0253594890863305,0.0256285227140714,0.023737462756981,0.0234218844350051,0.0223465208594458,0.0200084721679561,0.0219082565726866,0.0268183482700355,0.025331316694893,0.0256546171432698,0.0283047452829262,0.0265023011935813,0.024735985717619,0.0237085350485644,0.0207250804495145,0.0185877392993452,0.0134699987588055,residential,4,spring,0,8,518.8829925,4151.06394,0
9,2021-04-21,0.0086396754370536,0.0082685183917275,0.0067694742358705,0.0071635672566851,0.0075512952467659,0.0106378751994434,0.024117446195472,0.028402540383061,0.0252475972093556,0.0253985165569381,0.0254928236039284,0.0212042527804656,0.0231355486153426,0.023391345203278,0.0239309616413687,0.0281846900424681,0.0272893991468642,0.0271159242413349,0.0268565308986546,0.0259476933110566,0.0223221855155423,0.0209328755681612,0.0187251094967268,0.0125212551655431,residential,4,spring,0,8,518.8829925,4151.06394,0
9,2021-04-22,0.0086381075155224,0.0073279822807035,0.0056203975005268,0.0062008430147263,0.0074511202452047,0.0094636995921818,0.0228996021937416,0.0276979911815682,0.0248178823990986,0.0250268449132058,0.0238658964373509,0.0224592795851361,0.0218595481896052,0.0213349454106866,0.0202037722721818,0.0188523884217868,0.0195194599206915,0.0228828315854172,0.02555384193941,0.023865360856437,0.0224296149148064,0.0199039336067036,0.0178306316756048,0.0135644989786365,residential,4,spring,0,8,518.8829925,4151.06394,0
9,2021-04-23,0.0088308320227401,0.0075860282516764,0.0065869615908981,0.0065844210857084,0.0070550858408845,0.0098671368842221,0.0219778908306139,0.0244422343229926,0.0225485850597403,0.0218376037509748,0.0216153159579159,0.0179860421111324,0.01815406669456,0.0180390919898408,0.0140723809089321,0.0165548687524034,0.0167578556138437,0.0181340056781177,0.0213450315846814,0.0206085982191783,0.0182107734591387,0.0166169869970057,0.0145119176243418,0.008933998251045,residential,4,spring,0,8,518.8829925,4151.06394,0
9,2021-04-24,0.0054848396370947,0.004292391948424,0.0026908950451707,0.0033428006556735,0.0037434429092709,0.0062279101858577,0.0200448014969443,0.0234901202612264,0.0211900351148689,0.0210454551272212,0.0202750699598896,0.0171570909178079,0.0185707444057831,0.0173536629712591,0.0149693723578348,0.019009537805578,0.0203169401849513,0.0208587264503301,0.0226748404818138,0.0217865060039479,0.0189278743158053,0.0177467631329262,0.0156303057374768,0.0097838611490125,residential,4,spring,1,8,518.8829925,4151.06394,0
9,2021-04-25,0.0066970568668564,0.0055342475830051,0.0034183593979438,0.0037048232523272,0.005033760630167,0.0075003968018319,0.0204197898059952,0.0248898150003023,0.0224312627317754,0.0224441843840168,0.0238494460597283,0.0199675956696156,0.0205849952278565,0.0218217056159558,0.023636371919141,0.0239181250366464,0.0241343778132883,0.0260230243226945,0.0258064952910384,0.0248941478134893,0.0216580635514479,0.0200372473105291,0.0178490656704279,0.0118725684693552,residential,4,spring,1,8,518.8829925,4151.06394,0
9,2021-04-26,0.0088233571782366,0.0076151347999588,0.0054732299217093,0.0057144618237788,0.0060939303024814,0.0090626190118875,0.0221757914253504,0.0254388691593601,0.024117197238969,0.024629220874623,0.0244547207198252,0.0207433404862765,0.0234897851172493,0.0191794797045133,0.0131375492737247,0.0143168351667887,0.0184799901462823,0.0216938020543213,0.0229352182113235,0.0219165698438046,0.0200511515916071,0.0171082548849996,0.0150001808454697,0.0103044376879076,residential,4,spring,0,8,518.8829925,4151.06394,0
9,2021-04-27,0.0060149815849402,0.0047981383014991,0.0032426987688726,0.0028823078233178,0.003226245502123,0.006863943946057,0.019774916544979,0.0256662736339995,0.0247189082504575,0.0246385732800464,0.0237133565163152,0.0237024286500397,0.0219389962736191,0.0229808017261106,0.02415647114207,0.0247534885852301,0.0240353316308448,0.0269132457565508,0.0264919132022527,0.0247244939166019,0.0236270586145518,0.0207340353801627,0.0185405545116824,0.0129059913578462,residential,4,spring,0,8,518.8829925,4151.06394,0
9,2021-04-28,0.0086996719728694,0.0075497409333148,0.0059822028308041,0.0055668333835661,0.0049784680912146,0.009275932269473,0.0213171382085456,0.0267214761990112,0.024088578575908,0.0227793705399308,0.0227251164511055,0.0206434053208261,0.0203684218307485,0.0222599649469246,0.024684961618704,0.025812993817579,0.0272044963981149,0.0296567567316547,0.0268685982766254,0.0258885410911488,0.0228306605925362,0.020161556465069,0.0181419681814272,0.0126028729547459,residential,4,spring,0,8,518.8829925,4151.06394,0
9,2021-04-29,0.0091140049656758,0.0077318914006521,0.0054453120647361,0.0058913763861826,0.0062078735472695,0.0091461739486807,0.0230146607637301,0.0281005873346991,0.0250813617042279,0.0249794918683168,0.0239737748840411,0.0227841573761583,0.0202828264105339,0.0214162252827857,0.0210727325202364,0.0205367027642345,0.0211689952657366,0.0218739799147625,0.0252218653022826,0.0235873960376817,0.0209045757969107,0.0186471394814109,0.016504754876408,0.0112275369450804,residential,4,spring,0,8,518.8829925,4151.06394,0
9,2021-04-30,0.0067565927796983,0.0047154838875817,0.003327738939565,0.0028729518598075,0.0041183214754983,0.0072148315584477,0.0202709667518631,0.0246168926134604,0.0221708776571151,0.0205720966178794,0.0215106592807066,0.0196427484159976,0.017227323539775,0.0169084189617785,0.0168612190909774,0.0168376894343799,0.0180192815207005,0.0204948174791738,0.0213927356469809,0.0200670119894854,0.0183698359942239,0.0159653471429544,0.0144985317938695,0.0100615281361189,residential,4,spring,0,8,518.8829925,4151.06394,0
9,2021-05-01,0.0059830098842269,0.0047026859276076,0.0035882600822271,0.0036320819895656,0.0042316897396754,0.0078976998383513,0.0202102760448356,0.0225980513140179,0.0209910026279922,0.0204166134232472,0.0202627620526103,0.0171210967950426,0.0172414950605119,0.0172672520815049,0.0146627405336367,0.016253988785642,0.0174122535956347,0.0182109726232812,0.0217506795414379,0.0201983070079793,0.0181913353920208,0.0146761547492189,0.0134519326504752,0.0075047372997528,residential,5,spring,1,8,518.8829925,4151.06394,0
9,2021-05-02,0.004505830567103,0.0033087676429219,0.001058192443343,0.0022445555433976,0.0026586297237696,0.0054049151733461,0.0177256341204706,0.0213442072253448,0.0218234038182026,0.0230437010776705,0.0228159872990254,0.0202196303569392,0.0182049710088198,0.0203923531621166,0.0218724740274055,0.0249110739329673,0.0231804495123696,0.0253888205156966,0.0267622799484825,0.0247900310448756,0.0211765890084467,0.019825941562129,0.0176742563992743,0.0116219385129224,residential,5,spring,1,8,518.8829925,4151.06394,0
9,2021-05-03,0.008685481632702,0.0065559949323462,0.0052555693248039,0.0055186681112679,0.0068718158814564,0.0094721796435227,0.0229086442688311,0.0258210402539797,0.0276394261800124,0.0274865544261965,0.0264023689485002,0.0250851218790872,0.0227346564456191,0.0260024538698886,0.0291068616017445,0.0287233908708616,0.0291795635087204,0.0331639339665417,0.0287246843251222,0.0266893374792148,0.026218043309818,0.0229145177163012,0.0207023039964633,0.0157982969403954,residential,5,spring,0,8,518.8829925,4151.06394,0
9,2021-05-04,0.0116245021382447,0.0103760526510493,0.0091849055198651,0.0092933554328907,0.0086390648051249,0.0131696326325579,0.0257571961883441,0.0302641912351139,0.0317149513030348,0.0324429319533156,0.03017044131515,0.0282454131666451,0.0252174044830828,0.0255932085304858,0.0292007326462424,0.0226004739307493,0.0214440795709758,0.0243593155826855,0.0253721853316528,0.0253303309795164,0.0225728036254545,0.0202438186859835,0.0180136242882582,0.0129449481464892,residential,5,spring,0,8,518.8829925,4151.06394,0
9,2021-05-05,0.0088498531556087,0.0075602670832405,0.0056885948675169,0.0054759150343587,0.0057852815716324,0.0099431695233429,0.0225733125482024,0.0263611351461491,0.0254853924887108,0.0267864816867614,0.0279939567279591,0.0250730652263977,0.0221286913592838,0.0240608942969007,0.0254374017474491,0.0278286556338145,0.029603530673864,0.0328155486538416,0.0296284640578422,0.0275681070677517,0.0261758396897,0.0227243236118416,0.0216495472958869,0.0160052792520378,residential,5,spring,0,8,518.8829925,4151.06394,0
9,2021-05-06,0.0125844725007332,0.0102231671580922,0.0094397827266816,0.0092068663056568,0.0095364993402367,0.0129071316985906,0.025585776151546,0.0299173235564467,0.0330175174489536,0.0306660328535069,0.0297587240788393,0.0292129546942145,0.0248893106372659,0.0279652951671019,0.0317382546292472,0.0300500409537323,0.0307879778811098,0.033404320027948,0.0309944735608205,0.0288461031933526,0.028018794826851,0.0250048065431225,0.0239155889536896,0.0181015398014763,residential,5,spring,0,8,518.8829925,4151.06394,0
9,2021-05-07,0.0134965031539854,0.0122457894638875,0.0111174418769301,0.0112020806717715,0.0115685479994214,0.014747371030545,0.0276422458676521,0.0308826306542842,0.0348493675397026,0.03363034483619,0.0318336138663156,0.0310039530644028,0.0282584276632229,0.0291486979244406,0.0316668436984042,0.0302497108343457,0.0296427375269371,0.031160152451066,0.0310278411203896,0.0302234057524574,0.0280923892668105,0.021661549407487,0.0191222417344313,0.014027134930509,residential,5,spring,0,8,518.8829925,4151.06394,0
9,2021-05-08,0.011772203752701,0.010498751822657,0.0083877921302764,0.0093603212406748,0.0097313163830051,0.0133121177696105,0.0259043412115747,0.030431956481449,0.0332918929852842,0.0331824186246724,0.0311596959873882,0.0285710949382993,0.0277682717038852,0.0294555717545834,0.0311453043813844,0.0329869139804822,0.0335633899630991,0.036252595189762,0.0324975453221026,0.030305691445765,0.0285442265322516,0.0265698601565666,0.0231570172423555,0.0190899764460044,residential,5,spring,1,8,518.8829925,4151.06394,0
9,2021-05-09,0.0139216541742916,0.0126075185215521,0.0119256606371703,0.0127147671872124,0.011780362608041,0.0151779037495257,0.0276704740916227,0.031900463950749,0.0324790723365354,0.0315758177889222,0.0304138899581414,0.0303084175430059,0.0261816121296101,0.0266790674509189,0.0306618080286211,0.0316340081623748,0.0311988494095804,0.0331950897433614,0.0309551327084668,0.029889671563022,0.0284935743964466,0.0261254777827252,0.0239719247144004,0.0185073223477811,residential,5,spring,1,8,518.8829925,4151.06394,0
9,2021-05-10,0.0148501545908112,0.0134740164552554,0.0115602116145247,0.0111016024371029,0.0114858706527529,0.0148875611072135,0.0275247930332902,0.0321269679028441,0.0339123114461241,0.0354896831278006,0.0314347043943547,0.0301708592351028,0.0263240742043406,0.0289723927399634,0.0339481878644681,0.0317832951410016,0.0318431098626224,0.0337590152657016,0.0313954779012759,0.0305069015509177,0.0289347725607292,0.0266223240154417,0.0244006173473239,0.0186468880842824,residential,5,spring,0,8,518.8829925,4151.06394,0
9,2021-05-11,0.0140227085206646,0.0127407355584923,0.0120789259267907,0.0116711840733555,0.0120501948181534,0.01575554360088,0.023167815712496,0.0271597300156495,0.0250713178974247,0.023819445166692,0.0207327462245267,0.0191156753909417,0.0186035346357593,0.0191479087302008,0.0179343209048739,0.0190044393445709,0.0198626330257657,0.0229432390468592,0.0257389065749808,0.0250108257090749,0.022696242097587,0.0199623287301777,0.0177789980311866,0.0135763226827046,residential,5,spring,0,8,518.8829925,4151.06394,0
9,2021-05-12,0.0087246067158168,0.0065020339214277,0.0048763311423063,0.0043050346705849,0.0045778216162201,0.0077397352988495,0.0194691349307306,0.0230366453156614,0.0255494285724849,0.0255435359311369,0.0248704373987401,0.0237119878524869,0.0208337734339876,0.0222182175719302,0.0279089188265401,0.0292214588378508,0.0304677043704097,0.0302925749655259,0.0266847608269349,0.02581037817517,0.0234116598694563,0.0220113093702096,0.0187892921546004,0.0130069096264884,residential,5,spring,0,8,518.8829925,4151.06394,0
9,2021-05-13,0.0087344124366469,0.0074025457958796,0.0059021664370236,0.0052553202396145,0.0056105608448982,0.0092196245658101,0.0223506025933695,0.0254387446829124,0.0281038132398429,0.029623611346679,0.0272407424776356,0.0250985390527542,0.0237487646785206,0.0252239999208207,0.0281911278397253,0.0240768295222897,0.0221678245581236,0.0272461044952253,0.0267864397464512,0.0258482399311132,0.0236901395715726,0.0229141405548853,0.0206691875392931,0.0137626534675893,residential,5,spring,0,8,518.8829925,4151.06394,0
9,2021-05-14,0.0105770919539491,0.0093651896829674,0.0071812201463784,0.0072903600311763,0.0076660970611312,0.0108003808036792,0.0236600763362665,0.0283927526699305,0.0291493264819233,0.0301294235601867,0.0286033822261611,0.0248130027294074,0.0241522773844511,0.0252227366292523,0.0258802882504765,0.0251825197386555,0.0265571682738629,0.0263405762948718,0.0295920891596554,0.0275845869572332,0.0241549029597536,0.022442445276519,0.0204053689457092,0.0141852809095599,residential,5,spring,0,8,518.8829925,4151.06394,0
9,2021-05-15,0.0115949628489449,0.0094132781693308,0.0079219071839959,0.0084210175283593,0.0088381920055375,0.0114245705419772,0.0247604681621456,0.0277109379073933,0.0270116014905889,0.0286869582757155,0.0282974274627366,0.0242257181226932,0.0263763135137749,0.0263700192102291,0.0276011373431303,0.0305366352363445,0.0276920010991757,0.0300269782145286,0.0309338850188239,0.0298696303004627,0.0252801658107223,0.0234956381762032,0.0214195735078992,0.0152728944955653,residential,5,spring,1,8,518.8829925,4151.06394,0
9,2021-05-16,0.0113510860970375,0.0101082683886134,0.0085762155376443,0.0081049534143992,0.0094641452036715,0.0122925906249737,0.0243383984997977,0.029995291911995,0.0307651073122076,0.0314125490149572,0.0297644772009276,0.0293499569437854,0.0256327473408784,0.0279113880766582,0.0338111471457247,0.0311120214003089,0.031542473300884,0.0342060540219473,0.0307539696208362,0.0256313452606387,0.0232722151462727,0.0212761186932644,0.019038525877778,0.014044950002828,residential,5,spring,1,8,518.8829925,4151.06394,0
9,2021-05-17,0.0089428370319818,0.0064476426415554,0.0052699913329889,0.0048484054815778,0.0040671031708289,0.0078049015297762,0.0203860012179881,0.022836589661855,0.0236960110278438,0.0232505750951253,0.0220153978831696,0.0194979575657601,0.0202332778847889,0.023046386710295,0.0249472048515873,0.027325362938916,0.0299696496663065,0.0292982316476714,0.0279014832832613,0.0257339123875689,0.0233659958447428,0.0217847196737581,0.0189035681719714,0.0133286450011361,residential,5,spring,0,8,518.8829925,4151.06394,0
9,2021-05-18,0.010464628855644,0.0084202388928727,0.0066013475071303,0.0074594445315015,0.007840428335861,0.0099940817871411,0.022545759421715,0.0249531096274025,0.0244867081294825,0.0238635895646866,0.0228868934898159,0.0215848498190728,0.0197940362709986,0.0180304732403015,0.0182279925700901,0.0209829001539459,0.0216255180792951,0.0229566605613985,0.0250346412680604,0.0233190412385568,0.0196629170741529,0.0184791021627213,0.0163858353454269,0.0109748545193155,residential,5,spring,0,8,518.8829925,4151.06394,0
9,2021-05-19,0.0074262070744165,0.0062040208968304,0.0047640154274356,0.005112144247528,0.0055423915361853,0.0084763706132119,0.0212346479481408,0.0238628554292825,0.0244903536876837,0.0254058016307073,0.0252127158220652,0.0227338708111131,0.0210214873871021,0.0222467328183885,0.0242889117917329,0.0266688503995907,0.0274961504951402,0.0263835239981323,0.0281483379399094,0.0261027064363722,0.0224489880669865,0.0209359272787072,0.0188605443620786,0.0122020133853748,residential,5,spring,0,8,518.8829925,4151.06394,0
9,2021-05-20,0.0089599766353882,0.0077334220435667,0.0063494193058364,0.0068324889609181,0.0072991119229983,0.0098795826203732,0.0231796446783025,0.0262130658816544,0.0265160031657367,0.025883283891299,0.0271491514955179,0.0244585693152289,0.0229775350227048,0.024148604671239,0.0264818672505917,0.0282332393553558,0.0283198998781498,0.0282287959711106,0.0291200397386297,0.0272342580615739,0.023911092551317,0.022200900103476,0.0199862975396953,0.0143247043454054,residential,5,spring,0,8,518.8829925,4151.06394,0
9,2021-05-21,0.0109917085815761,0.0097689912793669,0.0082695053749549,0.008785511753972,0.009206482581356,0.0119879907254727,0.0248011540868189,0.0273212533138713,0.0265554465192265,0.0274700731602954,0.0261513782676068,0.0222683349996327,0.022388251914203,0.0188259019027847,0.0155678879438672,0.0165261886891031,0.0181148339044329,0.0215845675238939,0.0245227402868339,0.0237382194745233,0.0217503460334925,0.0196941306011664,0.0175423734760233,0.0119375611018558,residential,5,spring,0,8,518.8829925,4151.06394,0
9,2021-05-22,0.0086270570881805,0.0074471308106463,0.0058642748758045,0.0065500605893371,0.0070138816336489,0.0100073520007891,0.0224860490490043,0.0248166791762467,0.0235855059589864,0.0219782963235885,0.0232582825258461,0.0208437830888665,0.02084497286301,0.0228036448504915,0.0254306514313176,0.0292667943647018,0.0288460326734228,0.0295286832098152,0.0284852321627126,0.0276054386076699,0.0249902189180352,0.0227788808635666,0.0205324726163803,0.0140882106575302,residential,5,spring,1,8,518.8829925,4151.06394,0
9,2021-05-23,0.0105166491505015,0.0093061715965159,0.007739386293721,0.0073725677312751,0.0076331927814969,0.0108969788681551,0.0224605968089049,0.0275603526198732,0.0283580453525629,0.029647345272889,0.0288954156303495,0.0257167095079729,0.025462472089485,0.0280789856408662,0.0259595316893002,0.0303201639845556,0.0312253075264698,0.029273766868039,0.0313378975323636,0.0292687517412821,0.0262534836290449,0.0243056271044778,0.0222211352221712,0.0155594644877092,residential,5,spring,1,8,518.8829925,4151.06394,0
9,2021-05-24,0.0120440209945341,0.0107413044498703,0.0082920921804244,0.0086665288886498,0.0090122404800577,0.01134721198428,0.0238184659423173,0.0278940615764383,0.0311058192502973,0.0311451530544082,0.030541854530023,0.0281729837522185,0.0251489417858896,0.0283071165667937,0.0308398184797599,0.0335863628584829,0.0343799716109534,0.0338354573848822,0.0327945689262157,0.0281847424606529,0.0265904197645413,0.0247038091954013,0.0226667273733925,0.0168815188266834,residential,5,spring,0,8,518.8829925,4151.06394,0
9,2021-05-25,0.0124786381894059,0.0112562414808148,0.0096545775555517,0.0100925697633931,0.0104667101953244,0.0131527957508619,0.0263175238521167,0.0295715278765512,0.0324369054980147,0.0312941321331345,0.0306785322512117,0.029987779543406,0.0265635861479491,0.0303215085694822,0.0331714227786749,0.0336850563231956,0.032420663810358,0.0331836282846282,0.031105493937101,0.0302514830290369,0.0278485808893582,0.0252166348148491,0.0230161536368304,0.0180717609562505,residential,5,spring,0,8,518.8829925,4151.06394,0
9,2021-05-26,0.0139607183425505,0.0126084724012346,0.0106951093325264,0.0113855394512033,0.0106293469379453,0.014482857937031,0.026660251602393,0.0312812864991962,0.0344751418284099,0.033940820644131,0.0319479934580025,0.0289490584604077,0.0267007007223112,0.0293174470593267,0.0358510805848457,0.035117567195045,0.0362466394109519,0.037886239446835,0.0357589529054455,0.0317385597194724,0.0281729214619949,0.0264111250541145,0.0242143920098857,0.0180992128919992,residential,5,spring,0,8,518.8829925,4151.06394,0
9,2021-05-27,0.0140887371061008,0.0128612632102482,0.0114129528606208,0.0116554999183048,0.0119672036678267,0.0146988913094182,0.0277419715533143,0.0322476244938929,0.0328176347023671,0.0353359093382798,0.0345771172614339,0.0292116695639195,0.0292451649803856,0.029587689206987,0.030414840302859,0.0361178922083081,0.0376611506124925,0.0361627226783044,0.0354681992229442,0.033090861840946,0.0292348352338029,0.0278834451829867,0.0257063785312274,0.0194227316475329,residential,5,spring,0,8,518.8829925,4151.06394,0
9,2021-05-28,0.0165805568894215,0.0142174839817178,0.0130237639291556,0.0145444906411779,0.0136364257786427,0.0159909187541191,0.0282171733704201,0.0324994069979657,0.0316006558476653,0.0326458971882524,0.0325081866071256,0.0299083068549508,0.0294945986019343,0.0319223357382468,0.0262105419270289,0.0264020512628765,0.0300549761537672,0.0294592231013524,0.0316729755178005,0.0309438658015266,0.0266846792653613,0.0271960636717045,0.023712802970759,0.0174036907727742,residential,5,spring,0,8,518.8829925,4151.06394,0
9,2021-05-29,0.0134359282149268,0.012286096476767,0.0112986794371031,0.0090868819891618,0.010406932561239,0.0157380242269965,0.0283996997737556,0.0293680999850284,0.0295655496063344,0.0264470537194928,0.0258080585714136,0.0302064116686221,0.0232086337616231,0.0221079245047201,0.0260089941386907,0.0217055054228539,0.0223832085120007,0.0239226546299545,0.0268028598089736,0.0259628933191964,0.0233528651400812,0.0220013467941243,0.0198260786093437,0.0148572934656825,residential,5,spring,1,8,518.8829925,4151.06394,0
9,2021-05-30,0.0120808036405778,0.0109637444357191,0.0090082870947518,0.0101065955446225,0.0106122673060706,0.0135176232864878,0.0267501190146901,0.0311098087096913,0.0323314780521501,0.0304950879725867,0.0313089746198888,0.0309975013231774,0.0289925543799873,0.0281315947630081,0.0320472502542967,0.0309003848567244,0.0320409342781549,0.0330018244798181,0.0307662750818894,0.0298529746818058,0.0293117527449903,0.026133588794773,0.0239224346771367,0.0196286186535133,residential,5,spring,1,8,518.8829925,4151.06394,0
9,2021-05-31,0.0149287683492998,0.0137029835732442,0.0122777824042335,0.0127105788615775,0.013125885203376,0.0163585016071529,0.0292425080885446,0.0323362133622966,0.0332563703341792,0.0335823553880645,0.0340047324463591,0.030684198063881,0.0285666556077091,0.0291766167737184,0.034636216325171,0.0301823757227896,0.0306212633342799,0.0349912984439424,0.0326029065760238,0.0315383796505334,0.0299223944287009,0.0275447989988191,0.0252790224080105,0.0196714975524644,residential,5,spring,0,8,518.8829925,4151.06394,0
9,2021-06-01,0.0151025822019324,0.0135307175382541,0.0120389918947065,0.0124820446599021,0.0132397417054118,0.0171213046934684,0.0305507885847915,0.0336026738305168,0.0323335771768766,0.0367536333763502,0.0363983479262376,0.0307310529369812,0.0302512285018837,0.0335131624292746,0.0352234968260221,0.0366559990758039,0.0372025850349362,0.0402305166158747,0.0348707655772038,0.0337657146709181,0.0310373702659348,0.0285853053472232,0.0263933284979091,0.0219163290438037,residential,6,summer,0,8,518.8829925,4151.06394,0
9,2021-06-02,0.0174020663070044,0.0161837642824464,0.0150719953108314,0.0151683333730374,0.0142779917963884,0.0169076767028322,0.0310690819076264,0.0328592831892583,0.0322943418706311,0.0365610871512525,0.035661081566526,0.0330462741625312,0.0273800605602243,0.0294572425065231,0.0307005615490467,0.0275894227867562,0.028514349963558,0.031801446140691,0.0350868031811177,0.0316702508865469,0.0303845972461463,0.0277690239749464,0.0256918169356171,0.0204600327761119,residential,6,summer,0,8,518.8829925,4151.06394,0
9,2021-06-03,0.0167540304203668,0.015001453972025,0.0139003492297352,0.0132684121724132,0.0150172267514121,0.0178510271246815,0.0297023993269109,0.0341990868718316,0.0345451171217118,0.036818537135235,0.0360353617703545,0.0323348071071858,0.0320604565293358,0.0336555978732259,0.0353278028921016,0.0381568521520599,0.0391432590197217,0.0389167039927423,0.0367608191727839,0.0340159463313537,0.0319799547246559,0.0302567227945545,0.0268296741254097,0.0215731380713248,residential,6,summer,0,8,518.8829925,4151.06394,0
9,2021-06-04,0.0175494086766453,0.016380977494363,0.0150227254739173,0.0152072281602926,0.0154603748618325,0.0185812488363519,0.0314155332061596,0.03478586371709,0.035103498013233,0.0380466856675714,0.0365588053765788,0.0331117230572951,0.0300372225217923,0.0316903796111321,0.0337714522676061,0.0348070191142321,0.0370381881933038,0.0380600420315703,0.0367197235208095,0.0341954359562606,0.0320901431928477,0.0304150809213695,0.0282291885350303,0.0216364865736674,residential,6,summer,0,8,518.8829925,4151.06394,0
9,2021-06-05,0.0177252211904976,0.0163612635000226,0.015294956257149,0.015249475208883,0.0142103327630056,0.0179413180483734,0.031265208231374,0.0344000772228523,0.0331060825647511,0.0371065850516043,0.0363681504744099,0.0325909806799848,0.0318399048646441,0.0334555741303124,0.0352155239803412,0.0350746476716154,0.0355220143862781,0.0364848731845719,0.0349411929863944,0.0331693192333512,0.0305954755220667,0.0293359136890419,0.0275757440237431,0.021671180907284,residential,6,summer,1,8,518.8829925,4151.06394,0
9,2021-06-06,0.0173808443668968,0.0173128842796852,0.0144447542786356,0.0147433287425013,0.015082437369423,0.0178675559556149,0.0311806310989748,0.0342566709211281,0.0324315389204845,0.0353409146778908,0.0361693093281348,0.0305658419431435,0.0322848239052891,0.0312525668432785,0.029826624426273,0.0319018312498788,0.0291700823751897,0.0321364290925035,0.0349571387878879,0.0335002618102691,0.0309637008247991,0.0280660154647796,0.0259301604983198,0.0207926894847899,residential,6,summer,1,8,518.8829925,4151.06394,0
9,2021-06-07,0.0183078080935203,0.0163216075630036,0.0145967415890703,0.0145795194376017,0.0136684705714587,0.0143527282656107,0.0291969264054351,0.0336503026749211,0.0316143842945589,0.0332583358182946,0.0288573545845072,0.025300578035389,0.0281783553412336,0.0275425802581043,0.026120285324847,0.030190352041959,0.028354960580912,0.0296365579963531,0.0330961585504372,0.0324241627603927,0.0294556747939378,0.0245515253812142,0.0218487417611209,0.0164009870170965,residential,6,summer,0,8,518.8829925,4151.06394,0
9,2021-06-08,0.0136241753089284,0.0138490627112765,0.0130993467299141,0.0137017033942043,0.0142871553127381,0.0174407250865576,0.029952839439408,0.0322709058019043,0.0311915879701687,0.0280683698564818,0.0229667561711244,0.0206111842151018,0.0207791820425865,0.0223200533223174,0.021998108222346,0.0201483905685314,0.0212498967093679,0.0222337383511575,0.0269010196000978,0.0260835847404186,0.0239042266329679,0.0223094788856686,0.0201961136520473,0.0151759799861823,residential,6,summer,0,8,518.8829925,4151.06394,0
9,2021-06-09,0.0125969214996572,0.0105940641890135,0.0091740611235691,0.0121713054928681,0.0115486765806368,0.015461007306511,0.0274177644161443,0.0314918535078198,0.0301783944469452,0.0304893286987066,0.0297390076590447,0.0281620380386888,0.0266949373244092,0.0256598534356835,0.0225939090252976,0.0202197284721215,0.0204586350244736,0.0220334696354321,0.0258159840893631,0.0261604810911259,0.0234740359481971,0.0234396970598949,0.0227788669470931,0.01518595969572,residential,6,summer,0,8,518.8829925,4151.06394,0
9,2021-06-10,0.0143030750457256,0.0133442972053415,0.0102466462148083,0.0088333611647531,0.0081743758681473,0.0106442510163301,0.0233447963180641,0.026629725558091,0.0240954407729731,0.0233420085598602,0.022352864379067,0.0187738155494571,0.0203457824847725,0.0191680407850548,0.0153264214640844,0.0176175020956886,0.0198809975674892,0.0219540873673763,0.0259330155479954,0.0253723620569227,0.0230880999980502,0.0216935889688855,0.0196160702503627,0.014417702374108,residential,6,summer,0,8,518.8829925,4151.06394,0
9,2021-06-11,0.0107736664028055,0.0086106687501675,0.007714866694895,0.0088386070763733,0.0093687188280615,0.0120176166970713,0.0256829364902698,0.0290900273433589,0.0283786274699849,0.0294371135774044,0.0286868492946408,0.027801357395612,0.0255698434581086,0.0290733338090253,0.0330601496398482,0.0342890109219085,0.0333972773078926,0.0328553355895781,0.0321389881169293,0.0308465992602762,0.0279781008787225,0.0271317324682354,0.0250263848070853,0.0189963376169899,residential,6,summer,0,8,518.8829925,4151.06394,0
9,2021-06-12,0.013634405019014,0.012188542008499,0.0112604512203964,0.0110912421729363,0.0114940313436227,0.0147482701485107,0.0273148208176859,0.0315662246969735,0.0314864148042867,0.031528195948678,0.031038617744607,0.02586932651524,0.0246847423644561,0.028046223058604,0.0263258619069268,0.0262613659998491,0.0264037411818366,0.0283147713460415,0.0309817198045703,0.0284899736246296,0.0252807518386693,0.0226742094042194,0.020419401654383,0.0150267187482914,residential,6,summer,1,8,518.8829925,4151.06394,0
9,2021-06-13,0.0125794030001596,0.0126417911894676,0.0111621018475151,0.0119434815474717,0.0124552874668566,0.0152850501194356,0.0284619269306877,0.0315107596122292,0.0314216511509702,0.0329769115851364,0.0320901493218797,0.0287803826990791,0.0243853992684403,0.0254467062597415,0.0272419932611476,0.0270832531428032,0.0287061325087821,0.0315423039424014,0.0319836304505913,0.0270396209921061,0.02459524357969,0.0226655591457427,0.0204638759733647,0.0152366224638794,residential,6,summer,1,8,518.8829925,4151.06394,0
9,2021-06-14,0.0126142387069753,0.0115047045488261,0.0094251315518767,0.0092153147678247,0.0095118479722063,0.0118903531648142,0.0238471725068217,0.0276187587848807,0.0264346480465191,0.0263859446183185,0.0256411956228906,0.0209914143916738,0.0195023595379942,0.0180396748814404,0.0177956067260209,0.0193085312905357,0.0192157300910552,0.022923217822447,0.0243829486382936,0.0225586001187688,0.0216681661000816,0.0193929037589536,0.017317650635659,0.0128425765940425,residential,6,summer,0,8,518.8829925,4151.06394,0
9,2021-06-15,0.0095842592924057,0.0084260192447362,0.0068119346457363,0.0065382971556188,0.0070519342881269,0.0106761360817239,0.0230105022425794,0.0257846751007378,0.0260447658412264,0.0277433478143397,0.0282083443146157,0.0250906042434727,0.0254539737998435,0.0260049099456477,0.0273743350135971,0.0295074167844781,0.029310978842082,0.03261439394243,0.0314330786778448,0.0275490229395214,0.0259388766707199,0.0236873949572095,0.0216486242422175,0.0168616480738225,residential,6,summer,0,8,518.8829925,4151.06394,0
9,2021-06-16,0.0126803470404047,0.0114947460015991,0.0100253451360077,0.0094754112008905,0.0097189461730271,0.0135639733527777,0.0269695437856778,0.031329686660955,0.0313382044174926,0.0305740706414183,0.0309167289715334,0.0288093776753268,0.0271667627976221,0.0277320372211095,0.0329824380428156,0.0285169570415367,0.0293174463539229,0.0336683076912888,0.031543082946335,0.0296495246570469,0.0279079926418985,0.0258407263798914,0.0237006708899727,0.0186156207633959,residential,6,summer,0,8,518.8829925,4151.06394,0
9,2021-06-17,0.0134520866595226,0.0132833619372944,0.0117282364947402,0.0110298207527195,0.0113681782356363,0.0149349337487232,0.0273597022885736,0.0316548692552021,0.031357841148219,0.0345676000759431,0.0321426814203228,0.0315618326737237,0.0261788219084922,0.0251999503048887,0.0228541642644049,0.0225968636480118,0.0245674551729167,0.0282601941965247,0.0297857057690105,0.0287732434880068,0.0269638143637395,0.0247706148964233,0.0226370504018757,0.0162444073049777,residential,6,summer,0,8,518.8829925,4151.06394,0
9,2021-06-18,0.0124479102305867,0.0112077223627855,0.0095061646819454,0.0101974693992584,0.0105435805568924,0.0133108503140261,0.0253065875437311,0.0293170669771141,0.0307879473082891,0.0326659351453905,0.0336420247085311,0.0318433428949591,0.0285863110116521,0.029601514941357,0.0339516540885802,0.0308312342942558,0.0359000267177987,0.0363868640475122,0.0343037784459093,0.0315218317690996,0.0292686109494627,0.0263251266697017,0.024217466828751,0.0186105341372506,residential,6,summer,0,8,518.8829925,4151.06394,0
9,2021-06-19,0.0150993962166605,0.0138082328628731,0.0117689672202823,0.0114826787087705,0.0117447770350076,0.0148025872299382,0.0276111794578409,0.0307642137382052,0.0322028840228742,0.0363780674977039,0.0371633215281593,0.0329723221727163,0.0292623632329789,0.0315200338372446,0.0323152602319437,0.0357719236961909,0.0366909753769571,0.0401167239783791,0.0346208265611573,0.0322810596630233,0.0307342767177339,0.027084044979867,0.0248826002490107,0.0205149935919508,residential,6,summer,1,8,518.8829925,4151.06394,0
9,2021-06-20,0.0171307227095668,0.0144724914229486,0.0128782348926154,0.0131244046275485,0.0121698217246395,0.0155906923471699,0.0280884275059029,0.0326177148933359,0.0336417413925848,0.0350609463011568,0.0341834037858388,0.0336720299747385,0.0310600460497289,0.0331280877978129,0.0322342925229666,0.0354955520365664,0.0380163487878363,0.0415490836599547,0.0368524905526273,0.03251890385043,0.0309938640285305,0.027291743235945,0.0251298939361196,0.0209281513971474,residential,6,summer,1,8,518.8829925,4151.06394,0
9,2021-06-21,0.0160530568294028,0.0160971395519133,0.0134606844812233,0.0135017611595262,0.0137383010285939,0.0165958322227499,0.029584610059264,0.0338098474833029,0.0331499930918325,0.0335332549471771,0.0340368614318705,0.0347254540721512,0.0310988641409536,0.0328837210772298,0.0374750916475602,0.037151087290347,0.0390408169459211,0.0409945099980735,0.0373360111739787,0.0341243039288863,0.0314515833191821,0.0288964179842435,0.0267934242628669,0.0213102438242156,residential,6,summer,0,8,518.8829925,4151.06394,0
9,2021-06-22,0.0176083140210548,0.0163516601818151,0.013994440387013,0.0136848513561945,0.0139890213355077,0.017368540764861,0.029643015108877,0.0353072861632058,0.03500851355342,0.0352915518190852,0.0359900454591101,0.0352161454504238,0.0315349138710906,0.0334559739660403,0.0354663182726116,0.0372413854564398,0.040338063818311,0.0418886473566777,0.0376374718653449,0.03432652990242,0.0319573294897322,0.0290116892335504,0.0268908200173553,0.0216462431849392,residential,6,summer,0,8,518.8829925,4151.06394,0
9,2021-06-23,0.0178172601833016,0.0165090143336983,0.0144312072090736,0.0138605646298835,0.0153932266022064,0.0171436601479982,0.0300449763786297,0.0346973727969561,0.0354243892947081,0.035337693281145,0.0361745166224365,0.0354331704180127,0.0316042468160934,0.0334942291618949,0.0371835552149912,0.0360412029675945,0.0371078808777023,0.0372552144256879,0.0371294922266374,0.0341908134883064,0.0323359223266539,0.0300640206545166,0.0280152103360095,0.0220729281337493,residential,6,summer,0,8,518.8829925,4151.06394,0
9,2021-06-24,0.0177660619896761,0.0165661904445983,0.0151639148437594,0.0151110164374366,0.0155033888591891,0.0189968313099875,0.031580820865842,0.0347037247722495,0.0357287114108766,0.03612081948099,0.0366334213873647,0.0353785759525294,0.0322374743718554,0.0346699848320837,0.0356766819415205,0.0385424967288059,0.0390036240298746,0.0396631465313076,0.0386919066117228,0.0345605056329811,0.0326167472848008,0.0307017301331529,0.0283780626501786,0.0228560702334679,residential,6,summer,0,8,518.8829925,4151.06394,0
9,2021-06-25,0.0179278917150047,0.0181237590207467,0.0160617250713685,0.015527627910208,0.0156758046956174,0.0192269803837524,0.0315268268862885,0.0344470262658212,0.0337162106715188,0.0371149748421563,0.0363726755949735,0.0346838251549912,0.0317939015688985,0.0333335339314137,0.0372326961870676,0.036854064664158,0.0383176824798899,0.040129994405115,0.0387383879840021,0.0342588142187913,0.0324547865099591,0.0302058125765348,0.0280921922716913,0.0220748040476021,residential,6,summer,0,8,518.8829925,4151.06394,0
9,2021-06-26,0.0178048926238221,0.0165098100752265,0.0151800633104829,0.0154988917064343,0.0155664354129236,0.0167530708301012,0.0312251948059396,0.0342473707251816,0.0357347091436465,0.0364978578308367,0.0355291772070811,0.0355704489622462,0.0315503035424113,0.0336067170715321,0.0317221376117743,0.0357577202148041,0.0374027224214521,0.0418011003762427,0.0382193551407264,0.0340007700107042,0.0317467685609628,0.03000274084561,0.0278805147253971,0.0211453573957904,residential,6,summer,1,8,518.8829925,4151.06394,0
9,2021-06-27,0.0175192365370961,0.0163600659270164,0.0143782120160308,0.0152185697192637,0.0155739523727551,0.0181485247132854,0.0312990972246542,0.0342097312975659,0.034502528431775,0.0343793739592148,0.0312272926282576,0.0301227320335621,0.0303469815311532,0.0300778892676898,0.0326037538035105,0.0360271284293873,0.0346830792794016,0.0368997482713459,0.0364528702361919,0.034431212510375,0.029641738473141,0.0290377070810909,0.0256821903864237,0.0204201525647603,residential,6,summer,1,8,518.8829925,4151.06394,0
9,2021-06-28,0.0123021131587756,0.0119781336838217,0.0107576217554219,0.0118678613526907,0.0122852427867184,0.013529020972971,0.0264645208801802,0.027836657477553,0.028698808448395,0.0283138744405312,0.02764851139808,0.02478447546156,0.0240485588101564,0.0240486080964488,0.0193147081505081,0.0223311046533772,0.025091013994636,0.0256464031966181,0.0291760625907912,0.0282429455418841,0.025297645812457,0.0242487984801136,0.0221435878156859,0.0165434688921994,residential,6,summer,0,8,518.8829925,4151.06394,0
9,2021-06-29,0.0134241851223864,0.0111554358869035,0.0097517167301484,0.0102919622951394,0.0107484715823633,0.0125930013026307,0.0249834916328253,0.026257035041901,0.0261448579546924,0.0293464204073903,0.0303551091356531,0.0254253265818092,0.0216241226136388,0.0238030537009953,0.0214091400549058,0.0228195138633146,0.0243034424704085,0.0275026666806371,0.0290675468411288,0.0279111592124705,0.0253750900381078,0.0227710688454096,0.0206601575611359,0.015797416606015,residential,6,summer,0,8,518.8829925,4151.06394,0
9,2021-06-30,0.0118309969119614,0.0106504238417262,0.0089859071668355,0.0096807571317274,0.0101309472357079,0.0125184152091385,0.0247282910839624,0.0287627208464116,0.0281065524536798,0.0304868454422285,0.0302435560469379,0.027513835489076,0.0200450511091486,0.0213144520931383,0.0217805100816619,0.0261919382359613,0.026709647235677,0.0252960452353134,0.0280592467882732,0.0264171943865295,0.0246004381515397,0.023126895385547,0.021637934339956,0.0172566238729762,residential,6,summer,0,8,518.8829925,4151.06394,0
9,2021-07-01,0.0140977184296636,0.0129826703512378,0.0117345170218576,0.0120774354575885,0.0124998088289221,0.0164049159740969,0.0288644742899277,0.0317899888199946,0.0327585344589827,0.034548085217613,0.0335938545272254,0.0290999806744525,0.0292462425035921,0.0308833611542334,0.0320057056620954,0.0354945498536469,0.0377823537034752,0.0381824353279224,0.0368688412735732,0.0328443677081379,0.0302054034762906,0.029154704082103,0.0270573076146176,0.0203718323398645,residential,7,summer,0,8,518.8829925,4151.06394,0
9,2021-07-02,0.0167585536925489,0.0156746971443359,0.0140651928087972,0.0145192680165576,0.0147851346984688,0.0174188362599735,0.0303659503684256,0.0332774410300116,0.0329310224467189,0.0363899836471599,0.0369463948678088,0.0296640119000242,0.0305166328196767,0.0323991026394744,0.0321686419083139,0.0348742979970803,0.033474544926199,0.0327482417525449,0.0341485439428871,0.0328832786529179,0.0299924768256516,0.0289618841469913,0.0268757953045067,0.0205024470307008,residential,7,summer,0,8,518.8829925,4151.06394,0
9,2021-07-03,0.0165399179395592,0.0167021200796377,0.0138249059583551,0.0142255528946297,0.0145771597741778,0.017560695989478,0.0304642798849035,0.0333726401464888,0.0326359827726782,0.0325946376846366,0.0351556292965741,0.0276536759482638,0.0298437026609447,0.0313279774832833,0.0292395652633788,0.032048326829253,0.031821274629701,0.030308518036884,0.0330465664872402,0.0323527475951423,0.0292051014446073,0.0285501091169655,0.026462531609944,0.0197931522934048,residential,7,summer,1,8,518.8829925,4151.06394,0
9,2021-07-04,0.0162450578570995,0.0151192617053963,0.0133687379797916,0.0140927922177962,0.0144787862831929,0.0159592357760493,0.0299040207749386,0.0325098700147196,0.0298333843899976,0.0279008076092848,0.0269023488874569,0.0258077248035353,0.0235209646654154,0.0250277748033171,0.0232613024361057,0.0261900470227776,0.0274924330612226,0.0268309694481007,0.0307813363255961,0.0300953409466389,0.0256465298067635,0.0224967488339665,0.0192696402333236,0.013456001290648,residential,7,summer,1,8,518.8829925,4151.06394,0
9,2021-07-05,0.0101888753875461,0.0080238021243336,0.0066922891663133,0.0077498382966563,0.008041628926249,0.0107538131160494,0.0236193444896908,0.0278199818013783,0.0262329008787586,0.0288931182234355,0.0304264919141896,0.0252289814129936,0.0275686878381605,0.0259932781045534,0.0234365756409502,0.0179912564020774,0.0196133587750165,0.0223257985089677,0.0262509514593429,0.0242698533501212,0.0223072076971418,0.0224204206311452,0.0191555578851308,0.0134505475039093,residential,7,summer,0,8,518.8829925,4151.06394,0
9,2021-07-06,0.0104020762317473,0.0081995125613636,0.0073758209163056,0.0082784760862595,0.0086950616957331,0.0105685744910953,0.0243531035433938,0.0284447944461537,0.0279048865916543,0.03063565433051,0.0307142583961222,0.0283624923425393,0.0269926374942648,0.029663011195897,0.0330484327996375,0.0308106570482064,0.029280953812852,0.0304338076842872,0.0318026022145926,0.0310720640566816,0.0276702625881367,0.026083112034036,0.0239005237458906,0.0181306338327328,residential,7,summer,0,8,518.8829925,4151.06394,0
9,2021-07-07,0.0151850313509025,0.0128078891779351,0.0113623207597243,0.0119241420413366,0.0123328892179779,0.0149658527407287,0.0271099242644266,0.0313502055777031,0.0312552690146695,0.0354525034405844,0.0356709145819828,0.031520734727612,0.0298723119558583,0.0317544169766663,0.0347095669340587,0.0368932940242262,0.0390428522969621,0.0393644287229441,0.0373178576046778,0.0331313685998013,0.0301134735362116,0.0293757172528922,0.0260631469909491,0.0202245919046276,residential,7,summer,0,8,518.8829925,4151.06394,0
9,2021-07-08,0.0171931397945259,0.0158980159293876,0.0128060215228239,0.0134254370684353,0.0137228979884686,0.0159116952550967,0.0294063456814738,0.033670204001636,0.0340019521929721,0.0369937912498675,0.0357845258334178,0.0317762992074648,0.0309139074293009,0.0323897222971858,0.0348237793899355,0.0386188421799216,0.0391307232117043,0.0398958999289944,0.0380636876030389,0.0332426800240212,0.0302095298526685,0.0283986003538144,0.0263972875659405,0.020387745692631,residential,7,summer,0,8,518.8829925,4151.06394,0
9,2021-07-09,0.0174068132357461,0.0161100450609244,0.0133561460708714,0.0136734447920032,0.0138688469856186,0.0166009002061024,0.0296141586379951,0.0339266567476323,0.0339032787987185,0.0359896105800345,0.0363875300034386,0.0327335276527927,0.0311884319856594,0.0345004259524665,0.0360655874020888,0.0416305170698836,0.0419083220494085,0.0413514375999802,0.0390669142391958,0.0341991116745494,0.0314967191571451,0.0306911624301103,0.027252875599872,0.0217576130423191,residential,7,summer,0,8,518.8829925,4151.06394,0
9,2021-07-10,0.0180216888219868,0.0166798266296766,0.0146124871489107,0.0153009796800767,0.0142440659981174,0.0171996440668125,0.0298865498582,0.0328683121654901,0.0346502540886387,0.0362343749314589,0.0363685204045049,0.034432175265499,0.0329649470519819,0.034755799098439,0.0374470264378118,0.0421841203621305,0.0447515347534967,0.0466494701336472,0.044469362611848,0.037022153463793,0.03396781924721,0.030777950207445,0.0302143646355443,0.0247181360183327,residential,7,summer,1,8,518.8829925,4151.06394,0
9,2021-07-11,0.0229688047299013,0.0201542441358259,0.0161627879708242,0.0154641044394973,0.0154528250780835,0.0192376964809162,0.0308837228449792,0.0350291033180643,0.034453456343709,0.0363782469645986,0.0353427897392407,0.0300016641677301,0.0311962637902107,0.0325004343204568,0.0323504980180534,0.0392042073551654,0.0373698539134087,0.0311361462234673,0.0343030361094175,0.0321009110054547,0.0289934591604669,0.0281980175601776,0.0260303529898405,0.020233039817733,residential,7,summer,1,8,518.8829925,4151.06394,0
9,2021-07-12,0.0156765456376043,0.0143205188912636,0.0131921811109124,0.014371553243939,0.0146241232914594,0.0168322736403495,0.0300778724909576,0.0329152870189795,0.0328103141818481,0.0373917080533717,0.0378094273926397,0.033115603440872,0.0288505835964608,0.0361506231984339,0.0350171497673522,0.0419999042362627,0.0425961313979634,0.040478371776211,0.0395243948659494,0.0337339796469822,0.0312449461152962,0.030051483355545,0.0277448052807545,0.0206209167248268,residential,7,summer,0,8,518.8829925,4151.06394,0
9,2021-07-13,0.0172962186874838,0.0161038465162352,0.013873043856123,0.0135890873536432,0.014006812953654,0.0169511106768651,0.029735962336905,0.0338938471911499,0.0358806944454142,0.0364344627404079,0.0367847383193023,0.034540150703615,0.0325338674248175,0.0340794147790331,0.0375272617937971,0.0432576747743659,0.0426045859001471,0.0408067764926843,0.0393911218283478,0.0353395327714893,0.0317934837660571,0.0304261064619525,0.0283321657911162,0.0219774864252967,residential,7,summer,0,8,518.8829925,4151.06394,0
9,2021-07-14,0.0180754669752407,0.0168667085162201,0.0149628738038547,0.0142070934700199,0.0143983400846615,0.0176006634444185,0.0301476101536735,0.0330817628304269,0.0340518908206059,0.0368590217922026,0.035128320050522,0.0324165594432158,0.0315899960370503,0.031786710069197,0.0298727241012968,0.0317847099705561,0.0308973538394275,0.0321643608450369,0.0335955305276037,0.0326191910586025,0.030062219866124,0.0287472156951129,0.0266607305924806,0.0202367480255985,residential,7,summer,0,8,518.8829925,4151.06394,0
9,2021-07-15,0.0175940853428852,0.014947165323903,0.0131496306109649,0.0138593374280643,0.0142370107308972,0.0164215353307529,0.029849946641834,0.0328553082425902,0.0315905033349443,0.0291388852443862,0.0308813190520539,0.0281668162792261,0.032385150732302,0.0333943362935801,0.0334198119556886,0.0380117715353544,0.0405629395530571,0.0372038004480646,0.0393411629751622,0.0353072561655775,0.0296497113328818,0.0303876913166282,0.0270792026917959,0.0206448853326982,residential,7,summer,0,8,518.8829925,4151.06394,0
9,2021-07-16,0.0182388249195017,0.0158519847055551,0.0137639837123812,0.0147204375367927,0.0149490294797932,0.0170187375075873,0.0304540963043891,0.0319973616924096,0.033192153618373,0.0381169514598425,0.0370581358960661,0.0324823712632404,0.033881403984438,0.0351656841868789,0.0341299242940581,0.0378678977343084,0.0406039036086095,0.0373682896673532,0.0387037489868009,0.0347447453945351,0.0302976552491409,0.0296017109100443,0.027403352673687,0.0209645343701267,residential,7,summer,0,8,518.8829925,4151.06394,0
9,2021-07-17,0.0171463204157277,0.0159107252811378,0.0136713004473134,0.0134277079544763,0.0137924329904196,0.0169258686269023,0.0294322469766699,0.033819045551867,0.0338958738940249,0.0388130317489546,0.0379604162017103,0.0343254962230238,0.0323396108744686,0.0341522676082907,0.0352470117322029,0.0392063961195416,0.0406290560314022,0.0401892464891862,0.0408680714434689,0.0347652184624822,0.0324891410384606,0.0309220407005079,0.027668773302555,0.0225241000858416,residential,7,summer,1,8,518.8829925,4151.06394,0
9,2021-07-18,0.0188806130039321,0.0179240653654154,0.0159720098375997,0.016956044094337,0.0170653263733057,0.0186918109521179,0.0313038174295793,0.0358560855756268,0.0354427348990805,0.0392349378836332,0.0396347326253733,0.0363632049217118,0.0359170153143101,0.0397302114863819,0.0363516199098237,0.0383957197867193,0.0364410617592949,0.0302510088701844,0.0316781584060421,0.0287936291141157,0.0271344000743381,0.0262944100036195,0.025393550395285,0.0179927918156263,residential,7,summer,1,8,518.8829925,4151.06394,0
9,2021-07-19,0.0151635918193508,0.0128011306825352,0.0095751360054224,0.0094305753067361,0.0097475629550844,0.013846097393701,0.0270244149360738,0.0279481426066491,0.0281523711596771,0.0266180662680206,0.0259912235357405,0.0219279729504756,0.0204066519971368,0.0222526213227325,0.022146062361732,0.0294702196247631,0.0337329368860433,0.0332996758224452,0.0339219886169935,0.029581044606784,0.0252021371714171,0.0245582446970462,0.0214133140095619,0.0161744634025125,residential,7,summer,0,8,518.8829925,4151.06394,0
9,2021-07-20,0.0138387336418169,0.0126216060330669,0.0092650160558272,0.0094787329288099,0.0110276200284438,0.0143614160599553,0.0268518648596795,0.0309109226729342,0.0321692721514923,0.0335497065825058,0.0324721572257105,0.0298877228162056,0.0296171160464216,0.0319500373000519,0.0330490351742204,0.037821521928803,0.0377964557753427,0.0380861990454871,0.0390977155936681,0.0328186454524359,0.0294722238252869,0.0276915140494457,0.0269120822650929,0.0199657211845124,residential,7,summer,0,8,518.8829925,4151.06394,0
9,2021-07-21,0.0165807186060896,0.015224182061884,0.0129084192486525,0.012925730382891,0.0133543222086608,0.0161069065806801,0.0277441893711311,0.0330579235474119,0.0343116028749862,0.03693174780406,0.0343859991943996,0.0316671051389101,0.0307583275728731,0.0326653993227483,0.0345618619990909,0.0375463074622133,0.038937737567186,0.0408231328008582,0.0380046453243304,0.0336402037385125,0.030928725250988,0.0284283123426012,0.0261195333249905,0.0203400210244094,residential,7,summer,0,8,518.8829925,4151.06394,0
9,2021-07-22,0.0169957423818621,0.0157447522411592,0.0132565513899635,0.013426634624872,0.0136949953916432,0.0161516284271807,0.0292328856095385,0.033415478298188,0.0336073424294841,0.0354207773307493,0.0345255780527606,0.0318322423103152,0.0308879244563277,0.0324507764537374,0.0333394123446658,0.0368526372092639,0.0392011514213315,0.040970323307774,0.0374539914597102,0.0335476446117953,0.0300124547984766,0.0284422809775563,0.0262474503448697,0.0200402492245647,residential,7,summer,0,8,518.8829925,4151.06394,0
9,2021-07-23,0.0170606128787011,0.0146048366432117,0.0130294123219019,0.0133254974853309,0.0136803680515896,0.0160000088208446,0.0291594548980838,0.0333336066617262,0.0327232053350156,0.0348536455036024,0.032904945236585,0.0301793958684758,0.029509379292164,0.0312504137271184,0.0341597358916125,0.0364508660548162,0.0348335468421214,0.0379428588357453,0.0373893527598421,0.0335239178593194,0.0297318786159823,0.0281793103307852,0.0261277505403342,0.0203545332746261,residential,7,summer,0,8,518.8829925,4151.06394,0
9,2021-07-24,0.0173185012931614,0.0160588936124162,0.0138270952539495,0.0148881335104149,0.0126504173166466,0.0173927385952878,0.0307023043985427,0.0323341750716521,0.0346931521994031,0.0350745079173054,0.0324503917227825,0.0302551928729394,0.0312210008499485,0.032791861763251,0.0290323554441402,0.0315619792343377,0.0334439403128908,0.0326422456915534,0.0340602493316982,0.033003355267746,0.0300260481733056,0.0279682170694016,0.0257616655143711,0.0202460489591157,residential,7,summer,1,8,518.8829925,4151.06394,0
9,2021-07-25,0.016790733707605,0.0155239038124972,0.0136294005324585,0.0144697299517902,0.0148709422853059,0.0169482977095051,0.0304901251979964,0.0334747031108741,0.0321257203328608,0.0347232229807474,0.0353737060392311,0.0306619001791079,0.0312615480257884,0.031307456216909,0.0338811185925339,0.0274255281774959,0.0304981147542755,0.0341008231811702,0.0350936499528906,0.033317124437692,0.0305089334758658,0.0280935658639831,0.0259152819265419,0.0206870232859115,residential,7,summer,1,8,518.8829925,4151.06394,0
9,2021-07-26,0.0169558643263919,0.0157157361097871,0.0144597053240848,0.0145892611397796,0.0136689473482038,0.0175715948829922,0.0291341995546448,0.0336418957335939,0.0335583432989632,0.0370860615005526,0.0358890159602371,0.0313396608526695,0.0312803411449941,0.0325075804131341,0.0362967203100213,0.0352901437804895,0.0336140665590654,0.0332395828830298,0.0355824036032286,0.0328878263281697,0.0298826936181882,0.0291214318933454,0.0269859925811529,0.0205607572874815,residential,7,summer,0,8,518.8829925,4151.06394,0
9,2021-07-27,0.0182721450511649,0.0171579752716364,0.0138585862152349,0.0145779019198913,0.0151078255490218,0.0178263518153754,0.0293793196362041,0.0324924744639756,0.0320785510872054,0.0336768779009546,0.0342425118465334,0.030866636662318,0.03003401630195,0.0312631556283034,0.0328055825554442,0.0345970233140113,0.0358491102424488,0.0368667381545886,0.0352874293749398,0.0332246660746716,0.0299341644535306,0.0294287556010392,0.025921053977157,0.0201619888348303,residential,7,summer,0,8,518.8829925,4151.06394,0
9,2021-07-28,0.0168397896912428,0.0157333588313742,0.0137797068741186,0.0145604200485749,0.0148461643401639,0.0154300432797597,0.0289088295118848,0.0305451823733876,0.0286309899880981,0.0327524676389813,0.0300597891562918,0.0295835196392484,0.0293741970503043,0.0300388182569722,0.0313767830575438,0.0346224556053959,0.038459282549558,0.0384111162702698,0.0372430762095948,0.0331602509772257,0.0304725829125807,0.0281084016516545,0.0274472249534121,0.0210838761223179,residential,7,summer,0,8,518.8829925,4151.06394,0
9,2021-07-29,0.0168699465051858,0.0155739213798091,0.013912562940512,0.0145458177123169,0.0149290611373865,0.017054515185087,0.0292148600932929,0.0333690710720691,0.0331432718015561,0.0361923554469305,0.0366580399182221,0.0327803317480806,0.0311593557412696,0.0299184430965357,0.0325330316503845,0.0353200257868673,0.0374243732561315,0.0383414540717914,0.0389722863678623,0.0330295369036004,0.0304908961895364,0.0294007420532693,0.0273639714871653,0.0205694684149709,residential,7,summer,0,8,518.8829925,4151.06394,0
9,2021-07-30,0.0171560238055665,0.015835972427297,0.0140541258612174,0.0146284943720609,0.0137828627800139,0.0173260026525905,0.0293456484376396,0.033459233770032,0.0347983669648441,0.0349470340561067,0.0287087334633765,0.031178142528624,0.0310608061705276,0.0337778948836319,0.0314659588737149,0.0375172457737129,0.0353467513188007,0.0350170589938015,0.0376552071627751,0.0346300455831066,0.0294111952942877,0.0268919900437597,0.0261235663913607,0.0204778192296517,residential,7,summer,0,8,518.8829925,4151.06394,0
9,2021-07-31,0.0171164478018168,0.0155767686753478,0.0130418619438429,0.0133252017796138,0.0138134313082909,0.0166215420025673,0.0293172745956314,0.0330810401784161,0.0338734577915576,0.0356524767534871,0.03552051140327,0.0312677332681377,0.032117223772399,0.0336770172367235,0.0347064611783801,0.0382517336703208,0.0393569987328877,0.0376977289997271,0.0370708628719344,0.0328974494064779,0.0307526510657104,0.0290821687671359,0.027324534847329,0.022779487489999,residential,7,summer,1,8,518.8829925,4151.06394,0
9,2021-08-01,0.0192920079605383,0.0181759925096266,0.0166902234314585,0.0165523137177728,0.0167566906971081,0.0201627936403992,0.0323926160177338,0.0365688735840294,0.0383069045468457,0.0375904623198494,0.0370541612281016,0.0345928640409607,0.0327051154306511,0.0363633799478682,0.0405666040277347,0.0409970902168913,0.0424307620314617,0.0445847734435207,0.043360979410899,0.0364056103994445,0.0300081023347415,0.0250848257565517,0.0229220572786666,0.0179174836144243,residential,8,summer,1,8,518.8829925,4151.06394,0
9,2021-08-02,0.0154278087902509,0.0154082517880585,0.0120267676329918,0.0141193588831496,0.0141987958534165,0.0156593458061334,0.028346403438565,0.0330441236995844,0.0347959038173867,0.0352464797296855,0.033061146636458,0.0319622183690406,0.0304806544277949,0.0347190974522044,0.0383274589554805,0.0411636409348104,0.042641480112426,0.0443375775503357,0.0412117192602217,0.0365307358458917,0.0340148627152551,0.0329651282525333,0.0239790232530878,0.020014789424366,residential,8,summer,0,8,518.8829925,4151.06394,0
9,2021-08-03,0.0154169470099566,0.013030826204422,0.0116091971497041,0.0128570713117281,0.0143631613914217,0.0157173320779888,0.0296824499138541,0.0336139523742457,0.0348922355060272,0.0344538231285847,0.0339994767146655,0.0331413762071944,0.0307700424016939,0.0346669851289618,0.0347528225325614,0.0382460733801224,0.0393702123396422,0.0408768024286301,0.0387466102057865,0.0358142951058147,0.0324304970748447,0.0304836503193221,0.0287134016722061,0.0227940722977154,residential,8,summer,0,8,518.8829925,4151.06394,0
9,2021-08-04,0.0185509985078946,0.0182754651489134,0.0152481381778026,0.0142596517245968,0.0146660127995828,0.0174197896276829,0.029822380473967,0.0347528249997101,0.0361384854092114,0.0356795342112269,0.0334916239515892,0.0332413943261332,0.0317218163136429,0.0337911635724583,0.035533156458638,0.0367758222407838,0.0376894862973109,0.0390590349639117,0.0361278173336219,0.0351627556907004,0.0324016385031346,0.0316544712499851,0.0280352091998292,0.0222310969594938,residential,8,summer,0,8,518.8829925,4151.06394,0
9,2021-08-05,0.0190405137152798,0.0176803669672794,0.014955506520306,0.0152781851152587,0.0156945431823521,0.0180316328897379,0.0300142705540231,0.036090364288417,0.0380675490651889,0.037884703121446,0.0368203487808748,0.0329359195043745,0.0319045999203699,0.0326705795280518,0.0306154712638383,0.0346105957861883,0.0354118222925632,0.0379319053274981,0.035843093120066,0.035005905741925,0.0314512762983763,0.0297244617524498,0.0275963047723643,0.0214847194610581,residential,8,summer,0,8,518.8829925,4151.06394,0
9,2021-08-06,0.0184459753504257,0.0172963532714232,0.0150710197605685,0.0162912019337868,0.0140310929172025,0.0159707639013198,0.0296118618965422,0.0343177677779061,0.0352126119208909,0.0379878670596764,0.0326543988095394,0.027364782139768,0.0261353353868855,0.0259659849193329,0.02796338029448,0.0304800074928406,0.032674024163116,0.0337942715534674,0.0335348743934614,0.0325248156514759,0.0293742714311921,0.0288858580732567,0.0269607768927025,0.0205189692945453,residential,8,summer,0,8,518.8829925,4151.06394,0
9,2021-08-07,0.0182817014812395,0.0156790998865156,0.0134437805342159,0.014690347517818,0.0149393566864649,0.017113363845567,0.0304420870515477,0.0335040746324088,0.0303757255730276,0.0319362239076335,0.0308904636734683,0.0290444071849104,0.0283129726082574,0.0311424286816371,0.0290976794867214,0.0317134713463542,0.0313237677506125,0.0317256658419311,0.0335618463880955,0.0327486755899337,0.0292516254848598,0.0290354969780813,0.0268259126775792,0.0200202821585211,residential,8,summer,1,8,518.8829925,4151.06394,0
9,2021-08-08,0.0178674419448147,0.0167142513025082,0.0132289354878526,0.0143165504206077,0.014724934121367,0.0168106440030541,0.0304746799239447,0.0348263457461658,0.0366975412711114,0.0365691217904987,0.0342218332663806,0.0322136065951857,0.0307434833599217,0.0324828600790135,0.0347207111415764,0.0348089045567831,0.0363431089446953,0.0372432925223533,0.0360695732464791,0.0337601584438846,0.0313182607966424,0.0299214554712615,0.0276063169103543,0.0212904521344241,residential,8,summer,1,8,518.8829925,4151.06394,0
9,2021-08-09,0.0184189647740905,0.0172298020990646,0.0149586641829146,0.0149695263635232,0.0166938838305482,0.0185285155480007,0.0309049434605572,0.0364477643709417,0.0382296091360458,0.0363102013573498,0.0340964495493304,0.0328672255337298,0.0297375516207093,0.0330145129585141,0.0345138634227574,0.0306044997157236,0.0325374688797777,0.0354032208833983,0.0344950544294345,0.0337169972302537,0.0321860179951113,0.0295890377949177,0.0274960525555678,0.0220345703920341,residential,8,summer,0,8,518.8829925,4151.06394,0
9,2021-08-10,0.0172758415153595,0.0160976508595615,0.0150957413501575,0.0151451014253337,0.015413106611982,0.018706766434469,0.0308915925227523,0.0345632856950302,0.0359071371824094,0.0359405507809876,0.0338987965302752,0.0302892926611644,0.0297949877748042,0.0330507403605498,0.034580009509456,0.0340869615364044,0.03378706826911,0.0349758800043613,0.0357413905097347,0.0336505044336661,0.0315580395190672,0.0297594047606873,0.0275737188269572,0.0218012971841922,residential,8,summer,0,8,518.8829925,4151.06394,0
9,2021-08-11,0.0185695360423754,0.0175535868751692,0.0154463047502524,0.0164988385872079,0.016616452146051,0.0182887254675579,0.0308789918776391,0.0365421861149152,0.0377254622320054,0.0355073017364003,0.0352474760536684,0.0355754136654448,0.0324519225336929,0.0315513092528585,0.0324110720025181,0.0335281579932826,0.0328372691824772,0.0336837171637115,0.0356550979375813,0.0333977236027102,0.0311422786112291,0.0295422235230091,0.0274346052004504,0.0218723560506077,residential,8,summer,0,8,518.8829925,4151.06394,0
9,2021-08-12,0.0172443329988196,0.0175997121016603,0.0150210994574365,0.0151138414566056,0.0155699893939689,0.0191617308438109,0.0326230214279617,0.0362257578481243,0.0353177585267559,0.0341570130550083,0.0339986950917954,0.0316426049096283,0.0311758336277298,0.029199013481615,0.0275372219332164,0.0247194608436536,0.0270698362828017,0.02885615827978,0.0313809372102832,0.0307232492512253,0.0275209434431013,0.0257760374380287,0.0249798058701082,0.0177226175671153,residential,8,summer,0,8,518.8829925,4151.06394,0
9,2021-08-13,0.0162600028660645,0.0152132453283868,0.0136740494874692,0.0118091045520878,0.0096578170520258,0.0139903391089972,0.0257500618111089,0.029151615773458,0.0283178859539726,0.0277792521591005,0.0245003062232515,0.0221799572245746,0.0210203315081252,0.0196990229764835,0.0170351681041312,0.0180226631239709,0.0209481851367774,0.0228748908434943,0.0268997517048598,0.0260715510101249,0.0232567444312066,0.0222576676388868,0.020124360313246,0.0147992764491025,residential,8,summer,0,8,518.8829925,4151.06394,0
9,2021-08-14,0.0113561451620389,0.0114512131222753,0.0085403488851822,0.0107489397190051,0.0113657190676614,0.013613448644089,0.0269733919155442,0.031316974123266,0.0316659768697789,0.0319549716031726,0.0310529995652391,0.0288174875832311,0.026658544335358,0.0252163017434682,0.0263183662008004,0.0283142994559176,0.0279531040979881,0.0288300194169508,0.0323066569852863,0.0314788535423737,0.0276228310991495,0.026433933011054,0.0244610819264447,0.0186663151188844,residential,8,summer,1,8,518.8829925,4151.06394,0
9,2021-08-15,0.0156945246224174,0.01443875711598,0.0117301681082401,0.0133366418596226,0.0138024583002516,0.0147525716310899,0.0266347944511301,0.0321531680879003,0.0361749660819338,0.0339289271752964,0.0322747209135302,0.0304731659785012,0.0289057371841408,0.0311676845395434,0.0349624920590199,0.035137111741169,0.0364885538196334,0.0391818210863084,0.0343340724929106,0.0334508716486882,0.0310377446844777,0.0297182344306055,0.0275411204759071,0.0210706555018965,residential,8,summer,1,8,518.8829925,4151.06394,0
9,2021-08-16,0.0157547641156996,0.0142369012984021,0.0138716825661405,0.0131929725482036,0.0136262019408675,0.0173117143720993,0.0293843778641099,0.0350809067084827,0.0361775906185896,0.0354327732315646,0.0337125349063652,0.0324680988041899,0.0303554949072799,0.0336226922072137,0.0364668150277278,0.0378052357422985,0.0363367995179598,0.0369897050689263,0.0359617622899678,0.0351152477238207,0.0311762514510949,0.0299728352408899,0.0275547999349209,0.0205276440175278,residential,8,summer,0,8,518.8829925,4151.06394,0
9,2021-08-17,0.0170738516307946,0.0157671578097444,0.0134689270343036,0.0146370461921538,0.0148399896837591,0.0164022636416969,0.0289917477590646,0.0346066125016444,0.0362323116170983,0.0352195447245734,0.0328841391842395,0.0308697416889313,0.0302071737259965,0.031934507010139,0.0358699515180217,0.0377805464974549,0.0387092699699989,0.03948662889772,0.0363309952076937,0.0340191720027468,0.0319843007100757,0.0301820949388019,0.0278873051750107,0.0211698979480665,residential,8,summer,0,8,518.8829925,4151.06394,0
9,2021-08-18,0.0187683441055359,0.0162043375274428,0.0142070376746658,0.0150745153115754,0.0153223512474141,0.0174247648688939,0.0307260801593487,0.0350234180288013,0.0363176929265739,0.0355571251904026,0.0334708467559065,0.0315449849481284,0.0301228642242741,0.0326892918810719,0.0372363548329046,0.0372270078874885,0.0402240834786267,0.0404049735948463,0.0362750904747097,0.0339286134964784,0.0319617296831492,0.0305403682265614,0.0285028452261563,0.0227176392416983,residential,8,summer,0,8,518.8829925,4151.06394,0
9,2021-08-19,0.0192955599457645,0.0179432892552493,0.0155045710594402,0.0169824603407943,0.0172701398513336,0.0191761026015901,0.0311952483295901,0.0341119324127381,0.0322578477648499,0.0349000286942087,0.0336668683931611,0.0295014579545736,0.031423700661568,0.0295474751357951,0.0286222888459641,0.0240132869075179,0.024168860464143,0.0263321511488075,0.0287098634417149,0.0279575778203801,0.0251986015757744,0.0240642637171938,0.0219030349527072,0.0152324202382592,residential,8,summer,0,8,518.8829925,4151.06394,0
9,2021-08-20,0.0117350685573863,0.0104600810127638,0.0091709910107837,0.0095182875040996,0.0110052479156306,0.0133110427318892,0.0248887663640093,0.0260044895974929,0.0243188620215752,0.024578339656637,0.0230034134281564,0.0207592178541028,0.0203244263248885,0.0180229337611122,0.0175485504800262,0.0194857031314966,0.0194496733481891,0.0214155961652922,0.0240696354588486,0.0243813566850173,0.0218853621992635,0.0205567115240416,0.0184460403235503,0.0128867707027199,residential,8,summer,0,8,518.8829925,4151.06394,0
9,2021-08-21,0.0096536631207275,0.0084799209112557,0.0066644821175755,0.007623052609153,0.008086772134475,0.0108086031757572,0.0226771252306509,0.0289062250112777,0.0282066830537486,0.029737520547991,0.0283620936420437,0.0281221769613942,0.0256315140231895,0.0287638869406748,0.0322194671232514,0.0312087056406952,0.0331742219141462,0.0348426447989538,0.0312442352847279,0.0302703772091808,0.0275160079521898,0.0256133791278541,0.0235730689077051,0.0189576493910675,residential,8,summer,1,8,518.8829925,4151.06394,0
9,2021-08-22,0.0146044562282117,0.0133079552764501,0.0124783923659277,0.0110430113376462,0.0114528017553404,0.0141054269541188,0.0246779592895311,0.0310905442504176,0.0351243394555134,0.0314568592599793,0.0310543666255897,0.0266727507987924,0.0264404278154575,0.0291106122664398,0.0333414945612062,0.0338518766397988,0.0349283618321109,0.0358718453835789,0.0325699800057256,0.0316560874375553,0.0305128091203467,0.0281198523709578,0.0258753568789319,0.0212705565224351,residential,8,summer,1,8,518.8829925,4151.06394,0
9,2021-08-23,0.0156018128451979,0.0141966407854412,0.0132838683966751,0.0130176410866957,0.0120672520813991,0.0153486566353202,0.0274716918968887,0.0327050107473177,0.0343187355365867,0.0320328670611942,0.0317372001644471,0.0303395722073003,0.0287289019437884,0.0320404120000411,0.034459863013104,0.0362539617490518,0.0358427288030727,0.037029745845922,0.0345976107740393,0.0321816139560657,0.0295735153454038,0.0282534969826851,0.0260981885570392,0.0195841944290176,residential,8,summer,0,8,518.8829925,4151.06394,0
9,2021-08-24,0.0169477117719543,0.0155747170673934,0.0127540531308276,0.0128951431532901,0.0120669333463257,0.0153471948179176,0.0274755382779791,0.0329588707349377,0.0366101272371232,0.0335834698129255,0.0327801767215393,0.0320905833524807,0.0281710054244754,0.0318863056571059,0.0363058727743018,0.0378476213098523,0.0380332225050268,0.0410373239026951,0.0345273902205525,0.033375863275116,0.0303674450289365,0.0283969594108242,0.0262414476708272,0.0201487173697581,residential,8,summer,0,8,518.8829925,4151.06394,0
9,2021-08-25,0.0172505087067503,0.0157417098554866,0.0126144371339056,0.0132207344264395,0.0123629337937988,0.0157621316649743,0.0279261816450059,0.0320444853100833,0.0374958771591187,0.0366197936114179,0.0324253414003344,0.0321850346767099,0.0296240122150729,0.0328607229311069,0.0375397288120341,0.0386913301972385,0.0386552491199582,0.0423281886178068,0.036202025986543,0.0352233901366259,0.0319322441150003,0.0297436427318179,0.0274499317345845,0.0209839155809294,residential,8,summer,0,8,518.8829925,4151.06394,0
9,2021-08-26,0.0171641378818575,0.0158228678738112,0.0137015126748634,0.0134353347610437,0.0138867296422618,0.0169780233924607,0.0282588457739081,0.0346276560564167,0.0369607692114166,0.0371704410443235,0.0349150176684109,0.0329523484446551,0.0300817554133699,0.0321747645803495,0.0375290958568929,0.0366336763255506,0.0385575573501648,0.0414486677958205,0.0372995147642594,0.0357836527698173,0.0310675646811669,0.0290759040823632,0.0270998843212562,0.0207301545141148,residential,8,summer,0,8,518.8829925,4151.06394,0
9,2021-08-27,0.0169003164129073,0.0157211484079198,0.0148811848371955,0.0147763642911736,0.013930785149561,0.0173516493750055,0.029312965404824,0.0339102593440934,0.0353485719029704,0.0350850847249388,0.0347116089010418,0.0311822895762201,0.0314536385593183,0.0317423719041935,0.0300489582623996,0.0322307211045624,0.0335300170104741,0.0327221244531101,0.0356185353070941,0.0334315677590193,0.0295685983280941,0.028423100638886,0.026312832822736,0.0195916813126287,residential,8,summer,0,8,518.8829925,4151.06394,0
9,2021-08-28,0.0148558144896822,0.0152365082437882,0.0131250796654951,0.0130086230664272,0.0133803511525794,0.0175185478585345,0.0287373215102925,0.0333909101458089,0.0352717056219321,0.0351171735514951,0.0329269283286923,0.0313252178208568,0.0318340070724699,0.0314667234071377,0.0333132893336811,0.0345689807615228,0.0373730592443724,0.0356684371904465,0.0360882917771552,0.0324050567027017,0.0304105896033012,0.0276055187837315,0.0254746312498143,0.0202147584655866,residential,8,summer,1,8,518.8829925,4151.06394,0
9,2021-08-29,0.0163805808989333,0.0151602714408968,0.0133509606071909,0.0128875344791493,0.0133378605629738,0.0162483381812001,0.0311100126024658,0.0325642214537227,0.0324893826718794,0.0328917148061802,0.033309812807116,0.0328498322896625,0.0295496486279983,0.031999186731346,0.0379491311779776,0.0385225842370412,0.0396349857367087,0.0399370542902458,0.0355501527222937,0.0334752849828336,0.0328134981756149,0.0294247410582459,0.0259655215967593,0.0219494638293312,residential,8,summer,1,8,518.8829925,4151.06394,0
9,2021-08-30,0.0169115885805538,0.0157025782228622,0.0150742686582253,0.0146875351200171,0.0137727870226134,0.0174903993216449,0.0316358962137392,0.0341512801052879,0.0328161552203694,0.0340553002728324,0.0341923582993298,0.0332863940148263,0.0307736183413288,0.0333716749331397,0.0396692308858148,0.0373131014310684,0.0381898463845831,0.0386215206645921,0.0355071041543955,0.0335222188201624,0.0319150031383536,0.0298319024915006,0.0271571872095177,0.0207406541081685,residential,8,summer,0,8,518.8829925,4151.06394,0
9,2021-08-31,0.0168389018055206,0.0156237699575328,0.014033861288214,0.0133616002307081,0.0150234143900202,0.0174313560771025,0.0315175452093354,0.0340793064162256,0.0336278512988155,0.0330243012863768,0.0350832495469295,0.0327998242707345,0.0280065488366847,0.0270639285751155,0.0325673423179311,0.0285220799169205,0.0291017490842069,0.0322518843745102,0.031306591658172,0.0303888315194104,0.0291544050038455,0.0268387391925271,0.0246620909735513,0.0197490246484296,residential,8,summer,0,8,518.8829925,4151.06394,0
9,2021-09-01,0.0150782461824814,0.0132820837072377,0.0120670502084541,0.0117980991878048,0.0121600005360128,0.0158760137112731,0.0295634587598176,0.0307247786023579,0.0298983673019471,0.0299131261215081,0.0272123115923475,0.0264868348003515,0.0224639905844311,0.0232206359884181,0.0215842388453437,0.0258370681556904,0.0282477703183255,0.0269897866416817,0.0293389461962868,0.029783125715551,0.0261005919662375,0.0234934612519925,0.021453782595201,0.0161187601437416,residential,9,autumn,0,8,518.8829925,4151.06394,0
9,2021-09-02,0.0127397742359942,0.0114176443643092,0.0092139764690702,0.0104973014650601,0.0098415303258181,0.0135507987274788,0.0281841334927984,0.0301631848537517,0.0302887028806162,0.0306220679113453,0.0307020405264168,0.0287737345320054,0.0285059122518249,0.0313400363136015,0.0294512492030922,0.0297860608953023,0.0300428728694833,0.0290010148744231,0.0306914305330439,0.0300047072629058,0.0276621361163542,0.0250511024031392,0.0243330617600858,0.0181393999030693,residential,9,autumn,0,8,518.8829925,4151.06394,0
9,2021-09-03,0.0142334383564488,0.0141439339839438,0.01137270878251,0.0118496449872568,0.0122599894229507,0.0133229165822316,0.0287346430492273,0.0303099548808598,0.0278867427695575,0.030723114220841,0.0256214782607467,0.0262483367422205,0.0252393696861503,0.025892479454627,0.028608558148994,0.0363526038732342,0.0352631225275636,0.0340940821686351,0.0326393452948628,0.030381852591831,0.0280007761770399,0.027055924233997,0.0250122101425845,0.0182103912382103,residential,9,autumn,0,8,518.8829925,4151.06394,0
9,2021-09-04,0.0146151793745564,0.013348508997331,0.0114645544001165,0.0123132985828037,0.0115158827340574,0.0153020111784955,0.0290965236715179,0.0318013822090832,0.0304681813065393,0.0330898612851322,0.0312422357625349,0.0295669945915616,0.0308732852050199,0.0346244942551147,0.0340181702042254,0.034730426563569,0.0325069345631225,0.0271997303646386,0.0328916580561196,0.032196055707874,0.0277438148321034,0.025852213064026,0.0249099884371276,0.0184255352580933,residential,9,autumn,1,8,518.8829925,4151.06394,0
9,2021-09-05,0.016138691702586,0.0149769048116749,0.012319855251343,0.0139448278085801,0.0130515174400733,0.015681516276508,0.0294543007556602,0.0322324443319026,0.0313699297119679,0.0344500096236235,0.0317380200930439,0.0307940521773087,0.0306979128235305,0.0331316248404773,0.0303163733191792,0.0362669631890453,0.0365895869058592,0.0345276348080355,0.0346544967109866,0.0339431882022573,0.0291952586000297,0.027468358814015,0.0263805693594757,0.0192814892921399,residential,9,autumn,1,8,518.8829925,4151.06394,0
9,2021-09-06,0.0162240086800974,0.013765645089373,0.0122386110104668,0.0127988888431024,0.0131871799783687,0.0157379428267992,0.0308249536345019,0.0334566367528169,0.032097349583851,0.0343567524923502,0.0334092924884349,0.0260669618531207,0.0323001312550457,0.0326258185861077,0.0319228536749993,0.035666342686431,0.0380201605261076,0.034177017964891,0.0362184322834339,0.0338081057936686,0.0290643000277757,0.0286265708054556,0.025311873010007,0.0191109968753559,residential,9,autumn,0,8,518.8829925,4151.06394,0
9,2021-09-07,0.016251409249564,0.0137239671764642,0.012145706525682,0.0126722260750481,0.0131196675137993,0.0158825611033627,0.0324863173838433,0.0336260675679982,0.0319350648112404,0.0340022991928232,0.0328641775334294,0.030512305018081,0.030766158235452,0.0346495221754387,0.0348438398442477,0.0396828505421505,0.0389610803858037,0.0354513422383741,0.0363528551631905,0.0339252075541642,0.0296838238570459,0.0286776585373643,0.0266373306462612,0.0197148455982892,residential,9,autumn,0,8,518.8829925,4151.06394,0
9,2021-09-08,0.0165701561487796,0.0153085231188132,0.0130195039807332,0.0130683864658278,0.0134590683140219,0.016548292894261,0.0315666080287883,0.0325563368801604,0.0317480450080826,0.0328355630923306,0.0333824682802871,0.0317384742175273,0.033034710166646,0.0329168132756581,0.0344940302869971,0.0374744802734919,0.0331504685522044,0.0351096583329745,0.03374999494493,0.0326614666187215,0.0295466870178396,0.0276263982986262,0.0255092429915957,0.0201112051140763,residential,9,autumn,0,8,518.8829925,4151.06394,0
9,2021-09-09,0.0165953086472622,0.0152736170484812,0.0131242128206139,0.0129000308610399,0.0131353369983332,0.0162234545536852,0.0307440307406432,0.0318941896774492,0.0315245800618604,0.0341664693933875,0.0330072553584742,0.0319112980140751,0.0333402013263119,0.0351542173360107,0.0359696453112148,0.0413515223026369,0.041252995519658,0.0344266489915808,0.0355258170567285,0.0334816816955739,0.0300071443731451,0.0303542134411586,0.027025493415985,0.020459024488185,residential,9,autumn,0,8,518.8829925,4151.06394,0
9,2021-09-10,0.0179664572294604,0.0167517641824535,0.0137572784441616,0.0144467940576909,0.014908874024355,0.0173520721290547,0.0311395155693319,0.0336079046197243,0.0321813099010387,0.033406567219781,0.0337583083340301,0.0316743861841309,0.0332912767007178,0.0365446283135888,0.0340656541454675,0.0403136309625471,0.0408640016648515,0.0331684610204938,0.0354061045843793,0.033807764446605,0.0294899623992208,0.0287792318357468,0.0266442473340567,0.0201550758687402,residential,9,autumn,0,8,518.8829925,4151.06394,0
9,2021-09-11,0.0165236347865229,0.0141437041295811,0.0128455822955793,0.0129758710401487,0.01209815590454,0.0160907729183023,0.0294582444705824,0.0319032642877969,0.0301286995943201,0.0314728708184616,0.0319833384722308,0.0285441380377437,0.0329414850330185,0.0343836437472066,0.0282249046948727,0.0337973491398034,0.0355211633742967,0.0340851205169826,0.0354276110811426,0.0330031754533295,0.0285954696844744,0.0281067136736588,0.0262530853672001,0.0197538092931048,residential,9,autumn,1,8,518.8829925,4151.06394,0
9,2021-09-12,0.0175791700309646,0.0149179248783995,0.0131432850161571,0.0138601499760456,0.0130747441625212,0.0163260272296083,0.030569556674482,0.0316414203935635,0.0307542667659472,0.0314115397581913,0.0330166827893975,0.0286120791458382,0.0312040372270274,0.0334444657978923,0.0357620499323,0.0392806622846614,0.0378348218317687,0.0348366962451941,0.0344471643642923,0.0337730199338198,0.0287405159713543,0.0272399658418385,0.0252908009692451,0.0195418820495809,residential,9,autumn,1,8,518.8829925,4151.06394,0
9,2021-09-13,0.0164085673277709,0.0151422229876809,0.0129286834282159,0.0128046351275231,0.0130982322744614,0.0159201168319307,0.0298486859696991,0.0321690414000192,0.0312808484870243,0.0336932672436156,0.0337319516373677,0.0292412690421396,0.0298201066615932,0.0321363286129369,0.0364841681648956,0.0374417880362751,0.0364368711620432,0.0363152364385637,0.0342537151863112,0.0320644378890321,0.0293393701374397,0.0285781000126768,0.0264126577280073,0.0194272802750933,residential,9,autumn,0,8,518.8829925,4151.06394,0
9,2021-09-14,0.0160902395467455,0.0148679086345067,0.0123312572490586,0.0126492091941212,0.012916891356462,0.015487418733477,0.0294668550124197,0.0322364705206852,0.0322111625530789,0.0340179952704302,0.0341986118927427,0.0302125337928355,0.0300579047307843,0.0339020723105445,0.0332541073962105,0.0372910686985513,0.0372531051442159,0.0304154423631226,0.0330469234868735,0.0321920196205148,0.0290848201278984,0.0272576303698217,0.0250729808106976,0.0192494538215577,residential,9,autumn,0,8,518.8829925,4151.06394,0
9,2021-09-15,0.0160901947742082,0.0147775144380486,0.0125453707646811,0.0137206189010713,0.0141899089091318,0.0143082534285112,0.0294599704133165,0.0322537462398766,0.0300221221267285,0.033947435542718,0.0344277531045257,0.0305679401893423,0.0321948483348795,0.0351537974120481,0.0316416557210652,0.0329500864993687,0.0347120238643428,0.0328833317359462,0.0355865933452234,0.0333034019615869,0.0286535517137292,0.0282941443539312,0.0249904364245651,0.0191504203383966,residential,9,autumn,0,8,518.8829925,4151.06394,0
9,2021-09-16,0.0162129909017423,0.0148817433549117,0.0126887876839408,0.0127956481776663,0.0132020984797132,0.0162810402998805,0.0296640168336953,0.03231396944844,0.0321510729818316,0.0340636149144942,0.034265131407467,0.0306007738744627,0.0318640069239358,0.0346424322840795,0.0255207349018595,0.0356584713755033,0.0357534781763623,0.0324911909361363,0.0347736760970437,0.0325885846353756,0.0282194431581,0.027240431775615,0.0250122610863509,0.0186748158518251,residential,9,autumn,0,8,518.8829925,4151.06394,0
9,2021-09-17,0.014938317565524,0.0136476354516434,0.0122172660616786,0.0126872826021496,0.0131152665818317,0.0152236961945342,0.0292757438784788,0.0321735853642605,0.0314027221791061,0.0321719769542533,0.0323384779313458,0.0290926035319673,0.0319162466192233,0.034781951987087,0.0340226607817328,0.0386704791474771,0.0319573024021187,0.0354354745861488,0.0344661019524893,0.0337986228763461,0.0295825488190468,0.0289086595141914,0.0266948647234282,0.0197580596329492,residential,9,autumn,0,8,518.8829925,4151.06394,0
9,2021-09-18,0.016416901864811,0.015084653724479,0.0129756267126489,0.0126745816584382,0.013148893380909,0.0162716371392734,0.0296331692808241,0.0321771216030865,0.0314341679755248,0.0334170267273273,0.0336703054529004,0.0302873061320185,0.0333338248929513,0.0384206495060237,0.0338298597649382,0.038363378723952,0.0392255308082351,0.0331829555251388,0.0337085606962153,0.0312574772736528,0.0276784540792051,0.0278338867332826,0.0246033291599308,0.0185726049188943,residential,9,autumn,1,8,518.8829925,4151.06394,0
9,2021-09-19,0.0159457027921957,0.0147975998278051,0.0126131734482455,0.0126166711212164,0.0129624434347274,0.0162669778720476,0.0293001402791368,0.0322290085199861,0.0305162719594785,0.0331754522097769,0.0320713597511813,0.0290280797445663,0.0294128489360559,0.0327215510688604,0.0330335647813919,0.0339509875708737,0.0327294394713367,0.0310405261865113,0.0270268044772157,0.0264312442586887,0.0248109784776881,0.0248879851942517,0.0225654333011413,0.0159474146984681,residential,9,autumn,1,8,518.8829925,4151.06394,0
9,2021-09-20,0.0121413620415055,0.0105834693612413,0.0082541962787153,0.0082075959456537,0.0084069471739823,0.0114039568124718,0.0231050775543165,0.025001397515994,0.0242550671825866,0.0225016736817825,0.0223903038174428,0.0182592519076081,0.0198443030476568,0.0200788032001132,0.0182374016131713,0.0219744879615832,0.0230239022579215,0.0234804944720012,0.0262204456644454,0.025457507130619,0.0224477490679473,0.0204859485395002,0.0183909658066846,0.0126914381517093,residential,9,autumn,0,8,518.8829925,4151.06394,0
9,2021-09-21,0.0077463512267436,0.0064914906298663,0.0047629260164771,0.0045628946603181,0.0048326340952756,0.0073081296409412,0.0203719759130315,0.0220660465401562,0.0214252735299191,0.0210859888004759,0.0207369361712462,0.0195891995648665,0.0198963142527033,0.0197385340239544,0.0204035146943228,0.0245050271584635,0.0239729212865975,0.0247241488655194,0.0264829180235802,0.0258376884340472,0.0231942906612423,0.022085295087441,0.019030339785424,0.0134943246069188,residential,9,autumn,0,8,518.8829925,4151.06394,0
9,2021-09-22,0.0083466427372722,0.0070524728811043,0.0052091052041091,0.0043193797940424,0.0046020735872898,0.0080433679902864,0.020698230639602,0.0227396266508562,0.0217486342036661,0.0209384923976552,0.0218474898320577,0.0204545274689932,0.0208224581389548,0.0221743117274777,0.023752247448753,0.0282602961124726,0.0281101750159947,0.0252383541024911,0.0280984592980327,0.0263370370440933,0.0234978022921621,0.0226820783788825,0.0205995246352066,0.0138346301256038,residential,9,autumn,0,8,518.8829925,4151.06394,0
9,2021-09-23,0.0108874538550562,0.0087172199743655,0.0070020654307362,0.0067704266247206,0.0070352450229109,0.0100366222262804,0.0238058007500627,0.0251302851891727,0.0232025227167256,0.023397415220834,0.0233478892835918,0.0193776748156477,0.0200088231548866,0.0213448838358226,0.0157757344275391,0.0201034144495983,0.0223746568328,0.022291372649272,0.0261004072861171,0.0255836742708773,0.0222965113671922,0.0218178323678062,0.017957609015631,0.0127217982993526,residential,9,autumn,0,8,518.8829925,4151.06394,0
9,2021-09-24,0.0092620315227433,0.0072686453432559,0.0059864026588789,0.0063718818267164,0.0066113415129976,0.0095337364504965,0.0225305030767422,0.0238329636536103,0.0220820740545772,0.0213804913517149,0.020048048661777,0.0185888566773532,0.0189484987044442,0.020174883095697,0.0167189874525738,0.0175324979673937,0.0187404240269542,0.0203192510175648,0.0224345421079739,0.022539343694266,0.0209026379404364,0.0196470859481783,0.0184673799496488,0.0122876469635057,residential,9,autumn,0,8,518.8829925,4151.06394,0
9,2021-09-25,0.008746880514274,0.0075638217797718,0.0058099312012604,0.0066233202152166,0.0070142837981546,0.0095483397114007,0.0217425370235174,0.0237563182065004,0.0222524141579057,0.021487742335066,0.0199770975557067,0.0171900159884568,0.017159098660027,0.0162073149647301,0.0130029376100435,0.0160093460923789,0.0162988303804059,0.0193933201402572,0.0230926095653502,0.0225165257106516,0.0197101735362395,0.0178965206340556,0.0142284523551992,0.0099454628953942,residential,9,autumn,1,8,518.8829925,4151.06394,0
9,2021-09-26,0.0065130197281309,0.0044961113271053,0.0045932989189674,0.0045805724713444,0.0050135655240584,0.0094154759967995,0.0205043846769767,0.0236830090219371,0.0230108214866344,0.0235896367485173,0.0236940344069228,0.0215647342649472,0.0236654556207381,0.027040550015394,0.0291039331015668,0.0298806413054644,0.031553282613524,0.0300401562082332,0.0301597168943198,0.0285798298063182,0.0252367005379163,0.0240464427916663,0.0220122799650882,0.0156651349519102,residential,9,autumn,1,8,518.8829925,4151.06394,0
9,2021-09-27,0.0120050061625248,0.0097413745459346,0.0087097082794605,0.0087604297706715,0.0091675580726123,0.0125999463213778,0.0273518243083876,0.0284211539984735,0.0284203737288416,0.0293372627965022,0.0296916393698919,0.0279909241345446,0.0305464397765227,0.0306799146189269,0.029947623427098,0.0330461687639476,0.0352032306703723,0.0299205140334666,0.0301229256829076,0.0298803365961171,0.0270504656229719,0.0251866012905078,0.0230950626747679,0.017302329770318,residential,9,autumn,0,8,518.8829925,4151.06394,0
9,2021-09-28,0.0129257896983713,0.0116830024860281,0.0101581631622556,0.0107256389560871,0.0100434319800654,0.0136580254707099,0.0265791597889106,0.029224775574434,0.0288405293680314,0.0308849808165315,0.0312734425124944,0.0280485985045769,0.0302191282368399,0.0313300209266573,0.0283625201179876,0.0299891214148192,0.0293162432056174,0.0301633587578002,0.0347725566762622,0.0328377440118483,0.0280388126665725,0.0292617976528275,0.0259804325510214,0.0163182973977823,residential,9,autumn,0,8,518.8829925,4151.06394,0
9,2021-09-29,0.0138278855504299,0.0141733851628822,0.0097161718029554,0.0136446572399191,0.013906826464279,0.016486327805602,0.0266811033071788,0.0287324166701073,0.0274170687505127,0.0276363363192059,0.025658862936821,0.0225861318576606,0.0238201955149831,0.0256725853680895,0.0233436578344583,0.022254690317349,0.0259660498677392,0.0257894351297094,0.0278886960639298,0.0283323000584098,0.0268598418373537,0.0255654062888002,0.023236823115695,0.0161418384632791,residential,9,autumn,0,8,518.8829925,4151.06394,0
9,2021-09-30,0.0134330675299941,0.0123483496782172,0.0106512865160666,0.0112227125889834,0.0116333208941048,0.0141616880448725,0.0273877649157984,0.0302426281393895,0.0305115219533647,0.0313062845464526,0.0316997562661152,0.0267991973371442,0.0285392442038603,0.0290880607398209,0.0269197732377755,0.0278147739779133,0.0236240707522343,0.0273323429921364,0.0294699634855771,0.0287340688596014,0.0268186330556548,0.0252107242922939,0.0235737914097452,0.0187793832526782,residential,9,autumn,0,8,518.8829925,4151.06394,0
9,2021-10-01,0.0147615404174439,0.0127191426972416,0.0110917888953715,0.0107963342325084,0.0109339278480824,0.0149080753480051,0.0267557626263085,0.029746788547095,0.0302230533868292,0.0306121388608807,0.0308199048635377,0.0304831646693328,0.0293499059292744,0.0335847295560361,0.0356970220999774,0.0375665319919778,0.0362105335062744,0.0356624710327595,0.0328314200027006,0.0323449753637341,0.0298829620566468,0.0276127564977781,0.0254864580097734,0.020047758137116,residential,10,autumn,0,8,518.8829925,4151.06394,0
9,2021-10-02,0.0150686419535882,0.0150865462469904,0.0125579802757719,0.0140510072975475,0.0130347980620156,0.015844812059025,0.0287102661447386,0.0316200788252951,0.0310951253988124,0.0326244855410882,0.0329211702378936,0.0286856364468512,0.0297221067972255,0.0323617729848648,0.0371238650686373,0.0366485464514798,0.0350792338495937,0.0347875702139019,0.0336614868809989,0.0317624991410635,0.0295410723763177,0.0281351694751699,0.0257392528809972,0.0187330206690275,residential,10,autumn,1,8,518.8829925,4151.06394,0
9,2021-10-03,0.0164724004726859,0.0149457666607126,0.0136529245362575,0.0129552078590261,0.0131743283861167,0.0147725199865284,0.0274342378422416,0.0314316292864802,0.03035091942441,0.0305879297662112,0.0310452551827198,0.0282492877375643,0.029377922313186,0.0322301182407892,0.0344372305064744,0.0355874221670515,0.0359813887686608,0.0342867850253197,0.0331879871360706,0.0309948764604688,0.0279662888903822,0.0271956682466085,0.0250883662325284,0.0174551375239024,residential,10,autumn,1,8,518.8829925,4151.06394,0
9,2021-10-04,0.0147470528687208,0.0134796511101736,0.0105394300543063,0.0122592822175442,0.0125446874121441,0.0138847192184584,0.027008054938004,0.0300358479938663,0.0298912001403493,0.0304089811373651,0.0294584163161622,0.0302882711924067,0.0290421494128478,0.0309021064596184,0.0332208970269112,0.0350494476160416,0.0340788751921577,0.0326943630420783,0.0314351751714312,0.030854700618997,0.0276925324682609,0.0271523616108202,0.0249838103367959,0.0174192118706791,residential,10,autumn,0,8,518.8829925,4151.06394,0
9,2021-10-05,0.0145861942168301,0.0133457052975504,0.0103294553960734,0.0120853776622233,0.0113206149076661,0.0134197338802829,0.0269756134757195,0.0300466867146472,0.0301062580268429,0.0305931043097967,0.0307491362344633,0.0293859310732827,0.0287038093218024,0.0321606685293206,0.034149633297626,0.0372734276565411,0.0374169487676208,0.0320078567852771,0.0331037122293077,0.031237820747007,0.0287089803785545,0.0265972528954993,0.0258137879930216,0.0187420179435448,residential,10,autumn,0,8,518.8829925,4151.06394,0
9,2021-10-06,0.0154355432521992,0.0129588517461274,0.0116128841472704,0.0121357563626993,0.0125497285117387,0.0153336262674151,0.0279801441740177,0.0307887915414795,0.030239927836333,0.0295874259675047,0.0297608719176496,0.0256408250845016,0.0275641150093,0.0266795754334075,0.0229304385540289,0.023298080613524,0.0229385992396303,0.0220272863625027,0.0265353138036038,0.0257225985336503,0.0225540806317492,0.0215232669398334,0.0193836573279592,0.0128874512980262,residential,10,autumn,0,8,518.8829925,4151.06394,0
9,2021-10-07,0.0096311131163667,0.0075595406734862,0.0056925886892637,0.0065438400328656,0.0068502390161932,0.0104052543709903,0.02331233455049,0.0258276625868866,0.0245946681382572,0.0246972250157874,0.0247578557311056,0.0249901284481077,0.0269838216551154,0.0278469869895961,0.0260464703595658,0.0294471034981746,0.0306385495826792,0.0283499325547152,0.0296466265343141,0.0289211221126194,0.0253422410537758,0.0239908482453092,0.021971166013729,0.0158157208650379,residential,10,autumn,0,8,518.8829925,4151.06394,0
9,2021-10-08,0.011998629386518,0.0107728158504709,0.008953888052847,0.0099412483030121,0.0103308712180037,0.0125246224414845,0.0249271569607454,0.0289481991796586,0.0281749602803101,0.0282754611035634,0.0298737062059106,0.0261726939472711,0.0285259801863554,0.0322426799777144,0.0312991804243675,0.0312175350931274,0.031869003823977,0.0313095729889162,0.0309544274312662,0.0303056482822629,0.0271831632849142,0.0253805579951018,0.0231671858371501,0.01690444227206,residential,10,autumn,0,8,518.8829925,4151.06394,0
9,2021-10-09,0.0140413119096101,0.0127444439360914,0.0101659304319363,0.0105252425713778,0.0098429558326579,0.0133781792890983,0.0253678634302538,0.0281627120684813,0.0281901985411632,0.0292136420383649,0.029281892090587,0.027154664269005,0.0281130834804936,0.0303627301112624,0.0292646932031175,0.0334930587450103,0.029913303128838,0.0296146129063026,0.0306780839414039,0.0298657182281957,0.0260733373664829,0.024884971244244,0.021697916929305,0.0163943616019064,residential,10,autumn,1,8,518.8829925,4151.06394,0
9,2021-10-10,0.0127389058942971,0.0115106563571821,0.0098449300775425,0.009477540461874,0.0108064886686558,0.0134502406769899,0.0252194867423327,0.0281176799469234,0.0280660435825561,0.0284920018071737,0.0286526953195208,0.0275903716528103,0.0268672128504095,0.0289397687134109,0.0313821604032585,0.0316569061928502,0.0315518503637943,0.0301624734083414,0.0312909651312521,0.0294158259120288,0.0265576904302667,0.02536066270321,0.023239162500783,0.016697525930149,residential,10,autumn,1,8,518.8829925,4151.06394,0
9,2021-10-11,0.01410632101303,0.0117268405288107,0.0093888639587561,0.0106381065830071,0.0109856459579985,0.0129421125808438,0.026595070126247,0.0295640212061851,0.0288676773864407,0.0291130208215863,0.0292587045775657,0.0279576535945644,0.0275133312257143,0.0313024547293096,0.0339133294050615,0.0357596606450055,0.036755409608994,0.0302362873643264,0.0324259377646494,0.0321450292951435,0.0286200939271999,0.0273011505854769,0.0251062112261202,0.0181964548988844,residential,10,autumn,0,8,518.8829925,4151.06394,0
9,2021-10-12,0.01478324629932,0.0135816387222828,0.0112650284971155,0.0125202570576665,0.0127820209718914,0.0144796667149781,0.028347256761569,0.0313332101137959,0.0303336261607726,0.0309868060854177,0.0312291882205115,0.0279659882654316,0.0298192421980333,0.0318855667609281,0.0336775818219102,0.0361697871072087,0.0358013888675426,0.0307122252729248,0.0332429933503271,0.0326321634009408,0.0286319401334149,0.0274391453292672,0.0253324146187337,0.0188134592076951,residential,10,autumn,0,8,518.8829925,4151.06394,0
9,2021-10-13,0.0162460142371487,0.0150044999238157,0.0118696919413156,0.0083494694875275,0.0094152840806941,0.0112323578271598,0.023831709387295,0.0263605743587088,0.0258907704659032,0.0254446393623357,0.0252676374665842,0.0230185906145655,0.0229848298823371,0.0246254721733351,0.0231798449427905,0.0241578658745204,0.0257491046973602,0.0261750966603522,0.0284255728630138,0.0277615314284022,0.0242789789637982,0.0227768693962362,0.0206654695873711,0.0150663870226855,residential,10,autumn,0,8,518.8829925,4151.06394,0
9,2021-10-14,0.0116766455754456,0.0105117181068361,0.0080586845740118,0.0084573550740926,0.0088117332551269,0.0101734459344827,0.0234099033863251,0.0257475103338274,0.0240817645488968,0.0243641051866705,0.0221021671723779,0.0211167338757648,0.0222833445678184,0.0237411101727886,0.0217579954449038,0.0250706151907022,0.0241422302405798,0.0233818014521282,0.0273677985524766,0.0257364733369998,0.0234748718658073,0.0218668875683109,0.0197877000944096,0.0136093376666721,residential,10,autumn,0,8,518.8829925,4151.06394,0
9,2021-10-15,0.0096854964445948,0.0085136940943197,0.0064456345479568,0.0065280898842409,0.0068762900203995,0.0098714598600363,0.0223542971064007,0.025109968891582,0.0233705462057739,0.02538475305545,0.0254554000873966,0.0222775985461689,0.0236505678770923,0.0253275490196817,0.0268519072401324,0.0281036234863581,0.0252544185151917,0.024654064479679,0.0274269740233292,0.0269366183762869,0.0239009002205375,0.0221475095455862,0.020027161193394,0.0135756051050762,residential,10,autumn,0,8,518.8829925,4151.06394,0
9,2021-10-16,0.0102686157921289,0.0090953640149089,0.0073019464130401,0.0070424736581411,0.0074063717321673,0.0099909798234732,0.021888352699128,0.0243944843459736,0.0243885805576383,0.0239095332878881,0.0237545462245029,0.0214759929136652,0.0217520734627361,0.0243707264452222,0.0228828314078772,0.0251124946644839,0.0245677997420185,0.0240765301988784,0.0277588680075176,0.0262034987741061,0.0226661753652746,0.0213405709093282,0.0184613232251204,0.0126735261564838,residential,10,autumn,1,8,518.8829925,4151.06394,0
9,2021-10-17,0.0086845315507602,0.0074465862269036,0.0054548265076764,0.0064926657928448,0.0059729247376962,0.0088308922160734,0.0214340290564986,0.0237804268624796,0.0228283575825564,0.0231208860283885,0.0232563646503262,0.0206111734632839,0.0226866468785141,0.0246409644651065,0.0257821322574412,0.0291252198809615,0.0292786397785153,0.0246750497102255,0.0268941549279795,0.0252927754066335,0.0231870332146268,0.0213615001747688,0.01842358735006,0.013158962464185,residential,10,autumn,1,8,518.8829925,4151.06394,0
9,2021-10-18,0.0097967607951641,0.007715628151891,0.0065555507516786,0.0067844516458954,0.0070890043771677,0.0100583776232073,0.0214675472123733,0.0237749758004516,0.0232140584507908,0.0232763232194067,0.0243101759436535,0.0206100333648993,0.0224845608011752,0.024746516154037,0.0251225706310012,0.0291471917298458,0.0282015536965166,0.0248326445585145,0.0271179078676028,0.025492351369756,0.0234488772449407,0.0215093654560428,0.0177637169556063,0.0127853973611806,residential,10,autumn,0,8,518.8829925,4151.06394,0
9,2021-10-19,0.0100577071950098,0.008801124094677,0.0063532085625397,0.0067347532792833,0.0062275279792796,0.0094589132407634,0.0214903510811459,0.0237667019502398,0.0230461550577091,0.0233519700502721,0.0233584114036454,0.0209481699523927,0.0228176951140205,0.0263319378336014,0.026585792719908,0.0280641740794694,0.0284412915552992,0.025404359664096,0.02743237778183,0.0257572425804026,0.022990432224636,0.0219992757500775,0.0190381537925817,0.0133839254875733,residential,10,autumn,0,8,518.8829925,4151.06394,0
9,2021-10-20,0.0103397563481493,0.0082166431485045,0.0067587738395292,0.0072033211603132,0.0066303595481117,0.0104051909409354,0.0222225987475171,0.0247727642076876,0.0249333222994645,0.0248860678166252,0.0247918230957887,0.0216116749396796,0.0238320460244184,0.027473661826445,0.0262681192620156,0.0284357174017032,0.0285650157271987,0.0237233433939661,0.0266749858781632,0.0263252451021708,0.0227220559180436,0.0204639656392015,0.0182755364049568,0.0126064556859414,residential,10,autumn,0,8,518.8829925,4151.06394,0
9,2021-10-21,0.0083721272105064,0.0070581179348567,0.0055004259395023,0.0049798343457735,0.0052702260149382,0.0086301076345818,0.020846122411468,0.0243445615985179,0.0235999424331283,0.0247085522309871,0.0237116607362572,0.0208705718310353,0.0225324814098365,0.0245626081670723,0.0278391301750811,0.0270992711425005,0.0273527389211585,0.0232735598918202,0.025516397984587,0.0250524616457778,0.0220850788346302,0.0200169843262654,0.0177851177981745,0.0117474507509501,residential,10,autumn,0,8,518.8829925,4151.06394,0
9,2021-10-22,0.0078388193084331,0.0065386713591019,0.0047684426024123,0.0045158980265907,0.004807777868645,0.0077459454961632,0.0203731179600683,0.0230192694482991,0.0229581981943933,0.0237020787258834,0.0239370545338555,0.0215517287880271,0.021948629646352,0.0242879396870066,0.0238554119083445,0.0259843996064618,0.0255775964901029,0.0221268581523636,0.0247025420917575,0.0232251481549261,0.0208597290625918,0.0190789307834821,0.0169141965308071,0.0110261359963026,residential,10,autumn,0,8,518.8829925,4151.06394,0
9,2021-10-23,0.0072192210919039,0.0060154860318688,0.0043920571974547,0.0042359183205571,0.0046317397419124,0.0079340929334449,0.020230853545801,0.0228007099257967,0.0225083127960946,0.0222713404024446,0.0233810776613509,0.0208578668190172,0.0216067725956199,0.0229460205971634,0.0269348629274065,0.0258078655028432,0.0262765845549817,0.023468910438951,0.0261070480730898,0.0246648337215628,0.0222867218394375,0.020822579553456,0.0186605921369217,0.0125638251148572,residential,10,autumn,1,8,518.8829925,4151.06394,0
9,2021-10-24,0.0087313450807081,0.007492292846186,0.0059450599241729,0.0065032208468213,0.0068899280656245,0.0099551752072495,0.0223546323935416,0.0249006086324803,0.0237242456317106,0.0235761469863784,0.0235719588172333,0.0215405244269391,0.0229044247879375,0.0246116840291104,0.0236076829861953,0.0261583554941183,0.0264244600629571,0.0233426877710044,0.0270853973978779,0.0253975680726373,0.0223648659798513,0.0216547167367174,0.0185518591003049,0.0131004995277177,residential,10,autumn,1,8,518.8829925,4151.06394,0
9,2021-10-25,0.008793988365501,0.0075914821886735,0.0058765121564917,0.0057370933762606,0.006087009885375,0.0092434627005361,0.0207522124308774,0.0240995008970454,0.0238697918434446,0.0238224250467163,0.0249212608748193,0.0223875246806407,0.0220162235288717,0.0240612253084702,0.0249644498572594,0.0260122198919968,0.0265531119942486,0.0242626814739574,0.0276127760211743,0.0257846104706412,0.0223584058775521,0.0209576088441631,0.0188881373276021,0.0128291628104127,residential,10,autumn,0,8,518.8829925,4151.06394,0
9,2021-10-26,0.0090220264950201,0.0078013254586859,0.0064189444206717,0.006780313600939,0.0067725230420433,0.0101486137950533,0.022371813459416,0.0255530475462899,0.0253869110258045,0.0249892038697592,0.025120498350558,0.0222699183364782,0.0225407709721033,0.0227809522658259,0.0223457193563414,0.022951097132149,0.0254082362844986,0.0230049502511651,0.0263392095648385,0.0257482660733936,0.0224491900121699,0.0199233655098038,0.0176377807484322,0.0117978869680746,residential,10,autumn,0,8,518.8829925,4151.06394,0
9,2021-10-27,0.0077058577430195,0.0064504004204555,0.0046655191614259,0.0053209033754992,0.004816952440035,0.0082608554776843,0.0203049261453128,0.0228545329522254,0.0216268914817094,0.0215043220534307,0.0223881383555541,0.0195165912229312,0.0208496486008365,0.0225275618271787,0.0249183439995943,0.0242186007134596,0.0242185494486448,0.0229336974866716,0.0262410016104885,0.0246868450062505,0.0229195020042995,0.0207157207476705,0.0184851532662191,0.0125509798369746,residential,10,autumn,0,8,518.8829925,4151.06394,0
9,2021-10-28,0.0095532280216914,0.0074221887797854,0.0058960777753754,0.0064565282482615,0.0068891996229702,0.010010668054221,0.0226543848309683,0.0254292244146759,0.0241234357566067,0.0246477501975762,0.0256600810855768,0.0230809481671933,0.0215351907160464,0.0204486378278261,0.0202027188758809,0.017876583664638,0.0169810865974934,0.0187908631471192,0.0208495862370169,0.0200096141500879,0.0179192320773218,0.0157846597523783,0.0135828410222866,0.0080704716754681,residential,10,autumn,0,8,518.8829925,4151.06394,0
9,2021-10-29,0.0036494227059254,0.0015849313044718,0.0004062308661961,0.0003935993451391,0.0008998632197128,0.004721906917417,0.015807982514847,0.0175152979534637,0.0174581243434008,0.016645604955749,0.0171328316777383,0.0150790062948246,0.0167300438833422,0.017847362306054,0.0141656428446661,0.0167708816410701,0.0167007638727542,0.0175278891487075,0.0211876385107064,0.0205358003565699,0.0174104715726089,0.0168085575299235,0.0140495686192203,0.0082263725888419,residential,10,autumn,0,8,518.8829925,4151.06394,0
9,2021-10-30,0.0043133688836939,0.0023977640772106,0.0009710749574828,0.0007172577454436,0.0011109775324406,0.0047247333589215,0.0158178262401737,0.0189618186814931,0.0184602474904494,0.0171329355816282,0.0166584900739687,0.0148071664917644,0.0163978813059233,0.0183682952962835,0.0176221797352053,0.0182277781769537,0.0177620465608608,0.0187811733110453,0.0215460360307737,0.0201503437115351,0.018373674726236,0.0162910824770062,0.0142441039984253,0.0090905419604634,residential,10,autumn,1,8,518.8829925,4151.06394,0
9,2021-10-31,0.0054656577528646,0.0043643525921415,0.0025739519771979,0.002770665092909,0.0031948508967431,0.0063702621199027,0.0185660592971711,0.0207740166632643,0.0193670673534379,0.0188290324639595,0.0182095047443369,0.0147903444699789,0.016432784777944,0.0170083357254281,0.0174969577186943,0.0201683810831461,0.0196797961815445,0.0200691784890339,0.0222123041220321,0.0211813711132015,0.0194350181136614,0.0166751892955264,0.0143336220792426,0.0094311069711738,residential,10,autumn,1,8,518.8829925,4151.06394,0
9,2021-11-01,0.0049534552470254,0.0036627837414221,0.002632617486661,0.0022735001418491,0.0026725037858734,0.006671039687074,0.0182787905809284,0.021068387977427,0.0210957956390395,0.022022227941889,0.0220259269356498,0.019574089332073,0.0197173748882861,0.0222233519521939,0.0210841009361929,0.0210255029719782,0.0207044001635981,0.0214123207641148,0.0232757113484568,0.0236667107414922,0.0211412658116336,0.0199761465290342,0.0168721856629836,0.0114501078949176,residential,11,autumn,0,8,518.8829925,4151.06394,0
9,2021-11-02,0.0078026282175477,0.0066541816615271,0.0050317606684203,0.0057748546969963,0.0053490836165056,0.0085221422922346,0.0208398945666666,0.0236820526861988,0.0231973603771252,0.0237868233168162,0.0237312413103947,0.0199678799232732,0.0205699197999859,0.0218381764808279,0.0233826303671915,0.02366756055125,0.022667359170889,0.0225254196453501,0.0260648667648704,0.0254453595073854,0.0217917925087469,0.0205318792271902,0.0175042036709328,0.0117670305835937,residential,11,autumn,0,8,518.8829925,4151.06394,0
9,2021-11-03,0.0076444819986782,0.0065081516969712,0.0052626116563109,0.0053999577537712,0.0058368082850094,0.0094051460223459,0.021310852721607,0.0239296076741371,0.0232754741078103,0.0229458006475414,0.0234424622497559,0.0225407812592232,0.022634576516823,0.0213551715798756,0.0206126707345008,0.0203854246151944,0.0200354425632024,0.0219810212496896,0.0249679227388514,0.0234458564112731,0.0212079870236947,0.0193936729329443,0.0171715736483437,0.0112582717644194,residential,11,autumn,0,8,518.8829925,4151.06394,0
9,2021-11-04,0.0080476622465043,0.0059530831052014,0.0044933441176143,0.0049758855249156,0.0044870720891987,0.0084660117656929,0.0200566911880382,0.0236731565651356,0.023574396655757,0.0237867087132283,0.0240677368073245,0.0218368363004655,0.0211127486759209,0.0226202258414189,0.0260752557955208,0.0261022398062494,0.024758327900745,0.0238381061344279,0.0255462310396043,0.0250921251868302,0.0224841336698093,0.0211238615464011,0.0178195945634554,0.0122771673236252,residential,11,autumn,0,8,518.8829925,4151.06394,0
9,2021-11-05,0.0086117200970433,0.0074170370253205,0.0062308449963405,0.0064262962818214,0.0068272929854765,0.0098573121932796,0.0214301766330123,0.0242415544606231,0.0246872224301688,0.0255173319147806,0.0246075950669765,0.0244103051730755,0.0228243472020822,0.0258108419371544,0.027812583996713,0.0265279918214184,0.0248876233348342,0.0246461819790911,0.0271404885903116,0.0255411083758337,0.0231793435222513,0.0205186527796215,0.0193358911523894,0.0128238517634089,residential,11,autumn,0,8,518.8829925,4151.06394,0
9,2021-11-06,0.0082357249242572,0.0078711196847148,0.0052242742345627,0.0058510634616442,0.0062722778942798,0.0093449280343429,0.021835547884659,0.0245030391336548,0.0242941134808286,0.0257950287739884,0.024697121879096,0.0233260124630091,0.0227625802069239,0.0247055609978558,0.0276072290624056,0.026628938633081,0.0243067440666434,0.0252278920565084,0.0267665172169157,0.0263011202124292,0.0241606350157894,0.0214933090876125,0.0193919180921199,0.0137676529516698,residential,11,autumn,1,8,518.8829925,4151.06394,0
9,2021-11-07,0.0103176792629435,0.009011332200515,0.0068293737632574,0.0070214288604832,0.0074720261418052,0.0105474722567081,0.0230726348040725,0.0259560720166735,0.0258000197624464,0.0261896267889728,0.0250277925087998,0.0242005671936731,0.0231924690172085,0.0234621423317413,0.0276400474801923,0.0267772009914617,0.0249106404140116,0.0246473572924421,0.0272699086252172,0.0267202453129203,0.0231818215428329,0.0214833083859344,0.0183244679219328,0.0131309173981863,residential,11,autumn,1,8,518.8829925,4151.06394,0
9,2021-11-08,0.0054441717045747,0.002205632365575,0.003114384404526,0.0003946502156592,0.0009040151863173,0.0047498469501038,0.0159053703458059,0.0171262906495952,0.0164938971314884,0.0145008972218738,0.0137475165174917,0.011156261999214,0.0111359285235661,0.0119385550322145,0.0123731381209797,0.0137487202713768,0.0138049439382398,0.0131562415504773,0.0160712984441596,0.014655378044973,0.0131436373574134,0.0107651309929472,0.0093094808451228,0.0052500295380551,residential,11,autumn,0,8,518.8829925,4151.06394,0
9,2021-11-09,0.0016566215252188,0.0009222398884439,0.0004074400782239,0.0003947533522516,0.0009044230001704,0.0047525914156787,0.0159149281629992,0.0171366143441061,0.0165037763866122,0.0145095589439212,0.0131579823728092,0.0106696574503208,0.0094920872524507,0.0104525322743818,0.01114995344175,0.01268610533552,0.0118018917521911,0.0127715089388063,0.0150948579067402,0.0144806303804976,0.0131513756870778,0.0107714385290866,0.0093149542996507,0.0052530559503017,residential,11,autumn,0,8,518.8829925,4151.06394,0
9,2021-11-10,0.0016574770847993,0.0009226567563156,0.0004075478443945,0.0003948560160099,0.0009048286233427,0.0047553207838346,0.0159244415942613,0.0171468900551982,0.0165136098161281,0.0145181804942922,0.0131657890117119,0.0106759373825551,0.010205201957208,0.0112977999857907,0.0118756355665472,0.0142608631858025,0.013664332911993,0.0136167054036083,0.0164104232296842,0.0152382545364839,0.0131807716878587,0.0109787061820704,0.0093204023767204,0.0052560683306432,residential,11,autumn,0,8,518.8829925,4151.06394,0
9,2021-11-11,0.0016583277007888,0.0009230717568783,0.0004076548956902,0.0003949581641188,0.000905232236913,0.0047580342475625,0.0159339078224388,0.0171571150710036,0.0165233945120909,0.0145267593117799,0.0132592508684315,0.0118005681291456,0.0112494215256036,0.0119237552290062,0.0129371410996804,0.013920450789651,0.0135708479561469,0.0147847286858632,0.016943972552277,0.0157202348889469,0.0144886427206013,0.012636306800503,0.0095867769405267,0.0052590657852818,residential,11,autumn,0,8,518.8829925,4151.06394,0
9,2021-11-12,0.0016591745614096,0.0009234846160717,0.0004077613830561,0.0003950597749493,0.000905633721685,0.0047607381417613,0.0159433242063492,0.0171672861046943,0.0165331274501361,0.0151197535466481,0.0150897382005803,0.0129985994932114,0.0124998558796948,0.0145212560542457,0.0156181964489194,0.0162341215567075,0.0149811122155195,0.015819846370864,0.0184862196616764,0.0179034817994085,0.0158635430745778,0.0135692551856031,0.0116265964486201,0.0062767625395471,residential,11,autumn,0,8,518.8829925,4151.06394,0
9,2021-11-13,0.002372298070202,0.0012415265534192,0.0004078672735138,0.0003951608155102,0.0009060329595029,0.0047634245272862,0.0159526877958245,0.0171751277271092,0.0165147123739296,0.0155518247418922,0.0148999263105869,0.0132392215688542,0.0133703264700573,0.0151436802515509,0.0163658700475108,0.0176818162177943,0.01658881382546,0.0162830379738153,0.0190486692937115,0.0176924874533031,0.0151433743719129,0.0131276252499642,0.0105059488672771,0.0062031587802375,residential,11,autumn,1,8,518.8829925,4151.06394,0
9,2021-11-14,0.0016921566744388,0.0009243033259217,0.0004079725368544,0.00039526125817,0.0009064298280232,0.0047660926028829,0.0159619958181288,0.0171851820518554,0.0165243335353293,0.0152742215492009,0.0149548146524547,0.0129086429952329,0.0134803269604224,0.0159045439296394,0.0163071077428757,0.0189208541106347,0.0167206244347823,0.0169591735384415,0.0191022295352615,0.0183774667696152,0.0153003271476347,0.0139258907041498,0.0112217724298431,0.0060817848150526,residential,11,autumn,1,8,518.8829925,4151.06394,0
9,2021-11-15,0.0018313252127688,0.0009247088859828,0.0004080771407504,0.0003953610708868,0.0009068242147087,0.0047687463439278,0.0159712456251629,0.0171974457872814,0.0171772353400647,0.016062936572136,0.0156010778857422,0.0127355470372453,0.0130656219534678,0.0137420648586891,0.0132120387551068,0.0147676401995794,0.0150347389943232,0.0164322594836934,0.0189026428245386,0.0175149933329733,0.0152225642739106,0.0129467963517626,0.0109515509093089,0.0057442551710328,residential,11,autumn,0,8,518.8829925,4151.06394,0
9,2021-11-16,0.0021704375320568,0.0009251119725126,0.000408181065122,0.0003954602270203,0.0009072160002653,0.0047713849790404,0.0159804344781261,0.0174523346145485,0.0172121359759345,0.0164806007054767,0.0169038911344248,0.0148335194053967,0.015534977070953,0.0167732023291841,0.0203971752049318,0.0197248730663483,0.0193044242049509,0.0184647291949284,0.0207276163948226,0.0201212801071759,0.0180307010903048,0.0162262732782589,0.013473888008368,0.0080927609299102,residential,11,autumn,0,8,518.8829925,4151.06394,0
9,2021-11-17,0.0030218257736638,0.0017748106110566,0.0006578667238102,0.0015823790149807,0.001987471416016,0.0048595541426195,0.0175847104680783,0.0202400670781705,0.0191235028741391,0.0178947273795589,0.0187700251084671,0.0167039457549619,0.0176491413588202,0.0194513491627731,0.0170064391249176,0.018795435943264,0.0181933301943083,0.0187620909946293,0.0204678231966774,0.018969118077962,0.0173206796678362,0.0149434460552298,0.0120750217339041,0.006666982024612,residential,11,autumn,0,8,518.8829925,4151.06394,0
9,2021-11-18,0.0022507431163391,0.0009593954476707,0.0004083866925755,0.0003956564458267,0.0009079913069309,0.0047765994553249,0.0159986181325626,0.0172929625790131,0.0173925795715495,0.01646904274285,0.0153165300685268,0.0136404329015358,0.0145011778435968,0.0170166349458943,0.0181656812844694,0.0179978652764792,0.0170982235348969,0.0182766657401034,0.0201049940901872,0.0186018954112117,0.0170235231381281,0.0146782247216656,0.0119026755809875,0.0074439177638842,residential,11,autumn,0,8,518.8829925,4151.06394,0
9,2021-11-19,0.0028734239237244,0.0009263033961959,0.0004084881719108,0.0004508108149284,0.0009083745981819,0.0047791785331612,0.0160076076580763,0.0182331279930253,0.0180144002076757,0.0185420037296743,0.0186310738264141,0.0167811148415996,0.0161771371914802,0.0173548048023286,0.0150128370844769,0.0154561259684461,0.0160200131522462,0.017791090663426,0.0209934077792571,0.0202835474267222,0.0180625578760944,0.0163413074075597,0.0142756785814595,0.0085486669519581,residential,11,autumn,0,8,518.8829925,4151.06394,0
9,2021-11-20,0.0053635646752764,0.0033392453442488,0.0016504325531865,0.0024946423131752,0.0020905195466105,0.0054062742446937,0.0177954664238442,0.0205574840093185,0.0205088079951418,0.0198257374437529,0.0208056275425079,0.0183986926036779,0.0196458102889072,0.0230648713118338,0.022169908481425,0.0224573013637968,0.0207129568358353,0.0202235503326909,0.0231271317270355,0.022497551220651,0.0190510418350987,0.0168329505331399,0.014679865636359,0.0093512148680046,residential,11,autumn,1,8,518.8829925,4151.06394,0
9,2021-11-21,0.0056453566696663,0.0044047273717168,0.0025220699778835,0.0033808692219469,0.0028972474368725,0.0064343426868602,0.0185440255542027,0.0204367360244861,0.0210471833832599,0.0218616296566119,0.0217061654724099,0.0187082371882621,0.0181544622420191,0.0195671058398321,0.0207130600715641,0.0203531659550465,0.0194378827044653,0.0213280959008428,0.0227964590758808,0.0221659137036885,0.0199764009219913,0.0172856180828367,0.0160091875260027,0.0098045671455627,residential,11,autumn,1,8,518.8829925,4151.06394,0
9,2021-11-22,0.0060018559389163,0.0047596969650399,0.0033515860672354,0.0037987933111852,0.0013159564734696,0.0059260213383325,0.0160341307120256,0.017265378197219,0.0166269929862127,0.0146175900678135,0.0132558035600689,0.0107483482543179,0.0093718199189732,0.0083432272999755,0.0073387193059308,0.0089843972405269,0.0097614465779883,0.0128649407776925,0.015090435192191,0.0144394849053174,0.0132478914234901,0.0108501087747677,0.0093832215283934,0.0052908022091388,residential,11,autumn,0,8,518.8829925,4151.06394,0
9,2021-11-23,0.001668124707055,0.0009278474305315,0.0004088864050823,0.0003961334389658,0.0009098760455583,0.0047892838003775,0.0160428217697063,0.0172747618596352,0.016635971843474,0.0146254623578325,0.0132629319320002,0.0107540825662166,0.0093767946499576,0.0083476372143417,0.0073300906781908,0.0083336629316644,0.0097665846120597,0.0128717492899523,0.015098456478367,0.0144471691012971,0.0132549246637909,0.0108558415885343,0.0093881962593779,0.0052935531589961,residential,11,autumn,0,8,518.8829925,4151.06394,0
9,2021-11-24,0.0016688980225169,0.0009282244033526,0.0004089837033089,0.0003962262898268,0.0009102429192315,0.004791752417235,0.0160514262390863,0.0172840565874749,0.0166448655358361,0.0146332604705665,0.0132699929069318,0.0107597626252453,0.0093817223135713,0.0083520054052306,0.0073868800724383,0.0084636444467005,0.0097716740323699,0.0128784933849055,0.0151064020617132,0.0144547807342245,0.0132618913640554,0.0108615201624893,0.0093931239229915,0.0052962777516277,residential,11,autumn,0,8,518.8829925,4151.06394,0
9,2021-11-25,0.0016696651861474,0.0009285980057531,0.0004090800534746,0.0003963182276359,0.0009106061845067,0.0047941967311251,0.0160599459590005,0.0172932598159188,0.0166536718162365,0.0146409814753592,0.0132769843139314,0.0107653867471311,0.0095108718214698,0.0115008971169172,0.0123729550388223,0.0138028038921607,0.0135717575109961,0.0132507223385219,0.0164692800570137,0.0146852283392326,0.0132687894542429,0.0108671428149768,0.0093980030599534,0.0052989755276469,residential,11,autumn,0,8,518.8829925,4151.06394,0
9,2021-11-26,0.0016704237886593,0.0009289680550245,0.0004091754249017,0.0003964092228462,0.0009109657272797,0.004796615988793,0.0160683784068479,0.0173023688185165,0.016662387809756,0.0146486234016547,0.0132839041046966,0.0111132842006516,0.0117945502302631,0.01398781799846,0.0148022745599674,0.0165277418210204,0.0156487793927834,0.0152476435673397,0.0183975247271625,0.0165399711040999,0.014768273514032,0.0128098410629547,0.0096259578612869,0.0053016456685511,residential,11,autumn,0,8,518.8829925,4151.06394,0
9,2021-11-27,0.001671174333655,0.0009293337789782,0.0004092697725029,0.0003964992482722,0.000911321222609,0.0047990094961934,0.0160767210858632,0.0173091083132902,0.0166429174720006,0.0146280904025954,0.013637511777021,0.0116142093874529,0.0121008589388036,0.0140499958588428,0.014816554111128,0.0175271660729741,0.015773194941377,0.0159449169729032,0.0185216928642085,0.0172518857666645,0.0150011358493579,0.0114806533372578,0.0101412173533807,0.00530428739382,residential,11,autumn,1,8,518.8829925,4151.06394,0
9,2021-11-28,0.0016719165987469,0.0009296952787487,0.0004093630682779,0.0003965882803344,0.0009116730063641,0.0048013765598283,0.0160849715081748,0.0173180207918042,0.0166514454968398,0.014946848332217,0.0145605241031047,0.0128355877113331,0.0134557787371256,0.0146081465835495,0.0156143930060359,0.0181848185153113,0.0172541353398683,0.0172519723323031,0.0197277407709612,0.0183873064192649,0.0161677868639781,0.013842540950017,0.011156315995966,0.0059665399088649,residential,11,autumn,1,8,518.8829925,4151.06394,0
9,2021-11-29,0.0016726503641183,0.0009300531283425,0.0004094553117747,0.0003966762896051,0.0009120209732172,0.0048037164462802,0.0160931272841176,0.0173291036298036,0.0166879691046803,0.0160725721365245,0.0159876174293767,0.0142878627049581,0.0144743030653578,0.0167153613424862,0.0185396949124936,0.0203449216065972,0.0191488008277691,0.0181236913325341,0.0202543909815413,0.0181370596599943,0.0169013493963335,0.0135552884269063,0.011531433367761,0.0065617118001487,residential,11,autumn,0,8,518.8829925,4151.06394,0
9,2021-11-30,0.0018709137975307,0.000930406470743,0.0004095464471931,0.0003967632525147,0.0009123645805521,0.0048060246911817,0.0161011858911944,0.0173378090341759,0.0171994971582029,0.0167007241952051,0.0162341171579843,0.0136252184647489,0.013700028247353,0.0153260369855116,0.015040265017468,0.0164976394666243,0.0153504721880857,0.0151709725736822,0.0166958085106146,0.0155393783559677,0.0134158675970014,0.0113052694240921,0.0095611462021937,0.0053868854946321,residential,11,autumn,0,8,518.8829925,4151.06394,0
9,2021-12-01,0.0022425758337466,0.0009307551526923,0.0004096364482891,0.0003968491412079,0.0009127039444696,0.0048083119756117,0.0161091451247302,0.017346406808068,0.0167045257789533,0.0151538981807491,0.0146393187336841,0.0131240173350917,0.0135195363076877,0.0148235983162445,0.0159854300588166,0.0163621742451484,0.0156014523128657,0.0161597112082253,0.0177580561047981,0.0170366138036546,0.0152378437138573,0.0123061641524662,0.0102304881472091,0.0053145545427495,residential,12,winter,0,8,518.8829925,4151.06394,0
9,2021-12-02,0.0016747985005426,0.00093109996788,0.0004097253179255,0.0003969339313901,0.0009130389708614,0.0048105662540002,0.0161170024645287,0.0173548948121337,0.0167126476336036,0.0146926891150331,0.0133238059307466,0.0108030516958852,0.0107633649352235,0.012258868192769,0.0146091876117312,0.0147617804134509,0.0131227570241752,0.0147465738450393,0.0168196054240406,0.0162359987773397,0.0142596968024129,0.0116862171101037,0.0097809236502783,0.0053170426210478,residential,12,winter,0,8,518.8829925,4151.06394,0
9,2021-12-03,0.0016754953984465,0.0009314398691102,0.0004098129996175,0.0003970175966718,0.0009133693331863,0.0048127906415126,0.0161247556147468,0.0173632703302746,0.0167206613449175,0.01469971544766,0.0133301683701621,0.0115818785711006,0.0102956262830534,0.0114593231777535,0.0145673010461977,0.0137184854681567,0.0135491592878865,0.0150284335644509,0.0176629839623412,0.0170613499308128,0.0149679620597844,0.0117808620881545,0.0097316593712841,0.0053194976912228,residential,12,winter,0,8,518.8829925,4151.06394,0
9,2021-12-04,0.0016761834589361,0.0009317751497295,0.0004098994774365,0.0003971001139289,0.0009136956019469,0.0048149845008601,0.0161324023518051,0.0173692584830226,0.0167004718825289,0.0146785517011383,0.0133083498393885,0.0110399460028596,0.0104438699623803,0.0107301244553681,0.0130552468684434,0.0141767634888287,0.0130819195958215,0.0139945880383745,0.0166916387854687,0.0153385415504464,0.0136626922701929,0.0109149613313652,0.0094394982601801,0.0053219190265539,residential,12,winter,1,8,518.8829925,4151.06394,0
9,2021-12-05,0.001676861770643,0.0009321054147393,0.0004099847163044,0.0003971814592575,0.0009140167873598,0.0048171471539821,0.0161399403397213,0.0173774018456458,0.0167082634166935,0.0146853830302748,0.0133145357104415,0.0107901002751567,0.0094074461964355,0.0100049467662092,0.011142383617437,0.011826502828794,0.0108580687952064,0.0129455980957331,0.0151881383995646,0.0145330808666162,0.0133335583983814,0.010919936161392,0.0094438152399538,0.0053243059902167,residential,12,winter,1,8,518.8829925,4151.06394,0
9,2021-12-06,0.0016775300886065,0.0009324310650889,0.0004100687099451,0.0003972616061602,0.0009143336834016,0.0048192779889473,0.0161473673856336,0.0173876975570805,0.0167440338709251,0.0147202074203388,0.0133487241514338,0.0108230967804965,0.0094366670719021,0.0093344869885735,0.0130110728713538,0.0120652331523215,0.0128770352681797,0.0129536918352096,0.0151949965533918,0.0145396509301019,0.0133395718844542,0.0109248377706065,0.0094480686813224,0.0053266577652818,residential,12,winter,0,8,518.8829925,4151.06394,0
9,2021-12-07,0.0016781889804219,0.0009327520540792,0.0004101514335569,0.0003973405318395,0.0009146455397723,0.0048213763534694,0.0161546812457021,0.017395598665832,0.0167515934862845,0.0147268356395869,0.0133547261271182,0.0108279249787832,0.0094408557152492,0.0091221059370372,0.0101748006674929,0.0115141742906213,0.0113940196004446,0.0129594244928487,0.015201750395259,0.0145461207829264,0.0133454937553717,0.0109296647074436,0.0094522573246694,0.0053289737690714,residential,12,winter,0,8,518.8829925,4151.06394,0
9,2021-12-08,0.0016788360722563,0.0009330676390651,0.0004102330365517,0.0003974182196071,0.0009149522556204,0.0048234416261938,0.0161618797993596,0.0174033752289416,0.0167590344238997,0.0147333593664093,0.0133606334752277,0.0108326770553527,0.0094449783201477,0.0085628551365564,0.0088907455519365,0.0100723356107375,0.009972109787099,0.0129650667690003,0.0152083979125791,0.0145524888709331,0.0133513222699049,0.0109344155424517,0.009456379929568,0.00533125319847,residential,12,winter,0,8,518.8829925,4151.06394,0
9,2021-12-09,0.0016794738442322,0.0009333781712161,0.0004103131190371,0.0003974946350173,0.0009152544065183,0.0048254732170203,0.016168960900373,0.0174110246967437,0.0167663536900896,0.0147397763415769,0.0133664444320183,0.0108373516029226,0.0094490336657273,0.0084116744204607,0.0073859378378375,0.0083974390413472,0.0098411949726557,0.0129706169927577,0.0152149368014938,0.014558752946444,0.0133570556895174,0.0109390888687159,0.0094604352751476,0.0053334954678106,residential,12,winter,0,8,518.8829925,4151.06394,0
9,2021-12-10,0.0016801005818282,0.000933683165287,0.0004103916462747,0.0003975697511063,0.0009155512388982,0.0048274705029594,0.0161759224522302,0.0174185452920836,0.0167735491168676,0.014746085600091,0.0133721573482497,0.0108419472371699,0.0094530205510358,0.0084152086463018,0.0073890188769126,0.0084009588582612,0.0098453127329826,0.0129760735204748,0.0152213652960155,0.0145649111504038,0.0133626923161732,0.0109436833022749,0.0094644221604561,0.0053356999156926,residential,12,winter,0,8,518.8829925,4151.06394,0
9,2021-12-11,0.0016807154663453,0.0009339830238879,0.0004104691938474,0.0003976435704639,0.0009158426650609,0.004829432892627,0.01618276239383,0.0174236623938831,0.0167525257848409,0.0147241903893233,0.0133496767932637,0.0108183689819799,0.0094319703612968,0.0084236714216141,0.0091853487957741,0.0089149548294306,0.0098212649511386,0.0129791623382304,0.0152276817525583,0.0145709619113937,0.013368230489188,0.0109481974825309,0.0094683394048151,0.0053378657922958,residential,12,winter,1,8,518.8829925,4151.06394,0
9,2021-12-12,0.0016813206814842,0.0009342775619559,0.0004105449569669,0.0003977160419529,0.0009161292627585,0.0048313573939978,0.0161894786452329,0.0174309178534563,0.0167594802265118,0.0147302770719486,0.0133551883476524,0.0108228027285005,0.0094358168046516,0.0083939972521271,0.0073669211888308,0.0083797194114931,0.0098252376595251,0.0129844266543954,0.0152338837829869,0.0145769033055824,0.0133736685642321,0.010952630072652,0.0094721858481699,0.0053399925533095,residential,12,winter,1,8,518.8829925,4151.06394,0
9,2021-12-13,0.0016819138961303,0.0009345665438035,0.0004106194934386,0.0003977871638655,0.0009164102828291,0.0048332507122383,0.0161960693825172,0.0174403102818632,0.0167944191403466,0.0147643435233136,0.0133886905091644,0.0108552471676638,0.0094645587420124,0.0084254368243291,0.0073979324833414,0.0084111453417602,0.0098572296812129,0.0129918649099923,0.0152399698093726,0.0145827335777798,0.013379004930871,0.0109569797599686,0.0094759603514326,0.0053420795714084,residential,12,winter,0,8,518.8829925,4151.06394,0
9,2021-12-14,0.0016824949303332,0.000934850135395,0.0004106925957213,0.0003978569099998,0.000916685862947,0.0048351049974408,0.0162025324898491,0.017447292518811,0.0168011319546071,0.0147702010500625,0.0133939944442947,0.0108595137808178,0.0094682601873997,0.0084287180182751,0.007400793687552,0.0084144131578195,0.0098610526316388,0.0129969307791574,0.0152459380298169,0.0145884510014062,0.0133842380087904,0.0109612452563621,0.00947966179682,0.0053441261242127,residential,12,winter,0,8,518.8829925,4151.06394,0
9,2021-12-15,0.001683065766579,0.0009351276431714,0.0004107642155937,0.0003979252584398,0.0009169557021032,0.0048369221258103,0.0162088661085893,0.0174541348934907,0.0168077100650394,0.0147759409171394,0.0133991920495245,0.010863694915495,0.0094718874787636,0.008683403335269,0.0085512575303946,0.0093120817751152,0.0099226726660442,0.0130018951597035,0.0152517866773064,0.0145940540141485,0.0133893662527757,0.0109654252986461,0.0094832890881839,0.0053461317464332,residential,12,winter,0,8,518.8829925,4151.06394,0
9,2021-12-16,0.0016836240731335,0.0009353998468234,0.0004108343680092,0.0003979921888948,0.0009172203821723,0.0048387015807351,0.0162150683635816,0.0174608356540879,0.016814152264202,0.0147815614631062,0.0134042817824855,0.010867789333371,0.0094754395419162,0.0084350822495713,0.0074063484124841,0.0084207514413897,0.0098684676583472,0.0130067565814764,0.0152575137538632,0.0145995405596702,0.0133943881306114,0.0109695186489407,0.0094868411513364,0.0053480957003365,residential,12,winter,0,8,518.8829925,4151.06394,0
9,2021-12-17,0.0016841697371462,0.0009356659097411,0.0004109030055412,0.0003980576829543,0.0009174791596671,0.0048404428138815,0.0162211374185722,0.0174673919882653,0.0168204558722009,0.0147870615823943,0.0134092622879453,0.0108717958261955,0.0094789153249475,0.0084381634022148,0.0074090361083856,0.0084238200317241,0.0098720575387396,0.0130115136048119,0.0152631183629208,0.0146049094193436,0.0133993021686506,0.010973524095039,0.0094903169343677,0.0053500175512457,residential,12,winter,0,8,518.8829925,4151.06394,0
9,2021-12-18,0.0016847039467576,0.0009359258496748,0.0004109701058653,0.0003981217198132,0.0009177321854879,0.0048421453168292,0.0162270714767488,0.0174715303821506,0.0167985256806424,0.0147643457512243,0.013386038400312,0.0108476195902062,0.0094573463644392,0.0084130824077468,0.007383572007263,0.0083987267505437,0.0098474739566428,0.0130138924229407,0.0152685977772562,0.0146101589883815,0.013404106911766,0.0109774404507659,0.0094937154079575,0.0053518965802092,residential,12,winter,1,8,518.8829925,4151.06394,0
9,2021-12-19,0.0016852266007221,0.0009361800943575,0.0004110356697354,0.0003981842798737,0.0009179793783616,0.0048438085854761,0.0162328687812727,0.0174777934468289,0.0168045470860276,0.0147695995902826,0.0133907959077671,0.0108514466956303,0.0094606665221618,0.0084160256043305,0.0073861390691394,0.0084016579487859,0.0098509031031297,0.0130184364544933,0.0152739514474174,0.0146152873278043,0.0134088009231883,0.01098126655633,0.0094970355656801,0.0053537323443297,residential,12,winter,1,8,518.8829925,4151.06394,0
9,2021-12-20,0.001685736096666,0.0009364284720668,0.0004110996777151,0.0003982453469778,0.0009182206652019,0.004845432127341,0.0162385276158141,0.0174861793556051,0.0168385183041661,0.0148028215615164,0.0134235334682738,0.0108832760114121,0.0094888748148819,0.0084469921203663,0.007416738942877,0.0084326127514708,0.0098823439625746,0.0130251443537976,0.0152791767107241,0.0146202870222599,0.0134133828314256,0.0109850012786662,0.0095002764243022,0.0053555243021239,residential,12,winter,0,8,518.8829925,4151.06394,0
9,2021-12-21,0.0016862329855189,0.0009366705226386,0.0004111620907472,0.0003983049019782,0.0009184559806874,0.0048470154616984,0.01624404632938,0.0174921414717563,0.0168442503631425,0.0148078229104622,0.0134280623669918,0.0108869191963623,0.0094920354146539,0.0084497938747493,0.0074191827158074,0.008435403083811,0.0098856083134007,0.0130294700112781,0.015284272830184,0.0146251656580345,0.013417851265586,0.0109886435117719,0.0095034370240741,0.0053572718031156,residential,12,winter,0,8,518.8829925,4151.06394,0
9,2021-12-22,0.0016867164642761,0.0009369061668878,0.0004112229003974,0.0003983629269852,0.0009186852489685,0.0048485581197293,0.0162494232149736,0.0174979507343943,0.0168498351879686,0.0148126960598882,0.013432474922404,0.0108904687890166,0.0094951148195941,0.0084525236529277,0.0074215632764543,0.0084381217324848,0.0098887888040625,0.0130336845439541,0.015289237686181,0.0146299181133665,0.0134222049070532,0.0109921921770342,0.0095065164290143,0.0053589744496964,residential,12,winter,0,8,518.8829925,4151.06394,0
9,2021-12-23,0.001687187746703,0.0009371353925174,0.0004112820786648,0.0003984194038337,0.0009189084041798,0.0048500596446922,0.0162546567539078,0.0175036048294931,0.0168552711072436,0.0148174389692953,0.013436769788527,0.0108939237381967,0.0094981121177659,0.0084551806465036,0.0074238802734726,0.0084407678942237,0.0098918844927001,0.0130377867037318,0.0152940711056409,0.0146345448699281,0.0134264424614062,0.0109956462235442,0.0095095137271862,0.0053606317396503,residential,12,winter,0,8,518.8829925,4151.06394,0
9,2021-12-24,0.0016876459925545,0.0009373587688742,0.0004113396376472,0.0003984743181642,0.0009191251572574,0.0048515195847825,0.016259745372366,0.0175091020713716,0.0168605561868563,0.0148220505175836,0.0134409457546914,0.0108972830207522,0.0095010264215479,0.0100542394356373,0.0117721022022951,0.014418681705876,0.0138472591536164,0.0135538196023415,0.0164466808538771,0.0152485414467455,0.0134305626883493,0.010999004628435,0.0095124280309682,0.0053622430564967,residential,12,winter,0,8,518.8829925,4151.06394,0
9,2021-12-25,0.0016880918085248,0.0009375755204081,0.0004113955310751,0.0003985276514687,0.0009193361130091,0.0048529375292916,0.016264683053571,0.0175121690075155,0.0168375959788644,0.0147984358299258,0.013416907824211,0.0108724520242308,0.0094788894337985,0.0088502182806249,0.0105179024299936,0.011572343328393,0.0108441123136842,0.0130433766809451,0.0153033335777891,0.0146434063411326,0.0134345643525551,0.0110022663971304,0.0095152584773168,0.0053638081014378,residential,12,winter,1,8,518.8829925,4151.06394,0
9,2021-12-26,0.0016885236063597,0.0009377857391482,0.0004114497523854,0.0003985793898518,0.0009195405418277,0.004854313036822,0.0162694818651773,0.0175173489568478,0.0168425757598528,0.0148027804386657,0.0134208423141864,0.0108756170201747,0.0096205973324247,0.011000237633242,0.012636832979375,0.0124764890021892,0.0111170009583082,0.0132217665947529,0.0153077607702169,0.0146476416907246,0.0134384462750441,0.0110054305636941,0.0095180042280223,0.0053653262113435,residential,12,winter,1,8,518.8829925,4151.06394,0
9,2021-12-27,0.0016889420168875,0.0009379894121282,0.0004115022847491,0.0003986295163242,0.0009197386005692,0.0048556457072969,0.0162741268570112,0.0175246393556533,0.0168754940058502,0.0148350838661488,0.0134527478717891,0.0109067770638867,0.0095092628605363,0.0085999973137539,0.0115093477153874,0.0117533018824262,0.0123874074043525,0.0135424735263562,0.0153120499357343,0.0146517451387673,0.0134422073058508,0.011008496191088,0.0095206644699566,0.0053667970944664,residential,12,winter,0,8,518.8829925,4151.06394,0
9,2021-12-28,0.0016893461713003,0.0009381861746088,0.0004115531033561,0.0003986780163881,0.000919930236194,0.0048569326985905,0.0162786211252505,0.0175294952169599,0.0168801624375011,0.0148391568714728,0.0134564361205526,0.0109097440194223,0.0095118368058939,0.0084673470730974,0.0074344961002708,0.0084528847202416,0.0099060597126651,0.0130565705751961,0.0153162005583504,0.0146557153486041,0.0134458463263697,0.0110114623714556,0.0095232384153141,0.0053682202626596,residential,12,winter,0,8,518.8829925,4151.06394,0
9,2021-12-29,0.0016897380627056,0.0009383766226821,0.0004116022120682,0.0003987248766874,0.0009201153901095,0.0048581809714528,0.0162829634561481,0.0175341861960866,0.01688467239107,0.0148430920931518,0.0134599996342256,0.0109126106233069,0.0105067526663669,0.0132305236310492,0.0148260660232992,0.0144711677377126,0.0134708803184002,0.0142255086342252,0.0153202097358296,0.0146595515100711,0.0134493622733733,0.0110143282263907,0.0095257253018454,0.0053695952945057,residential,12,winter,0,8,518.8829925,4151.06394,0
9,2021-12-30,0.0016901147792125,0.0009385602520774,0.0004116497823286,0.0003987700895523,0.0009202940074605,0.0048593828144832,0.0162871479249616,0.0175387121863547,0.0168890237891701,0.0148468884139585,0.0134634372925558,0.0109153760266227,0.0105780947247457,0.01116994391001,0.0120511495180919,0.0143473896206857,0.016064194132468,0.0149059911983716,0.0176568121157468,0.016326754537106,0.014558074888488,0.0117983990499845,0.0095281243930826,0.0053709217828412,residential,12,winter,0,8,518.8829925,4151.06394,0
9,2021-12-31,0.0016904790040427,0.0009387374556077,0.0004116954191287,0.000398813626537,0.0009204658108708,0.0048605403121571,0.0162911868976992,0.0175430706433098,0.0168932143357444,0.0148505444082449,0.0134667480793694,0.010918039407782,0.0095190333691372,0.0094210374840386,0.0102610415911824,0.0118542411508986,0.0128142236071983,0.0130664199297088,0.0153278036672773,0.0146668160842764,0.0134560207754309,0.011019755595142,0.0095304349785574,0.0053721993348774,residential,12,winter,0,8,518.8829925,4151.06394,0
10,2021-01-01,0.0043979157233474,0.0042154132272442,0.004123430657036,0.0035922774154403,0.003474153295816,0.0042600331654701,0.0044988407026723,0.0046076713816477,0.0043714548640883,0.0044876960596733,0.0047148584471476,0.0047651646264722,0.0048251514862954,0.004876034321528,0.0050406529581797,0.0048729456381355,0.0050806712490924,0.0054513195641232,0.0055291478418337,0.0053878313675311,0.0054300669722174,0.0053430728919028,0.0049531740786636,0.0047881346516034,residential,1,winter,0,10,85938.84779,859388.4779,0
10,2021-01-02,0.0044003302393727,0.0042727326560645,0.0041853352328767,0.0041622368187008,0.0040960056805327,0.0044007914102898,0.0046829204016757,0.0048415798675054,0.0045132073060598,0.0045308975669073,0.0046692109622028,0.0047182729263832,0.0047020855215949,0.0045564832766246,0.0045591268938316,0.0043943015865914,0.0047353331541062,0.0052317036177351,0.0056021796272716,0.0054510978512334,0.0053843609918044,0.0054939761342789,0.0050823869754158,0.0047685880992258,residential,1,winter,1,10,85938.84779,859388.4779,0
10,2021-01-03,0.0044646910027188,0.0043454487840572,0.0042468109655753,0.0042295837064612,0.0041012594803973,0.0044522378567857,0.0047650693864916,0.0047875506275119,0.0043378281544721,0.0042255602479332,0.0043037560329087,0.0043197032472971,0.0043191573971358,0.0042442813819845,0.0042812782261148,0.0044300341316263,0.0046693801920187,0.0052194264946765,0.0055047418775916,0.0054429516132007,0.0053373977293087,0.0053007048752991,0.0048932946141954,0.0045039589198112,residential,1,winter,1,10,85938.84779,859388.4779,0
10,2021-01-04,0.0041932485267144,0.0040002308542601,0.0039005355044623,0.0032290462351816,0.0033330828141435,0.004071371949024,0.0043179731770406,0.0043729562015491,0.0040836206929693,0.0039828580342204,0.0041118949856958,0.0041236751634214,0.0041938631309927,0.0043204484136654,0.004373756377511,0.004410794082531,0.0047028705001916,0.0049523474208975,0.0052272556239153,0.0051545574472279,0.0050078078547504,0.0049445988062733,0.0045643391334383,0.0041976357663187,residential,1,winter,0,10,85938.84779,859388.4779,0
10,2021-01-05,0.003896470862394,0.0037224973398905,0.003669606589823,0.0028518533609951,0.0030661546177653,0.0038157254292914,0.0040888600440329,0.0041071146558257,0.0038449044767097,0.0038181367127594,0.0039344248615352,0.0040376609680731,0.0041939552722343,0.0043379625649236,0.0043388776985232,0.0044184142232307,0.0046130969452021,0.0048272904370907,0.0052267208065242,0.0050186802008644,0.0049358518666043,0.0048886069365224,0.0045217714034928,0.0041671713537187,residential,1,winter,0,10,85938.84779,859388.4779,0
10,2021-01-06,0.0038276090138186,0.0037122657377577,0.0036243037149853,0.0034911074653182,0.0030578887923427,0.003781790079033,0.0040817508574245,0.0041386610208527,0.0038467212970111,0.0038017647723043,0.0038580031653253,0.0038676548699414,0.0039329285688852,0.0039620142442202,0.0038598957871789,0.0039223373894218,0.0041987694774201,0.0044857054583155,0.0048416300290383,0.0047087513824236,0.0046112564092779,0.0045437617113064,0.0042401635291804,0.0039136805852494,residential,1,winter,0,10,85938.84779,859388.4779,0
10,2021-01-07,0.0036102441135686,0.0034466648285343,0.0033830896238483,0.0026611278491436,0.0028069152820504,0.0035643492703004,0.0038166226187839,0.0039481616339965,0.0037842405186433,0.0037391848654614,0.0038619582657714,0.003920582698272,0.0040709835469093,0.0040434079073974,0.003959230168475,0.0040679354364175,0.0042916729291581,0.0044943211158871,0.0047996210818861,0.0046817892018894,0.004605589615506,0.0045746645926713,0.0042728605695882,0.0039365119274947,residential,1,winter,0,10,85938.84779,859388.4779,0
10,2021-01-08,0.003662168210997,0.0034904744605501,0.0033956017093307,0.0033315979097372,0.0030096120566483,0.0035734798807052,0.0037903424495657,0.0039440695947878,0.0037672460072464,0.0037038459566991,0.0038329816304187,0.0039333368544532,0.0040301169089147,0.0041036946148311,0.0041251907764612,0.0041467391111894,0.0043250205413027,0.0045284652125341,0.0047341587083501,0.0046736513623939,0.0045928696704999,0.0045639048399324,0.0041867024050008,0.003938748247415,residential,1,winter,0,10,85938.84779,859388.4779,0
10,2021-01-09,0.0035755412262794,0.0034632300668101,0.0034331899465866,0.0033906441773763,0.0032908870391557,0.0036070052179218,0.0038474525432157,0.0039832617869274,0.0036989537582773,0.0037042081054641,0.0038178028924645,0.00389508945266,0.0039883929573798,0.0040583501930602,0.0040661659803736,0.0040123540866817,0.0042235323021486,0.0045846608432922,0.0048793151889697,0.0046964144551755,0.0046863871821422,0.0046514265403554,0.0043702150543208,0.0040288000185051,residential,1,winter,1,10,85938.84779,859388.4779,0
10,2021-01-10,0.0037588883247797,0.0035987325508864,0.0035600669564331,0.0034943044620478,0.003244039343887,0.0038152180843807,0.0040387877823027,0.0041217974224753,0.0037827946035575,0.0037138585272021,0.00381888340567,0.0037767786194214,0.0038881999630117,0.0038082908286898,0.0037199669235169,0.0037596701623049,0.0041208989465851,0.0046019304895927,0.0049276342553964,0.0048095857676145,0.0048209727966033,0.0047901153430301,0.0045018517776923,0.0041888839600211,residential,1,winter,1,10,85938.84779,859388.4779,0
10,2021-01-11,0.0039537663834563,0.0037988469834371,0.0037288524694269,0.0037093877506128,0.0036235097419919,0.0039546036779845,0.0042369928506409,0.0043574611323152,0.0040774862235417,0.0040483724089009,0.0041618203016727,0.0042248784420095,0.0043693037192976,0.0043475349866887,0.0042168748496885,0.0042207028951248,0.0045111561042447,0.0048795859191651,0.0052703828682929,0.0052150179441691,0.0051420178807766,0.0051924137950854,0.0048842163320476,0.0044982124011082,residential,1,winter,0,10,85938.84779,859388.4779,0
10,2021-01-12,0.0042225769826205,0.0040949487604435,0.0039662607105779,0.0039345532028574,0.0036723505526163,0.004236132280184,0.004525795334571,0.0045755457689456,0.0042859368990163,0.0042936351614173,0.0043896379839536,0.0044391416519669,0.0044900499120573,0.0045389674081095,0.0043863010433374,0.0045134795136055,0.0048081387320681,0.0051471203049541,0.0053841411443352,0.0051487212182204,0.0050732425750531,0.0050183034147917,0.004702566941271,0.0043429742451088,residential,1,winter,0,10,85938.84779,859388.4779,0
10,2021-01-13,0.0040228138554538,0.0039082134321022,0.0038216570433682,0.0037728321710801,0.0037362324580917,0.0040018326308496,0.0042727856102952,0.0043841064639789,0.0041658514158744,0.004139552562359,0.0043785992855123,0.004512152022334,0.004682137351795,0.0047840406005457,0.0049153621739137,0.0047196868415587,0.0048282995661937,0.0051886081133205,0.0053494072327739,0.0053679454799016,0.0052081459139276,0.0053003888144784,0.0048253786246495,0.0044546896963858,residential,1,winter,0,10,85938.84779,859388.4779,0
10,2021-01-14,0.0041593896042846,0.0040164915384735,0.0039154818199047,0.0038299546922122,0.0035688730571532,0.0040491824701914,0.0043354115015426,0.0044269000607837,0.0042214218680847,0.0041453409434833,0.0042619052552439,0.0044594341375089,0.0046027656442592,0.0046616214516187,0.0047289120321936,0.0046245611767094,0.0049174849904214,0.0051234016838086,0.0053241253642173,0.0051849256549357,0.0051628532605326,0.005059165046238,0.0047610838743198,0.0044940872583354,residential,1,winter,0,10,85938.84779,859388.4779,0
10,2021-01-15,0.0041715082815265,0.0040561693384463,0.0040351397635757,0.0040020828662723,0.0039707906908677,0.0042436748452575,0.0045864508323514,0.0046492852273924,0.0043230087745869,0.0042841513601411,0.0043908673751995,0.0043845097515998,0.0044958254564599,0.0043475889644884,0.0046839031022806,0.0045084480824903,0.0047910707189813,0.0054189152184291,0.0054589500431899,0.0054043292631506,0.0054385830647117,0.0052616044815614,0.0049516952437238,0.0046853931271779,residential,1,winter,0,10,85938.84779,859388.4779,0
10,2021-01-16,0.0043323060779781,0.0042100091669192,0.0041639413469748,0.0041716906531867,0.0040749005675361,0.0043779619044133,0.004791497920079,0.0047451198433025,0.0043340558711505,0.0043344275820156,0.0045113757671563,0.0045440128746832,0.0046699920705161,0.004557496574975,0.0048418167312841,0.0048344780256178,0.0050639688604133,0.0056181758263739,0.0056955778367564,0.0055337204873361,0.0057102826546961,0.0054844398057354,0.0051786461468842,0.0049533024811327,residential,1,winter,1,10,85938.84779,859388.4779,0
10,2021-01-17,0.0047329000114644,0.0045219279904533,0.0043613944635923,0.0034000581403681,0.0037632524982479,0.0044234020287831,0.00476196889032,0.0046767775765845,0.0041777547090821,0.0040095869431402,0.0039095846110001,0.0039176524272364,0.0038550034520399,0.0038272388307548,0.003695637104006,0.0036818369022846,0.0040096863082227,0.0045602574643901,0.0049069863765266,0.0048420310732179,0.0047577678406172,0.00473380951359,0.0044246467951799,0.0041110646143427,residential,1,winter,1,10,85938.84779,859388.4779,0
10,2021-01-18,0.0038191108202915,0.0036932962430883,0.0035961505919776,0.0035813644526047,0.0035437906293922,0.0038234846446795,0.0040990068480728,0.0041276834636398,0.0038500561243976,0.0037809322571974,0.0038760834175166,0.0040305444209415,0.0040877983285743,0.0040297934820059,0.003920732315966,0.0040224585343296,0.0042884480257755,0.0046502772017026,0.0050186491213828,0.0049600830693413,0.0048713578833048,0.0048559878844355,0.004559563681114,0.0042289579651282,residential,1,winter,0,10,85938.84779,859388.4779,0
10,2021-01-19,0.0039696472921186,0.0038500091971642,0.0037506505113827,0.0032207396403326,0.0031648174612027,0.0038999853011215,0.0041986200898508,0.0043106986856241,0.0040811858532499,0.0040092239908645,0.004099349663357,0.0040707424924132,0.0040616234968676,0.0041478380457942,0.0042460501461839,0.0043095898440653,0.0045631752597827,0.0048843943011259,0.0051097248024168,0.0050506452794753,0.0049963501864449,0.0050820897841072,0.0047058481958389,0.0043471515761851,residential,1,winter,0,10,85938.84779,859388.4779,0
10,2021-01-20,0.0041092729503436,0.0039309608880746,0.0038374162155649,0.003818691835571,0.0035648409546116,0.0040475001426394,0.004292874397621,0.0044030596160743,0.0041737371182854,0.0040877618168371,0.0041612125963291,0.0041492754266175,0.0040268202070148,0.0039432195835089,0.0040120765458178,0.0040341664314687,0.0043422384690958,0.0047840185975886,0.0050595174219908,0.0049997354141448,0.0049643852837802,0.004955138961146,0.0046461018505956,0.004298641005393,residential,1,winter,0,10,85938.84779,859388.4779,0
10,2021-01-21,0.0040530288810741,0.0038891635510044,0.003851646775794,0.0037677271990956,0.0037496455223109,0.0040365273465232,0.0042968634728841,0.004315105047588,0.0039901654691048,0.0038344110826875,0.0038340517830349,0.003877375440751,0.0037723438812958,0.0037398944451471,0.0036721733318254,0.0036701230801926,0.0040171420627919,0.0044565541998889,0.0048340041758764,0.0047744761256961,0.0046930979087166,0.0046794171424989,0.0044306500564337,0.0040941468761559,residential,1,winter,0,10,85938.84779,859388.4779,0
10,2021-01-22,0.0038367372937235,0.003675953378164,0.0036251025305528,0.0035639331658761,0.003547191817025,0.0038639163949657,0.0041493409350531,0.0042063417992405,0.0039920549232669,0.0038879923329342,0.0040287695933632,0.0041459993737588,0.0041241704699207,0.0040811872296725,0.0039769656599287,0.0040751422147295,0.0044100296543557,0.0048313479364655,0.0050993406551201,0.0049748861605544,0.0049805983856739,0.0048744328218521,0.004565859882801,0.004291925703122,residential,1,winter,0,10,85938.84779,859388.4779,0
10,2021-01-23,0.0039791090565412,0.0039248352792242,0.0037902836105563,0.0037622246604803,0.0037402567668691,0.0040338591368029,0.0043547198509702,0.0043642062197357,0.0039677705043701,0.0038116327296934,0.0037693207857424,0.003802745185251,0.0038320780727664,0.0037325964350206,0.0036367817486596,0.0037964105640442,0.0041531574000514,0.004726538027713,0.0050076953806345,0.0048772238638971,0.0047891825500338,0.0047502416876166,0.0043875942768192,0.0040379863429652,residential,1,winter,1,10,85938.84779,859388.4779,0
10,2021-01-24,0.0037464220127109,0.0035809447899707,0.0033843034464115,0.0024785082034811,0.0029436201014483,0.0036975278336029,0.003981910224594,0.0040683700650932,0.0037431902266458,0.0036724878210528,0.0037449219985573,0.003865694127137,0.0039174744284282,0.0039454121483956,0.0039719536734571,0.0039876149100686,0.0041951546457971,0.004604192708611,0.0048187896000043,0.0047031890621877,0.0046631029903435,0.004656806568684,0.0043657882981953,0.004025368322338,residential,1,winter,1,10,85938.84779,859388.4779,0
10,2021-01-25,0.0037071715363989,0.0035864022256363,0.0035560680053128,0.0034494731765751,0.0030070285510956,0.0037372015802457,0.0039831870378505,0.004102244752538,0.0039074365024896,0.0038873732862429,0.0040027555239361,0.004220139546254,0.004110950776974,0.0041262100086071,0.004191240326538,0.0042591484279441,0.0044469534679722,0.0048112614982545,0.0049543309786117,0.0048334148718993,0.0048301371179461,0.0047710592549015,0.00446814306609,0.0041866031709964,residential,1,winter,0,10,85938.84779,859388.4779,0
10,2021-01-26,0.0038803069165573,0.0037183754164061,0.0036561158118876,0.0031682009059883,0.0030587359276316,0.0038110876567189,0.0040422569205477,0.0041816743694546,0.0040212957515531,0.0040081007256075,0.0041309946344432,0.0042898790141948,0.0043626467876651,0.0043737858560964,0.0043954759478836,0.0044579914065834,0.0046354146446441,0.0048973774112356,0.005092582111244,0.0050198728416123,0.0048516380455529,0.0047618576703744,0.0044131029737979,0.0040549094473664,residential,1,winter,0,10,85938.84779,859388.4779,0
10,2021-01-27,0.0037485591204002,0.0035899073829823,0.0035112734879858,0.0033881798834463,0.0029271733209368,0.0036952594060761,0.0039317913578355,0.0040836185963332,0.0039264032795715,0.00393012913628,0.0040185263833622,0.0041948430635956,0.004298244656539,0.0043857314739855,0.0043736753771019,0.0045067023662581,0.0046830806652298,0.0048869286498319,0.0051473590801041,0.0049963689067936,0.0049119980802605,0.0048563241981678,0.0044356452387131,0.004149115212472,residential,1,winter,0,10,85938.84779,859388.4779,0
10,2021-01-28,0.0038370088165302,0.0037042183948868,0.0036332418651357,0.0035685645955311,0.0032862789192953,0.003801471389574,0.0039794985179044,0.0040687949142383,0.0039929836308063,0.0039700261310356,0.0040808281778626,0.0041793508688397,0.004320508920682,0.0043633564692621,0.0043731346759767,0.0044795961896695,0.0046587039843154,0.0048528199461956,0.0051041131282651,0.0049495570665224,0.0048150137307938,0.0048076428308107,0.0044437647659095,0.0040942580751897,residential,1,winter,0,10,85938.84779,859388.4779,0
10,2021-01-29,0.0037631361771209,0.0036399660734042,0.003556403859168,0.0034338404238228,0.0029743079474824,0.0036782335936374,0.0038946278554988,0.0040249770888196,0.0039600433733109,0.0039418477520966,0.0041441002842618,0.0042325256644994,0.0044561585003011,0.004404105171905,0.0044994270898604,0.0044167328228338,0.0045957562806875,0.0047743857999766,0.004875603800034,0.0047112327948045,0.0047387096222159,0.0047055248692432,0.0044261403889372,0.0040817322768674,residential,1,winter,0,10,85938.84779,859388.4779,0
10,2021-01-30,0.0037337294879552,0.0035526735832701,0.0035917720982098,0.0034127093376139,0.0029941610382482,0.0037755129062579,0.0039970164211239,0.0041421635350027,0.0038867601883159,0.0039191893216473,0.0041279496462682,0.0043741969180432,0.0042825068885647,0.0043557962905092,0.0045755856421464,0.0044199840675857,0.0047196382100124,0.0051285042673437,0.0051975789459324,0.0050490928851127,0.0049529274674239,0.0049910255254815,0.0045597168044661,0.0042746066627832,residential,1,winter,1,10,85938.84779,859388.4779,0
10,2021-01-31,0.0038848328507586,0.0038161243045718,0.0037153273834025,0.0036007923110263,0.003161164726102,0.0038474729945138,0.0040853417809444,0.0042009170332156,0.0040228565938902,0.0040270594433151,0.0042068454838123,0.0043898998255643,0.0044080546385053,0.0044719285282326,0.0046426451213416,0.0045978396125652,0.0047347425409037,0.0051631059547228,0.0051129669536812,0.0050155080936578,0.0049750410038023,0.0049001206151395,0.0045519897353576,0.0042273479476798,residential,1,winter,1,10,85938.84779,859388.4779,0
10,2021-02-01,0.0039432566418183,0.0038338346029829,0.0037477591457465,0.0036996243699766,0.0034186101991709,0.0039426059240877,0.0042636161104318,0.0042609290405648,0.0040041800501033,0.0038809476131733,0.0039780661657641,0.0041118911563287,0.0041234318098805,0.0041401424862223,0.0041668657585536,0.0041686255085906,0.0044749588969679,0.0048190131093253,0.0050044755056056,0.00487899136501,0.0048697002426631,0.00481488936998,0.0045211977793342,0.0041921333551191,residential,2,winter,0,10,85938.84779,859388.4779,0
10,2021-02-02,0.0038993634767168,0.0037320410200325,0.0037350121534579,0.0036289270899469,0.0034124453812481,0.0039935965239268,0.0042458647535192,0.0042695966834124,0.0040735159013935,0.0039235427026873,0.0040668718101701,0.0042529436499073,0.0044083473583857,0.0045334689715324,0.0046417685746589,0.0044567205226911,0.0048114094072048,0.0050034778260099,0.0051839578524038,0.0051173112127053,0.0050249926941742,0.0049925216734417,0.0046818281317013,0.0043441864236536,residential,2,winter,0,10,85938.84779,859388.4779,0
10,2021-02-03,0.0040825381206349,0.0039741509368985,0.0038780210494738,0.0038670846238771,0.0038366270576924,0.0041341550557713,0.0044557053361822,0.0045244989549321,0.0042190280436997,0.0042277523650421,0.0043748435683477,0.0045506292954131,0.0046796879190531,0.0047732221639377,0.0049269781371188,0.0046715375901141,0.0049967367654411,0.0051877283218263,0.0053955602315869,0.0052514965245662,0.0052373606953056,0.0051870382455344,0.0048754023254057,0.0045429009960952,residential,2,winter,0,10,85938.84779,859388.4779,0
10,2021-02-04,0.0042625666611413,0.0041474819973976,0.0039862244163507,0.003042658591533,0.0034771655871642,0.0041774806499685,0.0045187421130388,0.0045552313934796,0.0042056888204953,0.0041882288759118,0.0042322404432061,0.0042676604838187,0.0042995786541144,0.0043210925738813,0.0044116385545212,0.0043722251309635,0.0045998354128994,0.0049571619509661,0.0050388696779895,0.0049058334542438,0.0048916270288379,0.0048399444297714,0.0045270808699088,0.0041829966790885,residential,2,winter,0,10,85938.84779,859388.4779,0
10,2021-02-05,0.0038715586373401,0.0037381251092699,0.0036510406282173,0.0035728185620954,0.0032926059655233,0.0038309024820743,0.0040952509937185,0.0040829490569918,0.0037957200726443,0.0036585942853783,0.0036230936369054,0.0037188274952644,0.0037007213233308,0.0037409323718434,0.0037799095126429,0.003844456517476,0.0040903612312272,0.004473593866591,0.004728675568309,0.0046574661070847,0.0045997276627647,0.0045451771264374,0.0042056348502555,0.0039256143402341,residential,2,winter,0,10,85938.84779,859388.4779,0
10,2021-02-06,0.0036347669543308,0.0035096078086877,0.0034317878030419,0.0033701399491674,0.0030725239352323,0.0036523290613199,0.0038996365487241,0.0039922621535864,0.0036839801538203,0.003576779694077,0.0036304148972464,0.0036687889559907,0.00367967316273,0.0036832980025925,0.0037068145155825,0.0036836293789457,0.0039083062560566,0.0044486950755329,0.0046266824908695,0.0045739607250992,0.0045940686706665,0.0045562158542133,0.0042659237531549,0.0040195119124976,residential,2,winter,1,10,85938.84779,859388.4779,0
10,2021-02-07,0.0037596310867743,0.0036182760323912,0.0035853715647004,0.0035560049724753,0.0034748226872389,0.0038322084320334,0.0040907090668107,0.0041353346817301,0.0037540418798466,0.0036080448172924,0.003703208821523,0.00379740676432,0.0037637056271236,0.0037472073213958,0.0038785129380779,0.0037594330476766,0.0040534268568952,0.0046596486041056,0.0049025244162753,0.0048465627827297,0.0048063564468285,0.0047350136137438,0.0044363948677955,0.0041626859679437,residential,2,winter,1,10,85938.84779,859388.4779,0
10,2021-02-08,0.0038445681114432,0.003736958782207,0.0036590998236703,0.0035784145591577,0.003538930677544,0.003841110776585,0.0040792997734687,0.0041730370446743,0.0039888990853878,0.0038838038810077,0.0040524820686721,0.0041892845935741,0.0042378895414672,0.0042577228627375,0.0042701975627659,0.0044060353984339,0.0045605430976046,0.0048172029865988,0.0049965497163649,0.0049221675020406,0.0047972453466347,0.0047846804115204,0.0044269666155926,0.004103249190342,residential,2,winter,0,10,85938.84779,859388.4779,0
10,2021-02-09,0.0037996525345286,0.0036330412279723,0.0035861980987102,0.0028901645721879,0.0030017744534782,0.0037702602630938,0.004023992738788,0.0041750326707489,0.0039849984668555,0.0039959487447886,0.0040774198329126,0.0042129156765217,0.0042543632566315,0.0044063492670251,0.0043774431763303,0.0043799507275796,0.0045346890868623,0.004884688089437,0.0050817930517399,0.0049344072841815,0.0047933267799251,0.0047488578922951,0.0044529461266518,0.0041424926210876,residential,2,winter,0,10,85938.84779,859388.4779,0
10,2021-02-10,0.0038364864228022,0.0037241850142667,0.0036430386672303,0.0036142928736224,0.003523969077079,0.003859426161797,0.0040868875851918,0.0042358367796712,0.0040878939357048,0.0040782067914468,0.0041858823295916,0.0043234640427727,0.0042684625844525,0.0043009138261868,0.0044761043805922,0.0043627346001518,0.0045893978070915,0.0049513965173949,0.00508134437787,0.0049475036599986,0.0048724210859804,0.004889954979214,0.0045285897147683,0.0042102769137069,residential,2,winter,0,10,85938.84779,859388.4779,0
10,2021-02-11,0.0039391462881982,0.0038110534712397,0.0037076784376465,0.0036963582997222,0.0034153992744651,0.0039272943936824,0.0042561077559452,0.0043699276875304,0.0039781395359965,0.0040007713940637,0.0040036722333662,0.0041755407474859,0.0039791603639463,0.0039261976393666,0.0039518299178844,0.0038612741127254,0.0041414185444341,0.00476542152729,0.0050688447627551,0.0050053413743604,0.0049385418492714,0.004882518191637,0.0045153332030691,0.0042318104485233,residential,2,winter,0,10,85938.84779,859388.4779,0
10,2021-02-12,0.0039142279444434,0.0037891022191675,0.0036941337871032,0.0031600275402952,0.0030931109945333,0.0038488862526081,0.0040835869773151,0.004242404631296,0.0039911737667553,0.0039693630982657,0.004080007920524,0.0044084775985114,0.0043491015180051,0.0043595279070368,0.0047176178111944,0.0046207770754666,0.0048561261208872,0.0052923737470921,0.0052880751441364,0.0052162406405726,0.0051025383935729,0.0050037663411797,0.0047463277066994,0.0043275984632997,residential,2,winter,0,10,85938.84779,859388.4779,0
10,2021-02-13,0.0040163976627729,0.0039439808526434,0.0037883071589661,0.0036933425348648,0.0032219702305679,0.0039455170084194,0.0041895965974271,0.0043783613020919,0.0040873371206083,0.0040799636126967,0.0042322581256684,0.0044310720353347,0.0043344272676562,0.0044374365417708,0.0046931766591652,0.0045480042271925,0.0048097337454288,0.0052017242010761,0.0052129896183989,0.005161547509588,0.0051907472982628,0.0050681617401237,0.0049275195525056,0.0044768661451661,residential,2,winter,1,10,85938.84779,859388.4779,0
10,2021-02-14,0.0042255640441708,0.0040958803769326,0.0039233620997865,0.003914413712949,0.0037843639504963,0.0041397361122016,0.004336517877677,0.0045392312402222,0.0042498285168797,0.0042657176899412,0.0043710816271477,0.0046735999088956,0.0048705841169751,0.0049227159357014,0.004568366802282,0.0045229415829044,0.0049354035553154,0.00524321699205,0.005698586647082,0.0055397361141507,0.0053871731061377,0.0055107211492386,0.005099007969898,0.0047419849087341,residential,2,winter,1,10,85938.84779,859388.4779,0
10,2021-02-15,0.004498442908732,0.0043712323780182,0.0042297959443882,0.0036817401772583,0.0036391536964327,0.0044666897250886,0.0046298222301047,0.0046727178983064,0.0044292123111004,0.0041879785926705,0.0042426428772834,0.0043327828916675,0.0041932333932497,0.0041375175244586,0.0040876030457694,0.0041821947048847,0.0044390453917567,0.0050851018199407,0.0054399482813604,0.0053768378987696,0.0053741969372024,0.0053503458148861,0.0050331252730696,0.0046816233087386,residential,2,winter,0,10,85938.84779,859388.4779,0
10,2021-02-16,0.004347991217413,0.004228714586401,0.0042085196583767,0.0041252264552646,0.0040679475357251,0.0044125387214335,0.0047496104202378,0.0048217431613931,0.0044087639847987,0.0044588579710106,0.004662285925919,0.004757939327751,0.0046150809731408,0.0045125005209729,0.0045791672687048,0.004587231000599,0.0048940146333534,0.0055635311792594,0.0056531650463918,0.0054943684711113,0.0055271275389337,0.0054290058604559,0.0050981821236825,0.0048128057254697,residential,2,winter,0,10,85938.84779,859388.4779,0
10,2021-02-17,0.0044701493153081,0.0043512524778635,0.0042403453921342,0.0041549599465642,0.0040154663703504,0.0043982762876238,0.0046948810506112,0.0047702288744325,0.0044225984236332,0.0044658460361507,0.0045583039126847,0.0046949689547535,0.0048951373294393,0.0048207638193967,0.0048181923341679,0.0048729383256904,0.005011738082276,0.0057111960685413,0.0056206695718904,0.0054581455537047,0.0054678425754908,0.0055634691078539,0.0051404338130272,0.0047291791767899,residential,2,winter,0,10,85938.84779,859388.4779,0
10,2021-02-18,0.0044110033016851,0.0042784590717067,0.0042162818409423,0.0041563647272171,0.0039308134825481,0.0043786080178101,0.0046709575053381,0.0048229336898353,0.0045684318939642,0.0045896077933436,0.0047755228504438,0.0048625995116945,0.0049287790845678,0.004911052144097,0.0046605376011074,0.0047988698170402,0.0051460628514946,0.00537153405306,0.0057459116748445,0.0056662834627111,0.0053620408459227,0.0053978534800124,0.0050795998524072,0.0046854414511518,residential,2,winter,0,10,85938.84779,859388.4779,0
10,2021-02-19,0.004451644256704,0.0043331997862568,0.0041581022307333,0.0042060451647955,0.0041242366788694,0.0043602200672117,0.0047082778098787,0.0047438460821132,0.0043885428278464,0.0044350121952626,0.0045177697037284,0.0045820894933062,0.0045825909636456,0.0046269755838314,0.0044439889506678,0.0045207815196497,0.0047905474589349,0.005070435159546,0.0055144699820647,0.0053513074205495,0.0051779858947153,0.0052083331714624,0.0048951983468981,0.0045695902049198,residential,2,winter,0,10,85938.84779,859388.4779,0
10,2021-02-20,0.0043089161568876,0.0041936874579758,0.0040284359664138,0.0030900452404305,0.0035935176966717,0.0042514152276776,0.004663386279892,0.0046386979635454,0.0042589890521311,0.0042811708247946,0.0044681057567531,0.0045187214286693,0.0045878542122776,0.0045678006466134,0.0047893874796382,0.0046888943520469,0.0048094282933897,0.0052593305187567,0.0058211170263166,0.0055496649534593,0.005385509844459,0.0054883341025201,0.0051624487329914,0.0047654159029588,residential,2,winter,1,10,85938.84779,859388.4779,0
10,2021-02-21,0.0045450024722505,0.0044309342375448,0.0042615468026925,0.0043220657464689,0.0042500920572121,0.0045141584305543,0.0048714129447135,0.004927718215601,0.0044719795810803,0.004477886500636,0.004791067226804,0.0048955958714524,0.0047502426255779,0.0046752466022967,0.0049779244842793,0.0045568127157279,0.0049794710299703,0.0057665419167942,0.0058261496952645,0.0056482492193407,0.0057742306965256,0.0055990292970025,0.005268595936521,0.0050323751809049,residential,2,winter,1,10,85938.84779,859388.4779,0
10,2021-02-22,0.0046386440501328,0.0044357311776321,0.0044550705071979,0.0038695755015208,0.0038389487556445,0.0046480484029102,0.0049222096342513,0.0050535630566159,0.0047611043185068,0.0048316736618246,0.0049166252724598,0.0051334970937806,0.0049936332179767,0.0049582935574334,0.005130202258278,0.0047446139081997,0.0050001613488087,0.0056611338722166,0.0057494220435511,0.0056793668424307,0.0056450213522855,0.0057279975246547,0.0053962820003765,0.00492686571924,residential,2,winter,0,10,85938.84779,859388.4779,0
10,2021-02-23,0.0047592228040422,0.0045314618652246,0.0043816172154583,0.0044172246705449,0.0040951097191886,0.0046154532816839,0.0050488813599599,0.0050576923173294,0.0045952805502739,0.0046537503647768,0.0048180930151157,0.0048851159534028,0.0049009170155986,0.0047550592899553,0.004693483114555,0.0047961421114323,0.0050375855218756,0.0054036248647542,0.0059431534105561,0.0058731508017946,0.0055808731956455,0.0057100568995163,0.0053728061582977,0.0048930056082337,residential,2,winter,0,10,85938.84779,859388.4779,0
10,2021-02-24,0.0046287370293555,0.0044979560656737,0.0043589475235294,0.0043812021362143,0.0040536791444624,0.0046025063194406,0.0050096713945055,0.0050388579839461,0.004658119783194,0.0048091920002089,0.0049712403533132,0.0049110698430281,0.0049682212106588,0.005070769487858,0.0051105327265782,0.0050395857600032,0.0051227010085181,0.0056279912587332,0.0059616902861924,0.0060043334739466,0.0056273941522592,0.0057188022826587,0.0053828794792369,0.0049266162442051,residential,2,winter,0,10,85938.84779,859388.4779,0
10,2021-02-25,0.004735919015371,0.0046124511880976,0.0045443441154845,0.0044989040286711,0.0044031543290526,0.004731765273641,0.0050450104629702,0.0052188503833068,0.0048561682419833,0.0049977563924915,0.0051844928971431,0.0049396934952555,0.0055283194738166,0.005293479786005,0.0050304626294304,0.0052066297452012,0.005493468443519,0.0057963317604924,0.0061606237741534,0.0059664729569549,0.005803346548942,0.005905446717997,0.0055644957386807,0.0050373314396634,residential,2,winter,0,10,85938.84779,859388.4779,0
10,2021-02-26,0.0048099407851446,0.0046815571382761,0.004521807224169,0.0046553302386579,0.0045436106976877,0.0047980969574947,0.0052990664776889,0.0053597094372529,0.0049289567615162,0.0050445835469806,0.0053550933984061,0.0054768826049058,0.005305592799201,0.0052982669732076,0.0059094568516678,0.0055116260414941,0.0056509488239259,0.0064016047481874,0.0062208811796196,0.0060171078364274,0.0060146866290444,0.006078114695342,0.0057369115873866,0.005286677068811,residential,2,winter,0,10,85938.84779,859388.4779,0
10,2021-02-27,0.0050683665363743,0.004940499560967,0.0047240766749231,0.0048145586356853,0.0046983485313616,0.0049943112770739,0.0054551023600871,0.0052465242174637,0.00461326095183,0.0046902156278265,0.0048016129003316,0.0044856004866007,0.0047575815648968,0.004672955671377,0.0043236317278361,0.0046017176637586,0.0049381715759122,0.0053020399649933,0.0057661338533435,0.005596625313378,0.0054885536936888,0.0055485616915885,0.0052186732735434,0.0047954988360167,residential,2,winter,1,10,85938.84779,859388.4779,0
10,2021-02-28,0.0045831423568065,0.0044520831536599,0.0042689547908465,0.0033956320842381,0.0038452156911039,0.0044885990908163,0.0049424581110279,0.0049633138089188,0.0044011587488842,0.0044400574290523,0.0046879954260526,0.0045459572106365,0.0047416450388314,0.0048861591261845,0.004730486882804,0.0047999722431586,0.0050627924230018,0.0054289178718628,0.0058132422747848,0.0056901045572175,0.0055970950056384,0.0054474682623896,0.0049601979207028,0.0045121132067265,residential,2,winter,1,10,85938.84779,859388.4779,0
10,2021-03-01,0.0041249215972197,0.0039863593443349,0.0039108873993516,0.002846997665562,0.0033573368196399,0.004133195161496,0.004378158104443,0.00447096381381,0.0041832115340892,0.0041561565837791,0.0042175924533214,0.0042013122284148,0.0040905787930675,0.0040095814519089,0.003985363590563,0.0039385810733791,0.0042438074372504,0.0047414960082894,0.0049871527240406,0.0049163803193777,0.0049760848638082,0.0048775007939953,0.0045666969229598,0.0043436865299461,residential,3,spring,0,10,85938.84779,859388.4779,0
10,2021-03-02,0.004031554386333,0.0039204680618924,0.003885950144104,0.0038293080788957,0.0036987620584621,0.0041443041614695,0.004416272909064,0.0044921744143399,0.00427620483016,0.0041900301586615,0.0042362769677991,0.0044493698605657,0.0042837995131736,0.0042579428762046,0.0044002062120803,0.0042299293868459,0.0045418568288055,0.0051473674156866,0.0053126862927468,0.0052543015607846,0.0053327235014359,0.0052032134841086,0.0048843262825917,0.0046837082811966,residential,3,spring,0,10,85938.84779,859388.4779,0
10,2021-03-03,0.0042773536455332,0.004157277210723,0.0041968653739863,0.0039914561035815,0.0039072023815535,0.0044331660789027,0.0045962408530792,0.0046754504576063,0.004555354868952,0.0043618158554455,0.0045590217787788,0.0051602400680158,0.004843733567806,0.0049932624806632,0.0055530025783297,0.0050628680973454,0.0052232820543975,0.0061326670552974,0.0058768405784394,0.00569692232167,0.0058508456930064,0.0055478667973524,0.0052066877795889,0.0051320594359859,residential,3,spring,0,10,85938.84779,859388.4779,0
10,2021-03-04,0.0047480545764101,0.0045420891288178,0.0045249097056187,0.0038354756703549,0.0038620445937987,0.0046564278458667,0.0048681242982246,0.0049021280012425,0.0046136006529847,0.0047097909549165,0.0045877341781241,0.0047001756479727,0.0047939760389641,0.0049745006607795,0.0046375133819632,0.0049044073059529,0.0052104959016101,0.0053123942515804,0.0059317406186799,0.0057527210629475,0.0054632249557813,0.0056872456243958,0.0053546994787638,0.004755300235547,residential,3,spring,0,10,85938.84779,859388.4779,0
10,2021-03-05,0.0046179145474048,0.0044835556923775,0.0042439265450746,0.0034210159777909,0.003869954868422,0.0044605694824293,0.0049042696995774,0.0050265436212976,0.0045796046139207,0.0047435570478494,0.0047665435810634,0.0046305480784995,0.0049970523296033,0.0052604233966006,0.004948217728127,0.0047785702940587,0.0050905483123237,0.0057418978568003,0.0058283099282405,0.0057475994095134,0.0055970087294309,0.0056871266648408,0.0053610129607186,0.0049367408187761,residential,3,spring,0,10,85938.84779,859388.4779,0
10,2021-03-06,0.0047206280978926,0.0045845422519648,0.0044346061417868,0.0045816103118076,0.0042020441925228,0.0046881155151004,0.0050694198023815,0.0052483164055671,0.0046833651180297,0.004998381841086,0.0047511729676829,0.0051221527060869,0.0050386265536621,0.0052031958535765,0.0051093813136453,0.0050812142888796,0.0053871532558541,0.0059473697593531,0.00626046421715,0.0061958475951469,0.0060974750433336,0.0061650319235404,0.0058253680873835,0.0052818070753079,residential,3,spring,1,10,85938.84779,859388.4779,0
10,2021-03-07,0.0050395331662223,0.005019270756566,0.0047650349574824,0.0049117279944412,0.0047534755967739,0.0050369863271537,0.0053613536263006,0.0054140738309413,0.0050936159920257,0.0051966453508893,0.0054816486454507,0.0054143203388975,0.0055169896818297,0.0055499779640261,0.0053818433283845,0.005457525976149,0.0057965892941184,0.0063189537262956,0.0066333346264162,0.0064168978044447,0.0062209312091038,0.0063651665828478,0.0060137025804903,0.0055197597359821,residential,3,spring,1,10,85938.84779,859388.4779,0
10,2021-03-08,0.0053301254017144,0.0052005085136263,0.0049501338210474,0.0050756090275452,0.0047943742184865,0.0049739944328037,0.0056208852410862,0.0055187587370991,0.0048982851676349,0.0050769252816418,0.0050808768422686,0.0050185172648302,0.0052509569032026,0.0052377112444152,0.0048165960524645,0.0047854993206882,0.0051135563811388,0.0054442495078847,0.0059979447494577,0.0059289797366858,0.0056062625669282,0.0057540163375296,0.0054119156575448,0.0048711479640464,residential,3,spring,0,10,85938.84779,859388.4779,0
10,2021-03-09,0.0045762051190018,0.004368038410119,0.004345799723253,0.0042486893419644,0.0040579989924199,0.0045138404552947,0.0047572109586231,0.0047672277991278,0.0045273257602988,0.0042977577542122,0.0042941776778222,0.0043980012708795,0.0042377337734597,0.0042243913359005,0.0042213171991649,0.0041597208383216,0.0044565607054134,0.0050092351219618,0.00531772648093,0.005248145559708,0.0052596222898243,0.0051990447405332,0.0048082640669672,0.0045730347333044,residential,3,spring,0,10,85938.84779,859388.4779,0
10,2021-03-10,0.0041766496555304,0.0039962435869476,0.0039412783846582,0.0031496893329195,0.0033215266350808,0.0041163843235117,0.0043705509051722,0.0043869166133928,0.0040714419433317,0.0039300921722966,0.0039318285436735,0.0039470718361881,0.0038788604296854,0.0038108219564099,0.0037442317243176,0.0038414725690836,0.0040836746765509,0.0045232675907375,0.0048781760626889,0.0047671105515647,0.0047256065161715,0.0047156304858978,0.0043678763174138,0.0040834529223296,residential,3,spring,0,10,85938.84779,859388.4779,0
10,2021-03-11,0.0037622913324387,0.0036064525184277,0.00353059199044,0.0027840324855695,0.0029609610091726,0.0037331110076196,0.0039999394759425,0.0040169229155701,0.0037512101175214,0.0036037608100908,0.0036369218205608,0.0036569258006106,0.0036042565069814,0.003576270862427,0.0035683162961027,0.0035700016579158,0.0039129182963954,0.0043298503274054,0.0046624120262698,0.0046605954052333,0.0045811250457749,0.0046283539917889,0.0043328144334362,0.0039994448989567,residential,3,spring,0,10,85938.84779,859388.4779,0
10,2021-03-12,0.0037025761896487,0.0035814230692874,0.0035084247236769,0.0029623246642797,0.0029069950593216,0.0036805696640039,0.0039735443186865,0.0039885888930691,0.0036719189734768,0.0035340879890355,0.0035290239099272,0.0035273947400384,0.0034793627378096,0.0034182186313558,0.0033901429176412,0.0034118998578606,0.003740240140384,0.0042126868892776,0.0045675141402465,0.0045041243215427,0.0044728829930698,0.0044680497366621,0.0041755369944928,0.0038709877937108,residential,3,spring,0,10,85938.84779,859388.4779,0
10,2021-03-13,0.0035917661496899,0.0034770981989314,0.0033990712404973,0.0033821407536921,0.0031782472344411,0.0036636977440667,0.0039848662482905,0.0039970097992161,0.0035651169684493,0.0034425560152346,0.0034464691922234,0.0034253349240361,0.0034495397180451,0.0033668039451191,0.0033019783672276,0.0033290824341466,0.0036364010009748,0.0042312454190827,0.004643001850789,0.0045436379813214,0.0045200172644314,0.0045645131450234,0.0042696945813253,0.0039392322846983,residential,3,spring,1,10,85938.84779,859388.4779,0
10,2021-03-14,0.0036411679539167,0.0035307137216208,0.003496588305564,0.0034876331777381,0.0032868709307604,0.0037707157617838,0.0041062352717855,0.0041233478930088,0.003691307904792,0.0036097110668341,0.0035659762280394,0.0036042204822337,0.0036453949075715,0.0035687438987816,0.0035120796099866,0.0035387127167527,0.0039157799077268,0.0044582442700053,0.0048220368647857,0.0047702436562072,0.0047272532388874,0.0047394010481982,0.0044393645850048,0.004082030075619,residential,3,spring,1,10,85938.84779,859388.4779,0
10,2021-03-15,0.0038637163257149,0.0037104030216377,0.0036194495522417,0.0035960671451843,0.0031773396236591,0.00390065267438,0.0042066949407368,0.00427483607839,0.0039903077919163,0.003920696476398,0.0040003082153778,0.0041368390923718,0.0042392687893041,0.0043472779315269,0.0043182927950037,0.0042982105666053,0.0045991867841537,0.0050006494473628,0.0052679348941087,0.005124257832138,0.0050749638874494,0.0051592155351259,0.0048350986433784,0.0044134552428522,residential,3,spring,0,10,85938.84779,859388.4779,0
10,2021-03-16,0.0042303689241669,0.0041068044286033,0.0038694885402063,0.0030118503306848,0.003459805502423,0.0041505322936238,0.0045488925901637,0.0046395843822928,0.004288809273486,0.0043518119343397,0.0044865753481934,0.0044063436200461,0.0045396872727705,0.0045589406010519,0.0045648438737059,0.0044156051611956,0.0046815686597634,0.0051950357544083,0.005562420160445,0.0054019138948281,0.0054544386121924,0.0053599489091658,0.0050356501547461,0.0047453133582409,residential,3,spring,0,10,85938.84779,859388.4779,0
10,2021-03-17,0.0044066975760022,0.0043687469491288,0.0042424792232436,0.0042747536319742,0.0040553806223948,0.0045510308637308,0.0048509051146403,0.0049372388638672,0.0046829745020476,0.0046851060234628,0.004873085171285,0.0049656201749578,0.0050717318434805,0.0051531610228173,0.0054933634091933,0.0051826382387144,0.0054920692756425,0.0060483882179834,0.0060154137111418,0.0059329158047185,0.0059158721423802,0.0056646121621931,0.0052340678996793,0.0050187110626526,residential,3,spring,0,10,85938.84779,859388.4779,0
10,2021-03-18,0.0045913206262685,0.0044690273007476,0.0044333732195357,0.0044294789074182,0.0041837280564686,0.0046956073396649,0.0051550017388889,0.0051901828696957,0.0048220769090483,0.0047665426208243,0.0049130978635361,0.0051471188963588,0.0053554741559906,0.0054492556052973,0.0056105591238596,0.0055526423956551,0.0059960985097414,0.0063601603167767,0.006454858785464,0.0062340833253988,0.0060441949074204,0.0059299058246286,0.0055865369900438,0.0051863948222322,residential,3,spring,0,10,85938.84779,859388.4779,0
10,2021-03-19,0.0048255935470249,0.0047040853432072,0.0046162247449406,0.0044895532421421,0.0042307367712549,0.0048068808518834,0.0051009866112285,0.0051945611717937,0.0051617630939724,0.0051918587951731,0.0054798956049922,0.0057758378865727,0.0055920003110948,0.0058565616401171,0.0059821950670058,0.0061027145455289,0.0062719599804838,0.0067583948158392,0.0063983242355979,0.0061826709696559,0.0061545347021046,0.0061212946151653,0.0057731250540935,0.0054300387849776,residential,3,spring,0,10,85938.84779,859388.4779,0
10,2021-03-20,0.0049913712014585,0.004857633156625,0.0047419002675573,0.0046309828563615,0.0043665429493894,0.0049412944837066,0.0053596345437502,0.0053618950980426,0.0048769411111498,0.0049402336043124,0.0049191214130511,0.0048277776055413,0.005317737783538,0.0052774940984542,0.0051077613850653,0.0054930047828783,0.0058036660062318,0.0059518094592033,0.0063993197253334,0.0063197019380454,0.0057837340963079,0.0060046439422296,0.0055503574913863,0.0050158589945207,residential,3,spring,1,10,85938.84779,859388.4779,0
10,2021-03-21,0.0048886064527681,0.0047635932852315,0.0044529859749036,0.003612052453921,0.0040492656373642,0.0046801176499924,0.0051549126629303,0.0052665749986267,0.0047452247952595,0.0049404981601042,0.0050597341737468,0.0049964047733819,0.0050501751502786,0.0051367415851127,0.0051429162695686,0.0049236225852971,0.0052075404688019,0.005851311965912,0.0059863515348851,0.005803995298164,0.0057903654712093,0.0056442114654968,0.0053143649671323,0.0049758707625472,residential,3,spring,1,10,85938.84779,859388.4779,0
10,2021-03-22,0.0047614322286603,0.0046336325811372,0.0043899653196967,0.0034844871136991,0.0038468242581963,0.0045566122532514,0.0048487710282753,0.004972016018672,0.00467206113788,0.0046011954699264,0.0046734040783385,0.0047200580912833,0.0047268882202397,0.0048008232418151,0.0048155472202648,0.0047714103816747,0.0050173443586663,0.0053694782052244,0.0058870741342058,0.0055976459324182,0.0053749210701007,0.0054317885555727,0.0051968733841175,0.0047691660111724,residential,3,spring,0,10,85938.84779,859388.4779,0
10,2021-03-23,0.0045691549998896,0.0044488353489023,0.0042249372329284,0.0033959655372289,0.0038355675326233,0.0045289761999544,0.0049440979265576,0.0050670565464854,0.004761127605215,0.0048795878311217,0.0050208242826767,0.0053826367073398,0.005304727426509,0.0052283357124012,0.0056064261564144,0.0053957975690092,0.005803430926544,0.0060220149435398,0.0062699020483021,0.0063350109189122,0.0059105475617459,0.0060296172247484,0.0056953769794273,0.0052110435387449,residential,3,spring,0,10,85938.84779,859388.4779,0
10,2021-03-24,0.0050387242470162,0.0049137185973345,0.0047139687369537,0.0047850550964748,0.0043896513959738,0.00490757124208,0.0052369589525878,0.0054974828830829,0.00517989122676,0.0051572937460513,0.0052732886914193,0.0054191474706314,0.005415149725578,0.0050670723351814,0.0049401355176902,0.0046450963558318,0.0048514229229336,0.0052343698445047,0.005453990735975,0.0053566746159691,0.0052272997287679,0.0051749156569374,0.0048369813474003,0.0044344107298188,residential,3,spring,0,10,85938.84779,859388.4779,0
10,2021-03-25,0.0041335035784965,0.003992154170612,0.0038741683878734,0.0038481491299181,0.0033005692367801,0.0039595357104164,0.0042917290053444,0.0044556589290643,0.0042214059039853,0.0041978381383985,0.0043257232889533,0.0043564879066043,0.0044990343876427,0.0045892320324427,0.004620990064563,0.0047465378713327,0.0050096870108686,0.0052326009705938,0.0055112698971616,0.005333910216711,0.0051596826679034,0.0051806136287245,0.0047890325057156,0.0043554156007539,residential,3,spring,0,10,85938.84779,859388.4779,0
10,2021-03-26,0.0040707123522014,0.003952692563877,0.0038221268054122,0.0028369407344998,0.0032700650480927,0.0040119983830243,0.0044036238154197,0.00449279788173,0.0043373522581426,0.0044407058514799,0.0046312624291076,0.004609525982619,0.0048597867259719,0.0050080248195839,0.0050252182928117,0.0049325425716609,0.0051937898914834,0.0053428437015263,0.005487735543627,0.0054239263771512,0.0052046573051618,0.0052709802851098,0.0049547036416959,0.0045108104771746,residential,3,spring,0,10,85938.84779,859388.4779,0
10,2021-03-27,0.0042675840843422,0.0041328670948344,0.003941090481807,0.0029892059710636,0.0033126349655987,0.0040944886900382,0.0043117198667659,0.0045915702485227,0.0043007304840961,0.0043394920638584,0.0045120531051461,0.0046678382920041,0.0046165766815351,0.0047190491639496,0.0049976626465959,0.0048906744259358,0.0051449981462604,0.0055151102135306,0.0058936710955827,0.0056927217274598,0.0053456714465944,0.0054119851759133,0.0050949849107664,0.0046563837551161,residential,3,spring,1,10,85938.84779,859388.4779,0
10,2021-03-28,0.0044826871665139,0.0041872094357113,0.0038000689245321,0.0029219570410718,0.0033668071950653,0.0042726778538118,0.0044231205377887,0.0047258799506299,0.0044090155716067,0.0044678349879762,0.0046728301287582,0.0047373547087398,0.0049998317423906,0.0048723694703246,0.0048462123323764,0.0048335594939166,0.0051379091335985,0.0056366546210048,0.0059587939150876,0.005788626647734,0.0055503132226085,0.0056593993213364,0.005346647328627,0.0048516871386157,residential,3,spring,1,10,85938.84779,859388.4779,0
10,2021-03-29,0.0046266099674177,0.004508927358238,0.0043146086975126,0.0033635233167508,0.0037965150682256,0.0044989891833013,0.0048122794957131,0.0050288620519428,0.0048190615680182,0.0048887463429949,0.0051090961803487,0.0050710888326847,0.005145496450838,0.0051702785044895,0.0053524511452422,0.0052393003718825,0.0055081546071086,0.0057282610555277,0.0060797123833561,0.0060204490180407,0.005670985195105,0.0058631246376006,0.0055387523312896,0.0049803901239452,residential,3,spring,0,10,85938.84779,859388.4779,0
10,2021-03-30,0.0047930904587386,0.0046755275897811,0.0044678733797707,0.0045562567286472,0.0041179709222565,0.0047074849314257,0.0050942416617302,0.0054193843111772,0.0050558503717553,0.0050613242956159,0.0052965330717355,0.0053524029205568,0.0055026632957161,0.0054340448377973,0.0054456856595953,0.0052077027113044,0.0057703329665001,0.0060341381349537,0.006365491799485,0.0061596355666174,0.0058843662564914,0.0059886013830135,0.0056599572025852,0.0051484889018915,residential,3,spring,0,10,85938.84779,859388.4779,0
10,2021-03-31,0.0049002919824126,0.0047803389390804,0.0046123824274174,0.0046546260683049,0.0042981472989117,0.0048931337458392,0.005215474853162,0.0054999200069952,0.0052397751507998,0.0053828847401064,0.0052728226746547,0.0052935019909332,0.0054043435144065,0.0055720154776711,0.0055173197854164,0.0055209690882917,0.0059188093760574,0.0060976990062625,0.0064243288864188,0.0063491463643267,0.006259210751039,0.0061265915897072,0.0056494696961203,0.0051917071645398,residential,3,spring,0,10,85938.84779,859388.4779,0
10,2021-04-01,0.0048207524905722,0.0047127391106515,0.0046388501277726,0.0046174850467437,0.0042448456586288,0.0048943316673126,0.0052712228989694,0.0052923159785959,0.004873044817106,0.0048338298459184,0.004831425040742,0.0047002354991306,0.0048113947360018,0.0049016944658085,0.0046391584488393,0.0045175474887277,0.0048648345017034,0.0053644511299664,0.005719696413067,0.0056541766344012,0.0055491340402377,0.0056019832183198,0.0052733682951892,0.0049111993311837,residential,4,spring,0,10,85938.84779,859388.4779,0
10,2021-04-02,0.0046317730918859,0.00450943839282,0.0044040996008442,0.0043903874768352,0.0040168958113812,0.0046368468564377,0.0050326653750406,0.0049822641038238,0.0046235840648939,0.0046281274438494,0.0046295521816443,0.0045260778317672,0.0044781952575339,0.004563355107027,0.0046120249448508,0.00456739072327,0.0048968500477156,0.0053511804615545,0.005680166654969,0.0056080586124176,0.005558776787856,0.0056642332773513,0.0053359718648584,0.0049013702111299,residential,4,spring,0,10,85938.84779,859388.4779,0
10,2021-04-03,0.0046919975444456,0.0044836660453588,0.0044183775672856,0.0043716038473288,0.0039012449917726,0.0045631840900766,0.004926159969539,0.0050379030207789,0.0045544956291397,0.0044233816714965,0.0043085856113227,0.0043151073504512,0.0043577952932256,0.0043097260802766,0.0043347634035182,0.0046797545645557,0.0048753134191989,0.0054481052259825,0.0057805256930807,0.005711675296822,0.005603354341654,0.0056749875383865,0.0053403775976485,0.0049178205229998,residential,4,spring,1,10,85938.84779,859388.4779,0
10,2021-04-04,0.0045959572913568,0.0044719403314942,0.0043410728184221,0.0043545900733563,0.0039631433012101,0.0046208007822726,0.0051003923615997,0.0052387873585518,0.0049081959478572,0.0047590347217598,0.0049053238700055,0.0047138215076758,0.004760349099432,0.0047130554285703,0.0048103840447845,0.0048492188502247,0.0051624415954875,0.0055101092877855,0.005969049883616,0.0057666909951418,0.0055227651838474,0.0054951205435565,0.0051705743422084,0.0047694934363959,residential,4,spring,1,10,85938.84779,859388.4779,0
10,2021-04-05,0.0044466792597557,0.0043178991359623,0.0042081958258091,0.0041246769058425,0.0037143184655613,0.0043895237973394,0.0047886562538713,0.0049828722931703,0.0046545211256805,0.0046484031170613,0.0047927955687611,0.0048697091684848,0.0047561777161525,0.0047473061257356,0.0051247674948144,0.0047767803785206,0.0050581421661118,0.0058310281614346,0.0058483160037495,0.0057870617676708,0.0057122549911256,0.0057369418495011,0.0053966312187785,0.0049209380427149,residential,4,spring,0,10,85938.84779,859388.4779,0
10,2021-04-06,0.0046517123106137,0.0045305270406766,0.0043917640666997,0.0044171322387626,0.0040031114873145,0.0046575215813973,0.0051616378501533,0.0051793770748443,0.004776353929194,0.0047708353059185,0.0048943900950309,0.0049236334968984,0.0049053729543634,0.0045916141982792,0.0041698963421672,0.0043062376451005,0.0046638935041752,0.0050973786555455,0.0054457056639448,0.0054671980929553,0.0053456765437406,0.0055073233904747,0.0050987648026399,0.0047357841920291,residential,4,spring,0,10,85938.84779,859388.4779,0
10,2021-04-07,0.0044508495281279,0.0043334860963036,0.0042285398002832,0.0042222254203153,0.0037947629599371,0.0044863507971991,0.0048808545053602,0.0049531433024686,0.0046926030677818,0.0047000860107676,0.0047491463428615,0.0047244207818113,0.0048278190720771,0.0047153963542325,0.0045364069151526,0.0046636668520656,0.0049731705035253,0.005319461761695,0.0058659259907624,0.0058024471371365,0.0055902366714201,0.005647880170553,0.0053150820419712,0.004896142571464,residential,4,spring,0,10,85938.84779,859388.4779,0
10,2021-04-08,0.0046675162579866,0.0045448543978906,0.0043841977892312,0.0044373552761104,0.0039193070936649,0.0046360913896532,0.0050586336585685,0.0052015033769848,0.0047911707782317,0.0047006224435391,0.0047566805328933,0.0047828170074485,0.004727005242485,0.0047927503424191,0.0047873365487673,0.0048629737366076,0.0050889420573619,0.0057482044662909,0.0059743899267318,0.0060168519149597,0.0057950562504742,0.0058537235067086,0.0054167964161129,0.0050373038850178,residential,4,spring,0,10,85938.84779,859388.4779,0
10,2021-04-09,0.0048627917362022,0.0047386102982921,0.0045123777349177,0.0046254243021054,0.0042002516634783,0.0048065024971728,0.0052172356983993,0.0053607327517097,0.0049953569300172,0.0049183970709585,0.0050379655510694,0.005480132551305,0.0052695976757125,0.0052712220004398,0.0056832103934324,0.0052118193098444,0.0055419286250856,0.0062693768253753,0.0062110057186732,0.0061323319967834,0.0061225133144856,0.0060754087790619,0.0057281522915923,0.0052650677056586,residential,4,spring,0,10,85938.84779,859388.4779,0
10,2021-04-10,0.0049391205809199,0.0049108408083084,0.0047508162334569,0.0047831243892873,0.0043487596586785,0.0050027915095052,0.0054539030994353,0.0056117663068131,0.0050736992051213,0.0050746195984146,0.0050435406996441,0.0050259447602286,0.0052352538676627,0.0053001819753162,0.0051098591872798,0.005381584925801,0.0057153746483408,0.0060429933445944,0.0065136975340271,0.0062946452843214,0.0058648740947208,0.0059779540980013,0.0055232542124685,0.0050983449508449,residential,4,spring,1,10,85938.84779,859388.4779,0
10,2021-04-11,0.0048637464381575,0.004738161510029,0.004596621629046,0.0045300736896679,0.0041861045749438,0.0048338070973382,0.0052868212673953,0.0054450062708682,0.0050950301690165,0.0052083104244101,0.0050645653130317,0.005302135633891,0.0051526549770978,0.0051218790408755,0.0056123074354033,0.0051472879102404,0.0054723401997384,0.0062145325261383,0.0063244944977891,0.0062566629918969,0.0061298241174214,0.0063444156640725,0.0058646515895854,0.0053565204512717,residential,4,spring,1,10,85938.84779,859388.4779,0
10,2021-04-12,0.0051793454633108,0.005050914779793,0.0047743303205428,0.0048139803364503,0.0043792580877398,0.0050121669636574,0.0055838647701235,0.0057142795467073,0.0054387405638745,0.0054763546001221,0.0054375823511303,0.0058183409519261,0.0055080664330836,0.0055248182502389,0.0061634578761811,0.0055617061442605,0.0057446952105043,0.0065482830696469,0.0064408315523375,0.0063641555867237,0.006369509994971,0.0063060404534912,0.0059588379111643,0.005561275497763,residential,4,spring,0,10,85938.84779,859388.4779,0
10,2021-04-13,0.0051547060915724,0.0050190311731606,0.0049259378762887,0.0048981337900482,0.0044626313615591,0.0052010421133781,0.0057424929948905,0.0058404637749943,0.0056683872384957,0.0056210477699406,0.0056857204821423,0.0060199238982989,0.0058920710110455,0.0059097265890295,0.0062314605328432,0.0058231953391686,0.0061687215896536,0.0066813178825969,0.0066775118990252,0.0065965444606731,0.0065564723065296,0.0065352435383545,0.0060416839174723,0.0057107683678177,residential,4,spring,0,10,85938.84779,859388.4779,0
10,2021-04-14,0.0053421837477836,0.0052032509356744,0.0051581814254374,0.0051835774036183,0.0046306008132715,0.0053748587232595,0.0058546492385217,0.0058868203550355,0.0056294606837892,0.0056934017479624,0.0055492610250127,0.0052182547743926,0.0056048448466313,0.0054270093070466,0.0051808725180622,0.005416166266073,0.0057569024100089,0.0059852074010585,0.0065006252881354,0.0062775874530149,0.0059410901758805,0.0060657437826155,0.0057117611020254,0.0052234607078342,residential,4,spring,0,10,85938.84779,859388.4779,0
10,2021-04-15,0.0050270221709673,0.0048922994860873,0.0046443602241246,0.0046602991675945,0.0042147617583562,0.0048242470756132,0.0053703185751764,0.0054626566240479,0.005136035104972,0.0051286731424376,0.0051872922224745,0.0051417626373137,0.0051835374322293,0.0054657803760195,0.0052130802177052,0.0053807739714935,0.0055483148855146,0.0059232781626613,0.0062276196172174,0.006044428480379,0.0058831914214462,0.0060067294450065,0.0056747935669985,0.0051960762113802,residential,4,spring,0,10,85938.84779,859388.4779,0
10,2021-04-16,0.0050183948559232,0.0048945516951013,0.0046870297468821,0.0047671697805144,0.0043351594786229,0.0049242460140707,0.0055540211609213,0.0056418203729835,0.0052171362943806,0.0052843854569938,0.0052517414593614,0.0052261664560009,0.0052809035851183,0.0053786257729942,0.0054460687161734,0.0055132413919698,0.0057078850526713,0.0061547975022797,0.0065091889188189,0.0064371766289109,0.0061299008821913,0.0062411406611889,0.0058878377234506,0.005379630384354,residential,4,spring,0,10,85938.84779,859388.4779,0
10,2021-04-17,0.0052007928097403,0.0050697205720166,0.0047992244268927,0.0048331278977838,0.0043937579491156,0.0050423406018717,0.0056075629541769,0.0058214472750473,0.0053476788842516,0.0054646038434316,0.005403087401298,0.0056839668310196,0.005360042124863,0.0053627223251451,0.0058370392463463,0.0053767842527201,0.0057053271994101,0.0066265075336404,0.0065502724503394,0.0064731337637528,0.0063166906852259,0.0062822757369952,0.0059291475839649,0.0055373021308306,residential,4,spring,1,10,85938.84779,859388.4779,0
10,2021-04-18,0.005241474258402,0.0049984324746183,0.0048970838526252,0.0048769237949581,0.00443708613447,0.0050903420232857,0.0056760794751774,0.0057299639527018,0.0054095177778198,0.0052854948632412,0.0053648559637794,0.0057866508956832,0.0054292364680324,0.0054209812096537,0.0056115128375897,0.0055670939266399,0.005772491714511,0.0066146586447245,0.0065759596975087,0.0064938375553335,0.0063207471976636,0.0062977269703428,0.0059459512729595,0.005550435078614,residential,4,spring,1,10,85938.84779,859388.4779,0
10,2021-04-19,0.0052568069276782,0.0051233876346302,0.0048984218049556,0.0048881984365373,0.0044472605329233,0.0051250241077782,0.0057045939268351,0.0059538792351018,0.0056666843766816,0.005852069126431,0.0056344440318658,0.0059272281290658,0.0056818484019291,0.0056925286014263,0.0060273678276236,0.0057410416497874,0.0059674833435671,0.0067556508545986,0.0066437009097996,0.006560798839869,0.0065094791761546,0.0063641502617583,0.0060076516135058,0.0056713824988618,residential,4,spring,0,10,85938.84779,859388.4779,0
10,2021-04-20,0.0053149943244494,0.0051765853649065,0.005076605860118,0.0050531502841695,0.0046096031576125,0.005351918413847,0.0057714537080744,0.005810042616717,0.0055877319152921,0.0054282744959547,0.0055360316439499,0.0057019107396995,0.0055074436061742,0.0055510205666467,0.0059509570002426,0.0057182472875431,0.0059389511547103,0.0066793703328652,0.006780674579351,0.0065558838611971,0.0065604109183967,0.0064960095685811,0.0061350714754084,0.0057180384147815,residential,4,spring,0,10,85938.84779,859388.4779,0
10,2021-04-21,0.0053167396320536,0.0052979927031547,0.0051332317978595,0.0051709501950125,0.004732219414376,0.0053878685935166,0.0059840055727487,0.006084501687426,0.0055982710449828,0.0056841498744853,0.0057891120465063,0.0055313760696456,0.0058588613692654,0.0057169912880706,0.0055776854677122,0.0059213010608059,0.0060899243377245,0.0063602986067768,0.0067812752340377,0.0066988067948379,0.0063169804597398,0.0064891624550247,0.0061282622753663,0.0055639845595099,residential,4,spring,0,10,85938.84779,859388.4779,0
10,2021-04-22,0.0052997118407268,0.0051592575396178,0.0049699137214604,0.005023611429263,0.0046944240685501,0.005214259974439,0.005800558348526,0.0060077552573395,0.0055012580922235,0.0055994215468841,0.005569420312826,0.0056493380444853,0.0056849481992842,0.0056062165593032,0.005588323944007,0.0054279267570927,0.0057618274291999,0.0063285701611623,0.0067484825438744,0.0065346649149934,0.0064867788050886,0.0064801024539059,0.0061257690026212,0.0058186196673056,residential,4,spring,0,10,85938.84779,859388.4779,0
10,2021-04-23,0.0054334804722365,0.0052996626986953,0.0051923964751185,0.0051723461665002,0.0047341236372412,0.0053522166066988,0.0057605222748074,0.0057921695317506,0.0053094986184849,0.0052993456604135,0.0053940937353997,0.0052179228545266,0.0053269312112511,0.0052710867314692,0.0049093882408383,0.0051954351545743,0.0054287638350701,0.0057413949908735,0.0062208352355523,0.0061421343827934,0.0059622886438246,0.0060733911324948,0.0057266745363834,0.0052662360820137,residential,4,spring,0,10,85938.84779,859388.4779,0
10,2021-04-24,0.0050481441635406,0.0049183682157453,0.004744647601993,0.0047982396970573,0.0043542766445032,0.0049458022337702,0.0055424274152486,0.0056005565977315,0.0050391371880105,0.0050730554427324,0.0050658395376738,0.0049607705547076,0.0052500423520485,0.0050457982783922,0.0047621434598523,0.0050666897252704,0.0054085162541629,0.0058042351198953,0.0063134568732412,0.0062428132575722,0.00601130783292,0.006187078477619,0.0058366125550251,0.0053309064916472,residential,4,spring,1,10,85938.84779,859388.4779,0
10,2021-04-25,0.0051536609420933,0.0050269545123737,0.0047907324264837,0.0048073931709319,0.0044748943040719,0.0050592298217168,0.0055611653058562,0.0057507966728721,0.0051548692028061,0.0052085247041873,0.0054641032932707,0.0052676928760189,0.0054524010020188,0.0054223121880379,0.0055198682818121,0.0055612157777531,0.0057926792900133,0.0063000362042338,0.0067079535717021,0.0066305420122029,0.0063119383936866,0.0064425479010917,0.0060825743899322,0.0055447872278189,residential,4,spring,1,10,85938.84779,859388.4779,0
10,2021-04-26,0.0053800544001943,0.005245872196361,0.0049929282404687,0.0050074511466015,0.0045630567899925,0.0052146679840925,0.0057469215818756,0.0058160793691102,0.0054423674359031,0.0055618272077984,0.0056538897152443,0.0054855864450257,0.0059226467746419,0.0054234935884412,0.0048109720124549,0.0048970888276769,0.0054811197248218,0.0059596897412342,0.00638384344662,0.0062947354242296,0.0061780928014456,0.006103397469454,0.0057554012344035,0.0054032650263788,residential,4,spring,0,10,85938.84779,859388.4779,0
10,2021-04-27,0.0050791931712983,0.0049483997125321,0.0047859602105293,0.0047266915891406,0.0042756883120244,0.0049999679811424,0.0054901328103441,0.0057402169171307,0.0055650425487381,0.0056589120555367,0.005623001772292,0.0058848256996662,0.0057869947110685,0.0057787849906719,0.0058508020284275,0.0059155196186537,0.0061018803806597,0.0067395479829794,0.0068800547844931,0.006651828143988,0.0066545007242888,0.0065866118462991,0.0062192419970885,0.0057163138110117,residential,4,spring,0,10,85938.84779,859388.4779,0
10,2021-04-28,0.005383453677417,0.0052474321031303,0.0050648569131769,0.0049951879422807,0.0044290947701226,0.0052415416188247,0.0056445582138493,0.0058854786977673,0.0055102128601302,0.0054490720266562,0.0055414207376287,0.0055210895315972,0.0055931067725905,0.0056132153204575,0.0057532976207924,0.0057604266890861,0.0061006736663494,0.0066637095071985,0.0067853262026807,0.0067089850850997,0.0063863444903728,0.0063816715828361,0.0060351540566136,0.0055471588216837,residential,4,spring,0,10,85938.84779,859388.4779,0
10,2021-04-29,0.005348785701885,0.0052050464081259,0.0049218768002136,0.0049574756985381,0.0045028605952353,0.0051407822317651,0.0057966429238863,0.0059284568314333,0.0055781616231966,0.0056542346327927,0.0055996481909224,0.0057074851704494,0.0055076562462826,0.0054997966611469,0.0054627943400966,0.0054220245302479,0.0057505774005875,0.00607575387038,0.0066690082524598,0.0064565002147922,0.0062215724731839,0.0062570994224234,0.0059048259235652,0.0054654244914933,residential,4,spring,0,10,85938.84779,859388.4779,0
10,2021-04-30,0.0051073488116429,0.0048719137119435,0.0047267919948977,0.0046612645352959,0.004310093402023,0.0049870937141488,0.0055012488588906,0.0056198061792013,0.0052531269036329,0.0051399035845975,0.0053241631716588,0.005356444662331,0.0051899856715311,0.0051285774539927,0.0051613820262209,0.0051012209560654,0.0054496505963594,0.0059305035735936,0.0061718184534391,0.0060367165034666,0.005961528534197,0.0059582325706153,0.0057032762078081,0.0053912158847868,residential,4,spring,0,10,85938.84779,859388.4779,0
10,2021-05-01,0.0050926193740612,0.0049514750434924,0.004827952855219,0.0048090120276766,0.0043806367280205,0.0051047239801497,0.0055716134090031,0.0055927299053326,0.0049840490508496,0.0049423097234471,0.0050353122835859,0.0049396980544073,0.0050829321750887,0.0050250226211884,0.004744574271207,0.004910057830055,0.0052589395907592,0.0056515272390989,0.0062265877374626,0.0060425031291084,0.005922716596236,0.0057734139787528,0.0055470977204035,0.005060938979864,residential,5,spring,1,10,85938.84779,859388.4779,0
10,2021-05-02,0.0048931414495388,0.0047694314950346,0.0045427992515447,0.0046518209528852,0.0042050926736453,0.00484373297602,0.0052786123556291,0.0054541902075305,0.0050318141191499,0.0051012072194265,0.0051927364887563,0.0051876316454445,0.0051003148725736,0.0051886860714843,0.0051946497521526,0.0054913242122823,0.0055661973207113,0.0061388242000994,0.0068228721253118,0.0066062266357911,0.0062476345502745,0.0064130519971768,0.006052639700187,0.005503210567448,residential,5,spring,1,10,85938.84779,859388.4779,0
10,2021-05-03,0.0053493572602656,0.0050985482476463,0.004961224316897,0.0049761296701751,0.0046447325507082,0.0052529035760647,0.0059076629311657,0.005985440256039,0.0056259247233769,0.0055945063752417,0.0055837825204365,0.0056928005656658,0.0056072051123828,0.0057485126792556,0.0057649840486374,0.0057047166029411,0.0060567636623108,0.0069710481669981,0.0069975200610155,0.0067650889967792,0.0068331633906612,0.0067111265049636,0.0063414752540201,0.005950313077612,residential,5,spring,0,10,85938.84779,859388.4779,0
10,2021-05-04,0.0056278551271335,0.005491964945834,0.0053692510972742,0.0053699299341357,0.0048009003394558,0.005657107484487,0.0062300139759824,0.0065127328840418,0.0060314880787409,0.0061040412621394,0.0060195775740518,0.0061055847954729,0.0059104247648502,0.0058467357635902,0.0060373452417292,0.0052314877874587,0.0054298372591107,0.0061722126101938,0.0065705446142542,0.0066239951706991,0.0063991765335872,0.0064176978708512,0.0060475451146105,0.0056388769209187,residential,5,spring,0,10,85938.84779,859388.4779,0
10,2021-05-05,0.0053328304781363,0.0051944157589912,0.0049895491316885,0.0049518228450897,0.0044952024163694,0.0052947152612397,0.0058137987543346,0.0060106539746703,0.0054191189636321,0.0055074598945885,0.0057527780953688,0.0056886135244893,0.0055037702090873,0.0055973278478019,0.0056576329068622,0.0057997089312476,0.0061878635746708,0.0070166875357098,0.0071530997902,0.0069170650987427,0.006864419821405,0.0067171285725882,0.0064961513843479,0.0060017896325792,residential,5,spring,0,10,85938.84779,859388.4779,0
10,2021-05-06,0.0057717311860607,0.0054971573658167,0.0054231835050841,0.0053751938865824,0.0049254556856121,0.0056497430189486,0.0062635965739842,0.0065356004014571,0.006330198860527,0.0060016476747766,0.0060695300088526,0.0062862764012219,0.0059361830023342,0.0061058588215516,0.0063118194758519,0.0061561750641621,0.0065276438832187,0.0071172277602965,0.007325100751273,0.0070699920588439,0.007090139858547,0.0070062580921102,0.0067852583418476,0.0062706422979104,residential,5,spring,0,10,85938.84779,859388.4779,0
10,2021-05-07,0.0058797253667232,0.0057349187654099,0.0056150756293623,0.0056058292073004,0.0051561856880487,0.0058586807959836,0.006474309194905,0.0066068668099085,0.0065460629253446,0.0063916501498463,0.0063417182043175,0.0065240182256783,0.0063405370083911,0.0063076604052812,0.0063000883565458,0.0062109773941869,0.0065533042827435,0.007100427703792,0.0073571867225733,0.0072688820771259,0.0071293908582157,0.0065768266428428,0.0061900068469268,0.0057712158469011,residential,5,spring,0,10,85938.84779,859388.4779,0
10,2021-05-08,0.0056919639003979,0.0055410933312706,0.0052876797550264,0.005399021754117,0.004946793706513,0.0056868947761854,0.006244204764757,0.0065273571367828,0.0062170037982801,0.0061519416717445,0.0060898957172431,0.0060868869502267,0.0061552590410582,0.0061159387486503,0.0060130262927114,0.006182673498398,0.0065430966924734,0.0073263817097858,0.0074863138053197,0.0072240314373665,0.0071087065836791,0.0071624151116489,0.0066193432344327,0.0063350429726408,residential,5,spring,1,10,85938.84779,859388.4779,0
10,2021-05-09,0.0058799733027989,0.0057342235304556,0.005670622270808,0.005750869027995,0.0051540574033168,0.005891501538144,0.0064477187125152,0.0066739873309281,0.0061962423431653,0.0060874745605052,0.0060651154413385,0.0063142358082724,0.0059979612893349,0.0059317136208804,0.0061337926195972,0.0061443943028674,0.0063473088667505,0.0070777596675338,0.0072952475726224,0.0072035314771377,0.0071394277454036,0.0071421212637414,0.0067607114597358,0.006287018086101,residential,5,spring,1,10,85938.84779,859388.4779,0
10,2021-05-10,0.0060165101157315,0.0058668317890401,0.0056567374064458,0.0055841928324757,0.0051300472966421,0.0058579958939424,0.0064507600691327,0.0067831624878529,0.0064542631948857,0.0065448616978814,0.0062808011917185,0.006407592134447,0.0061269075196399,0.0062794035321987,0.0064258935532484,0.0062257903850445,0.0065739041135106,0.007208632720775,0.0073536210877027,0.0072642794005811,0.0071809920896604,0.0071976032561801,0.0068124747102066,0.0063037497723021,residential,5,spring,0,10,85938.84779,859388.4779,0
10,2021-05-11,0.0059126170828961,0.0057654491056444,0.005701236245569,0.0056353008023141,0.0051841328911811,0.0059557231102517,0.0058241130508878,0.0060922662588288,0.0055478250209321,0.005463027774357,0.0052119756151228,0.0052889346314152,0.0053450866908277,0.0054294982940535,0.005294346563155,0.0054419752208063,0.0057967626265129,0.0063582884983094,0.006806391785784,0.0067355174526019,0.0065715428365359,0.0065320239190905,0.0061630747099342,0.0058615562923537,residential,5,spring,0,10,85938.84779,859388.4779,0
10,2021-05-12,0.0054422394058327,0.0051790891379047,0.0050028298861004,0.0049163804651913,0.0044390753305051,0.0051169600360838,0.0055867921621713,0.0057865050134311,0.0055632664206937,0.0055066331361495,0.0055605594601253,0.0057009692992477,0.0055116180895549,0.0055089412016847,0.0059040097154238,0.0059226613752584,0.0062768963321045,0.0065769890144662,0.0066958644192987,0.0066260570946176,0.006407388021174,0.0065915437631862,0.006097530616153,0.0055892113683151,residential,5,spring,0,10,85938.84779,859388.4779,0
10,2021-05-13,0.0052667148704255,0.0051217916418629,0.0049603317732159,0.0048684085508312,0.0044093969330143,0.0051529763879728,0.0058717745272995,0.0059848032891879,0.0057577985581807,0.0058802011638293,0.005796441345909,0.0058634953930352,0.0058244261229774,0.005821029404106,0.0060199303406372,0.0057885310252691,0.0058448257276076,0.0065585968028084,0.0067924960963797,0.006713928945732,0.0065528152784028,0.0068089961656907,0.0064378675611221,0.0057632050268778,residential,5,spring,0,10,85938.84779,859388.4779,0
10,2021-05-14,0.005576379164825,0.0054349699463797,0.0051722965383055,0.0051747782462331,0.0047169212165636,0.0053967603085241,0.0060413841575362,0.0063595872354609,0.0059187742278743,0.0059756937618204,0.0060180655785427,0.0058569783538573,0.0058942197513194,0.0058904094223349,0.0059609041454755,0.005993705024632,0.0065042769049999,0.0066844822937674,0.0073203364938488,0.0070607874254776,0.0067225436058259,0.0068199406930353,0.0064482213411684,0.0058454463031042,residential,5,spring,0,10,85938.84779,859388.4779,0
10,2021-05-15,0.0057205593522734,0.0054488831324708,0.0052726473555157,0.0053215454065109,0.0048659839098189,0.005473048778667,0.0061064554629601,0.0062007350809292,0.0055955331746907,0.0057863426075549,0.0058839615906067,0.0056246882229018,0.0060052179475232,0.0058153547843973,0.0057733398140614,0.0060401210717267,0.0060628601692963,0.0067748576195879,0.0073459808589216,0.0072656973326603,0.00676929542437,0.0068674687285353,0.0064920057027481,0.0059113618375915,residential,5,spring,1,10,85938.84779,859388.4779,0
10,2021-05-16,0.0056176189017887,0.005475870447795,0.0052994865418248,0.0052213912161049,0.004885698782587,0.0055409684176458,0.0060961130535649,0.006532669582343,0.0059621843129674,0.0059524179877239,0.005898548998855,0.0061638205982933,0.0058838812489937,0.0058741282268786,0.0062801767404687,0.005953922720024,0.0063013383985877,0.0071380999560164,0.0072290838719478,0.0065484017548656,0.0063817451093421,0.0064559598880682,0.0060856892535691,0.0056788331986976,residential,5,spring,1,10,85938.84779,859388.4779,0
10,2021-05-17,0.0052565040624224,0.0049977158311795,0.0048827658975654,0.0048237521747926,0.0042390911841833,0.004997519116434,0.005562696436389,0.0056492456696472,0.00527930201335,0.005227599257413,0.0052564443528382,0.0052106833347612,0.0054631307171553,0.0056120461912015,0.0055669527463352,0.0057063376997318,0.0061992010339184,0.006436469448302,0.0068904572864104,0.0066540412044134,0.0064643220909132,0.0065941750631212,0.0061014206374407,0.0055807593687874,residential,5,spring,0,10,85938.84779,859388.4779,0
10,2021-05-18,0.0054229786450988,0.005178833160098,0.0049576560402986,0.0050661888831342,0.0046170562965807,0.0051772008579071,0.005696193623209,0.0057472934143875,0.0053906044493703,0.0053735024527509,0.0053697629753026,0.0054766012087521,0.0054059100169888,0.0052282612519137,0.0052482246462747,0.0054943795126212,0.0057234440668589,0.0060384473170331,0.0066374835788008,0.0064274277785953,0.0060478803933968,0.0062290364260009,0.0058821837535274,0.0054241961157326,residential,5,spring,0,10,85938.84779,859388.4779,0
10,2021-05-19,0.0051947674868435,0.0050589997918836,0.0048965231013093,0.0049252185895717,0.0044655690883775,0.0051215484721152,0.0056742981094702,0.0057635319991928,0.005444226284039,0.0055493338340106,0.0056473736252596,0.0056155728231431,0.0055354454613889,0.0055323360011867,0.0055748054786153,0.005764760576679,0.006110692425998,0.0063226022620146,0.0070251038817433,0.0067840307685489,0.0063998194976739,0.0065626788882127,0.0061966327303724,0.0055355834261893,residential,5,spring,0,10,85938.84779,859388.4779,0
10,2021-05-20,0.0053518842311855,0.0052089135649577,0.0050351655082974,0.0050807499483138,0.0046235193633407,0.0052355282864987,0.0059203681880351,0.0060373541984561,0.0056275102081523,0.0055986315645968,0.0058707035558184,0.005807199949065,0.0057563748984678,0.0057622675033429,0.005783662154377,0.0059853086292665,0.0063437796048422,0.0067088567499699,0.0071439651555387,0.0069080110573474,0.0065793867589559,0.0067010812025705,0.0063313369354145,0.0058235574015978,residential,5,spring,0,10,85938.84779,859388.4779,0
10,2021-05-21,0.0056077638401441,0.0054682115595885,0.0052964613963631,0.0053419053683422,0.0048834349129513,0.0055349831654724,0.0060718578199827,0.0061336501213984,0.0057235184379885,0.0058704305494268,0.0058410192086343,0.0056516593664376,0.0057773090514291,0.0054332290168437,0.0051770746143972,0.0052662033512827,0.0056482463553692,0.0062082312263556,0.006666943826483,0.0065954143062469,0.0064788963556195,0.0065339731026228,0.0061659629768524,0.0056701163602395,residential,5,spring,0,10,85938.84779,859388.4779,0
10,2021-05-22,0.005449956759269,0.0053118113179673,0.0051269533019875,0.0051885666433162,0.0047299103728484,0.0054050559323134,0.0058982640461145,0.005927556247104,0.005358787417433,0.0052006859871171,0.0053795716017304,0.0053385754571159,0.005459457165385,0.0055595759414692,0.0056371912670344,0.0059638509723541,0.0061933486240849,0.0067677217492873,0.0071501037934683,0.0070639179304774,0.0068246101960003,0.0068359646510196,0.0064492136334338,0.0058293731684879,residential,5,spring,1,10,85938.84779,859388.4779,0
10,2021-05-23,0.005569592650291,0.005426751036828,0.0052420951350979,0.0051783493924129,0.0047074935313228,0.0054239747974945,0.0059161742540125,0.0062676692152673,0.0057518902090767,0.00584876128773,0.0059225324002266,0.0058012416800487,0.0059334300555605,0.0060529386004388,0.0057274827826007,0.0061104617351772,0.0064886073394512,0.0068190773220758,0.0074382051756884,0.0071788040714247,0.0068936947713293,0.0069623204525456,0.0065898580115225,0.0059387240450035,residential,5,spring,1,10,85938.84779,859388.4779,0
10,2021-05-24,0.0057012790792453,0.0055541363685916,0.005254498004739,0.0052869115846602,0.0048197471467692,0.0054058299670457,0.0059933770854002,0.0062729046776854,0.0061263494227104,0.00608320398865,0.0061720586261284,0.0062092421193257,0.0059723458479083,0.0061507410829588,0.0061589989836578,0.0064287527958867,0.0068089283365511,0.0070765669592926,0.0075661327037911,0.0069621576510068,0.0068493023579336,0.0069129957967704,0.0065461679620837,0.0060300344144153,residential,5,spring,0,10,85938.84779,859388.4779,0
10,2021-05-25,0.005686300531852,0.0055452644186726,0.0053717166143819,0.0054187382990611,0.0049587698383082,0.0056117099789496,0.0062654710175592,0.0064151627290639,0.0062425831329792,0.0060744840845654,0.0061560373705537,0.0064000089779242,0.0061158381891943,0.0063243775746472,0.0064122733770052,0.006407544200059,0.0065790753879456,0.0070498564157195,0.0073125731698913,0.0072275809689686,0.0070195397711376,0.0069950704558966,0.0066172860643133,0.0062021227992536,residential,5,spring,0,10,85938.84779,859388.4779,0
10,2021-05-26,0.0058813059687189,0.0057331470186566,0.0055213545527831,0.0055949299007901,0.0049955038022702,0.0057904779637221,0.0064007272095431,0.0066990876394993,0.0065119272551657,0.00640403288285,0.0063249855433521,0.0062888792501512,0.0061424807405485,0.0061784289686207,0.0066206033813938,0.0064395760725462,0.0067976299889541,0.0073308477289905,0.0079184693353053,0.0074335882356229,0.0070791511313526,0.007165817907756,0.0067748192138287,0.0061920998022808,residential,5,spring,0,10,85938.84779,859388.4779,0
10,2021-05-27,0.0058699441682808,0.0057229293503518,0.0055621507536023,0.0055818025734567,0.0051150071065721,0.0057834308233673,0.0064596654957304,0.0067853844086576,0.00636235230574,0.0065534528620702,0.0066522562105572,0.0063294947451209,0.0064457492598673,0.0062881999692412,0.0062170847898664,0.0067195062788212,0.0071282405259358,0.0073206964111594,0.0079153363009314,0.0076322539748781,0.0072354115311812,0.0073756710326033,0.0069846698869206,0.0063946758333184,residential,5,spring,0,10,85938.84779,859388.4779,0
10,2021-05-28,0.0062130792673282,0.0059101350745387,0.0057759525389712,0.00593614936302,0.0053219483460787,0.0059463713631089,0.0064568868955645,0.0067302288409261,0.0061915360680374,0.0063218795221522,0.0064403327328365,0.0063813118957095,0.0064671516701939,0.0066319379863728,0.0059340314035446,0.0060989291115582,0.0068219057157906,0.0070212744102257,0.0075106591948672,0.0074275557680985,0.0069831865446861,0.0073629741926843,0.0068006077012868,0.0062126641796404,residential,5,spring,0,10,85938.84779,859388.4779,0
10,2021-05-29,0.0058912438679935,0.0057491954010653,0.0056421123774341,0.0053586654144622,0.0050121420792271,0.0059920907575694,0.0065289857829742,0.0063971001294921,0.0059835185917546,0.0056363581109648,0.0055825563381062,0.0062748816402946,0.0056414163668944,0.0054374292787675,0.0059708296450868,0.0054350498407364,0.0056892294108195,0.0062919981846549,0.0068974223592542,0.0068201780659825,0.0066109751314794,0.006753818327029,0.0063711833184941,0.0059482064394724,residential,5,spring,1,10,85938.84779,859388.4779,0
10,2021-05-30,0.0057787605089414,0.0056416878042635,0.0054152736225417,0.0055258102103518,0.0050701740519925,0.0057503967942419,0.0063511652483479,0.0066103209777932,0.0062452183698536,0.0060427109207747,0.0062120121424159,0.0064003009954976,0.006315249871696,0.0061094295951839,0.0063473578643328,0.0061722689861388,0.0065625764845937,0.0071882536801248,0.0073583880213928,0.0072656470614643,0.0073112071551414,0.0072035933975199,0.0068127583281811,0.0064771915144716,residential,5,spring,1,10,85938.84779,859388.4779,0
10,2021-05-31,0.0060581547794245,0.0059112015840312,0.0057579473768624,0.005783690053504,0.0053222439048756,0.0060585047288404,0.00669474982913,0.0068468597122192,0.0066388843525088,0.0064713907250409,0.0065635126835396,0.0064884831455526,0.006383720491831,0.006361575671179,0.0067793473363485,0.006413364730016,0.0067954698428175,0.0076095467619058,0.0076525441975634,0.007549787831292,0.0074577575265098,0.0074483089800999,0.0070432407349456,0.0065317074039727,residential,5,spring,0,10,85938.84779,859388.4779,0
10,2021-06-01,0.0061297466786958,0.0059401892828115,0.0057675424582081,0.0057941845622966,0.0053688015847535,0.0061760440216805,0.0069433208093431,0.0071124340967879,0.0065905845018535,0.0068648026627376,0.0068144332562546,0.0064927544273334,0.0065784657361305,0.0067520322951974,0.0066914295039077,0.006684039462694,0.0070549387563331,0.0077004361583385,0.0078263109404264,0.0077320389625908,0.0074819102818922,0.007462560154416,0.0070624829269303,0.0066799785429499,residential,6,summer,0,10,85938.84779,859388.4779,0
10,2021-06-02,0.006296394361203,0.0061443399377147,0.0060186554462993,0.0060149601894153,0.0053975820240285,0.0060821815023074,0.0069317271490469,0.0069068837464763,0.0065090016905833,0.0068407215045004,0.0067659802280674,0.0067574465833022,0.0062143676906154,0.006238415660318,0.0063735676252351,0.0060738995799352,0.0064451378384236,0.007083384391787,0.0077910982933087,0.0074975182816712,0.0074559273345346,0.0074332699298507,0.0070417858667178,0.0065716372004215,residential,6,summer,0,10,85938.84779,859388.4779,0
10,2021-06-03,0.0062797520547078,0.0060643469012923,0.0059419161932027,0.0058424883175917,0.0055335727016264,0.0062237686061926,0.0067667728110206,0.0071182008923918,0.0068037895132168,0.0068837939175469,0.0068234568235002,0.0066783066936733,0.0067813233377363,0.0067744644985444,0.0067353827715325,0.006879362327354,0.0072777636054502,0.0076862271784557,0.007874607006718,0.0077506658926803,0.0075856841627567,0.0076738786687394,0.0070937219841918,0.0066423223887239,residential,6,summer,0,10,85938.84779,859388.4779,0
10,2021-06-04,0.0063124670337261,0.0061591780350389,0.0060009149787767,0.0060176164982803,0.0055479053409808,0.0062770526535958,0.0069477208092937,0.0071418694371623,0.0068398897304265,0.0069509191747904,0.006828614394374,0.0067895054363827,0.0065690693827934,0.0065624564185771,0.006600796844949,0.0066277144171137,0.0070451537153149,0.0074843784834861,0.0078361392339791,0.0077277634656775,0.0075679029195541,0.0076691628107475,0.0072682394262736,0.0066295767064629,residential,6,summer,0,10,85938.84779,859388.4779,0
10,2021-06-05,0.0063188465156607,0.006149145373871,0.0060363467603985,0.0060212688508912,0.0053923995951365,0.0062056520079409,0.0069916363107373,0.0071503741899559,0.0065071392423795,0.0067201630625407,0.0066254581154492,0.0064904059850822,0.0065846595602071,0.0065384284247267,0.0065074906485553,0.0064355044620846,0.0068172523405261,0.0073678655770347,0.0076013662896589,0.007654094739053,0.0074532908042135,0.0075766762271195,0.0071899941910741,0.0066203033791617,residential,6,summer,1,10,85938.84779,859388.4779,0
10,2021-06-06,0.0062571203277954,0.0062666169315816,0.0059427718299035,0.0059611965702354,0.0054901197876358,0.0061757602455426,0.00692826899482,0.0071064995660216,0.006394173297837,0.0065025285376571,0.0066137448008653,0.0062820681207532,0.0066062633733451,0.0063613704346634,0.0061826111125202,0.0063940415227021,0.0064033383611803,0.0071257059694566,0.0077812990766524,0.0076969254960773,0.0075072967314019,0.0074534860342916,0.0070594236745951,0.0066024661015767,residential,6,summer,1,10,85938.84779,859388.4779,0
10,2021-06-07,0.0064555332608169,0.0062088779464681,0.0060187537637183,0.0060032807952714,0.0053797669700267,0.0057999157012699,0.0066451039380233,0.0069268163630748,0.0063423213532129,0.0065010483361226,0.0061101962953714,0.005936998491853,0.0063767414577609,0.0062998653412269,0.0060874208784326,0.0065200003475605,0.0067001526046621,0.0071749650224158,0.0077673148163321,0.007685954753712,0.007421807714345,0.0070840988142505,0.0066736224922852,0.006208486020055,residential,6,summer,0,10,85938.84779,859388.4779,0
10,2021-06-08,0.0060261379244336,0.0060276554657335,0.0058995605085164,0.0059234903459655,0.0054689909488626,0.0062015633024087,0.006738172597229,0.0067873685972471,0.0063402551221292,0.0060082281829108,0.0055480634220452,0.0055576927861791,0.005676761661368,0.0059056802747294,0.0058753615831833,0.0056546885176317,0.0060482323800243,0.0063361996234227,0.007062948209615,0.006979341370105,0.0068209460095361,0.0069207858202791,0.0065336777399832,0.0060891607392046,residential,6,summer,0,10,85938.84779,859388.4779,0
10,2021-06-09,0.0059365259122888,0.0056786841020469,0.0055122626827425,0.0058308460955121,0.0052262047114808,0.0060382258941174,0.006490689503769,0.0067380040915354,0.0062739059928619,0.0063115831146591,0.0063140402926994,0.00638571799642,0.0062916977507204,0.0062259915594187,0.0059758157537789,0.0057129894168417,0.005964392871944,0.0063282322660652,0.0069192376323952,0.0069769618158257,0.0067391318419852,0.0070588059129322,0.0068495834843841,0.0060526504724749,residential,6,summer,0,10,85938.84779,859388.4779,0
10,2021-06-10,0.0061163479179905,0.0059843288709711,0.0056094005825322,0.0054374971547791,0.0048394268025511,0.0054479414112384,0.0060022960275297,0.0061715749610463,0.0055733901166266,0.0055316509981024,0.005517594598102,0.0053545116037316,0.0056131488153639,0.0055460291583681,0.0052206511014919,0.0054121484644012,0.0058288448971711,0.0062732969699772,0.0069631887353681,0.0068997835823433,0.0067095022641532,0.0068581387297183,0.0064820202112167,0.0060249910005053,residential,6,summer,0,10,85938.84779,859388.4779,0
10,2021-06-11,0.0057415121969207,0.0054685698817224,0.0053520742796439,0.0054760408615365,0.0050116175278224,0.0056537253381771,0.0064234772691335,0.0065729071131801,0.0061814266723904,0.0060639800254234,0.005982223680459,0.0061773710669503,0.006067680363428,0.0062420320689428,0.006514115989834,0.0065211199701272,0.0067327129276682,0.0071656847886036,0.0075066608853427,0.0074184563722862,0.0071448929112882,0.0073535946081987,0.00696360009365,0.0063915481855215,residential,6,summer,0,10,85938.84779,859388.4779,0
10,2021-06-12,0.0058967899306529,0.0057432190113552,0.0056359893506977,0.0055997147167406,0.0051245514136693,0.0058503234396032,0.006480353968225,0.0067585214895408,0.0062863486355743,0.0061533666382192,0.0061235139092798,0.0058095363052801,0.005813821650591,0.006074952761729,0.0058759911589753,0.0059281159290246,0.0062796283192448,0.0069344061833328,0.0074587981378969,0.0071266894050641,0.0068348980883555,0.0068181413944697,0.0064307858165199,0.0059489629366861,residential,6,summer,1,10,85938.84779,859388.4779,0
10,2021-06-13,0.0058275359593368,0.0058282985996255,0.0056457732705158,0.0057129550468357,0.0052536840848158,0.0059349815236274,0.0065951377474511,0.0067254544398694,0.0062659952052123,0.0063288301358013,0.0062756842297086,0.0062047380602722,0.0058553061592748,0.005913187307624,0.0060178733983929,0.0059523838761841,0.0063498885007261,0.0071555092944958,0.007542894501641,0.0069465476728962,0.0067755381021033,0.0068469346715369,0.0064530143151902,0.0059879693223414,residential,6,summer,1,10,85938.84779,859388.4779,0
10,2021-06-14,0.005836068322368,0.0056890618967151,0.0054494850096644,0.0054108707233683,0.0049288368239782,0.0055418385974881,0.0059844647841707,0.0061949817854243,0.0056238347000379,0.0056298923921386,0.0056769382972287,0.0054230000826582,0.005408248753758,0.0052377434113516,0.0052177843717235,0.0054007470874904,0.0056337855407248,0.0063870313610226,0.0066716921080753,0.0064583126021486,0.0065048456232855,0.0065130742965287,0.0061403306585848,0.0057805015842773,residential,6,summer,0,10,85938.84779,859388.4779,0
10,2021-06-15,0.0055521486003084,0.005412456723887,0.0052240444155629,0.0051695627312549,0.0047022106197963,0.0054731006906177,0.0059950540806595,0.006120303554979,0.0058542928303135,0.0059123372218388,0.0059985975766277,0.005952368251992,0.0061239111241589,0.0060993133942058,0.006101950485495,0.0061897503400199,0.0064143722504408,0.0070510427208373,0.0072564739415809,0.0069876520276694,0.0069116756880493,0.0069216495155827,0.0065479257286218,0.0061478864805669,residential,6,summer,0,10,85938.84779,859388.4779,0
10,2021-06-16,0.0058076535902665,0.0056655047155572,0.0054987294812242,0.0054166880412768,0.0049269847977924,0.0057339339542919,0.0064909300247781,0.0067621051354185,0.0064196863474786,0.0062023966162979,0.0062864484618298,0.0063365068629963,0.0062781444672426,0.0062473998523889,0.0066222777084177,0.0061524001235913,0.0065252413722712,0.0072020319504932,0.0073429317469021,0.0072485592109135,0.0071413573851328,0.0071863310151975,0.0068004386051386,0.0063695284113218,residential,6,summer,0,10,85938.84779,859388.4779,0
10,2021-06-17,0.0058920861445301,0.005880301347635,0.0057038762078316,0.005601640788862,0.0051212103763063,0.005883223401398,0.006432040309264,0.0067668974770135,0.0064400677871833,0.0066167113206835,0.0063655761135274,0.0066099241772774,0.0061509130000279,0.0059772933642254,0.0058952783014207,0.0058968191248938,0.0063007432493628,0.0069609767872305,0.0073188928769194,0.0072316448044318,0.0071259657282352,0.0071648942316772,0.0067790255472965,0.0061569444007367,residential,6,summer,0,10,85938.84779,859388.4779,0
10,2021-06-18,0.0058656500019858,0.0057118746708786,0.005507223602849,0.0055654524848026,0.0050802751255475,0.0057463362963263,0.0062704565587137,0.0065207451109861,0.0063903338505336,0.0064972129637932,0.0066352746907432,0.0066687467719606,0.0064345860477451,0.0064126795778885,0.0066994420683504,0.0062095798950763,0.0069631443767181,0.0073337264108252,0.0075745549702079,0.0074595544783661,0.0072858036687032,0.0072077529494713,0.006819339899132,0.006311861521846,residential,6,summer,0,10,85938.84779,859388.4779,0
10,2021-06-19,0.006055417429753,0.0059003487656268,0.0056629535599365,0.0056132151686048,0.005129325361335,0.0058483466483544,0.0065665192655746,0.0067213525111607,0.0064485091615839,0.0066534098447711,0.006754001935878,0.0065907811620058,0.0063410343732775,0.006313788068742,0.0061656994309778,0.0064135663971251,0.0067989706622866,0.0077328217055027,0.0075637906367976,0.0074586017777381,0.0073823836341262,0.0072208984142248,0.006829689282333,0.0064713666672578,residential,6,summer,1,10,85938.84779,859388.4779,0
10,2021-06-20,0.0062338088046566,0.0059224572513363,0.0057608551069978,0.0057731902009209,0.0051389127511545,0.005902953845174,0.0064874053480168,0.0068262588270156,0.0065318029194031,0.0064659588695768,0.0063727534272533,0.0066286811612064,0.0065115145507019,0.0064850525620551,0.0061830565295841,0.0064072543090709,0.0068233628217007,0.0077781681596323,0.0077740248008344,0.0074717231198143,0.007403401823883,0.007223030152363,0.0068320861841776,0.0064926956639297,residential,6,summer,1,10,85938.84779,859388.4779,0
10,2021-06-21,0.0060743085559645,0.006083352474425,0.0057871012502341,0.0057868224289476,0.0053024792106553,0.0059992420800818,0.0067355923258745,0.0070938947481222,0.0066782968904175,0.0064765334002914,0.0065513159793035,0.0069133395815389,0.0066823279163697,0.0066879478698633,0.0069181317713323,0.0067994107848101,0.0072223911145521,0.0077160038716,0.0078265740711426,0.0077059948107765,0.0074840971958217,0.0074505812150703,0.0070589539408674,0.0065657808364321,residential,6,summer,0,10,85938.84779,859388.4779,0
10,2021-06-22,0.0062844813577835,0.0061302422950794,0.0058693851366385,0.0058240256858886,0.0053407937623478,0.0061133580612958,0.0067686038995676,0.0072611430003794,0.0068828161074798,0.0066830316890307,0.0067764825735482,0.0069963572815084,0.0067248605290539,0.0067195611864179,0.0067887324105009,0.0068109170100589,0.0072562093313475,0.0077426894686862,0.0078475906994368,0.007724063441716,0.0075390220121074,0.0074615121237559,0.0070673412678043,0.0065960239789157,residential,6,summer,0,10,85938.84779,859388.4779,0
10,2021-06-23,0.0062954746866677,0.00613888014211,0.0059124640861139,0.0058352696975964,0.0055042764924621,0.006057460950553,0.0068096390180685,0.0071905224133133,0.0069182588485643,0.0066883824934156,0.0068002197122016,0.0070056236188226,0.0067470995948988,0.0067484592486075,0.0069534664682269,0.0068281100675726,0.0072305664356733,0.0076534748673481,0.0080518653559577,0.0077585595684388,0.0076511825866363,0.0076822282894938,0.0072834562120713,0.0067128363115262,residential,6,summer,0,10,85938.84779,859388.4779,0
10,2021-06-24,0.0063384190159046,0.0061855243334354,0.0060440794525667,0.0060304762438736,0.0055495741004339,0.0063151173432059,0.0069685547813229,0.007174226901837,0.0069510066460795,0.0067641762641846,0.006866895021111,0.0070297740028487,0.0068081926192878,0.0069539283376943,0.0068452731008265,0.0070460320247373,0.0072675920607151,0.0076872889031809,0.0080975090562535,0.0077828681791616,0.0076536576324233,0.0077137028893819,0.007305795950902,0.0067864443304562,residential,6,summer,0,10,85938.84779,859388.4779,0
10,2021-06-25,0.0063421563090883,0.0063557908960971,0.0061113396352573,0.0060473819966333,0.0055586268041449,0.0063482787466678,0.0069945080720905,0.0071271628205514,0.0066861780221713,0.0068973360134668,0.0068293415659367,0.0069360826907934,0.0067708165645909,0.0067648270894372,0.0068877583404812,0.0068526872957484,0.0072736911827761,0.0077415357077176,0.0080984300605807,0.0077742978375463,0.0076752528994594,0.0076880770012225,0.0072834910545131,0.0067144684300436,residential,6,summer,0,10,85938.84779,859388.4779,0
10,2021-06-26,0.0063242571488247,0.0061641220176315,0.0060055106334535,0.0060291134818551,0.0055404225397717,0.0060414412133089,0.0069826073804931,0.0071166042314602,0.0068199243879131,0.0066905885956784,0.0066034711372085,0.0068619948801609,0.0065915494918881,0.0065628278424545,0.006164453019389,0.0066099885201351,0.0070334884286026,0.0078870126847101,0.0080516043597466,0.0077365899891085,0.0075786391344827,0.0076530526326363,0.0072488336745743,0.0065837272094759,residential,6,summer,1,10,85938.84779,859388.4779,0
10,2021-06-27,0.0062900682506214,0.0061392814795972,0.0059038443324798,0.005999295439708,0.0055222783834341,0.0061994817728258,0.0069140538433486,0.0070785508661139,0.0066640469846425,0.0064693393524586,0.0061864353949294,0.0063638250473496,0.0065330387547988,0.0063088408247393,0.0062622723180297,0.0065788142538915,0.0067827137932295,0.0075589394562829,0.0079719091768923,0.0078642669388731,0.0073367840576773,0.0075860859920334,0.0070057464576182,0.0065303940468851,residential,6,summer,1,10,85938.84779,859388.4779,0
10,2021-06-28,0.0056559087959586,0.005631672022362,0.0054974815461279,0.0056175426836479,0.0051396687355262,0.0056375763326397,0.0062429798447485,0.0062064805249193,0.006030743571588,0.0058916298984837,0.0058425835999722,0.0057629694553205,0.0058185160919826,0.005860709430604,0.0054982605511137,0.0058346299322734,0.0063841648899805,0.0066231437889064,0.0072542155051208,0.0071712928059111,0.0069137322728177,0.0071010835690099,0.0067177676234498,0.0061918588632626,residential,6,summer,0,10,85938.84779,859388.4779,0
10,2021-06-29,0.0059736310906808,0.0056874092004734,0.0055200751092999,0.0055599017051244,0.0050830515779131,0.0056483295827508,0.0061683332312964,0.0060988388086331,0.0057883948545405,0.0061552203008207,0.006322191327886,0.0060260555610709,0.005697701071544,0.0058435461480367,0.0056029267868977,0.0058238930636457,0.0062247766567574,0.0068021770027714,0.0072532109644941,0.0071639145959658,0.0069639124390013,0.0069233295828856,0.0065397164584314,0.0061199924641261,residential,6,summer,0,10,85938.84779,859388.4779,0
10,2021-06-30,0.0057914209515377,0.0056414882298102,0.0054430392029557,0.0055050716611326,0.0050253982102106,0.0056543447899861,0.0062253813244927,0.0065136152377797,0.0060526886684548,0.0062421332209384,0.0063162464560692,0.0063156091581637,0.0055590815492617,0.0056918564475339,0.0055787233311018,0.0060408106440253,0.0064197486878012,0.0064135533566399,0.0070122848618582,0.0069148893105626,0.0068072444399858,0.0069240644612255,0.0066276072696724,0.006274355586228,residential,6,summer,0,10,85938.84779,859388.4779,0
10,2021-07-01,0.0060431417517885,0.0059020290632484,0.0057658315953825,0.005779982439039,0.0053046379892329,0.0061396136169976,0.0067813361414304,0.006955069608324,0.0066726416001909,0.0066897420206231,0.0066233379114397,0.0064171399364137,0.0065872260820949,0.0065850165212784,0.0064449512140556,0.0067044525905666,0.0071314467222158,0.0075442373209822,0.0079474788777914,0.0076423253248527,0.0074179456445622,0.0075778429654816,0.0071797368985713,0.0065236630044551,residential,7,summer,0,10,85938.84779,859388.4779,0
10,2021-07-02,0.0062332938897169,0.0060831033876854,0.0059055305290536,0.0059462570562343,0.0054608265850921,0.0061520218988526,0.0068582040851749,0.0070271885998847,0.0065919111092484,0.0068062410480346,0.006899816375165,0.0064264369165368,0.0066473908785474,0.0066540470137559,0.0064871085115711,0.0067407962694235,0.0069488458417185,0.0072770360462799,0.0077643981452152,0.0076647252147269,0.0074055468904783,0.0075923061443198,0.0071980989872036,0.0065780635658258,residential,7,summer,0,10,85938.84779,859388.4779,0
10,2021-07-03,0.0062468058653988,0.0062583424585,0.0059163318712465,0.0059500956973724,0.0054638889140759,0.0061775376877523,0.0068253446338965,0.0069394012495362,0.0063731824664653,0.0062369616907631,0.0065239898762604,0.0060226320634555,0.0064509959371875,0.0064282621000122,0.0060570048950425,0.0063026467485505,0.0066854666885742,0.0070866810541776,0.0076775098859377,0.0075977513481364,0.0073068076170283,0.0075407489135883,0.0071495891940804,0.0064968884387058,residential,7,summer,1,10,85938.84779,859388.4779,0
10,2021-07-04,0.0062087909694481,0.0060610672217931,0.0058660558900073,0.0059264090008172,0.0054466113366432,0.0059867680336205,0.0067062906164288,0.006775687638764,0.0059884603750491,0.0057546115262035,0.0057323077654341,0.0058210891240367,0.0056866194517325,0.0058475133711481,0.0056145938168823,0.005998742143777,0.0063974463870389,0.0066491785198078,0.0074451318204188,0.0073805157616249,0.0069212632240441,0.0068167633529983,0.0062895813398602,0.0057537346818676,residential,7,summer,1,10,85938.84779,859388.4779,0
10,2021-07-05,0.0055383023897275,0.0052648706895485,0.0051206551416851,0.0052314734231698,0.0047366918252201,0.0054045083535001,0.0060570458820787,0.0063258103211715,0.0057782121400948,0.0060297328319712,0.0062949879493158,0.0059491725493472,0.006352480124885,0.0061442755205856,0.0059085472952547,0.005307881976823,0.0057652832101925,0.0062388800096421,0.0068677446923643,0.00664530113208,0.0065275364315448,0.0068818754697382,0.0063491608136167,0.0058232673529421,residential,7,summer,0,10,85938.84779,859388.4779,0
10,2021-07-06,0.0056195577693058,0.0053487461059302,0.0052608993108362,0.0053442327466177,0.0048623013166656,0.005427614682581,0.0061982319422178,0.0065030004799956,0.0060474487337173,0.0062475425829592,0.0063542459469607,0.0064146323892176,0.0063679025124181,0.0065382022071207,0.0066870132647095,0.0065854833332061,0.0067831085456328,0.0072676967596217,0.007632743708436,0.0075527741555938,0.0072037155244097,0.0073112888182481,0.0069213681159808,0.0063741333600893,residential,7,summer,0,10,85938.84779,859388.4779,0
10,2021-07-07,0.0061626141598013,0.0058565994289663,0.0056890700683157,0.0057273780999514,0.0052460041865927,0.0059204018389726,0.0065393464462964,0.0068604642707086,0.0064418386810727,0.0066567989346841,0.0067495855743799,0.0066706029275524,0.006645203416417,0.0066507565643541,0.0067124329359395,0.0067692239951732,0.0071749334085571,0.0075939427469144,0.0079367651471686,0.0076276183108463,0.0073532343610603,0.0075616895859123,0.0069921544989533,0.006447171569989,residential,7,summer,0,10,85938.84779,859388.4779,0
10,2021-07-08,0.0062376688647462,0.006082793416196,0.005724497006948,0.0057867668774148,0.0053017787037349,0.0059255579760755,0.0067574955534023,0.0070949789977018,0.0067219703720939,0.0068397711035032,0.0067502668601987,0.0066464002259857,0.0066945176354406,0.0066795696519594,0.006681192124937,0.0069783679623582,0.0071972104633729,0.0075167846900848,0.0079562066713881,0.0076288409396414,0.0073182734082728,0.0073778544130669,0.0069940729412909,0.0064279762431555,residential,7,summer,0,10,85938.84779,859388.4779,0
10,2021-07-09,0.0062329378353603,0.0060794701657788,0.0057499019374245,0.0057933005860816,0.0053050559180629,0.0059918369469024,0.0067497957767819,0.0071107951457029,0.0066988974145087,0.0066875633155459,0.0067798544180264,0.0067133154905837,0.0066978872284273,0.0068864063304459,0.0068344602744895,0.0072130144995841,0.0074224492173048,0.0077109551253634,0.0079991655662644,0.0076802512354571,0.007433511682392,0.007628991503195,0.007058178677049,0.006571777622834,residential,7,summer,0,10,85938.84779,859388.4779,0
10,2021-07-10,0.0062886785212835,0.0061306725329647,0.0059012592635576,0.0059855759505635,0.0053403081283255,0.0060634994116096,0.0067769923730127,0.006929290256081,0.0066215505963775,0.0065441474410753,0.0066003904171324,0.0067204430912106,0.0067448614347999,0.0067035309145134,0.0066980153199402,0.007031490186258,0.0074681425425915,0.0082137739115079,0.0086640449401659,0.0080903654881174,0.0077870169926791,0.0076371115994376,0.0074344090283689,0.0068978432350127,residential,7,summer,1,10,85938.84779,859388.4779,0
10,2021-07-11,0.0068568186123807,0.0065172504105969,0.0060591400424981,0.0060132361358345,0.0055052353327549,0.0063082327173061,0.0068948566748399,0.0072259621808587,0.0065973603847617,0.0066332602045596,0.00653590430372,0.0062105913502756,0.0065152993971063,0.0064723039708201,0.0062970203816793,0.0069301143266999,0.0071100337272393,0.0066794226859564,0.007507323681707,0.0074071351294285,0.0071108714564025,0.0073495372286361,0.0069662728607359,0.0064375403172655,residential,7,summer,1,10,85938.84779,859388.4779,0
10,2021-07-12,0.0060446624034495,0.0058858875738225,0.0057564586065635,0.0059019306623944,0.0054154122110044,0.0060360736660279,0.0068256406947962,0.0069862494898991,0.0065890570942736,0.0069436118359187,0.0070437247020498,0.0068342859878793,0.0064564502639631,0.0070566533843164,0.0067388262676432,0.0073579424674258,0.0075807062682476,0.0076816825393125,0.0081551159646554,0.0076378198195289,0.0074158359112456,0.0075855855209579,0.0071869164751921,0.0064855248562165,residential,7,summer,0,10,85938.84779,859388.4779,0
10,2021-07-13,0.0062371361441654,0.006083367217183,0.0058262063766172,0.0057762405299442,0.0052923109026509,0.0059996605629778,0.0067459015545948,0.0071006050741242,0.0069183843735553,0.0067058671272352,0.0067955086203082,0.0069203783291583,0.0068807045555148,0.0068756910522592,0.0069942585736762,0.0074165131908993,0.0076165257193356,0.0078151017171319,0.0081838742873898,0.0078663074509034,0.0074862481393139,0.0076222515140422,0.0072324535130912,0.0066073807670178,residential,7,summer,0,10,85938.84779,859388.4779,0
10,2021-07-14,0.0062951785924984,0.0061435187245337,0.0059257049179223,0.0058416412315134,0.0053499495015741,0.0060859118105799,0.0067405109662486,0.0068886709439702,0.0066377723565353,0.0067486277246115,0.0066420208474228,0.006696245753069,0.0067805191447125,0.0067541076976823,0.0064965406757906,0.0067478517638733,0.0069391373230556,0.0073652176506143,0.0077691597009079,0.0076772365400311,0.0074622881140473,0.0076100592352409,0.0072174511632289,0.0065848094196142,residential,7,summer,0,10,85938.84779,859388.4779,0
10,2021-07-15,0.0064299224677326,0.0061003168410682,0.0058900845907322,0.0059504502721508,0.0054603082104229,0.0060747392133903,0.0067929964142719,0.0069494781923583,0.0064219878841165,0.006033460197471,0.0063012243858272,0.0062161035266172,0.0068543709678008,0.0068556185874773,0.0065862592129254,0.0069631286856638,0.0075649915491881,0.0075990610258033,0.0083658032183835,0.0080326264341134,0.0073563436558558,0.0077585310889676,0.0071720142746676,0.0065426940934329,residential,7,summer,0,10,85938.84779,859388.4779,0
10,2021-07-16,0.0064014282793333,0.0060874963746601,0.0058404989229485,0.0059470626332921,0.0054597983020143,0.0060775365923621,0.0069102368685783,0.0068808010539525,0.006636180529371,0.0069987103961324,0.0069153283564441,0.0067466146207184,0.0070944451994571,0.0071003931741312,0.006685563491787,0.0069695554959681,0.0075704659992124,0.0075025991767401,0.008167406819775,0.0078531950068766,0.0073672226812037,0.0075906201463421,0.0071899767420062,0.0065603275821634,residential,7,summer,0,10,85938.84779,859388.4779,0
10,2021-07-17,0.0062465096247703,0.0060927449507107,0.0058349414509228,0.0057857706560751,0.0053000186414181,0.0060305518317379,0.0067449225975606,0.0070911868802811,0.0065440226659771,0.0068710240114658,0.0067855880596562,0.0067326218707392,0.0067295339026435,0.0066896628769746,0.0065818879718432,0.0068004387161502,0.0071972796555313,0.0076688050917086,0.0083569406481658,0.0078201647349131,0.0076268182547146,0.0077541311286688,0.0071721478838506,0.0066781612629916,residential,7,summer,1,10,85938.84779,859388.4779,0
10,2021-07-18,0.0064070289908834,0.0062638361841207,0.0060200707657513,0.0061502554976989,0.0056646488983043,0.0062251439892234,0.0069618654216832,0.0073074684528732,0.0066802633544129,0.0069230683387028,0.007024695454282,0.006988244869982,0.0072004925039262,0.0075592064459851,0.0071649304228152,0.0074907338541466,0.0076631448425615,0.0071944705430803,0.0075187341555549,0.007093506991776,0.0069585750649978,0.0071933450857733,0.0069812552196716,0.0062063672560933,residential,7,summer,1,10,85938.84779,859388.4779,0
10,2021-07-19,0.0060609403877132,0.0057635807690854,0.005377704491961,0.0053518064782657,0.0048594844698634,0.0056720833477777,0.0063291992603162,0.0062310349094763,0.0059661275276648,0.0058399235653976,0.0058941561260604,0.0056181223671654,0.0055553010324933,0.0057929821444092,0.0056030558413718,0.0062157746927563,0.0068105809343863,0.0070087307490885,0.007627498555441,0.0073228048875125,0.0068391082102308,0.0070697666502105,0.0065251342740701,0.0060518504711989,residential,7,summer,0,10,85938.84779,859388.4779,0
10,2021-07-20,0.0059336858185603,0.0057877248281119,0.0053712959008954,0.005378764939972,0.0050335981990969,0.0057820743467861,0.0063941335449714,0.0066917662263084,0.0065071169014441,0.0065144042554654,0.006439546018444,0.0064699332008295,0.0065988114670736,0.006761675093454,0.0064763784813285,0.0069106352244625,0.0071399601679152,0.0073876993435186,0.0081576115650999,0.0076267387105142,0.007312711515211,0.0073648937765154,0.0071517334550222,0.006452218021044,residential,7,summer,0,10,85938.84779,859388.4779,0
10,2021-07-21,0.0062010216312329,0.0060364300483951,0.0057595400088116,0.0057411466048597,0.0052600638412703,0.0059553262715714,0.0065068882764823,0.0070058681634811,0.006774425824911,0.0068203008143122,0.0065566750223659,0.006609812463071,0.0066534722505214,0.0066602013178206,0.0066196884596696,0.0067914839534247,0.0071924533398544,0.0077444234387459,0.0079724875913167,0.0076632827598494,0.0074274929566835,0.0074066252611566,0.0070066653705782,0.0064699788489106,residential,7,summer,0,10,85938.84779,859388.4779,0
10,2021-07-22,0.0062259449063498,0.0060703047434861,0.0057761532063059,0.0057787867415573,0.0052849865370778,0.0059392196882567,0.0067110230226547,0.0070616933937573,0.006663398229084,0.0066410559495256,0.0065674522041471,0.0066366872764753,0.0066674470650131,0.0066615768849026,0.0065929073292002,0.006775365310829,0.0071894301535657,0.0077407876907172,0.0079681320488031,0.0076627349220002,0.0072991190160392,0.0074045836112305,0.0070150535184658,0.0064275177894352,residential,7,summer,0,10,85938.84779,859388.4779,0
10,2021-07-23,0.0062335874048592,0.0059243160712022,0.0057495168999451,0.0057743342929182,0.0052873841242093,0.0059235158403396,0.0066626238741546,0.0070122349052348,0.0065379165616607,0.0065986535571552,0.0063871659079387,0.0064029879808836,0.0064905104703996,0.0064959468206457,0.0065919030833128,0.0067800614283381,0.0069635162970294,0.0075879296184678,0.007974863838533,0.0076724238868161,0.0073095544455989,0.0074155223733033,0.0070258880143639,0.0064877963259928,residential,7,summer,0,10,85938.84779,859388.4779,0
10,2021-07-24,0.006265033596109,0.0061114294903148,0.0058565828887988,0.0059707634107953,0.0051789769926437,0.0061262192364361,0.0068589008745009,0.006841593496662,0.0066154279659926,0.006470310001988,0.0062264827564984,0.0063264413725095,0.0065744007703709,0.0065471714308074,0.0060787242492801,0.00622836769807,0.0067754500240429,0.0072595458200504,0.0077746256175418,0.0076831382703881,0.0073864389271893,0.0074385022136637,0.0070442326890889,0.0065488342995475,residential,7,summer,1,10,85938.84779,859388.4779,0
10,2021-07-25,0.0062687848422921,0.0061108344015667,0.0059006499283004,0.0059738960473694,0.0054925099113975,0.0061019516157537,0.0068979449221401,0.0070608012359436,0.0063607864378922,0.0064757677536502,0.0065834364415203,0.0063488979439577,0.0065680340023905,0.0063478029404534,0.0064172856373049,0.0057547284363916,0.0062939846580824,0.0072616280689672,0.0077682085071731,0.0076797433107371,0.007450086171567,0.0074396663967289,0.0070418875176526,0.0065781527523514,residential,7,summer,1,10,85938.84779,859388.4779,0
10,2021-07-26,0.0062653128794327,0.0061096151918066,0.0059690045750007,0.0059704252864229,0.0053320458075362,0.0061703857176916,0.0067016940568455,0.0070163548468128,0.006604216952251,0.0068509651929653,0.006765271021902,0.0065673338771864,0.0067352900212475,0.0067360075584941,0.0069279607654153,0.0068209346363576,0.0070105152047002,0.0073591674614732,0.008010165870785,0.007709578267941,0.0074148674971725,0.0076295274109599,0.0072281874820278,0.0065953155973857,residential,7,summer,0,10,85938.84779,859388.4779,0
10,2021-07-27,0.0064530034140503,0.0062991530358381,0.0059115576316213,0.005989447076536,0.0055116335539268,0.006194880823271,0.0067062427864621,0.0068606234538645,0.0064268404674476,0.0064794075324947,0.0065948454848694,0.0065325983094,0.0065765186952286,0.0065519403838836,0.00648496822747,0.0066564520865734,0.0070550231739054,0.0075123368859479,0.0078396016948121,0.0077243104759461,0.007390664849102,0.0076449696422389,0.0070596712511153,0.0065178811851415,residential,7,summer,0,10,85938.84779,859388.4779,0
10,2021-07-28,0.0062733663808563,0.0061199142165219,0.0058845756873956,0.0059771236881361,0.0054890497101856,0.0058951177007587,0.0066502403427496,0.0066276199504751,0.006024740481904,0.0063939046124622,0.0061520419896511,0.0063956713661938,0.0065007281855629,0.006479629420104,0.0063436789058732,0.0066102889118243,0.0072238161570009,0.0076126062388115,0.008034960517622,0.0077143584330168,0.0074588159365619,0.0074491464102661,0.0072396213934997,0.0066311350106714,residential,7,summer,0,10,85938.84779,859388.4779,0
10,2021-07-29,0.0062733603193408,0.0061121154902285,0.0059065879194727,0.0059676227654768,0.005483698602521,0.006093021729831,0.0066801762616876,0.0069889247801092,0.0066017957187316,0.0067971086523587,0.0069097310725351,0.0067655041188654,0.0067185270562696,0.0063822979243508,0.0064717768449891,0.0066562353550131,0.0072198901001869,0.0076476498614904,0.0082238624130491,0.007693232815464,0.0074709589344715,0.007616898583139,0.0072167981664632,0.0065329156318845,residential,7,summer,0,10,85938.84779,859388.4779,0
10,2021-07-30,0.0062679954611926,0.0061053475954118,0.005889594308179,0.0059571526752627,0.0053228718907873,0.0061027461593962,0.0067209148712495,0.0068807571153723,0.0064670799476693,0.006627521728861,0.0060558789789857,0.0066199586779446,0.0067203631034275,0.00690366338687,0.0063971915040575,0.0070027180826417,0.007026787401654,0.0071971433675518,0.0079876108496585,0.0078700475160347,0.0072683554787629,0.0072436791808853,0.0070323868897166,0.0065107784460143,residential,7,summer,0,10,85938.84779,859388.4779,0
10,2021-07-31,0.0062620956485861,0.0060925528714169,0.0057753870301572,0.0057986553911288,0.0053199489611482,0.0060079821401532,0.0067208835327271,0.0068270962734699,0.0063041006055901,0.0065814977756771,0.0067311204712071,0.0064772374301101,0.0067406036846373,0.0067122341436058,0.0065543018066553,0.0067993996577572,0.0072006223000869,0.0075072351807483,0.0078868839478556,0.0076029427109677,0.0074426925880608,0.007517138910586,0.0071623955967899,0.0067643437495129,residential,7,summer,1,10,85938.84779,859388.4779,0
10,2021-08-01,0.0064666761445623,0.006320379059814,0.0061630409621807,0.0061329201561722,0.0056502622356098,0.0064480276604883,0.0071228674974113,0.0072659162848439,0.0067168991614119,0.0067252652410922,0.0068278570957035,0.0067891202819022,0.0066936663086538,0.0068610901133636,0.0070531004712192,0.0069551450312792,0.007381977754299,0.0080624112573799,0.0085905733816206,0.0080215048871553,0.0073277372195266,0.0069718359239168,0.0065691157009512,0.0060942363363045,residential,8,summer,1,10,85938.84779,859388.4779,0
10,2021-08-02,0.0059581793530787,0.0059537708382277,0.0055431964381292,0.0058150776091535,0.005324653204179,0.0058526516652574,0.0064964710858991,0.0067780979523601,0.0065206899534821,0.0066369332416179,0.0065626138236995,0.0066876063836462,0.0065917558040555,0.0068173753018178,0.0069799558103961,0.0071325006906112,0.0075539988024045,0.0081063875269808,0.0083419923043806,0.0080192366429336,0.0077909790388495,0.0079669391394158,0.0066738105548051,0.0064189234892335,residential,8,summer,0,10,85938.84779,859388.4779,0
10,2021-08-03,0.0060302945764408,0.005722208709906,0.0055414115675584,0.0056953421751997,0.0053516582207545,0.0058660220190384,0.0067260744594618,0.0068699253879491,0.0064616812916484,0.0065169422311324,0.0066333197588668,0.0067980047987999,0.0066505727477768,0.0068624127696114,0.0066255722500935,0.0069125434739327,0.0073189249208949,0.0077828883344157,0.0080960083424492,0.0079798919576858,0.0076488898433907,0.0076897178196144,0.0073182730558977,0.0067379416358629,residential,8,summer,0,10,85938.84779,859388.4779,0
10,2021-08-04,0.0063800803992476,0.0063825200040473,0.006048806715504,0.0058978938915777,0.0054105076606617,0.0061033908182062,0.0067364360197716,0.0070410241491731,0.0066405947243254,0.0066971763726982,0.0066261304257707,0.006848810851718,0.006814784791095,0.006827632110833,0.0068401610050718,0.0067475651876774,0.0071302322818695,0.0075875832112198,0.0080236717041401,0.0079328423824877,0.007651512640142,0.0078766731262308,0.0072787809826478,0.0067292871935367,residential,8,summer,0,10,85938.84779,859388.4779,0
10,2021-08-05,0.0064914857696225,0.0063259141022235,0.0059913325873084,0.0060246985854689,0.005543630826807,0.0061782609807078,0.0067910762605383,0.00716917360624,0.0067645792173336,0.0069332070458236,0.0070335382976858,0.0068449976052913,0.0068560415239231,0.0068204498392067,0.006421932025767,0.0068314849912554,0.0072275499239952,0.0078410585107526,0.0080505526365426,0.0079620694588608,0.0075890869166508,0.0076939373519633,0.0072951645812362,0.0067167132035495,residential,8,summer,0,10,85938.84779,859388.4779,0
10,2021-08-06,0.0064939665257811,0.0063348492323184,0.0060602052078159,0.0061968417852195,0.005389953567398,0.0059594378061575,0.0067455804952892,0.0070035419455962,0.0066571408082554,0.0070315749925599,0.0065764662929907,0.006216128949671,0.0061438934641642,0.0060920084934176,0.0062466653540357,0.0064578346701845,0.0068725864379986,0.0073515646895567,0.0078264135527365,0.0077289739342868,0.0074034334730647,0.0076539746569039,0.0072580046129527,0.0066124188802432,residential,8,summer,0,10,85938.84779,859388.4779,0
10,2021-08-07,0.0064846340903182,0.0061620375404213,0.0058906597163601,0.0060291042916107,0.0055418896410826,0.0061533786509263,0.0068401694166645,0.006932901035211,0.0060445328516899,0.0062170217006349,0.0062019386530924,0.0062588948396011,0.0062792078759754,0.0064313700302324,0.0060250866350763,0.0062630488387982,0.0066029232389092,0.0071187111484486,0.0077545501093091,0.0076733523049795,0.0073223707822103,0.0076159676082218,0.0072140828454557,0.0065517590697953,residential,8,summer,1,10,85938.84779,859388.4779,0
10,2021-08-08,0.0064254902481927,0.006273387532852,0.0058547091319896,0.0059664057984788,0.0054897511111162,0.0060970421361724,0.0069146933867067,0.0070816535851135,0.0065702953212264,0.0066787595194517,0.0065872637485614,0.0066214756352191,0.0065972550730047,0.0065681896125901,0.0065835930388728,0.0064689903272208,0.0068782380879206,0.0074425329017967,0.0080035471865362,0.0077219311326703,0.0074942208010049,0.0076580227462467,0.0072500681627992,0.0066477649013236,residential,8,summer,1,10,85938.84779,859388.4779,0
10,2021-08-09,0.0064474178793639,0.0062893249029433,0.0060074194856916,0.0059930586899091,0.005674374021053,0.0062614814751885,0.0068967947313036,0.0072528311696362,0.0068878371207106,0.0068172882908355,0.0067379276695497,0.0068503143521495,0.0065872433624812,0.0067786822793451,0.0067680727924065,0.0062990988671412,0.0067059384757722,0.007372165570438,0.0078257965849634,0.0077446314960328,0.0076599968680433,0.0076706044921473,0.0072699314063156,0.0067585398655371,residential,8,summer,0,10,85938.84779,859388.4779,0
10,2021-08-10,0.006315822612746,0.0061601581458536,0.0060380385901744,0.0060276753754976,0.0055445171277044,0.0063188740523127,0.006899810442826,0.0070353068014237,0.0066411615498983,0.0067198119071064,0.006661820817431,0.0065354815867211,0.0066123605259001,0.0068089472627151,0.0067804452754964,0.0066775872972306,0.0070523280345245,0.0075859311142147,0.0080649411430453,0.0077766834600724,0.0076149804035719,0.0077065452135461,0.0073005955226616,0.0067563241933435,residential,8,summer,0,10,85938.84779,859388.4779,0
10,2021-08-11,0.006506269749313,0.0063548645431575,0.0061004761035866,0.0062209966080599,0.0057325901984707,0.0062963670375986,0.0069621355523091,0.0073078131241626,0.0068748503067245,0.0067255214981689,0.0068489373523567,0.0071124298751973,0.0068922424936781,0.0066722381937455,0.0067621737326942,0.0068560669261932,0.0070601377837577,0.0074837003977507,0.0080836971726182,0.0077933862006524,0.0075963787966126,0.0077192245923739,0.0073156394355329,0.0067675112791827,residential,8,summer,0,10,85938.84779,859388.4779,0
10,2021-08-12,0.0063596924842322,0.0063788044171246,0.0060662265199227,0.0060738780362295,0.005596505550349,0.0063779612141823,0.0071608951097542,0.0072800120615662,0.0066979100602486,0.0066484883859785,0.0067737234609133,0.0067645269827926,0.006811696394993,0.0065754870064563,0.0063374282753026,0.0059654008502218,0.0064938161917377,0.0070645825546469,0.0076120117071776,0.0075208829908679,0.0071887447055605,0.0072685420316403,0.0070506442808462,0.0062980422303458,residential,8,summer,0,10,85938.84779,859388.4779,0
10,2021-08-13,0.0062831400732572,0.0061339489101845,0.0059408498731555,0.0057148658912694,0.0049539826173239,0.0058153846307327,0.0062672037488505,0.0064608494760154,0.0059595394187375,0.0059448541294374,0.0057154829539562,0.0057022238377956,0.0057035803088175,0.0056263762231866,0.0053949032523154,0.0054873428720304,0.0060266385225374,0.0064200898969387,0.0070761428563585,0.006999424908075,0.0067526246932816,0.0069403075733289,0.006552547242162,0.0060718669209659,residential,8,summer,0,10,85938.84779,859388.4779,0
10,2021-08-14,0.0058007259434107,0.0057999010661039,0.0054505067826032,0.0056808808922931,0.0052121935100337,0.0058481948300399,0.0064933972506216,0.0067557586614494,0.0062079204295493,0.0062761970451074,0.0062741277317973,0.0062832737647453,0.00617263056397,0.0059220950393035,0.0059351242989363,0.0061045539111552,0.0063277919613653,0.0068841135475039,0.0076808349489662,0.007603819665189,0.0072109837224084,0.0073701408395656,0.0069779315929244,0.0064267621628934,residential,8,summer,1,10,85938.84779,859388.4779,0
10,2021-08-15,0.0062107440333772,0.0060567728686485,0.0057453104220435,0.0059209091086465,0.005444486508338,0.0059329619433604,0.006493328560775,0.0068142307072417,0.0065510045220083,0.0064142937812508,0.0063656768584563,0.00639382884056,0.0063763964580241,0.0063666726743152,0.006521941141305,0.0064352426981353,0.0068364714370584,0.0075761840083136,0.0077625320964489,0.0076844170708587,0.0074677951984076,0.0076225182423837,0.0072206436213789,0.0065990202147682,residential,8,summer,1,10,85938.84779,859388.4779,0
10,2021-08-16,0.0061022110981916,0.005937202350467,0.0059102337951167,0.0057934065539083,0.0053114621318598,0.006117102384364,0.0067408993740337,0.0070789036331177,0.0066332862866054,0.0066694593767285,0.0066313726910725,0.0067611008406457,0.0066372536420689,0.0068149957557145,0.0069129269034169,0.0069078984616392,0.0070797438405742,0.0074367903356087,0.0080287515095704,0.0079378160600647,0.0075057394595247,0.0076714774189977,0.007258041966423,0.0065599876913206,residential,8,summer,0,10,85938.84779,859388.4779,0
10,2021-08-17,0.0062887790560079,0.0061242622627514,0.0058533562980048,0.0059773693773488,0.00548667826869,0.0060350827699363,0.0067095214190109,0.0070592755817815,0.00667301106797,0.0066612057575306,0.0065628295362168,0.0066093948106589,0.0066098818437459,0.0066116973447144,0.0068223218358977,0.0068810207105101,0.0072759645662769,0.0077909486042739,0.008051799261882,0.0077666634252252,0.0076042473805629,0.0076947247068757,0.0072894150165098,0.0066361850240209,residential,8,summer,0,10,85938.84779,859388.4779,0
10,2021-08-18,0.0064918533344313,0.0061658565398659,0.0059366310114328,0.0060189166355672,0.0055321347599726,0.0061516309575753,0.006929403675759,0.0070960933562886,0.0066559143892673,0.0066952530966609,0.0066252027263414,0.0066829068876576,0.0066210260475319,0.0066490432784748,0.0068646888809231,0.0067341002115694,0.0073216894246289,0.0078069122519445,0.0080317328090449,0.0077430197390056,0.0075730650790725,0.0076855633620817,0.0072942362891849,0.0067583641630095,residential,8,summer,0,10,85938.84779,859388.4779,0
10,2021-08-19,0.0065103624112298,0.006351531649181,0.0060663760887859,0.0062150798749136,0.0057346435274026,0.0063496784829495,0.0068814449781571,0.0069572679910021,0.006290024702924,0.0066332442145982,0.0066153244067972,0.0064286994580396,0.0067779762344263,0.0065334384407723,0.0064792425657003,0.0059997190845711,0.0063364185930672,0.0067696793457089,0.0071867697166239,0.0070971824633146,0.0068467736022779,0.007018561881398,0.0066340669423478,0.0059886110884339,residential,8,summer,0,10,85938.84779,859388.4779,0
10,2021-08-20,0.0057376135447076,0.0055809831379509,0.0054256229317555,0.0054443060844118,0.0050963385121779,0.0057268868321266,0.0061497811229607,0.0060524655177104,0.0055444243936072,0.005617494345477,0.0055626806555992,0.0055768469201454,0.0056180225071547,0.0054228955639947,0.0054133413264051,0.0055973658863297,0.0058308327752108,0.0062463767220378,0.0066753696379746,0.0067413853338541,0.0065321960085091,0.0066778710952353,0.0063062469543468,0.0058021049050083,residential,8,summer,0,10,85938.84779,859388.4779,0
10,2021-08-21,0.0055824280045765,0.0054380487221725,0.0052205436806849,0.0053135839479981,0.0048350049062284,0.005502065956203,0.0060230976441762,0.0064472704695592,0.0057562055248942,0.0060249319143698,0.0059996334705075,0.0062313004581021,0.0060778340330837,0.0062299707519397,0.0062856566562905,0.0061145802249419,0.006513745366839,0.0071852245628443,0.0074258542151588,0.0073443738828276,0.0070652116289245,0.0071218561090666,0.0067434785520656,0.0063691365301864,residential,8,summer,1,10,85938.84779,859388.4779,0
10,2021-08-22,0.005997321898724,0.0058476100206716,0.0057675176064177,0.0055718873304702,0.0050965105958123,0.005770410065051,0.0061755492227298,0.0066203489749127,0.0063550378928004,0.0060698962920748,0.0061804693999693,0.0059252798798884,0.0060361350086239,0.0061367769280396,0.0063299864677766,0.0062261844677337,0.0066129430654986,0.0072992311873342,0.0075145643033108,0.0074350970243509,0.0073976728444364,0.0073865864862699,0.006996300121681,0.0066180998955922,residential,8,summer,1,10,85938.84779,859388.4779,0
10,2021-08-23,0.0060775144155703,0.0059219416349094,0.0058353274570695,0.0057811424581895,0.0051471481726975,0.0058993782732794,0.0064895468139617,0.0068050451643129,0.0064027766699739,0.0062707795287052,0.0063883800178416,0.0065002579825053,0.0064101207400653,0.0065903532007748,0.0066161439069199,0.0066828729130554,0.0068970164282776,0.0074487543198544,0.0078146773924309,0.0075319491878531,0.0072983167678838,0.007449658401459,0.0070522993832977,0.0064223610652609,residential,8,summer,0,10,85938.84779,859388.4779,0
10,2021-08-24,0.0062698144775184,0.0061080503155024,0.0057844630690236,0.0057937660515852,0.0051594435441309,0.0059063105650752,0.0065387548493353,0.0068461235400993,0.0066276022053323,0.0064545241020238,0.0065488582158292,0.0066996977327963,0.0063949919521769,0.006590758098612,0.0068452813992443,0.0068477157338305,0.0070533493591031,0.0077052664069897,0.0077452251744272,0.0076569983975973,0.007351370106207,0.0074059251884848,0.0070152620401851,0.0064314156676848,residential,8,summer,0,10,85938.84779,859388.4779,0
10,2021-08-25,0.0062501858135352,0.0060876522337712,0.005716654653824,0.0057840411530015,0.0051562263599502,0.0059176164818577,0.0065242534225047,0.0066648026818257,0.0067479608753254,0.0068009509211839,0.0065161480978064,0.0067475603926524,0.0065605433953488,0.0067462937736349,0.0069464171728594,0.006889096731886,0.0071040441121264,0.0078987340022135,0.0079966215245539,0.0079140303336453,0.0075872184345792,0.0076361316902591,0.0072228176450113,0.0065858957814455,residential,8,summer,0,10,85938.84779,859388.4779,0
10,2021-08-26,0.0062671940397829,0.0061038118659931,0.0058594653160161,0.005799129682291,0.0053193573720193,0.0060425744836358,0.0065401480877306,0.0069895641955703,0.0067078682325656,0.0068546871570704,0.0067787045345266,0.0068151516078884,0.0066117494808216,0.0066263041128805,0.0069492108454054,0.0068508115176665,0.0072686957767402,0.0078960272744059,0.0082073003730666,0.0081023777158177,0.0075695203078847,0.0076015683754017,0.0072003113008642,0.0065737124662356,residential,8,summer,0,10,85938.84779,859388.4779,0
10,2021-08-27,0.006244514583549,0.0060893925807677,0.0059840303108123,0.005951880542885,0.0053234254227122,0.0060913884677805,0.0066500786932434,0.0069166890388092,0.0066522879958886,0.0067199223545309,0.0068564613005104,0.0067294646594707,0.0068902083960811,0.0068426327532249,0.0065029354480274,0.0068162471242126,0.0072431412017013,0.0074697648783808,0.0081083784465351,0.0078173883982886,0.0074087241063192,0.0075631965050578,0.0071680228030605,0.0065006814977012,residential,8,summer,0,10,85938.84779,859388.4779,0
10,2021-08-28,0.0060590533776112,0.0060772720129303,0.005828475649609,0.0057954433449266,0.0053203326268732,0.0061791076976205,0.0066453909313789,0.0069279967583891,0.006470122476451,0.0065460860198934,0.0064620426106814,0.0065471941360188,0.0067413380555239,0.0065076266243417,0.0065348542538198,0.006563468788242,0.0071401433385565,0.0075395448606629,0.0081007238316436,0.0076131229065521,0.0074388434864024,0.0073703948614591,0.0069795954046506,0.0065204161473162,residential,8,summer,1,10,85938.84779,859388.4779,0
10,2021-08-29,0.0062049426545753,0.0060485542742712,0.005833795152487,0.0057620451078676,0.0052895380253712,0.00599275830026,0.0066720070344827,0.0068217111476044,0.00644717659617,0.0064906276512077,0.0066094525261958,0.0068324178334823,0.0065772355573119,0.0065438864488361,0.0068972159330185,0.0067980924385824,0.0071520780164259,0.0078938589442027,0.0079563291819103,0.00768007623114,0.0076977185781869,0.007611144978698,0.0070300039857693,0.0066991347726276,residential,8,summer,1,10,85938.84779,859388.4779,0
10,2021-08-30,0.0062584832668761,0.0061028860421816,0.0060035985408291,0.0059713410240202,0.0053383370625683,0.0061269359065185,0.0067337315162168,0.0070739401264894,0.0066478366689496,0.006825027536917,0.0069342913823899,0.0070824410120164,0.0068771133609552,0.0069104367706529,0.0073179291927795,0.0069622172825124,0.0073152533336486,0.0078453347543744,0.0079897656959968,0.0077146005257364,0.0075954812937682,0.0076532163126117,0.0072381040342163,0.0066139543197383,residential,8,summer,0,10,85938.84779,859388.4779,0
10,2021-08-31,0.0062799777586149,0.0061209025742373,0.0059366885191619,0.0058209102927479,0.0054942728330374,0.0061376849468917,0.0067207910750952,0.0070382142650486,0.0067456680081934,0.0066684987462027,0.0070016034616363,0.0069887329489148,0.0065084909585868,0.0061876355117128,0.0066093524602768,0.0061589752789374,0.0064915026033636,0.007197369807669,0.0074208835028879,0.0073404554362041,0.007313192154508,0.0073248983458284,0.0069611020276866,0.0065655293476946,residential,8,summer,0,10,85938.84779,859388.4779,0
10,2021-09-01,0.0061583163670077,0.0059428084304241,0.0058023162566112,0.0057332499185281,0.0052457311189951,0.0060425023547454,0.0065953945906847,0.0066624469773713,0.0062742467390064,0.0063142116080497,0.0060684656053005,0.0062202639721323,0.0058317601078647,0.0058860949308015,0.0057201621360104,0.0060550572805747,0.0064762709903521,0.0066441138252021,0.0072493868232547,0.0073532865151488,0.0069833640477147,0.0069520440385682,0.0065807337050854,0.0060780756000678,residential,9,autumn,0,10,85938.84779,859388.4779,0
10,2021-09-02,0.0058538193111779,0.0057080616132982,0.0054344511844111,0.0055762421699381,0.0049701313289264,0.0057505063243814,0.0064298437780087,0.006576693136312,0.0063203173657435,0.0063629423690152,0.0064827749450688,0.0065510679457027,0.0066128694281824,0.0067911581192031,0.0065293020785287,0.0066648569021456,0.0070270297692539,0.007155141335064,0.0075041196489599,0.0074220927315784,0.007225080182603,0.0071839531809079,0.0069767591518932,0.0063808153278084,residential,9,autumn,0,10,85938.84779,859388.4779,0
10,2021-09-03,0.006054703962483,0.0060540210088801,0.0057297710897088,0.0057587563258295,0.0052798925534318,0.0057278090975473,0.0064720757702379,0.0066002365416731,0.0060588113543385,0.0063919689710651,0.0058601265010697,0.0062131743667013,0.0062212466321097,0.0061765786983252,0.0063249762519844,0.0068579270660198,0.0070233162400955,0.0075213887259537,0.0077106711739009,0.0074326812874069,0.007203853819142,0.0073786380534598,0.0069951471623596,0.0063432509384211,residential,9,autumn,0,10,85938.84779,859388.4779,0
10,2021-09-04,0.0060625227574099,0.0059075984105665,0.0056903211376646,0.0057624096603909,0.0051412439427615,0.0059393805595795,0.0064851791266297,0.0067813639072033,0.0062386120018257,0.0065461120861584,0.006389556723275,0.0064657181625845,0.0067414643571031,0.0068904461219769,0.0066525275748855,0.0067794179171713,0.006921031243365,0.0066442232449975,0.0076903246387391,0.007607155077997,0.0071326448668444,0.0071839318179291,0.0069686189652215,0.0063334911758383,residential,9,autumn,1,10,85938.84779,859388.4779,0
10,2021-09-05,0.0062132272183554,0.006069265473038,0.0057647170343667,0.0059365926695362,0.0053122349870412,0.0059884484044057,0.0065156151595708,0.0068222972358489,0.0063517588237504,0.0066823018242823,0.0064374735237065,0.0066093378026237,0.0067252641709506,0.006710954873578,0.006288627403035,0.0068296621795986,0.0070612851838273,0.0074580326089546,0.007942061771654,0.0078597482676608,0.0073319810755845,0.007402945431106,0.0071782975095992,0.0064588657149795,residential,9,autumn,1,10,85938.84779,859388.4779,0
10,2021-09-06,0.0062275504324119,0.0059160052570547,0.0057440565259592,0.0057763299317933,0.0053027262527565,0.0059615157108994,0.0066692223570315,0.0069881246427535,0.0065626056482538,0.006832349433278,0.0067982057813625,0.0061913074114216,0.0070896660863987,0.0068860866575691,0.0065575112955018,0.0068782927940853,0.0074372512150461,0.0074197146874523,0.0081644455161563,0.007865553131914,0.0073335285168643,0.0075904283620726,0.0070142116935744,0.0064257860290374,residential,9,autumn,0,10,85938.84779,859388.4779,0
10,2021-09-07,0.0062376727831046,0.0059210866572055,0.0057439661468932,0.005773704445855,0.0052979394545495,0.0059710239707248,0.0068547910927247,0.0070250458192518,0.0065653093412381,0.0068165864234042,0.0067661401592061,0.0067747773054535,0.0068954892713341,0.0070981253714826,0.0068921127444807,0.0073125527120958,0.0074851498168407,0.0075339687715158,0.0081639610547686,0.0078656178075484,0.0074048470305272,0.0075813284141371,0.0071869753414411,0.0064864604813103,residential,9,autumn,0,10,85938.84779,859388.4779,0
10,2021-09-08,0.0062460164064715,0.0060902940747211,0.0058195144571151,0.0057931620493399,0.00531849434645,0.0060364159387698,0.0067080545715507,0.006841395200144,0.006509411801323,0.0066316010549227,0.0067663542705518,0.0068624525225224,0.0071286238028482,0.0069121335701688,0.0068977143671024,0.0071094528698795,0.0067451550380394,0.0074512949227431,0.0077666176908361,0.0076743342495094,0.0073767996027681,0.0074109112054374,0.0070189211635694,0.0065338644956744,residential,9,autumn,0,10,85938.84779,859388.4779,0
10,2021-09-09,0.0062566564099222,0.0060995080229256,0.0058482973610471,0.005800462590433,0.0053169302133749,0.0060372178091469,0.0066683754279715,0.0067942838117228,0.0065098545931414,0.0068243448938918,0.006761144789288,0.0069316825505062,0.0072542079527326,0.0072641300563478,0.0070671571335183,0.0075212651831218,0.0078502086143762,0.0074833768410007,0.0080718508855324,0.0077844165191932,0.0073994161694191,0.0077416232153044,0.0071677175394974,0.0065513616717233,residential,9,autumn,0,10,85938.84779,859388.4779,0
10,2021-09-10,0.0064015252554137,0.0062487829058277,0.0059003008390057,0.0059479617913942,0.0054791373495498,0.0061165952994687,0.0066817677736517,0.0069853453535262,0.0065634338725958,0.0067566856630505,0.0069156164483139,0.0069568666190791,0.0072419984374431,0.007429727859151,0.006926296309977,0.0074645592358591,0.0078099800027041,0.0073417726648697,0.0080358621912527,0.0077682922259178,0.0073052856119438,0.0075208787167174,0.007133324139353,0.0065069442536653,residential,9,autumn,0,10,85938.84779,859388.4779,0
10,2021-09-11,0.0062075384477102,0.0059085087559845,0.0057759434664076,0.0057648845037438,0.0051385005842456,0.0059725698275326,0.0064600000687536,0.0067435564823604,0.0061437358028407,0.0063196958316845,0.0064799588659244,0.0063403234310016,0.0070139196912623,0.0069518172681697,0.006042103168417,0.0065539842608383,0.0069369261934737,0.0073016061952363,0.0080048234844442,0.007719031802953,0.0072291079873195,0.0074724416855667,0.007093117301245,0.0064569823154072,residential,9,autumn,1,10,85938.84779,859388.4779,0
10,2021-09-12,0.0063454759263694,0.0060250566500332,0.0058262637921578,0.0058907257432903,0.0052722990039521,0.0060123739447069,0.0066201460013915,0.0067176964208816,0.0062383301781398,0.0063303420968298,0.0066416806914269,0.0063886591233531,0.0068265922468007,0.0068061816861188,0.0068525590190853,0.0070346330073751,0.007161767175851,0.0074191374797587,0.0078204749652533,0.0077497448675623,0.0071995962674459,0.0073085993969833,0.0069305376342949,0.0064018989192707,residential,9,autumn,1,10,85938.84779,859388.4779,0
10,2021-09-13,0.006180275526282,0.0060316542483288,0.0057813437253862,0.0057407195306397,0.005265149750784,0.0059486607781861,0.0064773484335009,0.0067810413739412,0.0064389383904678,0.0067642426308821,0.0068925918408225,0.0066422010531198,0.0068094062692624,0.0068415471578532,0.0070735580938638,0.0070464620256837,0.0071910537354813,0.0076641821433972,0.0078654392091279,0.0075833518050624,0.0073155316301802,0.00752078086103,0.0071310782655805,0.0064373002628049,residential,9,autumn,0,10,85938.84779,859388.4779,0
10,2021-09-14,0.0061912018014832,0.0060396963188401,0.0057286767450098,0.0057409616700953,0.0052665285414733,0.0059127910697387,0.0064547335686731,0.0067844988342409,0.0065542828034364,0.0067918372843896,0.0069279678939563,0.006745810573711,0.0068339641943762,0.0070491401449618,0.0066934641356972,0.0069285771635453,0.0072426635356503,0.0068254989229907,0.0076746394385608,0.0075932981690391,0.0072843055314367,0.0073407678836168,0.006953250015175,0.0064206340662197,residential,9,autumn,0,10,85938.84779,859388.4779,0
10,2021-09-15,0.006197479669145,0.0060409675573947,0.0057748115170209,0.0058956425116032,0.0054274615151091,0.005744623972665,0.0064621503931212,0.0067721508829334,0.0062551783763264,0.006765133362898,0.0069213511045803,0.0067476298838926,0.0070485247064129,0.0072252679385226,0.0066939912150358,0.0066600676846777,0.0071580053218687,0.0073836009347062,0.0080904975187023,0.0078005009426543,0.0072717517678433,0.007543639302786,0.006974560543184,0.0064300289918996,residential,9,autumn,0,10,85938.84779,859388.4779,0
10,2021-09-16,0.0062207038681539,0.0060640364715513,0.0058025865443867,0.0057818036183276,0.0053127249678305,0.0060241310276919,0.0065011907346665,0.0068091513150447,0.0065556520382709,0.0067965881992791,0.0069574255866425,0.0068197470860876,0.0070702851640123,0.0072266750850868,0.0059361652801486,0.0069963249939428,0.0071883532563867,0.0072194472975412,0.0079163885909944,0.0076437780265054,0.0071797577899048,0.0073791598504662,0.0069849218332284,0.0063743632354036,residential,9,autumn,0,10,85938.84779,859388.4779,0
10,2021-09-17,0.0060685490124835,0.0059134213210531,0.0057454257599849,0.0057751762860452,0.0053092116368943,0.005883941662857,0.0064806966504073,0.0067904311487977,0.0064533976682459,0.0065556117494114,0.0067060221650294,0.0066051853046124,0.0070448017685438,0.0072157966213645,0.0069352197096084,0.0072665779960014,0.00667744987356,0.0076051483908751,0.0079037426848861,0.0078289171495381,0.0073539956820687,0.007582956198348,0.0071856652461375,0.006492874795396,residential,9,autumn,0,10,85938.84779,859388.4779,0
10,2021-09-18,0.0062434141334581,0.0060885783026836,0.0058490680317549,0.0057827092688345,0.0053141475621477,0.0060225127893919,0.0064975512582895,0.0067960323566243,0.006347414258487,0.0065847890342964,0.0067267063900216,0.0066053253388241,0.0071170163909724,0.0074602076828146,0.0066880316309303,0.0070326267706745,0.0073776701928252,0.0072153091314632,0.007765160865758,0.0074711517982846,0.0070829734080919,0.0074119329665656,0.0068537579966454,0.0062861420300991,residential,9,autumn,1,10,85938.84779,859388.4779,0
10,2021-09-19,0.0061173199499167,0.0059749127228897,0.0057233209058368,0.0057005215322867,0.0052358947272553,0.0059744295576718,0.0064150866605649,0.0067452420202715,0.0061821422223062,0.0065165418032395,0.0064852100148734,0.00641610309824,0.0065826016024386,0.0067577443213852,0.0066335345317243,0.0066838011934647,0.0068316167197842,0.0071349412976344,0.0067591476423762,0.0066926762318705,0.0066016809624003,0.0069418516957482,0.0065702441958763,0.00596496863633,residential,9,autumn,1,10,85938.84779,859388.4779,0
10,2021-09-20,0.0056957069342382,0.0055361680752897,0.0052670926196472,0.0052462532382891,0.0047593828332001,0.0054388930588382,0.0057924642098312,0.005833523614856,0.0053703505160869,0.0052139514892527,0.0053357371581829,0.0051030505667763,0.0054144532168748,0.0053308230386526,0.0050547748955899,0.0054045552917367,0.0057368293520208,0.0061603723109797,0.0067944470770071,0.0067317341775587,0.0064525643013545,0.0065313015709769,0.0061723926431952,0.0056565910438166,residential,9,autumn,0,10,85938.84779,859388.4779,0
10,2021-09-21,0.0052136872499974,0.005071118065244,0.0048693105906003,0.0048245285877332,0.0043428022145013,0.0049458313100066,0.0054234292218634,0.0055160103363952,0.0051229599668656,0.0051275855086695,0.0051855297425438,0.0053086372926595,0.0054739234090367,0.0054145277825041,0.0053691421876928,0.0056502045283547,0.0058109997132477,0.0063454181370093,0.0068510909003836,0.0067985697250242,0.0065626230489774,0.006773171130764,0.0062610797558847,0.0057673137426473,residential,9,autumn,0,10,85938.84779,859388.4779,0
10,2021-09-22,0.0052916721812173,0.0051474216413346,0.0049176842618546,0.0047823373441343,0.0043015894878836,0.0050232303964433,0.0054165610555127,0.0056426996731055,0.0053187061222226,0.0052693173292903,0.0055029428174567,0.0056033742221919,0.0057585399904098,0.0057383345372218,0.0057168399577254,0.0060912868020447,0.0063820588457745,0.0063775723441419,0.007087553967284,0.006861136640446,0.00658524973521,0.0068241960860132,0.0064658909685334,0.0057820818765559,residential,9,autumn,0,10,85938.84779,859388.4779,0
10,2021-09-23,0.0056109505251941,0.0053400757546476,0.0051307155714576,0.0050822158753127,0.0046060919114505,0.0052721069358777,0.0058442851220698,0.0059099914596085,0.0054206401249459,0.005517453360969,0.0056508019521111,0.005415197540802,0.0055843170864678,0.0057658083561147,0.0051724623721534,0.0055706390680503,0.0059574066304657,0.0061900192603564,0.006877082630753,0.0068250716399412,0.0064934207636643,0.0067891410013736,0.0061432971981415,0.0056908466209128,residential,9,autumn,0,10,85938.84779,859388.4779,0
10,2021-09-24,0.0054501201625058,0.0051968103277299,0.0050449387794524,0.0050732370171739,0.0045990423021727,0.005262563400106,0.0057098697825631,0.0057753299045865,0.0053425695621325,0.0053122204138815,0.0052396221895312,0.0053230786565317,0.0054793610172255,0.00569309597697,0.0052895858245822,0.0052891323403182,0.0055348437034057,0.0059173531931002,0.006320018663907,0.0063927476095055,0.0063130140460165,0.0064910590509842,0.0062799711914375,0.0056917774360833,residential,9,autumn,0,10,85938.84779,859388.4779,0
10,2021-09-25,0.0054371089476306,0.005297564150111,0.0050797761242142,0.0051677317731749,0.0046988777828339,0.005297743304905,0.0057357417563719,0.0057665897124118,0.0051825319499595,0.0051516821643261,0.0050988777277707,0.005031021074221,0.0051722770734695,0.0050775617281643,0.0047286523581183,0.0050621670175902,0.005299812180593,0.0059117529691723,0.0064761079778875,0.0064215090270888,0.0061695256298958,0.0062563222639378,0.0056706130564057,0.0053652383994275,residential,9,autumn,1,10,85938.84779,859388.4779,0
10,2021-09-26,0.0051332733066973,0.0049021505377057,0.0049335103619411,0.0049072911117024,0.0044508842318569,0.0053062635059535,0.0056100411250749,0.005775488107615,0.0052990664762645,0.0054173875444493,0.0055517758840517,0.0056008416756986,0.0059550583965792,0.0061224750273723,0.0061114263480902,0.0061238917326603,0.0064971014520862,0.0069280243858127,0.0073642536071806,0.0071377618307218,0.0067875995320375,0.0069480240346456,0.0065832931702985,0.0059823925392533,residential,9,autumn,1,10,85938.84779,859388.4779,0
10,2021-09-27,0.0057114551129008,0.0054394949286836,0.0053323365027644,0.005319168219859,0.0048595590462333,0.0056010798686101,0.0062098380118493,0.0063498156987051,0.0061381233600976,0.0062641265625245,0.0064208087775757,0.0064990535979428,0.0069337590347362,0.0067195894806814,0.0065656693425666,0.0068439964038445,0.0073853307336354,0.0070962251877053,0.0073712423277256,0.0073073483914552,0.0070205228000903,0.0070887486016345,0.0067176224406815,0.0061896412843941,residential,9,autumn,0,10,85938.84779,859388.4779,0
10,2021-09-28,0.0058381142831874,0.0056934352236978,0.0055061426712285,0.0055659572271007,0.0049737510687294,0.0057348409268373,0.006386013390192,0.006575396183322,0.0062433906852953,0.0065638140893128,0.0067586385452778,0.006692359114924,0.0070491021991532,0.0070010947594587,0.0066354075632029,0.0069071331326404,0.0070884075906499,0.007421436088992,0.0081808141468262,0.0078998403531959,0.007321738548739,0.007846161041971,0.007262374480508,0.0061447710609803,residential,9,autumn,0,10,85938.84779,859388.4779,0
10,2021-09-29,0.0060072590804221,0.0060271802529942,0.0054512850482212,0.0059064042715254,0.0054506567694099,0.0060909465330137,0.0063349248623571,0.0063570105145232,0.005872116804907,0.0059460328578936,0.0058482549904905,0.0057890453619309,0.0060165248654537,0.0061495823063848,0.0057781569043503,0.0055969590634764,0.0063147814597598,0.0065736791150717,0.0070706846837909,0.0071595403858142,0.0071112425069667,0.0072683392664618,0.0068758474741662,0.0061464591711075,residential,9,autumn,0,10,85938.84779,859388.4779,0
10,2021-09-30,0.0059648540995505,0.0058279275033936,0.0056426053918021,0.0056881553583727,0.0052297257547933,0.0058599746358723,0.006494251885445,0.006576759015052,0.0063205290585823,0.0064503448488878,0.0066648203857239,0.0063992792785296,0.006661925269881,0.006608763111907,0.0062279177439144,0.0062361449376825,0.0060569762854569,0.0067954706794698,0.0072448419021843,0.0071703700072725,0.007062867360969,0.0071759124555467,0.0068753538851824,0.0064928653661829,residential,9,autumn,0,10,85938.84779,859388.4779,0
10,2021-10-01,0.0061868279945146,0.0059448900757704,0.0057591781291152,0.0056900603169833,0.0051875236076477,0.0059842189186754,0.0064825444570036,0.0066928229019863,0.0063335888224551,0.0064206197676858,0.00660869590788,0.0069033685736462,0.0068640723090223,0.007009629927539,0.0069661438654681,0.006956291648515,0.0070481318976234,0.0075387519933397,0.0076334133432391,0.0075680078631381,0.0073232804570776,0.0073516668389813,0.0069772325780565,0.0065022696835494,residential,10,autumn,0,10,85938.84779,859388.4779,0
10,2021-10-02,0.0060716619289452,0.0060807940939138,0.0057760700354255,0.0059426505939807,0.0053264013235774,0.0059966645479986,0.0066289698344496,0.0068270104219581,0.006354070508322,0.0065622155891862,0.0067718705422884,0.0065750416714101,0.0067979794861011,0.0067420084992703,0.007022693921759,0.0068683939620861,0.0069446468248872,0.0074243140497989,0.0077149793483557,0.0074570335297904,0.0072771085539897,0.0074117196942015,0.0070224302202932,0.0063542774147441,residential,10,autumn,1,10,85938.84779,859388.4779,0
10,2021-10-03,0.006255718722203,0.0060582444721516,0.0059150790859298,0.0058124714345724,0.0053454022384804,0.0058544593516302,0.0064556580368507,0.0068014794076031,0.0062657950053724,0.0063389563442575,0.0065458548013553,0.0065128955058233,0.0067691218779259,0.0067402253281567,0.0067568343767427,0.0066760739040918,0.0069495790735509,0.0073313844922182,0.0076799113297368,0.0074101084134199,0.0071134427051236,0.0073396356853784,0.006956539095759,0.0061786980940279,residential,10,autumn,1,10,85938.84779,859388.4779,0
10,2021-10-04,0.0060385277418369,0.0058860950884184,0.0055321203721804,0.0057361601141148,0.0052718443268786,0.0057310827913005,0.0064028470357779,0.0065755280962899,0.0061707321285177,0.0062889097187259,0.0063247592112019,0.0067666370822518,0.0067279102863715,0.0066606133716323,0.0067374487264369,0.0067468368978185,0.0068445869102312,0.0071918234251136,0.0074181775846182,0.0073515525924067,0.0070380893154821,0.0073040060309705,0.0069280229860606,0.0061733309833839,residential,10,autumn,0,10,85938.84779,859388.4779,0
10,2021-10-05,0.006019314760655,0.0058716390524257,0.0055083792132024,0.0057233042455,0.0051215624939981,0.0056718854094217,0.006395376562998,0.0065759677901268,0.0062020472257276,0.0063246473387846,0.0064990668061539,0.00665555274115,0.0066543575660514,0.0067888697700702,0.0067603699071838,0.0069670185110143,0.0072621711610747,0.0071950356050039,0.0077889277731408,0.0075098694050732,0.0072501615750569,0.0072752922617993,0.0070741292468227,0.0063643006807729,residential,10,autumn,0,10,85938.84779,859388.4779,0
10,2021-10-06,0.006155132101782,0.0058461024998685,0.0056861444856505,0.0057089711084693,0.0052511607654247,0.0059046288380758,0.006534964822642,0.0066911405749941,0.0062063879722313,0.0061475641728476,0.006302627761791,0.0060853584429176,0.0064141242344618,0.0062333756443021,0.0058575864495636,0.0058873357963583,0.0059721536053457,0.0060753679371677,0.0067946011863899,0.0067262424955718,0.0064439643284986,0.0066583300802861,0.006294780611249,0.0056672174521869,residential,10,autumn,0,10,85938.84779,859388.4779,0
10,2021-10-07,0.0054603895545342,0.0052107842073056,0.0050052430731643,0.0050894998406207,0.0046310818267426,0.0053688503758054,0.0059430860403702,0.0060067129703363,0.0054866667962469,0.0055624504539326,0.0057126473220735,0.0060614069822826,0.0063842845841263,0.0063072328715958,0.005992987088517,0.00628459501191,0.0066335537802884,0.0068058695223059,0.0073233557411523,0.0072465941228394,0.0068713409118925,0.0070161703316701,0.0066418837486466,0.0060534058117117,residential,10,autumn,0,10,85938.84779,859388.4779,0
10,2021-10-08,0.0057662025199495,0.0056243110912763,0.0054056013130057,0.0055002425273839,0.0050449969002692,0.0056184136925317,0.0061701631722431,0.0064536155056537,0.0060929305465004,0.00618522114483,0.0065529987460295,0.0063970891556356,0.006766285064216,0.0069380721193249,0.0066428642444592,0.0065096537425494,0.0068188069048234,0.0071367390810053,0.0074704582197944,0.0073944335661385,0.0070758158766843,0.0071586317747581,0.006777387064156,0.0061910670254568,residential,10,autumn,0,10,85938.84779,859388.4779,0
10,2021-10-09,0.0060212113221857,0.0058683203766839,0.0055561378240709,0.0055798904481271,0.0049859758302069,0.0057177323382641,0.0062164492914713,0.006326702250145,0.0059707466697155,0.0061948372000006,0.0063786796830445,0.0064243268811252,0.0066344335025304,0.0065800501039695,0.0062667022575582,0.0066384779940039,0.0065237381663278,0.006917973732689,0.0073717670309843,0.0072964424889724,0.0068980635937224,0.0070627734495941,0.0065308029500475,0.0060798959750157,residential,10,autumn,1,10,85938.84779,859388.4779,0
10,2021-10-10,0.0058105300920452,0.0056656714849612,0.005470975304412,0.0054071888213203,0.0050801768713907,0.0057088128462588,0.0061800919416459,0.0063339372275487,0.0059350129026001,0.0060600103933845,0.0062517201300099,0.00642767906509,0.0064263948846158,0.0063736068993341,0.0064696760119839,0.0063271819698091,0.0066016709424897,0.0069153566001042,0.0074327382950174,0.007187359343114,0.0069436922008741,0.0071216642346349,0.0067448827481165,0.0061196953691586,residential,10,autumn,1,10,85938.84779,859388.4779,0
10,2021-10-11,0.0060045952410928,0.0057147896719149,0.0054341456511623,0.0055765916910396,0.0051205983202748,0.0056591079644904,0.0063687521209773,0.0065632096492039,0.0061937850066306,0.0062896765104446,0.0064753353161735,0.0066303355376899,0.0066612094756607,0.0068320603724878,0.0069267595495952,0.0069689011342096,0.0072987967962251,0.0072708470732931,0.0077102316541178,0.0076366642509712,0.0072547172484263,0.0074014940110216,0.007016245471182,0.0063445416083041,residential,10,autumn,0,10,85938.84779,859388.4779,0
10,2021-10-12,0.0061009843119713,0.005953827636524,0.0056837200612018,0.0058132403642589,0.0053541715546356,0.0058633433539124,0.0066104367893183,0.0067863577035747,0.0063693070159329,0.006511271613181,0.0067320145230168,0.0066523858818653,0.0069196033184418,0.0068783520723067,0.0068749131469533,0.0070291651631683,0.0073099457878323,0.007335808239174,0.0077869215634238,0.0077041787374259,0.0072971009578438,0.0074450313397148,0.0070542649334251,0.0064322952516599,residential,10,autumn,0,10,85938.84779,859388.4779,0
10,2021-10-13,0.0062905881856738,0.0061385731576825,0.0057646736972943,0.0053074592149103,0.004954825035341,0.0054552302925146,0.006001973184445,0.0060883008583265,0.0057678827021022,0.0057475835297726,0.0058484187127671,0.0059049140416795,0.0059795259143063,0.0060590505095207,0.0059505203581473,0.0060512482815138,0.0064375530258909,0.0068516170503578,0.0072298085332061,0.0071488302875647,0.0067968134056993,0.0069150926064065,0.0065395476881425,0.0060405937399315,residential,10,autumn,0,10,85938.84779,859388.4779,0
10,2021-10-14,0.0058061081325992,0.0056633107075829,0.0053682830130795,0.0053887192380833,0.0049299346292945,0.0053689428673072,0.0059572481714998,0.0059879338493562,0.0055066068549597,0.0055957934783869,0.0054619061058752,0.0056410464088846,0.0059075535076406,0.0060291724289038,0.0056952609380187,0.0060088280039035,0.0061624253802186,0.0064467623923525,0.0070782082819899,0.0068421567310559,0.0066642723390345,0.0067798952983073,0.0064118755824065,0.0058352828086697,residential,10,autumn,0,10,85938.84779,859388.4779,0
10,2021-10-15,0.0055430565208773,0.0054000982735214,0.0051379713960999,0.0051342740632408,0.0046738498102992,0.0053153902952939,0.0058627220366137,0.0060060547514199,0.0055272798124819,0.0058829480864831,0.0060544454492099,0.0059745241763122,0.006207998651762,0.0061973337551019,0.0061914595191294,0.0062724165163466,0.0062101901050027,0.0065875535100589,0.0070535596085919,0.006987447050492,0.0066761960763499,0.0067787561399188,0.006413184091565,0.0057813581743653,residential,10,autumn,0,10,85938.84779,859388.4779,0
10,2021-10-16,0.0055683555957781,0.0054342049131135,0.005219781270202,0.0051726685849181,0.0047173025457624,0.0053108320225886,0.0057735164496424,0.0059442186943245,0.0055848204176275,0.005610468085901,0.005745424218172,0.0057774622168245,0.0059136270510811,0.0059732850051402,0.005723072875375,0.0059266685529358,0.0060696151591844,0.0064823598708304,0.0071217135916161,0.0068969124688754,0.0065018157964081,0.0066877026582818,0.0061943375827636,0.0056609751028182,residential,10,autumn,1,10,85938.84779,859388.4779,0
10,2021-10-17,0.0053652513497576,0.005223675291141,0.0049726311609324,0.0050917312580725,0.0045213117022171,0.0051526350338076,0.0056869294808906,0.0058305133329198,0.0053776156550891,0.0054887592219875,0.0056659758135033,0.0056466613210317,0.0060297206154728,0.0059832098029662,0.0058667709709428,0.0061084747457889,0.0063594414186099,0.0064956967890492,0.0069311500362345,0.0067077831124527,0.0065498927985842,0.0066482602254882,0.0061510534872874,0.0056848012011145,residential,10,autumn,1,10,85938.84779,859388.4779,0
10,2021-10-18,0.0054622588188842,0.0052053391587583,0.0050763888080708,0.0050915393255219,0.0046378463525787,0.0052899366437085,0.0056623806629872,0.0058196961427168,0.0055266241358192,0.0056448844535358,0.0059670339051132,0.005798324053875,0.0061539919729825,0.0061595155462593,0.0059788122179076,0.0062807898789659,0.0063700136151705,0.0065435662791387,0.0069554848514454,0.0067302473587681,0.0065864680091364,0.0066714236635567,0.0060362509968817,0.0056204704954518,residential,10,autumn,0,10,85938.84779,859388.4779,0
10,2021-10-19,0.0054887140374632,0.0053555520072683,0.005057219388154,0.0050992961827917,0.0045260745788793,0.0052056301668952,0.0056847944381489,0.0057948337119925,0.0054734479989608,0.0056234357008605,0.0057986590902047,0.0058183081191925,0.0061614798623576,0.0063376533692235,0.006114131080601,0.0061271907336661,0.0063845186308841,0.0066001730124126,0.0069830389934223,0.0067569323822988,0.0064984000645541,0.0067068494144091,0.0062105074191799,0.0056977705405613,residential,10,autumn,0,10,85938.84779,859388.4779,0
10,2021-10-20,0.0055328229065572,0.0052800774479397,0.0051107172637259,0.0051550950019167,0.0045862568898811,0.00533393733111,0.0057877110918764,0.0059209278943934,0.0057062746907711,0.005800374735074,0.0059714856479762,0.0059101731287924,0.0062948365457893,0.0064746746271682,0.0061152836271153,0.006210405443464,0.0064537519075199,0.0064037194100708,0.0068797902039127,0.0068183172006212,0.0064253925237307,0.0064726945737584,0.0061207163025656,0.0056209018333563,residential,10,autumn,0,10,85938.84779,859388.4779,0
10,2021-10-21,0.0053044718425881,0.0051609237719872,0.0049856029057793,0.0049035562902362,0.0044443940432205,0.0051376375869862,0.0056141419508934,0.0059195142157851,0.0055839472308897,0.0058127951996287,0.005846585617135,0.0058218212297593,0.0061289989255272,0.0060951684262998,0.0062134528662514,0.006036858894679,0.0062960367325404,0.0063632538304526,0.0067286275841331,0.0066616262018789,0.0063709724102342,0.0064567189315517,0.0060990940445644,0.0055437904362256,residential,10,autumn,0,10,85938.84779,859388.4779,0
10,2021-10-22,0.0052714168075045,0.0051255278678201,0.0049164382364223,0.0048678812640741,0.0044095554148323,0.0050402516873203,0.0055650770948724,0.0057571418486905,0.0055153486331307,0.0057049044909828,0.0059021702328936,0.0059276279296713,0.0060589528723249,0.0060564974381621,0.0058016430537413,0.0059647140086251,0.0062042463457276,0.0062282209162242,0.0066673007596108,0.0064500330044466,0.0062449479100125,0.0063721770387399,0.0060155374249363,0.0054647642951111,residential,10,autumn,0,10,85938.84779,859388.4779,0
10,2021-10-23,0.0051970959889142,0.005059932862718,0.0048620401597343,0.0048205008132729,0.0043706596375672,0.0050488980806276,0.0055222857909767,0.0056849623781269,0.0053156653388,0.0053698293543375,0.0056723970263891,0.0056688139152632,0.0058695285759792,0.0057044739283022,0.00595366609307,0.0057470831236209,0.0060248580659876,0.0063375921448431,0.0068064418664355,0.0065970864419485,0.0063905943139942,0.0065598324465867,0.0062069655869955,0.0056441363503376,residential,10,autumn,1,10,85938.84779,859388.4779,0
10,2021-10-24,0.0053765805062058,0.0052393227399918,0.0050559236402567,0.0051088953951816,0.0046600798604276,0.0053089544274228,0.0058146667060865,0.0058959309240565,0.0053810488975141,0.0054644065361493,0.0056560307691993,0.0057373187381011,0.0060246038136818,0.00595920569753,0.0056973304311268,0.005950152000217,0.0062409313418107,0.0063503957680674,0.0069595593457176,0.0067317128966312,0.0064289406185169,0.0066786423458794,0.0061790547041999,0.005707171949608,residential,10,autumn,1,10,85938.84779,859388.4779,0
10,2021-10-25,0.0053566195702668,0.0052231743625133,0.005019630726503,0.0049825863622256,0.0045348102264771,0.0051966188370718,0.0055931715473381,0.0058305183778481,0.0055625018022384,0.0056450295141507,0.0059468055619115,0.0059476787094543,0.005978490420454,0.0060069812530626,0.0059024452777974,0.005944317526335,0.0062336850198217,0.0064728659719575,0.0070586190083817,0.0068186184372609,0.0064538692245993,0.0066009892613267,0.0062453542069955,0.0056805928556509,residential,10,autumn,0,10,85938.84779,859388.4779,0
10,2021-10-26,0.0054159749895828,0.0052797851251093,0.0051194322778854,0.0051478304976539,0.0046453685562364,0.0053349786706685,0.0058533471143672,0.0059996816763113,0.0057486993315581,0.0058070702745082,0.0059926954777387,0.0059390177871787,0.0060250616771123,0.0059305831811583,0.0057949905804261,0.0057512330900453,0.006224866426965,0.0063608112165928,0.0069137114769189,0.0068391401375788,0.0064967842629993,0.0064895153566707,0.0061232957720986,0.0055986933865892,residential,10,autumn,0,10,85938.84779,859388.4779,0
10,2021-10-27,0.0052876432598948,0.0051421139636993,0.0049345120571516,0.0049960686805731,0.0044325407480711,0.0051236207461849,0.0056020246403547,0.0057000937495566,0.005326188643768,0.0054129704820444,0.0056950343514735,0.0056427658744483,0.0058865637974744,0.0058529780007437,0.0059583154077962,0.0058644342737059,0.0061378444881766,0.0063549321655034,0.0068675159845946,0.006651675357441,0.0065581683597794,0.0065977083761396,0.0062360361174015,0.0056935782115449,residential,10,autumn,0,10,85938.84779,859388.4779,0
10,2021-10-28,0.0055275624215854,0.0052674541563872,0.0050788258916168,0.0051345360783891,0.0046944809108517,0.0053410852416555,0.0058245646301704,0.0059979240978048,0.0056056254567055,0.0057780755181574,0.0060660978190804,0.0060935150084665,0.0059810300571465,0.0057162303385109,0.0056736204510797,0.0053771648094862,0.0054439351053398,0.005856786885316,0.0061585337591708,0.0060693155408705,0.005930157178036,0.0059679026244049,0.0056150308899643,0.005158654686626,residential,10,autumn,0,10,85938.84779,859388.4779,0
10,2021-10-29,0.0048287969416733,0.0045976789336772,0.0044580524935992,0.0044416498968568,0.0039821333162279,0.0046173630573701,0.0049149054151688,0.0050971190268485,0.0049140309493818,0.0049275928218592,0.0051936522360982,0.0052485644509925,0.00554174581517,0.0055518453831108,0.005005945445694,0.005355147769446,0.0055187261253207,0.0057210917797241,0.0062783022537439,0.0062124484927695,0.0058670987256764,0.0061659481460273,0.0057021995530323,0.0051831371402958,residential,10,autumn,0,10,85938.84779,859388.4779,0
10,2021-10-30,0.0049137291536359,0.0046749802884386,0.0044999898427728,0.0044400644591416,0.0039855628613435,0.0046716241264629,0.004925565385416,0.0051816244694473,0.0048251207387813,0.0048037222787681,0.0049398929885299,0.0050460432486086,0.0053896384261543,0.0054280098008081,0.0051953908646063,0.0052271888777957,0.0053566219644539,0.0057909760227493,0.0062223886418571,0.0060392780738512,0.0059411710725963,0.0059995475603831,0.0056665895846194,0.0052450453181476,residential,10,autumn,1,10,85938.84779,859388.4779,0
10,2021-10-31,0.0050095767989616,0.0048830020507818,0.0046556419708694,0.0046601735888366,0.0042163464620914,0.0048488448429044,0.0052771286961651,0.0053275605071634,0.0047974463084919,0.0048620532488128,0.0049515379459684,0.0048178767417317,0.0051761033520524,0.0051840559323544,0.0051459378192859,0.0054324128734157,0.0055712924114494,0.0059496738720471,0.0062820313207666,0.006161761943571,0.0060615346642541,0.0060047669451799,0.005617609469815,0.0052317852963184,residential,10,autumn,1,10,85938.84779,859388.4779,0
10,2021-11-01,0.0048804680410758,0.004744608686457,0.0046496157002674,0.0045985753468357,0.0041663099448096,0.004929756100055,0.0052681212311301,0.0054733887523382,0.0052904840173113,0.0055433888182745,0.0057332530938992,0.005719743684802,0.00574837005908,0.005955980855429,0.005763861465462,0.0056392533649363,0.005881624959831,0.0062313858075363,0.0065053816351668,0.0065812370610694,0.0063535727686433,0.0065476532131482,0.0060579068953288,0.0056034603975667,residential,11,autumn,0,10,85938.84779,859388.4779,0
10,2021-11-02,0.0053588889840992,0.0052272167540426,0.0050349804215921,0.0051053600359974,0.0045533803003661,0.0052141037604631,0.0056484354841775,0.0058591900664234,0.0055748058669134,0.0057865479232932,0.0059488718993797,0.0057600380511206,0.0058690705856008,0.005874562939452,0.0058860556484165,0.0058236190961465,0.0060286745619126,0.0063472243462331,0.006908314752269,0.0068364412478462,0.0064411644512237,0.0066268216901302,0.006128970360477,0.0056175141587292,residential,11,autumn,0,10,85938.84779,859388.4779,0
10,2021-11-03,0.0053066668017346,0.0051732417858467,0.0050398406433382,0.0050365715981874,0.0045985242367283,0.0053032428828403,0.0056885606719354,0.005823568470617,0.0055080957087403,0.0055976328279118,0.0058640695159015,0.0061375152375419,0.0061632606563882,0.0058367950756497,0.005665737264392,0.005586288322655,0.0058342638476038,0.0062960337442954,0.0067645227970732,0.0065519591900241,0.0063776465103705,0.0064805613802257,0.0061140414388056,0.0055811850391136,residential,11,autumn,0,10,85938.84779,859388.4779,0
10,2021-11-04,0.0054017284607145,0.0051415194275196,0.0049702725597186,0.0050058218402697,0.0044523175255216,0.005201535908845,0.0055346801518915,0.0058363317254232,0.0056101933524413,0.0057672699101901,0.0059315338362618,0.0059357434978345,0.0059379262512847,0.0059467532099949,0.0062035808195696,0.0060506575508336,0.0062314260700098,0.0065200671335575,0.0067914449334937,0.0067262171786932,0.0064944845752474,0.0066704421577874,0.0061612888423213,0.0056921281823174,residential,11,autumn,0,10,85938.84779,859388.4779,0
10,2021-11-05,0.005443353127051,0.005303176909236,0.0051645988409359,0.0051666085581283,0.0047255152301703,0.0053580667882782,0.0056979822712431,0.0059188103504501,0.0057319560368815,0.0059184655735529,0.0059919470179977,0.0063371175240142,0.0061694372568538,0.0063184504362688,0.0063557735896065,0.0061091096354873,0.0062872550768366,0.0066269943351631,0.0070187459115928,0.0067904649111363,0.0066019927990191,0.0065754753632039,0.0063523922885097,0.0057409739617482,residential,11,autumn,0,10,85938.84779,859388.4779,0
10,2021-11-06,0.0053815586050013,0.0053584304967096,0.0050442394780802,0.0050979433135274,0.0046598676198699,0.0052987633099409,0.0057520887598376,0.0058839049053965,0.005500755715424,0.0057980592332015,0.0058378905002715,0.0060025435050653,0.0060399106371763,0.0060091446556122,0.0061953136104396,0.0060149922510602,0.006061567624323,0.0066724875223982,0.0069400544174277,0.0068717848831887,0.0066934223350579,0.0066771335311182,0.0063186366185698,0.0058292667179177,residential,11,autumn,1,10,85938.84779,859388.4779,0
10,2021-11-07,0.0056174150681266,0.0054785572720986,0.005216638707737,0.005224765977051,0.0047949521772862,0.0054318090854626,0.0059039930785441,0.0060539678776172,0.0056518622533558,0.0058206496080138,0.0058793521756642,0.006107557128247,0.0060750440306999,0.0058599286699261,0.0061702687607234,0.0059448989761108,0.0061017190909944,0.0065489832529198,0.00698791111701,0.0069164276694326,0.0065716319540691,0.0066886566071979,0.0061803084771425,0.0057516455843829,residential,11,autumn,1,10,85938.84779,859388.4779,0
10,2021-11-08,0.0050116841983653,0.0046784102058152,0.004766342689601,0.0039164137594977,0.0037600707989869,0.0045006762982224,0.0047965096353223,0.0048732693970426,0.0046239182648248,0.004651888894122,0.0047568941717735,0.0047914450138875,0.0049057717862885,0.0048554060475918,0.0047467907781911,0.0047631952427587,0.0049975181558265,0.0051076766534968,0.005518575769736,0.005366356403967,0.0052388203645559,0.0052673279129155,0.0048538698021416,0.0044825871458991,residential,11,autumn,0,10,85938.84779,859388.4779,0
10,2021-11-09,0.0041555974069509,0.0040183070249225,0.0039372344574977,0.0034167795859266,0.0033887421783625,0.0041304109437483,0.0043536975761245,0.0044465389352042,0.0042301640710651,0.0042353000833823,0.0043539386196625,0.0044447639368794,0.0046782261964124,0.004763195079218,0.0047448899563487,0.0048366105721496,0.0048872638496833,0.005099698829167,0.0054350889297326,0.0053741329309913,0.0052036163491345,0.0052100717237244,0.0048927408366838,0.0044770298584912,residential,11,autumn,0,10,85938.84779,859388.4779,0
10,2021-11-10,0.0042003893102753,0.0040668937259534,0.0039253525686787,0.0039495156832847,0.003502436501966,0.0041626232687896,0.0044987508072414,0.0045446722281463,0.0042997867406657,0.0043504555689353,0.0044366263697904,0.0045005253211192,0.0047729930565386,0.0048433404370736,0.0048190180031578,0.0049821577252669,0.0051069851865347,0.0052334442503451,0.0056276144734697,0.0054544993445745,0.0052814426661406,0.0052969640217926,0.0048957501952737,0.0045947182578616,residential,11,autumn,0,10,85938.84779,859388.4779,0
10,2021-11-11,0.0042936840119262,0.0041695890698225,0.0039958521504663,0.0030295549378568,0.0035293087490376,0.0041840750998029,0.0045130343057829,0.0046954749418645,0.0044489069755139,0.0044598496419313,0.0046626658849637,0.0048352024942707,0.0048655907825903,0.0049362151524263,0.0049762483632787,0.0049366170014501,0.0050929126321952,0.0053637492487209,0.0056413504148779,0.0054748986194497,0.0054547174042564,0.0055448530221028,0.0050437323238988,0.0047317044555584,residential,11,autumn,0,10,85938.84779,859388.4779,0
10,2021-11-12,0.0044379745956797,0.004319561885398,0.0041908491624612,0.0042047491696472,0.0037531144918328,0.0044412837517682,0.0046890627954741,0.004818484670616,0.0045816851133383,0.0046688693487624,0.0049582031281493,0.0050520431401776,0.0050886506947445,0.0052528500055386,0.0052145920346365,0.0051574754466925,0.005197437837529,0.0054583108253771,0.0058437874693763,0.0057861908486791,0.005619547744366,0.0056349624985885,0.0053161088108247,0.0048587270705454,residential,11,autumn,0,10,85938.84779,859388.4779,0
10,2021-11-13,0.0045916563537431,0.0044647615519062,0.0042706117356935,0.0032261097215341,0.0036593615256352,0.0044142087898196,0.0048105223639964,0.0048661712396274,0.0045594086677385,0.0046150057200052,0.0047300281691653,0.0048895077818498,0.0050668172380518,0.005119877545797,0.0050608522844316,0.0050533268927375,0.0051800943420518,0.0054152910196968,0.0058403111616631,0.0056652061085291,0.0054416733883621,0.005507992842636,0.0050957740718933,0.004827874653794,residential,11,autumn,1,10,85938.84779,859388.4779,0
10,2021-11-14,0.0044750971371429,0.0043507275778556,0.0042066906568477,0.0042248900667625,0.0037233974161226,0.004385017105779,0.0046339836064079,0.0048365960967245,0.0045540346759741,0.0046108901200297,0.0047780033329514,0.0048636564219036,0.0050781038190212,0.0051720144713644,0.0050339048300783,0.0051852138449541,0.005177561519765,0.0055152896062975,0.0058345332241136,0.005773855936418,0.0054495105440199,0.005617177191323,0.0051990463400691,0.004798680824939,residential,11,autumn,1,10,85938.84779,859388.4779,0
10,2021-11-15,0.0045022989250979,0.0043881803407728,0.0042501238860866,0.0042900339211771,0.0038882926208139,0.0044676277977234,0.0048113885698496,0.0049597684380836,0.0047557088105864,0.0047764437148296,0.0048996943760387,0.0048550401897889,0.005017545127492,0.0050421603532584,0.0049234501506012,0.0049851897474833,0.0052240993647242,0.0055713617008813,0.0059235153827599,0.0057409837040018,0.0055585712302915,0.0055749881018,0.0052503629300263,0.0048376163050864,residential,11,autumn,0,10,85938.84779,859388.4779,0
10,2021-11-16,0.0046165525035538,0.0044042222055072,0.00427255885649,0.0042057830733846,0.0038868078260568,0.0044914537121822,0.0048798454958969,0.0050254417599744,0.0047680955732346,0.0047809137177538,0.0050305295750163,0.0050894155976494,0.0053182704283699,0.0054000163942777,0.0056452565539226,0.0054120167710091,0.0056978036518663,0.0058194858827724,0.0061469756086855,0.0060864574007733,0.0059386774730425,0.0060333818391848,0.0055806673659005,0.0051402935221958,residential,11,autumn,0,10,85938.84779,859388.4779,0
10,2021-11-17,0.0047235679694868,0.004594042834833,0.0044777725857764,0.0045640186855082,0.0041748926471593,0.004721303481595,0.0051808909844853,0.0053721021490864,0.0050579948459109,0.005057611064553,0.00536467519388,0.005433188199326,0.005627898662127,0.005674767185944,0.0052931247380272,0.0053990501257385,0.0056118589444186,0.0058511507577815,0.0060943923557522,0.0059095566269233,0.005834270581137,0.005841359708524,0.0054006707550474,0.0049769749591157,residential,11,autumn,0,10,85938.84779,859388.4779,0
10,2021-11-18,0.004656030348906,0.0045218328428891,0.0043758339905473,0.0043854906066889,0.0039981441849971,0.0045496752936373,0.0048806342966751,0.005048167759453,0.0048649304779411,0.0048831450111536,0.0049163134918054,0.0050268857527353,0.0052392364473755,0.0054003904319441,0.0053587595150938,0.0052027171853144,0.0053612704360357,0.0057745804952685,0.0060391382012455,0.005856630913461,0.005788128338365,0.0058008657754711,0.0053715080438276,0.0050730057356396,residential,11,autumn,0,10,85938.84779,859388.4779,0
10,2021-11-19,0.0047399734154373,0.0045252014169413,0.0044541593035503,0.0044870584794308,0.0040270093937545,0.0046133952432559,0.0049909691187331,0.0051307732518133,0.0049261252225718,0.0051213093233446,0.0053078832785081,0.005441498777397,0.0054289098307873,0.0054445826377866,0.0051361202575702,0.0051568402488689,0.0054429013980394,0.0057749651584261,0.006229190355137,0.0061603402196024,0.0059976951427066,0.0061037938624448,0.0057627749818959,0.0052640337335508,residential,11,autumn,0,10,85938.84779,859388.4779,0
10,2021-11-20,0.0050907615626425,0.0048492609004044,0.0046502291262973,0.0047313905727138,0.0042743701623595,0.0048558192393798,0.0052719865406788,0.0054525332040409,0.0051596016652267,0.0052008918018384,0.0055220062951538,0.0055578402286819,0.0057783765943514,0.005986969948981,0.0056435274724768,0.0054863129065848,0.0056079722431346,0.0059717844785337,0.0064465199252779,0.0063806564107734,0.0060247602629671,0.006062859173626,0.0057204818383785,0.0052909475905979,residential,11,autumn,1,10,85938.84779,859388.4779,0
10,2021-11-21,0.0050512623426054,0.0049221960476791,0.0047130380767711,0.0047961782325636,0.0043417542691264,0.0049441469066916,0.0053205410102291,0.0053665492728841,0.0051621016445241,0.0054085237682926,0.0055667259788406,0.0055276418330803,0.005524143792006,0.0054364455267889,0.0054362798644774,0.0052925556287913,0.0054834853319635,0.0061349343146804,0.0063610927956606,0.0062966698339555,0.0061458101632785,0.0061218838181411,0.0059032871097889,0.0053629511184501,residential,11,autumn,1,10,85938.84779,859388.4779,0
10,2021-11-22,0.0051210708048309,0.0049939035474697,0.0048410194204265,0.004876597281731,0.0042411706106993,0.0049439350207592,0.0050019658900016,0.0049911940419121,0.0045879342743513,0.0043943275817672,0.0043684195356563,0.0042957465171393,0.0043123570632573,0.0043184217731911,0.004273489977918,0.0043516362121141,0.0045778069019685,0.0048669734058271,0.0052503143577788,0.0051694610705718,0.0050641697722592,0.0050196826999465,0.0047000215708787,0.0042614290913923,residential,11,autumn,0,10,85938.84779,859388.4779,0
10,2021-11-23,0.0040251654200462,0.0038353563121247,0.0038085628869653,0.0037163796181732,0.003268516952621,0.003999365822001,0.0042698909856825,0.0042951171129328,0.003961172795093,0.0039043450907696,0.0039088977478735,0.0038922527814682,0.0038474876459141,0.0038447876109486,0.0037336225129579,0.0037950668948381,0.004081636262306,0.0045013983757683,0.0048989910732927,0.0048451941776217,0.0047982699810409,0.0047995322763787,0.0045027353418192,0.0041972504033731,residential,11,autumn,0,10,85938.84779,859388.4779,0
10,2021-11-24,0.0039221174225402,0.0038097376457587,0.0037183694310342,0.0036989004214016,0.0033719472507995,0.0039410667050614,0.004214856628635,0.0043338157075596,0.0041291554383234,0.0040850499860516,0.004249220318581,0.0044372958115472,0.0046468219666807,0.0046625630464194,0.0046774453846383,0.0046179367733407,0.0048704486308604,0.0050815311480216,0.005409025109442,0.0051778498492858,0.0051872921665169,0.0051213441681355,0.0048199046486138,0.0044491674801404,residential,11,autumn,0,10,85938.84779,859388.4779,0
10,2021-11-25,0.0041520193866003,0.0040179513139441,0.0039065387629195,0.0038511190919578,0.0034185468795051,0.0041930253813263,0.0044958132850244,0.0046570367607185,0.0044550841030669,0.0046301266527101,0.0047793421112385,0.0048785122315271,0.0051933636379415,0.0052767345819963,0.0051148566720597,0.005134886673317,0.0053791910051977,0.0054505065797646,0.0059005635326306,0.0056078003426634,0.0055257180163602,0.0053503837538253,0.0051164640214872,0.0047162862606907,residential,11,autumn,0,10,85938.84779,859388.4779,0
10,2021-11-26,0.0044069866108651,0.0041279977001099,0.0041338422103743,0.0030992594376999,0.0035586617340653,0.004273784836607,0.0045429885583868,0.0047585080725151,0.0046245359818154,0.0047419142871904,0.0048593366285683,0.0049720110591683,0.0051675184379106,0.0052893871773297,0.0053003533928846,0.0053509435242537,0.0054835410840554,0.005552794622703,0.0060080231594911,0.0057066235280804,0.0055878736584952,0.0056491130716652,0.0051296408436094,0.0047893520731294,residential,11,autumn,0,10,85938.84779,859388.4779,0
10,2021-11-27,0.0044397837871156,0.0043196350430872,0.0042537077254974,0.003884927360007,0.0036182812056142,0.0043649714551621,0.0046396733649428,0.0047531593251292,0.004529023994549,0.0045649097134559,0.0047076498491214,0.0047925955224019,0.0050793807001633,0.0051840348399793,0.005074085997333,0.0052494572250422,0.0052242162465983,0.0055013968476251,0.0058731026401478,0.0056976960866523,0.0055179502587696,0.0053616732354176,0.0051319555188242,0.0047261963745787,residential,11,autumn,1,10,85938.84779,859388.4779,0
10,2021-11-28,0.0044235306038716,0.0043085162243749,0.0041993545128031,0.0041888524306226,0.0038219835458571,0.004355285651239,0.0046747261278643,0.0048013181875978,0.0045556009421048,0.0046784051892491,0.0048516784238128,0.0049967004004892,0.005244168258533,0.0052125052981754,0.005136733699386,0.005263874422992,0.0053745461217027,0.0056808526796732,0.0060461824328139,0.0058638409154598,0.005689761670626,0.0057051560883587,0.0052819237398931,0.0048909691081413,residential,11,autumn,1,10,85938.84779,859388.4779,0
10,2021-11-29,0.0044827904388999,0.0043571242889711,0.0043286164887063,0.0041440017383117,0.0037415003973559,0.0044786142847045,0.0047125927776994,0.0049344350383465,0.0048110944711502,0.0049782228309278,0.0051796934336232,0.005328639428953,0.0054938670522631,0.0056214437355893,0.00561744447479,0.0056750735250422,0.0057739797871894,0.0058564452926416,0.0061502996950587,0.0058365954929845,0.005818528370379,0.0056624337824708,0.0053384574314485,0.0049739607337142,residential,11,autumn,0,10,85938.84779,859388.4779,0
10,2021-11-30,0.004621806282583,0.004493097093538,0.0043702810666644,0.0043703900702566,0.0039605039343414,0.0045102848349952,0.0047833802447862,0.0050270615869924,0.0048647504533708,0.0049825583954767,0.0051400030673683,0.0051581515853613,0.0052982753089968,0.0053969936059318,0.0051433796943111,0.005202151022515,0.0052272703510203,0.0053755436776841,0.005583900031978,0.0054584320331151,0.005323375442669,0.0053561055273262,0.0050724234258351,0.0048158137151053,residential,11,autumn,0,10,85938.84779,859388.4779,0
10,2021-12-01,0.0046511531559799,0.0044949913776049,0.0044124127452672,0.0043254703445312,0.0040218876407424,0.0045654157079932,0.0048465633484474,0.0049561118357992,0.0047590907341684,0.0047538657043542,0.0049305000984728,0.0051195841346173,0.0053040911309455,0.0053271738653111,0.0052695566838772,0.0052005965497315,0.0053424943647376,0.0055760237142873,0.0057902121620053,0.0057164717950602,0.0056156125076509,0.0055439672464688,0.0052167063716589,0.0048214774908458,residential,12,winter,0,10,85938.84779,859388.4779,0
10,2021-12-02,0.004426761884288,0.0042997930451931,0.0042221803845872,0.0038397829017439,0.0036055611989369,0.0043346379367363,0.0045722742188691,0.0046232181911027,0.004364164390682,0.0043541820408028,0.0045109537239095,0.0047607345070052,0.0049174385943507,0.0050275561768996,0.005150577644399,0.0050074190762746,0.0050277950182506,0.0054182327726191,0.0056942426128899,0.0056349334115778,0.0055126983421224,0.0054920030265135,0.0051773709883132,0.0048372817067444,residential,12,winter,0,10,85938.84779,859388.4779,0
10,2021-12-03,0.0045520613314522,0.0043474474265128,0.0042644866441142,0.0042120426655215,0.0038852754602915,0.0043867187229331,0.0046274746150248,0.0047646441998091,0.0045680647778563,0.004588855642023,0.0046872985796725,0.0048168725099797,0.0047839414112616,0.0049045806962688,0.0051488651814568,0.0049003879068078,0.0050822372355358,0.0054899337022686,0.0058519615364602,0.0057870357035272,0.0056383897526817,0.0055284986266177,0.0052038393273175,0.004870444485933,residential,12,winter,0,10,85938.84779,859388.4779,0
10,2021-12-04,0.0045745254111984,0.004366530807715,0.0043015991182266,0.0042458256058033,0.0040034357052415,0.0044679325935296,0.0047474638033748,0.0047735627696902,0.0044620959744834,0.0043985001586447,0.0044740746069807,0.0046472190706605,0.0046586767105957,0.0046639984097932,0.0048187313555116,0.0047942176047317,0.0048448714791912,0.0052499459427268,0.0056272699450064,0.0054635015756288,0.0053853905291589,0.0053180712962969,0.004919601242376,0.0046006848776702,residential,12,winter,1,10,85938.84779,859388.4779,0
10,2021-12-05,0.0042927560387617,0.0041652494917924,0.0040866302122542,0.0039883367376551,0.0036820963252889,0.0042794347467878,0.0045589196305788,0.0046228406305801,0.0042244181400964,0.0041949327903721,0.0043391099222582,0.0044180825743815,0.0045019471982475,0.0046007787966363,0.0045761644048901,0.0045590473597031,0.0046131632294771,0.0050247434983104,0.0053766431512875,0.0052267457922864,0.0050969687155014,0.0050204410536607,0.0047060453227135,0.0044063322616513,residential,12,winter,1,10,85938.84779,859388.4779,0
10,2021-12-06,0.0041087165091459,0.004056701823116,0.0039317526588876,0.0038798803246407,0.0036514229258325,0.0041570553949879,0.0044548487618716,0.0046018633474567,0.0043399238110072,0.0043588089774715,0.0045491363724893,0.0047584966447784,0.0049148832610126,0.004862340996799,0.0051135513003494,0.0048348770828496,0.0051634924925384,0.0053036531638559,0.0055811370142948,0.0054231577051347,0.0053315660755196,0.0052771259554925,0.004958813758223,0.0045931856114778,residential,12,winter,0,10,85938.84779,859388.4779,0
10,2021-12-07,0.0042674020047818,0.0041471012720453,0.0040783361888885,0.0040262960221997,0.0038083411125622,0.0043130906334354,0.0046125196046292,0.0047325135226524,0.0044879048303642,0.0044557274567946,0.0045876633986158,0.0045863556575821,0.0046937090831547,0.004780162484909,0.0047975392848499,0.0048383587158037,0.0050031444266495,0.0052589776934183,0.0054632538409437,0.0053948004819286,0.0053464035199011,0.0052476406188876,0.0048531625464506,0.0046391858670687,residential,12,winter,0,10,85938.84779,859388.4779,0
10,2021-12-08,0.0042917390331864,0.0041010745777147,0.0040039251032433,0.0033915384991881,0.0034032034889929,0.0041655995385473,0.0044284597655773,0.0045810828818215,0.0043707333758139,0.0043354156204904,0.004434399323197,0.0045066730022905,0.0045897398747517,0.0046706159293068,0.0046289854336615,0.0046227896432189,0.0047370351577633,0.0049556565051927,0.0053184025578673,0.0051575558258474,0.0050016249836997,0.0049183288268153,0.0046056868647886,0.004239905506204,residential,12,winter,0,10,85938.84779,859388.4779,0
10,2021-12-09,0.0038904273824917,0.0037688168209436,0.0036629208390014,0.003376594758031,0.0030930670734287,0.0037937253827974,0.0040533860135542,0.0042191177216678,0.0040302048397847,0.0039845891197906,0.0040945783040139,0.0042513423133861,0.0043285719530985,0.0044092809629715,0.0044517277664557,0.0044056234399737,0.0044424658903042,0.0047508517434739,0.0050416833089263,0.0049129495280734,0.0048563943238323,0.0047985379226667,0.0045040156840573,0.0041860922743021,residential,12,winter,0,10,85938.84779,859388.4779,0
10,2021-12-10,0.0038714979582224,0.0038142185524388,0.0036980030924729,0.00363987105114,0.0031704369432148,0.0038741553242471,0.0041920167571647,0.0043429485094898,0.0041891876478507,0.004275789969116,0.0044672079387868,0.0046320163542177,0.0047837894035624,0.0045928678580717,0.0047107832921597,0.0046920797720083,0.004717066236873,0.0051363768793107,0.0053224928896191,0.0053412934430421,0.005219233434966,0.0051928415673089,0.0048841050544454,0.004580115605474,residential,12,winter,0,10,85938.84779,859388.4779,0
10,2021-12-11,0.0042777154415447,0.0041566275433251,0.004015378809349,0.0039571121849721,0.0036922399508376,0.0041451022409514,0.0044243520994291,0.0045755554270505,0.0041928773947493,0.0041780628202523,0.004387177166516,0.0045339570165039,0.0046453861584347,0.0046903950276298,0.0046613714004056,0.0044458132988707,0.0046144593620098,0.0050755071137027,0.0054944891654036,0.0054377847018412,0.0052288188018163,0.0052936130909802,0.0048921897053959,0.0045174645988496,residential,12,winter,1,10,85938.84779,859388.4779,0
10,2021-12-12,0.0042285052153998,0.0041038747629234,0.0040167453298877,0.0040182834660695,0.003610044979482,0.004213817281028,0.0045388881214702,0.0045646738823484,0.0040750373047614,0.0040019000972754,0.0039681242966331,0.0039734277514451,0.0040900456124312,0.0041377283238257,0.0039899012393819,0.0040401092971266,0.0043365020159318,0.0048829538187827,0.005238176390617,0.0051003723433149,0.0050006804925604,0.0050762361263884,0.0047676408388387,0.0044173655460391,residential,12,winter,1,10,85938.84779,859388.4779,0
10,2021-12-13,0.0041276923927446,0.0040128923439408,0.0039532609034676,0.0039434253624648,0.0035474328629435,0.0042400188726975,0.0045618246418916,0.004588592811747,0.0042518735495246,0.0041878995434189,0.004175857340565,0.0041457505331697,0.0041103404639909,0.0041300696577477,0.0040883050868464,0.0041787272981121,0.0045882983541499,0.0049181795664427,0.0053840638809878,0.0053290337242766,0.0052000399415591,0.0052030007890181,0.0048991089325896,0.0045536615885474,residential,12,winter,0,10,85938.84779,859388.4779,0
10,2021-12-14,0.004297713158479,0.0041205262799016,0.0040788207942774,0.0040912017378507,0.0038596668075648,0.0043357879008067,0.0046319629588889,0.0046936357879011,0.0044224790472121,0.0044015639392235,0.0045035128651993,0.0045332578035305,0.0046167142064392,0.0045883432650626,0.0045401485132639,0.004623496652001,0.0048327426363274,0.0053350643516998,0.0056349952304052,0.0055746933672559,0.0054295942030868,0.0054395240542116,0.0051177926628126,0.0047407552902606,residential,12,winter,0,10,85938.84779,859388.4779,0
10,2021-12-15,0.0044014371828838,0.0042865693924475,0.0042171845556844,0.0041740832825835,0.0039400097985015,0.0044403368586337,0.0046997392216968,0.0047942681821073,0.0045391473274136,0.0045037831349622,0.0046361117708166,0.0046881185939777,0.0047857134556068,0.0047009133847026,0.0046619441471167,0.0046343014573373,0.0048764529239705,0.005359988671945,0.005610159934608,0.0054461592720537,0.005496403943169,0.0052939958810343,0.0048886123197944,0.0046549767569477,residential,12,winter,0,10,85938.84779,859388.4779,0
10,2021-12-16,0.0042496850157669,0.004063416401032,0.0040500588627124,0.0032258231869833,0.0033691655613508,0.0041427914619914,0.0043966413529349,0.0045104600907114,0.0042502604140078,0.0040610950582467,0.004085756142328,0.0041416512930977,0.0040976395392239,0.0041137787066731,0.0040358464438135,0.0040222377029049,0.0041623764047586,0.0045119012403645,0.0047931586290922,0.0047177578979652,0.0046518628665481,0.0045941234048065,0.0042878333787271,0.0039933649082228,residential,12,winter,0,10,85938.84779,859388.4779,0
10,2021-12-17,0.003707976328236,0.0035444485426936,0.0035145173461204,0.0034308776438003,0.0030462273785583,0.0037185382647945,0.0039786631049858,0.0040243018394775,0.0037742979730366,0.0036543215578578,0.0036649382706361,0.0037883251639595,0.0037266601408654,0.003715871639693,0.0036841108435636,0.003629301358771,0.0038625980394751,0.0042244780927944,0.0045239008213747,0.0044617603448535,0.0044289602087974,0.0043709804413277,0.0040718649998317,0.003787331007105,residential,12,winter,0,10,85938.84779,859388.4779,0
10,2021-12-18,0.003453499288459,0.0033407061908349,0.003287858981715,0.0032161738410444,0.0030691140506832,0.0034990355868079,0.003748356767441,0.0038596251424558,0.0036024914893844,0.0035484115682738,0.0036876916653733,0.0037723311613608,0.0038491194236654,0.0038765882661307,0.0037985304581742,0.0038807299271066,0.0039750760992227,0.0043340742334829,0.0046295567345925,0.0045233568819494,0.0045040091920477,0.0044809146212766,0.0041891924578058,0.0038515938864496,residential,12,winter,1,10,85938.84779,859388.4779,0
10,2021-12-19,0.0035285735728693,0.0034129231212185,0.003314917581053,0.0032534655317331,0.0031083788007599,0.0034984384399031,0.0037463377456375,0.0038890829033094,0.0036410568213987,0.0035808741330631,0.0036530038203632,0.0037523958993607,0.0038658636233471,0.0038653026931841,0.003779791678573,0.0038350662996807,0.0039960654349696,0.0044069588169297,0.0047619179869918,0.004708399650831,0.0046454912638917,0.0046086892827757,0.0043149923161789,0.0039814568735387,residential,12,winter,1,10,85938.84779,859388.4779,0
10,2021-12-20,0.0036946591323443,0.0035253412789267,0.0034700962462098,0.0033783105291047,0.0029733752665125,0.0036638972515462,0.0038682636680984,0.0040215861811313,0.0038671341915314,0.0038301248314337,0.0039235711547601,0.0040590914092836,0.0041536596267312,0.0042214972208136,0.0042342779941812,0.0043624938234865,0.0044075949593017,0.0046736641240113,0.0049315696069824,0.0047957740105181,0.0047578136505381,0.0046722865831344,0.0043240312796473,0.0041079382450104,residential,12,winter,0,10,85938.84779,859388.4779,0
10,2021-12-21,0.0037283469605383,0.0035769662951791,0.0035373152519283,0.002775587219332,0.002906108948522,0.0036758563275755,0.0038740189529825,0.00403728956443,0.0039281221748056,0.0038872556319529,0.0040361581918751,0.0042295783292627,0.004288061824388,0.0043818386288267,0.0044448986437456,0.0043639621769082,0.0044006114002822,0.0047019755878932,0.0049917620958989,0.0048595364320211,0.0047859535828133,0.0047561228427355,0.0044649886489191,0.0041729141642997,residential,12,winter,0,10,85938.84779,859388.4779,0
10,2021-12-22,0.0039198949130367,0.0037977478441219,0.0037319470435001,0.0037026456403607,0.0035441327337146,0.0039399301936839,0.0042340652689754,0.004332348303163,0.004096612580786,0.0041745985090342,0.0043714353510248,0.0044182936420985,0.0046146860123469,0.0046649915485575,0.0047182218673236,0.0048650472363155,0.0047919811244548,0.0051460671278953,0.0052513371865307,0.0051222910202615,0.0051456957771788,0.005016144311642,0.0047746765749153,0.0044019176870082,residential,12,winter,0,10,85938.84779,859388.4779,0
10,2021-12-23,0.0041633437867333,0.0040511750833796,0.0039401757208997,0.0038822695800354,0.0038342428947238,0.0042230890511877,0.0045295394786831,0.0045905876373668,0.0043257254688841,0.0043186588050009,0.0044647381945058,0.0045820497728425,0.0045308898605546,0.0044307840345867,0.004504384213077,0.0043809022814315,0.0046395846123145,0.005173294543426,0.0053993387241164,0.0053397009982401,0.0053305909306142,0.0052209613766521,0.0050805955044301,0.0046983006104474,residential,12,winter,0,10,85938.84779,859388.4779,0
10,2021-12-24,0.0044620595490749,0.0042595637143964,0.0042023507223832,0.0035622926459988,0.0034435437846646,0.0042731895781288,0.0044940054682282,0.0046500809621715,0.0045251871080247,0.0046805176744618,0.0049417839779974,0.0049797094142469,0.0052358828625627,0.0052610969905093,0.005189092230834,0.0053434903681611,0.00546608370443,0.0055759968783814,0.0059597046982357,0.005748634208306,0.0054911410878653,0.0054365717655768,0.0051022941752362,0.0046705662829709,residential,12,winter,0,10,85938.84779,859388.4779,0
10,2021-12-25,0.004293165643773,0.0040908370201697,0.0040382010540615,0.0029208865886615,0.0033739893314016,0.0041497208797577,0.0043221186152165,0.0043993638132397,0.0041710356002471,0.0041214573297047,0.0042008692319465,0.0043361015054932,0.0044990714880707,0.0045821232380742,0.0046071292179342,0.0045820514836119,0.0045987609165727,0.0049583280735792,0.0052153042721658,0.005076478549927,0.0050147889935932,0.0049062496854057,0.0046121117738253,0.0043586060861605,residential,12,winter,1,10,85938.84779,859388.4779,0
10,2021-12-26,0.0040381153749307,0.0039405084826358,0.0039195234789877,0.0039126319449658,0.0038236039122121,0.0041590978186065,0.0044308996280636,0.0045223296622396,0.0041918315067676,0.0041097702103293,0.0042170807353124,0.0044318295780416,0.004862554795247,0.0049683449729202,0.0049213923551385,0.0047227729380443,0.0047231427840637,0.0052432416933921,0.0054693953427388,0.0053084219403318,0.0051608909576225,0.0050911138455135,0.0047773500493707,0.004425103770096,residential,12,winter,1,10,85938.84779,859388.4779,0
10,2021-12-27,0.0041255636450669,0.0040156917324104,0.0039563947509262,0.0039070710286122,0.0038140045784333,0.0041916282040219,0.0044289821488213,0.0045966409539835,0.0044334710670186,0.0044540558971361,0.0047029485933074,0.0048607301656197,0.0048585810210811,0.0048531615846875,0.005036527181804,0.0048345128717417,0.0050139479365487,0.0054686415988471,0.0055322035016545,0.0054693450962614,0.0053808575484356,0.0053136464489528,0.004996814484183,0.0046460361810899,residential,12,winter,0,10,85938.84779,859388.4779,0
10,2021-12-28,0.0043818622206864,0.0042624387558097,0.0041537302909604,0.0041434403678006,0.0040538190961578,0.0043424485990948,0.0046589121120584,0.0047408755730452,0.0043615587198503,0.0043355602866528,0.0044361804488335,0.0045423102718707,0.004484492752111,0.0044871042469279,0.0044059906611397,0.004396318806565,0.0047145673094184,0.0051324158957994,0.0054825307198783,0.0054172991461151,0.0052931718104,0.0052761139694359,0.0049521178228161,0.0045878525161059,residential,12,winter,0,10,85938.84779,859388.4779,0
10,2021-12-29,0.0042576495616358,0.0041407242655499,0.0040620321694821,0.0040409293080687,0.003961726683589,0.0043223866896606,0.0046410528983001,0.0047062963675568,0.0045893298695092,0.0045921922542595,0.0048721001366526,0.005106304228958,0.0052641145823238,0.0053999021500339,0.005376916190358,0.0051336280758559,0.0050890661606842,0.0055123825583009,0.0055660952307202,0.0054991519027573,0.0053887720538152,0.0054388063285492,0.0050275111395213,0.0046945503373977,residential,12,winter,0,10,85938.84779,859388.4779,0
10,2021-12-30,0.0044002762073455,0.0042639372925193,0.00413452891651,0.0040792227369117,0.0037671634415536,0.0043247288689413,0.0047228202454618,0.004787836198026,0.0044307814450967,0.0045036202351651,0.0045539914227174,0.0047164959200787,0.0049438629249187,0.004977413710533,0.004977628508922,0.0051750918718016,0.0054564715666225,0.0055634787903567,0.0059317984943543,0.0057396246383413,0.005634950982118,0.0055709116384032,0.0051388410418692,0.0047159832712357,residential,12,winter,0,10,85938.84779,859388.4779,0
10,2021-12-31,0.004340681347178,0.0042140219141793,0.0040805079119876,0.0039303612949578,0.0034663338663718,0.0042240232508487,0.0044871034197361,0.0045947853386445,0.0043334286117964,0.0042842538220651,0.0044058509476855,0.0045225691525576,0.0046039350733859,0.0048019551181157,0.0047387958356475,0.0047586156713125,0.0049376514977247,0.0051167555773368,0.0053548223285047,0.0052863362826294,0.0051551071086866,0.0051466087325444,0.0047031388123169,0.0043922325534964,residential,12,winter,0,10,85938.84779,859388.4779,0
11,2021-01-01,0.2016890051189483,0.2123902262797195,0.2177986208061927,0.2319870404598183,0.2500462141204447,0.2387230658567773,0.2533381737305457,0.2421125766412822,0.2074497572807823,0.1595225831251835,0.1487374240895868,0.1502893935254216,0.1483043485116552,0.1479005449026661,0.149202900163956,0.1471261518814387,0.1439910252683679,0.1353940671352646,0.1393000272070738,0.1643196266775625,0.1723257334685248,0.1868695693036046,0.217615612716329,0.1890601192821698,commercial,1,winter,0,1,0.36427082,0.36427082,3
11,2021-01-02,0.2010666835652312,0.2020488985070849,0.2105113602034623,0.2091408551517881,0.2099328459248138,0.2226534827324747,0.2283015679050078,0.2158771062232213,0.1966848144638623,0.1644611796600516,0.1513221274061154,0.1503125181694411,0.147144464175873,0.1471851228260203,0.1463432191415223,0.1467095379612138,0.1385728316553544,0.1369261078460312,0.1506484705164616,0.1752177208989388,0.1843241103155805,0.1689124461509727,0.183643169990974,0.1870656135344939,commercial,1,winter,1,1,0.36427082,0.36427082,3
11,2021-01-03,0.1890750551975291,0.1907679631486148,0.1982003322234913,0.19729277291496,0.2132430268999158,0.216037134858461,0.2185459559027542,0.2105838589849945,0.2032893311243538,0.1770220019436822,0.1552375658620522,0.1459988855550095,0.1356216003758081,0.1256362019990565,0.1298094506156225,0.1351805263516119,0.1321199578904496,0.1494126512954141,0.1758250587689338,0.1765514710203998,0.1866525590659062,0.1897024077934005,0.2024117012204351,0.2138036307620992,commercial,1,winter,1,1,0.36427082,0.36427082,3
11,2021-01-04,0.2162041017936158,0.2328319034764662,0.2417437911283761,0.2389352829945385,0.2561724726751964,0.2639229494858765,0.2495643527833686,0.2417958521243464,0.2193636095422479,0.1929882145399376,0.1610983375542642,0.1462480725888574,0.1408323572538401,0.1395982968329113,0.1424985819590748,0.1421743439093158,0.1339372472955193,0.1624695172908252,0.189285093535944,0.1964092662430099,0.2138863786782882,0.2213809636463642,0.2614688710081607,0.2807203621189709,commercial,1,winter,0,1,0.36427082,0.36427082,4
11,2021-01-05,0.2859905522145591,0.3069207564383145,0.3016175332359767,0.3261769267117786,0.3307596039479835,0.3357226197953204,0.2978860857076634,0.3095382775721924,0.2883151103702734,0.2197202145873361,0.1938401640154912,0.1597844673273115,0.1509741023829383,0.1565407473109177,0.1579414377141526,0.1563595581118685,0.1346707402741995,0.1486556548614268,0.1742885419066579,0.2031382421403432,0.2182520717058746,0.225766515249308,0.2635609381535321,0.28326441637105,commercial,1,winter,0,1,0.36427082,0.36427082,4
11,2021-01-06,0.3042858192944974,0.3072048363336632,0.3204621207144898,0.3330410158397159,0.3410791687577462,0.3600773008925137,0.3019705848964654,0.2992323139958933,0.2938282335868439,0.2216781716154708,0.1970542663106957,0.16686397242098,0.1506862190013926,0.1286385332365875,0.1436271413695313,0.1548628034321829,0.2064622408364708,0.2398854403528842,0.2424718151881691,0.258948022006394,0.278646009870844,0.2880782123844601,0.3269430948127438,0.3473938760420803,commercial,1,winter,0,1,0.36427082,0.36427082,4
11,2021-01-07,0.3503817386562066,0.3799953867672521,0.3889424746037255,0.4222889945017264,0.4306076807826264,0.4335534996522178,0.3701124924803995,0.3545495896671296,0.3268994248859458,0.2359205786670999,0.213753886594909,0.1751320680411519,0.1586507614071613,0.1492446569285308,0.1445054895852262,0.1428640155677275,0.1557756829008308,0.2100834326829593,0.2273145313780127,0.2507760040453927,0.2710905166731314,0.2732429415185987,0.307812797535249,0.3318837530119186,commercial,1,winter,0,1,0.36427082,0.36427082,4
11,2021-01-08,0.3250417656281903,0.3506906542303641,0.3772303907571926,0.3842550696750452,0.4277997220521446,0.4360677738630557,0.3910627534529066,0.3672773610330846,0.3427849741003193,0.2464889616766234,0.2188280930829455,0.1766648707637754,0.1607068302428003,0.1551609223237631,0.1558846824174371,0.1525650199769141,0.1437753661879971,0.1896684602892535,0.2303175704784676,0.2455699437817617,0.267906796534466,0.2696434734244182,0.3374657477618111,0.3223492276738152,commercial,1,winter,0,1,0.36427082,0.36427082,4
11,2021-01-09,0.3613924053880382,0.3658221857675239,0.3526400991950025,0.3499296962664313,0.3817145129308087,0.3997112563520449,0.3523493801737751,0.3379344283720605,0.3143661320982778,0.2147972174401625,0.1978280930106372,0.1674653415551003,0.1494885369851788,0.1462791353817847,0.1468708393716945,0.1402124353492567,0.1289613142908712,0.1664358199990311,0.2140122388533995,0.2578599632203147,0.2618478319015385,0.2689368990256694,0.271945444188753,0.2988055038463561,commercial,1,winter,1,1,0.36427082,0.36427082,4
11,2021-01-10,0.2927563031860693,0.3095964536442933,0.3054171580492895,0.3130689777103639,0.307590187292348,0.3012693896798533,0.318417055988039,0.2995351877678356,0.2692016900155159,0.2054549150864961,0.1700303975314688,0.1624697078521192,0.1358738537331889,0.1290767218086337,0.1592862075263927,0.1680177839442867,0.1872923186307225,0.2084591772870698,0.2192342224896163,0.2355469476260503,0.2313548346856528,0.2368307434482495,0.2381774023026175,0.2467111340875245,commercial,1,winter,1,1,0.36427082,0.36427082,4
11,2021-01-11,0.2398589846620286,0.2546729906880089,0.2600911459077592,0.256952960389914,0.2746274533311205,0.2750099483375459,0.2543012073484746,0.2359928956768674,0.2226551874466036,0.1754793852664116,0.1661923838972172,0.1541585383162683,0.146968538015454,0.1507069095444161,0.1455965652584937,0.1390109540605207,0.1428526733889445,0.1670473069081377,0.1782378475114452,0.1836297939608927,0.1903028789013791,0.1870860117915268,0.193180321645238,0.2084277907676402,commercial,1,winter,0,1,0.36427082,0.36427082,4
11,2021-01-12,0.2068350501452087,0.2088564234856942,0.2235292963301729,0.223502246832234,0.2256999817234259,0.2268557277482437,0.2182101537260319,0.2076416281951008,0.1951175380978896,0.164617560208415,0.1589147736695536,0.1494796430227774,0.1438661008210633,0.1499387004589255,0.1497402513800589,0.1473182396931568,0.1369130141047926,0.1410479162096343,0.1685056050538183,0.19819836132738,0.2068577201160073,0.2150601933957722,0.2367816235562415,0.2496008879564012,commercial,1,winter,0,1,0.36427082,0.36427082,3
11,2021-01-13,0.2564804933683697,0.2571422535819819,0.2638062181604398,0.2641776725217567,0.2668427543097322,0.2842527240817392,0.2588826192445105,0.2498579973396425,0.2208901122604734,0.1830200964013304,0.1748609321068668,0.1689219589092923,0.1614992695013578,0.1622768035115442,0.1635317544583022,0.1606557530567847,0.1432416172654057,0.1271099671907448,0.1426751320315771,0.1572875475860423,0.1836530703565178,0.1781007285878151,0.2133710107718174,0.2304549953430054,commercial,1,winter,0,1,0.36427082,0.36427082,4
11,2021-01-14,0.2323036041582463,0.2374759606327424,0.2477272253715938,0.2589122603314229,0.2595967209113398,0.2810841189953217,0.2513105056406042,0.2439186781055191,0.2203928291636947,0.1816857829453756,0.1736311233529589,0.1633548292255111,0.1596211623097224,0.1609607150685756,0.1605760793693774,0.1606557767571292,0.1456547203010186,0.1264608078890706,0.1466017233362584,0.1798947396444838,0.1929156397625431,0.2069064822199155,0.2281251587740738,0.2271905432889508,commercial,1,winter,0,1,0.36427082,0.36427082,4
11,2021-01-15,0.2322024299122471,0.235435852121591,0.2244707182932138,0.2231787305691021,0.2242439754760348,0.2362326844398159,0.2147389048119347,0.2054838700660513,0.1943179710484875,0.1642049324753709,0.1562059896725148,0.14727502427039,0.1402616562808879,0.1448041389971911,0.1495427295289826,0.1494087898800889,0.1431298739929231,0.1325741041641606,0.1679735062432306,0.179681420228248,0.1799603619928871,0.1959300969820276,0.209366335250681,0.2102081799042431,commercial,1,winter,0,1,0.36427082,0.36427082,3
11,2021-01-16,0.2094606606666773,0.2192289728901436,0.2149056882182333,0.2001970484720917,0.22208193199636,0.2258236250617005,0.1968641160755759,0.1939735878657516,0.1791818462889766,0.1459045089796602,0.1313001464846828,0.1394123298458124,0.1441868164383829,0.1471908617584773,0.1472359046238036,0.1472358866589548,0.13841535282693,0.1319762923756907,0.1315896093609306,0.1412606036508288,0.1323100424983203,0.1624308711829723,0.1762708511931062,0.1679378862674375,commercial,1,winter,1,1,0.36427082,0.36427082,3
11,2021-01-17,0.1486037481009184,0.1624070184565148,0.1789372483856942,0.1808963519385154,0.1925105167656517,0.2105277032581967,0.2122122772992651,0.219672597752754,0.2199531452066702,0.2142452018629507,0.2289288862061139,0.2190123089393159,0.2250402619233907,0.2068900563662299,0.2273567008701202,0.2511269487546573,0.24859165542311,0.2692974841267952,0.2764856453136174,0.2787799305741805,0.301479781202398,0.3007537109238437,0.3023102891137986,0.3067174028594266,commercial,1,winter,1,1,0.36427082,0.36427082,4
11,2021-01-18,0.3068892705837091,0.312625591799308,0.3288692606167628,0.3151778144579837,0.3211510322615349,0.3382050451925086,0.3032240019773985,0.2974225566324569,0.2756240533600753,0.2291061657169885,0.1924246146818735,0.1597674040502495,0.1506226817516654,0.1344449623726621,0.1373622338413818,0.1434728625006504,0.1841525690530057,0.2128216112550017,0.2186829667529675,0.2230454139621839,0.2348122629087302,0.237312564757239,0.2570548717639027,0.2656771628272115,commercial,1,winter,0,1,0.36427082,0.36427082,4
11,2021-01-19,0.2591225751785141,0.2635195656884128,0.2753942100052318,0.2960071847674776,0.2976866415594639,0.305474780506648,0.2724816455589764,0.262283682613917,0.2429452648194881,0.1971842186771427,0.1880032028761472,0.1622030373331555,0.1548296314332995,0.1399265928620667,0.1436203957062435,0.1428964688191928,0.1424374793997068,0.1692047407283998,0.2022239153676741,0.2118512539231638,0.2211928311461667,0.2112904452432289,0.2362734834070254,0.2507490514369415,commercial,1,winter,0,1,0.36427082,0.36427082,4
11,2021-01-20,0.2375790072170202,0.2522388025691613,0.2609471974135496,0.2549738822528895,0.2574620678248955,0.2763058320467481,0.26129747134849,0.2512816227954528,0.2298807580694206,0.1830159084784628,0.1739594630064538,0.1553263295701258,0.1622541788549788,0.1556275954410062,0.1541284310062143,0.1723742735486726,0.1979839537788813,0.2124828287152495,0.2300181738994153,0.231299511030117,0.2330926855379307,0.232850911285342,0.2536283675832033,0.2645055225355969,commercial,1,winter,0,1,0.36427082,0.36427082,4
11,2021-01-21,0.253159828982625,0.2689551367852799,0.262168035317657,0.2751026812728058,0.2756325052224073,0.2845566384793783,0.2653642097817948,0.259400528737817,0.2519580176331472,0.2425402120064303,0.2287951085386078,0.2124829154406081,0.2254613402233772,0.2172076963308711,0.2281972077363262,0.2526473534880528,0.2630298064165626,0.2787837634351744,0.2765834197797149,0.2778505503899828,0.2919363289846359,0.2924737537699907,0.3093308862170513,0.3186863559203657,commercial,1,winter,0,1,0.36427082,0.36427082,4
11,2021-01-22,0.3068485830152865,0.3259457861250912,0.3218697107108716,0.3295356555363174,0.3299168328558969,0.3290539839675843,0.2978737700709862,0.2939829260251246,0.255677827496332,0.2110702068918583,0.1965348522239165,0.1638544139303886,0.1558288530441584,0.1355668073584038,0.1476017146404002,0.1383041339621914,0.1869415395180088,0.208475000994177,0.2251405598282508,0.2369770950291574,0.2345010896025459,0.2510691519410697,0.2783485177707889,0.2698496249613409,commercial,1,winter,0,1,0.36427082,0.36427082,4
11,2021-01-23,0.2764213411699424,0.2616233958213002,0.283324672576141,0.2792861042995522,0.281592381207834,0.2879508394058555,0.2574838587703694,0.2524831841117722,0.2280283386899296,0.2083426218010606,0.2093264509226075,0.1851399310441247,0.1690744204139125,0.1763453342794692,0.1991236784049574,0.1938933556182095,0.2036856764884726,0.2173840832196858,0.2464530520034218,0.264171579408517,0.2816206580353062,0.286579328074703,0.3056674184787884,0.3290960846543209,commercial,1,winter,1,1,0.36427082,0.36427082,4
11,2021-01-24,0.3257816962113007,0.3485474461937786,0.3620329795339838,0.3501008286530633,0.3794315138142915,0.3943651249031026,0.3874173848466314,0.3680175001428621,0.3423297943330426,0.2427666937730913,0.2178933881243627,0.1640377811636081,0.1500720414411406,0.1267657389572713,0.1277390120675611,0.1260794467533993,0.1674734977059364,0.2280142320888248,0.2551989426926287,0.2837441010661304,0.295639540632827,0.2946174981885323,0.2973480603012841,0.3235384112299241,commercial,1,winter,1,1,0.36427082,0.36427082,4
11,2021-01-25,0.338715592913464,0.3446680848647657,0.332232642961311,0.3498101592897887,0.3516003549589911,0.3660037842190197,0.3322826979232752,0.317352222063073,0.2796747543184557,0.2125741213974196,0.201984007522177,0.1717059400198086,0.1633122372222403,0.1525853529186518,0.1532159348720517,0.1532472879181539,0.143738336122808,0.1725604278097826,0.2209361339103775,0.2469552454648597,0.2486581343479297,0.2590386518623686,0.2936580877418225,0.2893001354136709,commercial,1,winter,0,1,0.36427082,0.36427082,4
11,2021-01-26,0.2969339406031798,0.3164311784789418,0.3144018024068628,0.3430465535727641,0.3463480562541627,0.3461064912063933,0.3282228254936519,0.3161917637275681,0.2786350318820642,0.2062688893642013,0.1955673838343323,0.1790361761629979,0.1636209302165877,0.1606880979273399,0.1605845669842926,0.1606560471293654,0.1376968007775964,0.1420240582478547,0.1880843068623749,0.2050320464948318,0.2362861307091603,0.2528350404800192,0.3054539152494557,0.3443930213991144,commercial,1,winter,0,1,0.36427082,0.36427082,4
11,2021-01-27,0.3514208147360795,0.3831486403906063,0.3966338709998894,0.4342501412956475,0.4501717940240984,0.4310301112560564,0.3759962730134234,0.3419739558812116,0.3036550664784503,0.2162310664486027,0.2043058825519156,0.1752721239986425,0.158754636833132,0.160317901645216,0.160569781684262,0.1606560318358039,0.1403639375513471,0.1443918839559542,0.181286252080637,0.2080622557157507,0.225513466330921,0.2329968775048172,0.2894453781022411,0.2915595112755527,commercial,1,winter,0,1,0.36427082,0.36427082,4
11,2021-01-28,0.2956918920059655,0.3028418511246843,0.308545879153754,0.3138406029229444,0.320034338628287,0.325474234930813,0.3174857688036974,0.3298988167853021,0.2641380397825837,0.2000838809382113,0.1890937778472138,0.1738942342754652,0.1605916444812708,0.1607517328399667,0.1606095233406837,0.1605172243278295,0.1376925106906048,0.1352468345962811,0.174066364540399,0.2018906448370541,0.2286946868870168,0.2280654133326956,0.266885063917705,0.2917060140054424,commercial,1,winter,0,1,0.36427082,0.36427082,4
11,2021-01-29,0.3059361222573073,0.3105759128827187,0.3204943729895504,0.3389467502974517,0.344723714303187,0.3692358429015132,0.3392606315822224,0.3455901291500016,0.271993622436857,0.2022837613593287,0.1994276314033677,0.1761451331261628,0.1638428864542674,0.1630327792741935,0.1614869161332401,0.1605171954832144,0.1399853430581626,0.1310129798048958,0.1975831091166252,0.2410283861811056,0.2435400439229771,0.2491069502881616,0.282240271886913,0.311700927244109,commercial,1,winter,0,1,0.36427082,0.36427082,4
11,2021-01-30,0.3421834432708516,0.4033476286392594,0.3298059686031129,0.4099103824146134,0.3848836674193568,0.3592928338003582,0.338745107330818,0.3252257294577384,0.2866209495192576,0.1975955858096167,0.1851317181439435,0.1620522477820929,0.1505365353774477,0.1472725009461958,0.1474691741693936,0.1472308849051634,0.1276689581221648,0.1236149340686805,0.168801223860964,0.2052608393343148,0.2333856382994896,0.2229402085001266,0.2575543679617709,0.2614199691710582,commercial,1,winter,1,1,0.36427082,0.36427082,4
11,2021-01-31,0.2963206194204468,0.2833640086899513,0.2950358437715293,0.3085351750384296,0.310122106419935,0.3353091897705935,0.3555679987028023,0.3552260447864855,0.2636467275976344,0.192777370115864,0.1663501207858136,0.1527647076032607,0.1457712521186287,0.1458036869380218,0.1457639023519523,0.129897699181187,0.1221726194354837,0.1234649666887805,0.1945370675495399,0.2202703238531076,0.2308072802983261,0.2479538489535063,0.2640471087930024,0.2752950452797243,commercial,1,winter,1,1,0.36427082,0.36427082,4
11,2021-02-01,0.2779748718468124,0.2771795996123502,0.2862367306888215,0.2879745919620168,0.2960605374457463,0.303984648303396,0.2608902275696116,0.2664940966980031,0.2447355660384985,0.1989275821652272,0.1775649142373954,0.1593629514459821,0.1449229932469216,0.1461661303910299,0.1457409569331249,0.134640442744743,0.1488538480533524,0.1870973770656374,0.2153796275880647,0.2325807632736695,0.2357535491858876,0.2434332583049847,0.2700118145903711,0.2860175045660861,commercial,2,winter,0,1,0.36427082,0.36427082,4
11,2021-02-02,0.2850902583439096,0.3025880078761936,0.2851830325864072,0.3073945001402802,0.2944160211302516,0.2893664463185048,0.2685871371749468,0.2711509225474842,0.2288144441121026,0.1940973039978895,0.1735339992044572,0.154655832157548,0.1534104303882935,0.1589165488946619,0.1606047207599332,0.1379413050546066,0.1338249580162764,0.1584048239793571,0.1966684352003517,0.2057412278416245,0.2214625012382136,0.2235779603899287,0.2452653409782794,0.2583448728919315,commercial,2,winter,0,1,0.36427082,0.36427082,4
11,2021-02-03,0.2479664701129635,0.2497190885002594,0.2629130219421119,0.2518632226573004,0.2538022242113466,0.2644008546577793,0.235555286366743,0.2248715594145021,0.2107154939072174,0.1687764378885745,0.1577131113141991,0.1631608151962888,0.1596292012025264,0.1607648122681663,0.1606785379338216,0.1530188001737168,0.1462553928174161,0.1309286908917241,0.1614217276976187,0.189778436710165,0.1956788747114162,0.2003624482814921,0.2169818567783099,0.2309135939437308,commercial,2,winter,0,1,0.36427082,0.36427082,4
11,2021-02-04,0.2231463672556915,0.2307502708857313,0.2503108101413264,0.240441404192952,0.2446994126961009,0.2591408147553913,0.2269051823773043,0.2170655808692546,0.2113432778021187,0.1677173943034973,0.1596882643128977,0.1478280644303345,0.1362702377343038,0.1400160728459106,0.1456381366079262,0.1344749256056367,0.1439416166011142,0.1791135067598039,0.226685491990122,0.2432567808634931,0.243025408005846,0.2513807820772089,0.2832746121513833,0.3012477925954693,commercial,2,winter,0,1,0.36427082,0.36427082,4
11,2021-02-05,0.3021554575828036,0.3064620671498461,0.3208025403224394,0.3291186604066197,0.3346680286036606,0.3453078872748495,0.3034847687641747,0.317387978165897,0.2968074394700802,0.2715501984535541,0.2701863958130239,0.2180836463449655,0.1904428764904633,0.1673588889254645,0.1435899616678959,0.1998017948798606,0.221579439683996,0.2514019144478501,0.2748595504789498,0.2804791863693296,0.2926297173625396,0.2998528344334107,0.3562461873339508,0.3569829945238544,commercial,2,winter,0,1,0.36427082,0.36427082,4
11,2021-02-06,0.3519161444984486,0.3556595064470845,0.3743619943504972,0.381993935706753,0.4178156601503728,0.4032224144726783,0.3575312654341677,0.3483679290682503,0.31141779422019,0.2274506317045921,0.2013915253934205,0.1610079226916987,0.1160005231155923,0.1152615951584829,0.1154846373277949,0.183459724639915,0.2217291865952793,0.2405931310068368,0.3184773515051423,0.3184060272885596,0.3081232286629906,0.3186133200037395,0.3220856558278327,0.3114946640458077,commercial,2,winter,1,1,0.36427082,0.36427082,4
11,2021-02-07,0.3070908467847834,0.3226790202122536,0.314787820723498,0.3133716574583932,0.3318255222932163,0.3208454365034309,0.3324441335943047,0.3163260057703874,0.2885600804745673,0.2707982705090314,0.2280973622757333,0.1948264737728584,0.1888944057391857,0.1677626979486038,0.1299365577780707,0.2007496006011788,0.2226322091918596,0.2311497159547081,0.2646883675492332,0.2658965245919525,0.2705079169831121,0.2858093014395043,0.2853400602121314,0.28015545012834,commercial,2,winter,1,1,0.36427082,0.36427082,4
11,2021-02-08,0.289006317347947,0.289202071354949,0.2953172032246297,0.3069369422027808,0.3074842191142076,0.3163840676770096,0.2975077477123026,0.2867661588609974,0.2529541561350264,0.2019185543965811,0.1748644844281749,0.1641289131956298,0.1573157916456591,0.1590563002152835,0.1595692295128805,0.139586729003775,0.1325711538083868,0.1648901602310397,0.2015895999406072,0.2103286945117759,0.2298600527638493,0.2308549976284692,0.268574445843478,0.2831350266893,commercial,2,winter,0,1,0.36427082,0.36427082,4
11,2021-02-09,0.2867869443202716,0.3069229619656833,0.3045694459797087,0.3132685717679659,0.334749713547421,0.33340325576695,0.3033840726992616,0.2882796201990135,0.2599033838678862,0.1951187026614503,0.1745208537501337,0.1733762868044025,0.1594801341567422,0.1608446821447526,0.1606042632753559,0.1409481804548893,0.1333630661145951,0.1598829919353773,0.1951546832531895,0.216185889873448,0.2442872779711103,0.2505085341879919,0.2848619530283208,0.2977347097606809,commercial,2,winter,0,1,0.36427082,0.36427082,4
11,2021-02-10,0.3041519920270327,0.3082076602262605,0.3219054370133419,0.3127959920828762,0.334585028242297,0.3344649211366096,0.3172259669083959,0.3040578314020456,0.2565791536306232,0.1959212054891802,0.173733415438376,0.1715642329436574,0.1592842427015348,0.1605923781523546,0.1605803181168807,0.1375251271535988,0.1356502729230183,0.1632958374981645,0.2071649969234278,0.2280720151182835,0.2417489101540207,0.2391845690927078,0.2842496065038194,0.2920346795776189,commercial,2,winter,0,1,0.36427082,0.36427082,4
11,2021-02-11,0.2849169394566553,0.2874916691293211,0.3021178447479905,0.2900285301577195,0.2925133934677584,0.3114599958808358,0.2959889253675423,0.279238084518817,0.2602881495008786,0.1797654352960952,0.1698523033633426,0.1412721580141953,0.126394766204668,0.1289280081832172,0.1314628477870063,0.1899216768531686,0.2052914366923484,0.2075662519084631,0.2263696700365466,0.2294115488594356,0.2396168454917915,0.2490022118619394,0.2680838287770398,0.2640949432454285,commercial,2,winter,0,1,0.36427082,0.36427082,4
11,2021-02-12,0.2718163103597806,0.2776258870169678,0.2897609615426361,0.3125293304547627,0.3177567940705761,0.3195206663137978,0.3433031675809707,0.319765105045962,0.2584764728902429,0.1939954604067233,0.1692711638061285,0.1522575970558184,0.1467344785985739,0.1470909805688324,0.1471421999592665,0.1283499133993919,0.1237993928204949,0.1234586120845675,0.1784586075654242,0.1957310493311221,0.2191247042697079,0.2362342795205171,0.2244995760373285,0.2523883449192359,commercial,2,winter,0,1,0.36427082,0.36427082,4
11,2021-02-13,0.2589387480769544,0.2482301841535517,0.2719646282208819,0.2689503291839799,0.2884504271555954,0.2953390790108387,0.3068248259776057,0.2677479166795248,0.2318021054050547,0.1817031277242314,0.1524900913473766,0.1495279613134082,0.1467135312187278,0.1471707204820963,0.1471464081045249,0.1308051751677013,0.1259469127351901,0.1201265523458354,0.1650293750925814,0.1853986143389344,0.1877635367676507,0.2121485463681675,0.1877564987714124,0.2145090199863807,commercial,2,winter,1,1,0.36427082,0.36427082,4
11,2021-02-14,0.2047694262632115,0.2064751982049122,0.2274433490817376,0.2169663175448239,0.2334777154978677,0.2305881493373578,0.2528293059779238,0.2201671346791895,0.1937955614493567,0.1566580770535602,0.1411359057947049,0.1507210890172487,0.1515893760821852,0.1503610986683785,0.1471373649556191,0.1354439281486524,0.1328510409635517,0.1216211778764731,0.1215704335732082,0.1298020286211066,0.1522650666812614,0.1419894293810967,0.1630545806616513,0.1766999750422993,commercial,2,winter,1,1,0.36427082,0.36427082,3
11,2021-02-15,0.1681164696247294,0.1735178802629782,0.1887608888308764,0.2024752709773552,0.2060739532611299,0.1971019096069962,0.2247745347162956,0.2111725522470686,0.1703121760063132,0.1672750597545833,0.1504075364714273,0.1491683162742271,0.1374681206880607,0.1376801345735518,0.1450278874124828,0.149841602626067,0.1708118562765,0.1829768519506557,0.1957328401185722,0.2012615595554085,0.2010908603352983,0.205952989568031,0.2078820440198451,0.2152473287963817,commercial,2,winter,0,1,0.36427082,0.36427082,3
11,2021-02-16,0.2219640038286369,0.2251233806915541,0.2194776719678581,0.2296400141588568,0.2280710430362884,0.2322882333452248,0.2287595803872756,0.2163779542818222,0.1969525953475431,0.1582423677906808,0.1501147390624227,0.1503144644482442,0.1471407204662656,0.1471719231125499,0.1471699254235485,0.1471206256857715,0.1471318702533606,0.1434759498210228,0.1500044405279198,0.1739474734234304,0.1802415749113508,0.1942025176030514,0.1960578347018548,0.1931772617857823,commercial,2,winter,0,1,0.36427082,0.36427082,3
11,2021-02-17,0.2002417135961516,0.2004321312571577,0.208785230289408,0.2169035638052397,0.2285721268546036,0.2285147122591406,0.2317405282487006,0.2127118717226942,0.1825878538204715,0.1553984468465698,0.1503013297219106,0.1503226230769425,0.1474172034816325,0.1471568168690111,0.1471654318539183,0.1471209727416358,0.1471199536056427,0.1414741738216148,0.1458831311887156,0.1770504056115205,0.181789834856753,0.1625008664637766,0.1746909428597898,0.1937700778638,commercial,2,winter,0,1,0.36427082,0.36427082,3
11,2021-02-18,0.2028680180456716,0.2074032991943486,0.2077577295078571,0.211468976344993,0.1950590586025795,0.226150260447654,0.2072746549974205,0.1913063734142748,0.1777576748041018,0.155007233990931,0.1573258589967379,0.160711433735459,0.1598291121166691,0.160763014198263,0.1606297558435331,0.1555612918923912,0.1510410257562343,0.1299787746134561,0.1245922149346514,0.1278984794459778,0.1563463817841249,0.1582030888967426,0.1661155227617499,0.1820129760198801,commercial,2,winter,0,1,0.36427082,0.36427082,3
11,2021-02-19,0.1719592956136755,0.1727813434161031,0.1941163394508478,0.1791117317964928,0.1805986666281908,0.2058812049963947,0.1876821272829973,0.1815901033014721,0.1814627985043751,0.15334473453564,0.1429751326903991,0.1524989554234876,0.1578995706200947,0.1601509391334974,0.157782236941422,0.1454657653792027,0.1391607949624466,0.1325038061816304,0.1390268905075273,0.1588966487794035,0.1839346843878923,0.1818176900541061,0.1958384111648122,0.2042087233960746,commercial,2,winter,0,1,0.36427082,0.36427082,3
11,2021-02-20,0.1998595644509244,0.2046060388549815,0.2286418096740304,0.2200797590459318,0.2093040345639815,0.233864288051825,0.2012716317134043,0.1959218041173226,0.1806212089865884,0.1479968498382833,0.1336264118633305,0.1421844991525427,0.1467188274764859,0.1472604626761766,0.1472923025957127,0.1424847623475458,0.1371112127796009,0.1276714208587347,0.1288060721850225,0.1607896586906889,0.1876168929460218,0.1738473436041341,0.1782945220236161,0.1929857828160787,commercial,2,winter,1,1,0.36427082,0.36427082,3
11,2021-02-21,0.1844694691664987,0.1891574185340157,0.2065761733355784,0.1914157800752058,0.1924673871218789,0.212316476085021,0.2051777364073937,0.1970250570175244,0.1883181882558861,0.155087013501399,0.1457521324904998,0.145764948135507,0.1457663520756546,0.1458082425761722,0.1470407217090421,0.1457478588219238,0.1457492643173337,0.1457411350282506,0.1468293377288277,0.1565313908343028,0.1524471747059146,0.1758314713340151,0.1818772050005561,0.1759197486869077,commercial,2,winter,1,1,0.36427082,0.36427082,3
11,2021-02-22,0.1857311361752855,0.1982521451552205,0.1882035862204082,0.200478152108467,0.2036094386647816,0.2004315355453955,0.2016213809942474,0.1714409224778012,0.151457195740485,0.1556149383464357,0.1600864928089667,0.1607104857454497,0.1596176357971687,0.1610059250777081,0.1613533208122094,0.160630190594769,0.1601955371249852,0.1461460452191756,0.1391757245852065,0.143531900859589,0.1518407012173117,0.1501661779931232,0.1501553135609319,0.187912141076606,commercial,2,winter,0,1,0.36427082,0.36427082,3
11,2021-02-23,0.1741944265828561,0.1861199806142578,0.199698360446014,0.1894026797495717,0.1922786264187205,0.2094866071363627,0.1924818279333894,0.1704175245327863,0.171028036460412,0.145210122910481,0.1558872424936661,0.160218408590038,0.1596254454102371,0.1607620941734685,0.1606071951719668,0.1605621206543266,0.1578356130804526,0.1381242868506843,0.1348148101251031,0.1373862127920807,0.1593972393328754,0.1535128847987242,0.1508504117263976,0.1877195516489083,commercial,2,winter,0,1,0.36427082,0.36427082,3
11,2021-02-24,0.1852278885490992,0.1913894586300689,0.2003490205156916,0.1900836388385833,0.1925669840916329,0.2060832039239558,0.1939873966460109,0.1720719578629646,0.160366469693393,0.1500267914216848,0.1588879235777499,0.1603966351541026,0.1596251514019176,0.1608420073695038,0.1611016308538886,0.1606021404370091,0.1606783974182173,0.1450292560802204,0.1373022303866004,0.1363148596116668,0.1481788068276698,0.1445666168171473,0.1455076139753435,0.1799589146378395,commercial,2,winter,0,1,0.36427082,0.36427082,3
11,2021-02-25,0.1686404749117813,0.169881970555829,0.1717026726388429,0.1764012189942378,0.1777888482685818,0.1904502253849259,0.192937678243475,0.1595676584365788,0.1466590806787455,0.1593029104993614,0.1606530078388239,0.1606957375808995,0.1752857405442412,0.1694748165074265,0.1604787086182884,0.1606076073104008,0.1606779623617417,0.1506183060121173,0.146091499947422,0.141810601382419,0.1358621336311447,0.1317102685405468,0.1314298644922714,0.1668159283215618,commercial,2,winter,0,1,0.36427082,0.36427082,3
11,2021-02-26,0.1591353914200758,0.1625871967663468,0.1775944597729357,0.1559126485679099,0.1560614057979717,0.1791933266321894,0.1685782501070228,0.137664755666993,0.1464084435675715,0.159374981093348,0.1618944134363395,0.1636369205235009,0.163098098923049,0.1648132514295089,0.2243080983948415,0.1618524462524448,0.160643623015471,0.1555060070487564,0.1488297834734332,0.1455227461787391,0.1406438420220297,0.1375850739399886,0.1364149017973026,0.1471600411251932,commercial,2,winter,0,1,0.36427082,0.36427082,3
11,2021-02-27,0.144901987278497,0.144901987278497,0.144901987278497,0.144901987278497,0.144901987278497,0.144901987278497,0.1475094723625248,0.1405729816069739,0.1348894915765836,0.1368205536187173,0.1430482258552216,0.1413395677070301,0.1422540514856106,0.1435609677980309,0.1380297863028727,0.1368356716873514,0.1356486531643606,0.127981972486879,0.1324363636934987,0.1616336791850678,0.1777116991454761,0.1696913954157489,0.1736444279269349,0.190705128612185,commercial,2,winter,1,1,0.36427082,0.36427082,3
11,2021-02-28,0.1783384851664327,0.1799595510793779,0.1993800765764864,0.1812328053538414,0.1847476227888039,0.2075515837188271,0.1828560754701423,0.1752548541103929,0.1781717342096765,0.137939042625494,0.1442523311148586,0.1442263235409084,0.1456570964503233,0.1458027170575611,0.1457574108792861,0.1457506723481535,0.1457481538806784,0.1430320335482518,0.1403081540518312,0.1426835039132453,0.1571915516575055,0.1803447335868168,0.2082777568000099,0.2349606332053473,commercial,2,winter,1,1,0.36427082,0.36427082,3
11,2021-03-01,0.2592694636456455,0.2601504107096365,0.2585487045855729,0.264311727094977,0.2624798221172739,0.2613759363243704,0.2432250245199541,0.2196435203921511,0.2061262935633483,0.1690722604357801,0.1593979896209065,0.1462620967326063,0.1319335098860251,0.1393270137717144,0.1567628174393584,0.1871600885997152,0.2054551384980246,0.2145457558770623,0.2375018558583037,0.2411356905581634,0.2261736282823253,0.245771815143099,0.2766419334370106,0.256591393780338,commercial,3,spring,0,1,0.36427082,0.36427082,4
11,2021-03-02,0.2674893776405898,0.2665194636437694,0.260331088627749,0.2711862145967253,0.2678162879922092,0.2642885889161772,0.2549473329871007,0.2284286814917794,0.2001625949704447,0.1593066468074882,0.150557023654154,0.1595862680270174,0.1557054654462951,0.1518511708474271,0.1538659233869778,0.1465952503902557,0.1572060074984329,0.1615941579942657,0.1996521147848284,0.2043615497338656,0.1957839633799752,0.2106027715857833,0.2241451033395295,0.2110476873715798,commercial,3,spring,0,1,0.36427082,0.36427082,4
11,2021-03-03,0.2414232689587497,0.2346406773916782,0.2143567961395151,0.2588754141824135,0.2390411643527228,0.2219175946271353,0.2438750545044475,0.2122304803779124,0.1760984607422255,0.1547753411229892,0.1529640154433039,0.16186916482261,0.159614976496402,0.1608402329565228,0.1648900313137179,0.1606249985585466,0.1606419277622114,0.1542240842088162,0.1381559522665639,0.1427492581895579,0.1425203546762337,0.1716462583238626,0.1810062487691224,0.1695449884241933,commercial,3,spring,0,1,0.36427082,0.36427082,3
11,2021-03-04,0.1819766665156168,0.1949121703805545,0.1873000569563705,0.2068572939103785,0.2070548465833637,0.1990758401675366,0.2126989576565699,0.1848705538013129,0.1684842292116829,0.1500159637710657,0.158195341408787,0.1606330125203869,0.1596149678411729,0.1607600655088793,0.1606005556435827,0.1605874164750701,0.1592198681341536,0.1388731872608626,0.1345384817310755,0.1416314686395539,0.1677167684295022,0.1552775143423868,0.1505899111085178,0.2042758014847699,commercial,3,spring,0,1,0.36427082,0.36427082,3
11,2021-03-05,0.1834231883893777,0.1846115813464152,0.2141207780331082,0.1888311341233846,0.1891834174922147,0.2183514245605022,0.1939003737877855,0.1677433326397149,0.1627820959263294,0.1500068275623345,0.1590428303502421,0.1608876034292686,0.1596147569184833,0.163384510045719,0.1606300363430422,0.1595835526206455,0.156033610978651,0.1464051841143849,0.1343773535894721,0.1378871924075603,0.1557905803595228,0.157180927246395,0.1534861831926302,0.1844266144641696,commercial,3,spring,0,1,0.36427082,0.36427082,3
11,2021-03-06,0.1791589372655449,0.1783009340828573,0.1898126162666353,0.1677533238373905,0.1642725498667178,0.1935291406058698,0.1876314317952948,0.1467979917801308,0.137469238300418,0.1503002228252155,0.1504946311396955,0.1513714775155045,0.1473367948427348,0.15001701560836,0.1488096159102133,0.1484838767985804,0.1485476026170086,0.1464963706896029,0.145759859242959,0.144901987278497,0.144901987278497,0.144901987278497,0.144901987278497,0.144901987278497,commercial,3,spring,1,1,0.36427082,0.36427082,3
11,2021-03-07,0.144901987278497,0.144901987278497,0.144901987278497,0.144901987278497,0.144901987278497,0.144901987278497,0.1457383419981554,0.1457638101654675,0.1457505790358662,0.1483759211183838,0.1513513971662194,0.1584584154424902,0.1657987906305372,0.1862776087567523,0.1713135565506506,0.1546280285191103,0.1513326237203884,0.1488062232540792,0.1475300201994691,0.1461709870657465,0.144901987278497,0.1461709870657465,0.1461709870657465,0.144901987278497,commercial,3,spring,1,1,0.36427082,0.36427082,3
11,2021-03-08,0.1473247639692735,0.1473247639692735,0.1460557641820239,0.1473247639692735,0.1460557641820239,0.1464557641822065,0.1475362801989512,0.1418301007694961,0.1514668918961494,0.1593154734095369,0.1605844844770457,0.1607025532798905,0.1622490098245314,0.1633870533638277,0.160620548330754,0.1606508692265765,0.1606234173739908,0.1422638634580208,0.1359971345564029,0.1336715335984328,0.1407554978662406,0.1341085618671548,0.1340982733230267,0.1803925016270809,commercial,3,spring,0,1,0.36427082,0.36427082,3
11,2021-03-09,0.1843214926803429,0.1969432889001834,0.1911767968176949,0.203458250950268,0.2056007940822265,0.2070131169076977,0.211363250181064,0.1929139838769734,0.1702408752339334,0.1568806618043814,0.14268263004196,0.1429839748166139,0.1442810596901818,0.1450774466024253,0.1486685477338061,0.1700916618211393,0.1882576508648213,0.1902302469577823,0.2033388206764486,0.2057559582687314,0.2012996054148924,0.2087027962868747,0.236535682383648,0.2262213745264163,commercial,3,spring,0,1,0.36427082,0.36427082,3
11,2021-03-10,0.2533606066765059,0.2625003496974937,0.2573886960516997,0.2827383292763549,0.2792299129230733,0.2706466896522417,0.2526517205832256,0.2446025826220359,0.2318751313238699,0.2110467013779146,0.1910445430640343,0.1781252815471716,0.1845294974706911,0.1960651479517025,0.2091587615504684,0.2121543063161826,0.237243916506662,0.2556159281803379,0.2626047695930292,0.2772311138529214,0.2836906179133259,0.2835782182456137,0.3385875126024815,0.3274294470276836,commercial,3,spring,0,1,0.36427082,0.36427082,4
11,2021-03-11,0.340082973291999,0.3653081856752717,0.3706276315636563,0.3988826043572749,0.3992394399309324,0.3906911500312762,0.3481969263155957,0.347431963263503,0.3135392142674837,0.2945729929852199,0.261254327351126,0.2529588606388354,0.2544811628333699,0.2466307989749165,0.2417572068518853,0.2674064672142752,0.2725320280707913,0.2956625689662743,0.3041753692417831,0.2915607794537918,0.3071819400607644,0.2922394376544344,0.3221799652120065,0.3342006356843822,commercial,3,spring,0,1,0.36427082,0.36427082,4
11,2021-03-12,0.3375067981852013,0.3390027622266378,0.3458927029707257,0.3844421998646169,0.3931000852668651,0.3935037028423542,0.3392317778894713,0.3408059564604422,0.3344126502101231,0.3193510385901947,0.3058104362376467,0.3043353213250444,0.3032340944930635,0.3106454877741368,0.3093285940099857,0.3304936102160253,0.3361417290814554,0.3485524275187994,0.3492914799030394,0.3531633969018242,0.3600861540090094,0.3551272680552556,0.4095188750840401,0.4164292360188367,commercial,3,spring,0,1,0.36427082,0.36427082,4
11,2021-03-13,0.4080411487465332,0.413059320315513,0.4328076833130941,0.4142281314084348,0.4147975176196521,0.4299904878422428,0.3542092748199601,0.346575492686939,0.3331285488749834,0.3053186542309675,0.2835089094915056,0.2863640539153704,0.2674027340569107,0.2737665182523777,0.2843745500445196,0.3021260458232438,0.3167827387567861,0.3242800245628036,0.3499469794096794,0.3700260857377115,0.3727297676571057,0.3464687749794628,0.3474166144006588,0.3655313680536566,commercial,3,spring,1,1,0.36427082,0.36427082,4
11,2021-03-14,0.3703608589781481,0.37310664930994,0.3638566606358529,0.3501339988777684,0.3490596361829371,0.3623888023407523,0.3479451095741781,0.3373051016872203,0.3220273154821391,0.2735661020017936,0.2683107462988418,0.2561136993433581,0.2280840204141363,0.2341783365183329,0.2498976894016385,0.2684710423572172,0.2625718325224783,0.2893717390928261,0.2973049717249322,0.2979058614081111,0.3038119862205086,0.296815774582876,0.2966086762811962,0.3167663474959717,commercial,3,spring,1,1,0.36427082,0.36427082,4
11,2021-03-15,0.2943586023842802,0.3063027722799301,0.3172216276662473,0.3135497939533619,0.314272179339943,0.316856154085837,0.2893406918920366,0.2652778326086278,0.2444176156368643,0.1942670086677107,0.1492946403183592,0.1345885447497334,0.1405095573664102,0.1471263294322619,0.1493105641768311,0.1458531244790032,0.1548377103376202,0.1768530313841473,0.2039085390439141,0.2186528086782289,0.2248878142614183,0.2141410159538063,0.2250755114871103,0.2542865441313373,commercial,3,spring,0,1,0.36427082,0.36427082,4
11,2021-03-16,0.231759647925973,0.2307845096189889,0.2724015891953574,0.2419800067898614,0.2427007470976483,0.2644222245016746,0.2319867112559865,0.2050742743869182,0.1960773488809049,0.1509347876873915,0.1496261757304573,0.1504655775658926,0.151014366465332,0.1549816833494942,0.15553001941446,0.1422566964461934,0.1488499072507548,0.1609558510947445,0.1720323489333061,0.1850087728172227,0.1829424737553493,0.1903657851394866,0.195933897415457,0.1999437793932441,commercial,3,spring,0,1,0.36427082,0.36427082,3
11,2021-03-17,0.2167418447317874,0.202055259304412,0.214466988849932,0.2121812206784128,0.2109471429776702,0.218124086198186,0.2206159570310369,0.1850456711739756,0.1582805841116005,0.1541018276169461,0.160262850213378,0.1606598308137767,0.159617137497519,0.1609977841557125,0.1646254232229262,0.1606324389348381,0.1606734731026053,0.1530750552908514,0.1419862200809139,0.1379092061828646,0.1371622426745517,0.147432646014297,0.1655428260498261,0.1750827909834974,commercial,3,spring,0,1,0.36427082,0.36427082,3
11,2021-03-18,0.1975090309931764,0.1992983392945163,0.1951007902337376,0.1938889976339875,0.1918935849921209,0.2002786750198407,0.1883029773266237,0.1532519599819107,0.1470639639619358,0.1568536152841256,0.1604071237591493,0.160719746694198,0.1608779185560638,0.1636253815978516,0.1685371722424069,0.1632701681710056,0.164693822486962,0.1552180629781371,0.1503260808192933,0.1467404234834537,0.1421557026531621,0.1381951840304126,0.1346491759433291,0.1481421460409319,commercial,3,spring,0,1,0.36427082,0.36427082,3
11,2021-03-19,0.1519412489976803,0.1573965114528591,0.1626683438201347,0.1763194132390549,0.1786707908869681,0.1775949068645281,0.1854413918369979,0.1484217710875753,0.1538703422790505,0.1618301758091263,0.1986251989859045,0.2387174470019468,0.2065305026072036,0.2094083434124913,0.1949806328109687,0.1675667513817484,0.1663252742748766,0.1583290080164642,0.1490696291598529,0.1489815616227159,0.1477462270858112,0.1459551562675638,0.1435019381337515,0.1471564128026059,commercial,3,spring,0,1,0.36427082,0.36427082,3
11,2021-03-20,0.144901987278497,0.144901987278497,0.144901987278497,0.1467532123795466,0.1491458967641594,0.1517410516676331,0.1534457522382988,0.134341901230351,0.1380985590585967,0.1495373640633809,0.1504871485611043,0.1505186807142847,0.1499363787766674,0.1500147606642426,0.1480171471900544,0.151301758644704,0.1512995388461401,0.1457387139537324,0.1470202633073982,0.1461709870657465,0.144901987278497,0.144901987278497,0.1439024094856881,0.1450166914204571,commercial,3,spring,1,1,0.36427082,0.36427082,3
11,2021-03-21,0.1442711206497948,0.144901987278497,0.1665150837417713,0.1530955149187417,0.1553297495544471,0.1778228264541538,0.161925341725943,0.1427798186381769,0.1434690292396576,0.1456339943654177,0.1457472604558697,0.1457691827988659,0.1457674271099365,0.1473835246708794,0.150963314679439,0.1457481705647809,0.1457405309208519,0.1457591440353675,0.144901987278497,0.144901987278497,0.1445246434191067,0.1473716447817571,0.1530530242753723,0.1609549354783959,commercial,3,spring,1,1,0.36427082,0.36427082,3
11,2021-03-22,0.1530822612051393,0.151978082644861,0.1775532970613235,0.1693745447802514,0.1817465776122326,0.1932290122072152,0.1872401995217177,0.1629958669177322,0.1448927529077775,0.1570885849246516,0.160624935118797,0.1607584877981678,0.1596073129493784,0.160995550011008,0.1606199036707409,0.1606033936705501,0.1559214694512939,0.1390051761855932,0.1297017163252184,0.1291401529346151,0.1434648008825918,0.1455814130435012,0.1447438055424156,0.1691042374190668,commercial,3,spring,0,1,0.36427082,0.36427082,3
11,2021-03-23,0.1585093570762681,0.1604668775347218,0.1916760562765027,0.168113962885177,0.1710486989116046,0.1860558201683275,0.1706745528782035,0.1425041516001355,0.1362104640426331,0.1589884461625682,0.1619464438955579,0.2008608808038774,0.1838450059382629,0.1705759305624697,0.1917921179187863,0.1619066408570755,0.1632474701873317,0.1525030224416304,0.1490564536932559,0.1493128363274141,0.1394910274808315,0.1378297896816882,0.1357863620052838,0.1471430833104615,commercial,3,spring,0,1,0.36427082,0.36427082,3
11,2021-03-24,0.1460557641820239,0.1460557641820239,0.1460557641820239,0.1460557641820239,0.1460557641820239,0.1541079322689602,0.1579167763907972,0.136392200338321,0.15587407237795,0.1603535224914834,0.1606262231882292,0.1879164084558134,0.1789364659423859,0.1607540785366571,0.1606522783164328,0.1536612086585628,0.1456245317419696,0.1308213209725629,0.1281478655461334,0.1479326110930736,0.1710488735151229,0.1816238933855241,0.2070422987304545,0.2316866823707248,commercial,3,spring,0,1,0.36427082,0.36427082,3
11,2021-03-25,0.2327172623036358,0.2369288209698221,0.2501630368162846,0.2418520100355181,0.2751007794389259,0.2915910136533335,0.2325425781756387,0.2227143710723908,0.2015211851268976,0.1611945424924876,0.1593819011902323,0.1606363118895982,0.1596132963508696,0.1607537372573027,0.1606409251445773,0.1531616308745962,0.1470799857678136,0.1308709941636085,0.1239316071461439,0.1311161841640704,0.159720096462244,0.1672251444502326,0.1911045479198077,0.2254555609525431,commercial,3,spring,0,1,0.36427082,0.36427082,3
11,2021-03-26,0.2260070241313926,0.2287910410823743,0.2417581085809332,0.2339443762616042,0.2513938319293348,0.262395254417001,0.2147941354564505,0.2077634242789735,0.1820465257106303,0.1625490141211631,0.1634190662587991,0.16233537882423,0.1625054137306326,0.1644072584645121,0.1641623075132021,0.1591411882153843,0.1531645972340186,0.1358200699600341,0.1227285324591899,0.1256500099291401,0.1521472927408042,0.154928143294514,0.1663342401479322,0.1983512778638471,commercial,3,spring,0,1,0.36427082,0.36427082,3
11,2021-03-27,0.1896142149210337,0.1932687936673149,0.2233240700528562,0.2143623525707634,0.245274815415154,0.241446566820026,0.226592465766945,0.1986305725764678,0.1727672030735142,0.1504173425134733,0.1568064786258859,0.1673714991006248,0.1491134238444441,0.1480202404725193,0.1523213426727354,0.1467251965343891,0.1405919323164124,0.1331925247548926,0.127811618177484,0.1225081712875925,0.118868568772808,0.1181235078735247,0.1248019413393908,0.148954422467796,commercial,3,spring,1,1,0.36427082,0.36427082,3
11,2021-03-28,0.138354285424273,0.1651690919513835,0.1777368519646308,0.203321706188544,0.2208218620711922,0.1933097846211332,0.2169673468031702,0.1736378962488524,0.1392066722725348,0.1417978445785493,0.1495599453425883,0.1547250373052088,0.15744392096306,0.1482518134335547,0.1477486071898391,0.1450260943536863,0.142081816347156,0.143770206125979,0.139356807542555,0.1341511668810032,0.1238452500381477,0.1214498796465874,0.1236017650536823,0.1331868675056728,commercial,3,spring,1,1,0.36427082,0.36427082,3
11,2021-03-29,0.1290789129845188,0.1338947276939146,0.154333345799915,0.1545873823069934,0.1575370799861106,0.1670283799330778,0.1580055429819167,0.1405535171392598,0.1286093676797447,0.1621275040233071,0.1830920265242782,0.1845625586077087,0.1682117396268979,0.1658568869076268,0.1778924714954473,0.1616407972495842,0.1619362899840014,0.1511426825943255,0.1409000230666336,0.1368318498524711,0.1276842764710357,0.1258389308915014,0.1249837351080121,0.1319935886594835,commercial,3,spring,0,1,0.36427082,0.36427082,3
11,2021-03-30,0.1311937522262908,0.1298196239348109,0.1399907069216848,0.1288720524323241,0.1429346936908597,0.1534471734302785,0.1327726899212445,0.1201354812418462,0.1364031045373714,0.1614155120431801,0.1871406047816824,0.2197583489032003,0.2018273963569786,0.1893982502346823,0.1791849627821597,0.160377786857317,0.1632978187426711,0.1530145101683082,0.1493089140475872,0.1437882898608853,0.1401360937040661,0.1395156340781486,0.136071494842916,0.1469830937393026,commercial,3,spring,0,1,0.36427082,0.36427082,3
11,2021-03-31,0.1460557641820239,0.1460557641820239,0.1437504611827074,0.1453790457074044,0.1454477728342234,0.1508725126184642,0.1517044567036343,0.1342393879950238,0.1550956570838229,0.1620593287982304,0.1621425559114416,0.1903083836288048,0.1901000852328654,0.1959878538407161,0.1771825993180354,0.1629953902198188,0.1647947222313662,0.1530621153636201,0.1498157841436883,0.1497468144013755,0.1481300503371514,0.1454181645192468,0.1451769732370956,0.1471784513445235,commercial,3,spring,0,1,0.36427082,0.36427082,3
11,2021-04-01,0.1460557641820239,0.1468240555040335,0.1486694513923237,0.1486714616324291,0.1502770110326443,0.1559524329887466,0.1530517451071019,0.1355100425158032,0.146819235545073,0.1515875031318119,0.1550375200479879,0.1559969322823277,0.1544683560258878,0.1591965731151287,0.1594163359236029,0.154333525424249,0.1503914275179511,0.1365416307418074,0.1400194118376503,0.1497068446772307,0.1615449641367901,0.1608294213929679,0.162246862983994,0.18347714291648,commercial,4,spring,0,1,0.36427082,0.36427082,3
11,2021-04-02,0.1840673965518926,0.1851126782451935,0.191264280295647,0.190910018613809,0.190634579482625,0.19989886118881,0.1891886332020949,0.1709517436064208,0.1631475352296203,0.1446717687052473,0.1483118913359351,0.1487191856829245,0.1481352418806236,0.1523856927134182,0.1584919000504597,0.1563784365971029,0.1536183919025742,0.1417144457122445,0.1547430067832619,0.1666928026046251,0.1730584630894757,0.1666031230603909,0.1625241254422537,0.1957776008778625,commercial,4,spring,0,1,0.36427082,0.36427082,3
11,2021-04-03,0.1832088900269695,0.195335650254378,0.1972685240532178,0.1957636037253626,0.2073934953204459,0.2145197197741833,0.2089528261196616,0.1866099340696577,0.166475138525219,0.150290568466482,0.1527000781989896,0.1523237897275939,0.1471463187147349,0.1471593201852209,0.1471445967692325,0.1471188151757264,0.1471201840646372,0.1457197393524174,0.1540848613524797,0.1648439691291009,0.1836786771064421,0.1774474852614068,0.1792856483687793,0.1929655997429462,commercial,4,spring,1,1,0.36427082,0.36427082,3
11,2021-04-04,0.1959292698092359,0.1986838644181008,0.2088483107218615,0.2014264211574737,0.2020527997109005,0.2100200858390919,0.1951247367480928,0.1645350434058621,0.1491369701758137,0.1502540589430808,0.1503043113250708,0.1503251238544039,0.1471519302334983,0.1471587828756048,0.147144454940696,0.1471201197904091,0.1471219615564407,0.1394130918087368,0.1362088438475439,0.129564778276879,0.1303320599624101,0.137521918925226,0.1485070462096277,0.1633222751039037,commercial,4,spring,1,1,0.36427082,0.36427082,3
11,2021-04-05,0.1689578626568584,0.1748748390622501,0.1857813961402746,0.1981142226359319,0.1989389827212143,0.2054936789215051,0.207224475473341,0.1580507642727179,0.1464749194757224,0.149544989575396,0.1555538867512343,0.1526947695257533,0.1471496122183129,0.1471562833590368,0.1534538520728952,0.1471160883353983,0.1471215024243205,0.1468517688436773,0.1456744782648497,0.144901987278497,0.1283840379549498,0.1195273996906946,0.1183684366017363,0.1245060446982986,commercial,4,spring,0,1,0.36427082,0.36427082,3
11,2021-04-06,0.1308648250150509,0.1304422589732345,0.1435699607148239,0.1496823171896755,0.1476857010425295,0.1584101509377012,0.1553683886821565,0.1284344259722114,0.1423305311163081,0.1517336880927412,0.1591968767607186,0.1606335159694542,0.1596069447054145,0.1563523322411441,0.14595784911593,0.1434528472943375,0.1444165916250876,0.1539557099387664,0.1700391312418035,0.1692911192368128,0.1811230324115262,0.1664577329947003,0.1773272519126701,0.1959018866040439,commercial,4,spring,0,1,0.36427082,0.36427082,3
11,2021-04-07,0.1945775289686431,0.1962255716873786,0.204453055869337,0.1976959378921287,0.2007685989316349,0.2083926097663178,0.1914050169682814,0.163657414397049,0.1515638767791263,0.1585824165035393,0.1605767522776386,0.1608746269774373,0.1595991452835626,0.1605245164636297,0.1582032155274298,0.1580742341620569,0.1541735517155835,0.1341134532244501,0.129261898537529,0.1319470767440497,0.1503300527978754,0.1505300896335716,0.1494074994918591,0.1761150636794677,commercial,4,spring,0,1,0.36427082,0.36427082,3
11,2021-04-08,0.1690034587836324,0.1691221601758738,0.1831788748479079,0.1737880211570015,0.1906534501261572,0.1960169035157943,0.1821589910571534,0.1401252614600654,0.147092869778126,0.1594306442803162,0.1606176478593388,0.1606930497564477,0.1596058331597482,0.1605243174930605,0.1606579643164855,0.1606422362860454,0.1606333294185027,0.1513003013490541,0.1428525087250646,0.1405942712617371,0.1383974087128281,0.1373129388737375,0.1431770965240729,0.1702134293219457,commercial,4,spring,0,1,0.36427082,0.36427082,3
11,2021-04-09,0.1555589995060095,0.1562685703062993,0.1782850157478213,0.159438060331312,0.159421987014323,0.1792074468620818,0.1714987319780842,0.1385293462599507,0.154403479097097,0.1598752350718827,0.1606152454806306,0.1635993571319552,0.1608666780996243,0.1620280151336983,0.1833801420446702,0.1613890261604932,0.1606833196405781,0.1546855488450667,0.1490683690448764,0.1490370603849595,0.146481218524013,0.1446929575419455,0.1442391691385312,0.1471624355162503,commercial,4,spring,0,1,0.36427082,0.36427082,3
11,2021-04-10,0.144901987278497,0.144901987278497,0.144901987278497,0.144901987278497,0.144901987278497,0.144901987278497,0.147512023939133,0.1404888583828144,0.1463913706686061,0.1502712831994018,0.150489924755298,0.1505302238413989,0.1499131120737002,0.1513951329479911,0.1489112528871549,0.1678247412535431,0.1549825726956173,0.1471475483756782,0.1483689407706003,0.1461709870657465,0.144901987278497,0.144901987278497,0.144901987278497,0.1448148730713445,commercial,4,spring,1,1,0.36427082,0.36427082,3
11,2021-04-11,0.144901987278497,0.144901987278497,0.144901987278497,0.1464763516999827,0.1432525122292526,0.15205798184889,0.1465339886697746,0.1456000489968602,0.1457458251360505,0.1470213877496561,0.157008127131195,0.1866842485984688,0.1492940715099504,0.1518496475000647,0.2159319643637864,0.1698754685787246,0.151999364222142,0.1484713321659401,0.144901987278497,0.144901987278497,0.144901987278497,0.1461709870657465,0.144901987278497,0.144901987278497,commercial,4,spring,1,1,0.36427082,0.36427082,3
11,2021-04-12,0.1460557641820239,0.1460557641820239,0.1460557641820239,0.1460557641820239,0.1460557641820239,0.1464557641822065,0.1464258062775431,0.1470054124957741,0.1605258493396001,0.1791141641131872,0.1991201126241486,0.2402870375027851,0.1775087842699772,0.1854160506390363,0.2406424877968745,0.1999491744602734,0.1652332744456429,0.1563948080045341,0.149069373147018,0.1489970333399666,0.1486695875618913,0.1482268108935609,0.1475082626644595,0.1471524154646085,commercial,4,spring,0,1,0.36427082,0.36427082,3
11,2021-04-13,0.1460557641820239,0.1460557641820239,0.1460557641820239,0.1460557641820239,0.1460557641820239,0.1464557641822065,0.1475012367096869,0.149053044033835,0.1608256366676809,0.2205568652823363,0.2458545023888696,0.2674100103666761,0.2116063536620073,0.2187817880958414,0.2376413780831926,0.2344033405100907,0.2006066505163619,0.1564499987083286,0.1503266471442415,0.1503054050491496,0.1495984598738771,0.1494740499756171,0.1475149279522006,0.1474038994050387,commercial,4,spring,0,1,0.36427082,0.36427082,3
11,2021-04-14,0.1460557641820239,0.1460557641820239,0.1464267688247153,0.1473247639692735,0.1460557641820239,0.1464557641822065,0.1475109409018735,0.1490600365119653,0.1619722892929928,0.1646768437438516,0.1632462416364983,0.160871364489076,0.1636681905262326,0.1631508418006196,0.1608990241482894,0.1632652339849582,0.1632931745814844,0.1519161421231447,0.1503503045354637,0.1480100638167751,0.1399309720133982,0.1371577806966796,0.1365064854946973,0.1469437641441989,commercial,4,spring,0,1,0.36427082,0.36427082,3
11,2021-04-15,0.1460557641820239,0.1460557641820239,0.1447822798254065,0.1426459241962474,0.1415570776227629,0.1395000314619367,0.1314115925389976,0.1315981498689113,0.1475791248010403,0.1611640713409847,0.1705463558363667,0.1661484088284395,0.1608708593997114,0.1727297355151381,0.1641477038758756,0.1916923254362227,0.1630726462672742,0.1524125035919709,0.1490569518541729,0.1490365424992857,0.1430196832844283,0.1403564854689032,0.1390089474985664,0.1471502510534669,commercial,4,spring,0,1,0.36427082,0.36427082,3
11,2021-04-16,0.1460557641820239,0.1460557641820239,0.1460557641820239,0.1460557641820239,0.1460557641820239,0.1464557641822065,0.1437927849246194,0.1433032503608503,0.1601128321175152,0.1606867381302337,0.1664604851371913,0.1690417283931773,0.1608702834321966,0.1631503313461833,0.1769419214577557,0.1992350567135723,0.1691491507464976,0.1531903174383218,0.1503259860304205,0.1503054116765161,0.1478069536234,0.1473225925662061,0.1458128657028208,0.1471502225907638,commercial,4,spring,0,1,0.36427082,0.36427082,3
11,2021-04-17,0.144901987278497,0.144901987278497,0.144901987278497,0.144901987278497,0.144901987278497,0.144901987278497,0.1468167362158402,0.1464614924646804,0.150348733656338,0.1769301797350925,0.1907392007172712,0.2179638909404146,0.1547688611525453,0.1681212278253336,0.1971150851014721,0.1750449047809346,0.1552333468712225,0.1513509229192726,0.1470193115504347,0.1461709870657465,0.1450247200786656,0.144901987278497,0.144901987278497,0.144901987278497,commercial,4,spring,1,1,0.36427082,0.36427082,3
11,2021-04-18,0.144901987278497,0.144901987278497,0.144901987278497,0.144901987278497,0.144901987278497,0.144901987278497,0.1457458751503498,0.1457492735436758,0.1457429419879618,0.1731336267318528,0.2367768676946041,0.3082727089739407,0.187476021826748,0.200470521568505,0.2288299720596965,0.2428402838569966,0.1956897358918159,0.1669901515951251,0.1461709870657465,0.1461709870657465,0.144901987278497,0.144901987278497,0.144901987278497,0.144901987278497,commercial,4,spring,1,1,0.36427082,0.36427082,3
11,2021-04-19,0.1460557641820239,0.1460557641820239,0.1460557641820239,0.1460557641820239,0.1460557641820239,0.1464557641822065,0.1475042984090515,0.1490576266832021,0.16102431169796,0.2323846470317029,0.2242308572330037,0.2310688832759165,0.1793137595444178,0.1898261277677295,0.2255100633692152,0.2152029223851598,0.1854386576533311,0.1574708434223233,0.1503254637470911,0.1502487440064276,0.1494290053405438,0.1482263045994421,0.1475079948345339,0.1472782302883653,commercial,4,spring,0,1,0.36427082,0.36427082,3
11,2021-04-20,0.1460557641820239,0.1460557641820239,0.1460557641820239,0.1460557641820239,0.1460557641820239,0.1464557641822065,0.1475086221363193,0.1490131330798261,0.1618005318478826,0.1618483959115308,0.1632419581784124,0.1651195998797304,0.1617068152256436,0.1744282039552018,0.2061412228531401,0.1984879923372259,0.1733942539650914,0.1570043638415628,0.1517076348887307,0.15024862195876,0.1499783760201389,0.1495027330907315,0.1487624475075448,0.147785789431506,commercial,4,spring,0,1,0.36427082,0.36427082,3
11,2021-04-21,0.1460557641820239,0.1473247639692735,0.1463021665291447,0.1473247639692735,0.1473247639692735,0.146578496982375,0.1488017605840395,0.1503023526481705,0.1605903029389782,0.1749256720561273,0.2155955557673478,0.1986944335814955,0.1927379622372945,0.1913680139474515,0.1859741672621998,0.2318375087483269,0.1838505775395696,0.1537225713445318,0.1516843571655758,0.1516500642612252,0.1483297225090728,0.1495148349305277,0.148774369272409,0.1471500758879784,commercial,4,spring,0,1,0.36427082,0.36427082,3
11,2021-04-22,0.1460557641820239,0.1460557641820239,0.1460557641820239,0.1460557641820239,0.1473247639692735,0.1464557641822065,0.1475214044535987,0.1503143063590763,0.1606228736594358,0.1632128783384442,0.1632436983534294,0.1881647754220153,0.1739260490510398,0.1650524353391268,0.165087008941848,0.1629881608387463,0.1633416541909942,0.1545589539459015,0.1517501419282667,0.1502859619862347,0.1494669422738172,0.1494809096542501,0.1487567036508523,0.1488507760981185,commercial,4,spring,0,1,0.36427082,0.36427082,3
11,2021-04-23,0.1473247639692735,0.1473247639692735,0.1469344251898996,0.1473247639692735,0.1473247639692735,0.1464557641822065,0.1475408361031138,0.1489862001979492,0.1605938273081061,0.1605996442033383,0.1618819423541007,0.1605134308663686,0.160866217294615,0.1617776035616372,0.1606426938376689,0.1619061904349541,0.1606105212206177,0.1518755827811099,0.149126159776178,0.1475354238311194,0.1424166205797754,0.1400576471928292,0.1406770927992414,0.1471774055099745,commercial,4,spring,0,1,0.36427082,0.36427082,3
11,2021-04-24,0.144901987278497,0.144901987278497,0.144901987278497,0.144901987278497,0.144901987278497,0.144901987278497,0.1455049265453797,0.1418499441463181,0.1493582803909636,0.1504879084422229,0.1504898382251587,0.1506232415609729,0.149869296748938,0.1485967988118579,0.1472625708259579,0.148476513330246,0.1484879221123128,0.1457451585355621,0.1457458649588677,0.144901987278497,0.144901987278497,0.144901987278497,0.144901987278497,0.144901987278497,commercial,4,spring,1,1,0.36427082,0.36427082,3
11,2021-04-25,0.144901987278497,0.144901987278497,0.144901987278497,0.144901987278497,0.144901987278497,0.144901987278497,0.1457374668865926,0.1457511349017168,0.1457485380152997,0.1470136436841438,0.1646908031136232,0.166401971070477,0.1737464023070244,0.1901834948413501,0.2040245499850909,0.1989312343126394,0.1766649978090563,0.153338314059355,0.1504351002302092,0.1543689101202385,0.1451218279289241,0.1461709870657465,0.1461709870657465,0.144901987278497,commercial,4,spring,1,1,0.36427082,0.36427082,3
11,2021-04-26,0.1473247639692735,0.1473247639692735,0.1460557641820239,0.1460557641820239,0.1460557641820239,0.1464557641822065,0.1475313869223918,0.1490485607842543,0.1606218232731394,0.1632265441540346,0.1646872036741299,0.1624503434868082,0.16691957256044,0.1632992611826747,0.1606381343408374,0.1606361483922481,0.1606637680588316,0.1519249950559704,0.1490618118424319,0.1489871611185274,0.1471926083657909,0.1458185365325503,0.1453464521200199,0.1471428138834262,commercial,4,spring,0,1,0.36427082,0.36427082,3
11,2021-04-27,0.1460557641820239,0.1460557641820239,0.1460557641820239,0.1460557641820239,0.1460557641820239,0.1464557641822065,0.1448816011980528,0.1479024581625295,0.1606220676779839,0.2044896375458789,0.2477147633832443,0.2466241939317563,0.1879407946954587,0.1909553410030221,0.1960547106223059,0.1969581149288655,0.1662565124821831,0.1584830004637192,0.1531385394247157,0.151587474125228,0.1514176709012043,0.1508479389481373,0.1501151588503454,0.1483151848551597,commercial,4,spring,0,1,0.36427082,0.36427082,3
11,2021-04-28,0.1473247639692735,0.1473247639692735,0.1461784969821925,0.1460557641820239,0.1460557641820239,0.1464557641822065,0.1475278285878639,0.1476261727298492,0.1606504466876092,0.1710257718059011,0.2171289422982856,0.2129813640272946,0.1829123290542654,0.198742772898402,0.2033835310074356,0.2206799485096844,0.1908817981641455,0.1579427659973867,0.1531409245772297,0.1530813995667493,0.1494891102339946,0.1494720813777769,0.1487888529365813,0.1471617260462717,commercial,4,spring,0,1,0.36427082,0.36427082,3
11,2021-04-29,0.1473247639692735,0.1473247639692735,0.1460557641820239,0.1460557641820239,0.1460557641820239,0.1464557641822065,0.1475064635048713,0.1489761615620549,0.1605786602834369,0.217863375887552,0.2389361249924202,0.2274376264003603,0.1756813712894796,0.17834727366587,0.1651305191514485,0.1629833161637377,0.163315692888959,0.152528368626797,0.1517483062455832,0.1502729581531685,0.1483509858394004,0.1482100813853335,0.147486749816838,0.1471771000364342,commercial,4,spring,0,1,0.36427082,0.36427082,3
11,2021-04-30,0.1460557641820239,0.1460557641820239,0.1460557641820239,0.1460557641820239,0.1460557641820239,0.1464557641822065,0.1462879583436197,0.1460878525074224,0.1603944604412351,0.1606008570272796,0.1716406895980589,0.168753471998535,0.1593348817021292,0.1607505222992402,0.1614030848245171,0.1603588958783071,0.1606564831344179,0.1518719441551174,0.1490676941817899,0.1466285274310865,0.1434175244878834,0.1414360707814696,0.1378472092235937,0.1471618915037836,commercial,4,spring,0,1,0.36427082,0.36427082,3
11,2021-05-01,0.144901987278497,0.1438788668864423,0.1427212884331841,0.1413228189586316,0.1419613182004279,0.1412393126808751,0.1457915435009945,0.1474906601559887,0.1503107950457903,0.150296955545397,0.1515763167110305,0.150826457707989,0.1497630798579946,0.1497686125834884,0.1471546196566564,0.1483886866916356,0.1483811087273785,0.1457242675124495,0.1456744782648497,0.144901987278497,0.144901987278497,0.144901987278497,0.144901987278497,0.1474360634374502,commercial,5,spring,1,1,0.36427082,0.36427082,3
11,2021-05-02,0.144901987278497,0.144901987278497,0.1589585459245011,0.144901987278497,0.144901987278497,0.160638463663211,0.1493345323503747,0.1474938886233292,0.1502965510907186,0.1502963948733383,0.1593222916165821,0.1674750201457468,0.1589098391091946,0.1662681594615315,0.1908733488001327,0.2269246923871264,0.1732070793589714,0.1506728457292612,0.1544752971794408,0.1503529025985685,0.144901987278497,0.1461709870657465,0.1461709870657465,0.144901987278497,commercial,5,spring,1,1,0.36427082,0.36427082,3
11,2021-05-03,0.1461709870657465,0.144901987278497,0.144901987278497,0.144901987278497,0.1461709870657465,0.144901987278497,0.1487503609703608,0.1487652804259312,0.1605228131254976,0.1985560507320069,0.2523714152772396,0.2629595211390561,0.1929887258746458,0.2570209846994054,0.3652647195867051,0.3192384987140973,0.2294715834593751,0.2078907272465379,0.1753540084382238,0.1728956629032924,0.1753811872424472,0.1649875147883706,0.1690747928320355,0.1679943070069757,commercial,5,spring,0,1,0.36427082,0.36427082,1
11,2021-05-04,0.1641991183190756,0.163892732572318,0.1640174790954537,0.161141285415982,0.1590714123597308,0.1607785059212912,0.1605459492826374,0.1737086508328114,0.2446742897304486,0.3322793727423596,0.3073641825237368,0.2830151720157189,0.2238192251443392,0.2445896451034299,0.3503664925516733,0.1971859494210451,0.1572725262309786,0.1541351565410149,0.1502855161952722,0.151479200595324,0.1457753121745779,0.1450214083832847,0.144901987278497,0.144901987278497,commercial,5,spring,0,1,0.36427082,0.36427082,1
11,2021-05-05,0.144901987278497,0.144901987278497,0.144901987278497,0.144901987278497,0.144901987278497,0.144901987278497,0.1474831813184985,0.1487640601924421,0.1520999873503788,0.1724022468217998,0.2574724806640013,0.2499581311126202,0.1825147726626544,0.2163747220075706,0.2691120752156543,0.2943718440547715,0.2418773013625915,0.2100000525994908,0.1828937785838899,0.1788382675719073,0.1748059719955307,0.1664378131486886,0.1728861417915308,0.167125495145075,commercial,5,spring,0,1,0.36427082,0.36427082,3
11,2021-05-06,0.1657053311148889,0.1674537484738464,0.1673460472903624,0.1644860600781083,0.1605786505793955,0.1583167735013405,0.1549414042242002,0.1531249911464164,0.228181066721803,0.2619208119660735,0.2603849027112974,0.2590643627145935,0.1919195490371765,0.226934874819932,0.293492966809665,0.2641193578744731,0.2152852303535405,0.1725292792809876,0.1546571260221424,0.1530673053568921,0.1529414675086415,0.152317795654208,0.1586066252521455,0.1866511578214105,commercial,5,spring,0,1,0.36427082,0.36427082,3
11,2021-05-07,0.1813697493835026,0.183077275408678,0.1840577929358286,0.1810581610110082,0.1808615624274472,0.1812663518473579,0.1634752491277089,0.1531122004032246,0.2384092258737488,0.2745849390159341,0.2773428453092564,0.2810292978748866,0.2259676670874645,0.2364030161312528,0.2972794806935399,0.2675446219123539,0.2053583289500941,0.1624845549762251,0.1546352235100217,0.1545655006700088,0.1531158817386182,0.1482294222793468,0.147488287025482,0.1471707219637329,commercial,5,spring,0,1,0.36427082,0.36427082,3
11,2021-05-08,0.1499320832826766,0.1540078361863426,0.1521761483462691,0.1522245687907077,0.1555824038582733,0.1576801714609298,0.1566635671196386,0.1516235937443044,0.200830899446988,0.2504655972523101,0.2468841843304965,0.2296078012680283,0.201720274393518,0.2232566532163205,0.2684371608761494,0.2836819670813839,0.2229443296916226,0.1756643871666007,0.1638336613568718,0.2003221017473818,0.1947161923862704,0.1912974831769132,0.1895615391879486,0.1912437075462541,commercial,5,spring,1,1,0.36427082,0.36427082,3
11,2021-05-09,0.1850695941882067,0.1841497664266306,0.1853530802748674,0.1806170109536778,0.1746511938045828,0.1740233769391196,0.1660243969650058,0.1804251911552632,0.2101006743684188,0.2572593335335106,0.287538312688315,0.3309349653330143,0.2419636527534422,0.2624335472777886,0.3897362320174373,0.3794947381238526,0.26201916596023,0.2069130522028728,0.1854555955811582,0.1921379723912796,0.1926048952163673,0.1854761224631165,0.1898916201836021,0.1868622525697606,commercial,5,spring,1,1,0.36427082,0.36427082,1
11,2021-05-10,0.1820691330058279,0.1824286033438352,0.1768211554130506,0.1740472793234295,0.1750766762824878,0.17462465967573,0.17309056818848,0.1585890919972161,0.2357107912352243,0.3106542008668729,0.2767024930634622,0.2703261104388213,0.2014451482438228,0.2325654552171779,0.3387593535141062,0.3018213464217869,0.2291586368010106,0.1727621808303003,0.1546349042095263,0.154565242838636,0.1535771962275923,0.1538004093010684,0.1531269328991524,0.1838541788856222,commercial,5,spring,0,1,0.36427082,0.36427082,1
11,2021-05-11,0.1825469182397887,0.1859207040784244,0.1876660856636362,0.1831398348727276,0.1828994089810013,0.1852764726644956,0.1518379855348675,0.1502927433584276,0.1604728314769731,0.1618640902781982,0.1604897679900432,0.1606811253182127,0.1608558214149753,0.1633625053809451,0.1617256200986516,0.1630941863089758,0.1632268470322753,0.1543561810851568,0.1516865008916614,0.151594741926282,0.1496901289122056,0.1494697873252639,0.1487962988279118,0.1491096164980336,commercial,5,spring,0,1,0.36427082,0.36427082,3
11,2021-05-12,0.1473247639692735,0.1460557641820239,0.1460557641820239,0.1460557641820239,0.1460557641820239,0.1464557641822065,0.1475278675634814,0.1483126210273877,0.1614923475184946,0.1892851460233518,0.2192145579828033,0.2158084698804916,0.165796141263231,0.1820599336074083,0.2614217013208348,0.2831839836072465,0.2258833031400961,0.1578396567119985,0.1516921592263514,0.1516610081294855,0.1490840349019483,0.1508209461598265,0.1487881812980446,0.1471611815658917,commercial,5,spring,0,1,0.36427082,0.36427082,3
11,2021-05-13,0.1460557641820239,0.1460557641820239,0.1460557641820239,0.1460557641820239,0.1460557641820239,0.1464557641822065,0.1475059295066364,0.1490409734223044,0.1768752111783436,0.2496769392991456,0.2487744820844691,0.2157053570492099,0.1895046635553388,0.2094104632482393,0.2583879201444333,0.195298076916251,0.1633337183662874,0.1559809832075406,0.1516920132804429,0.1516477257050347,0.1497499830663831,0.1522824285797031,0.151559394900754,0.1480500315229829,commercial,5,spring,0,1,0.36427082,0.36427082,3
11,2021-05-14,0.148683797102996,0.148683797102996,0.1466787556204828,0.1473247639692735,0.1473247639692735,0.1467021665293272,0.148780446798504,0.1517408664018737,0.1910676333743005,0.256884149461829,0.2434415895298588,0.2101389119522285,0.1932474559196776,0.2116792475129426,0.225460101890401,0.2011888596267907,0.17873381599023,0.1568873434656716,0.1562917016802045,0.1546133684237766,0.1512440923762841,0.152265828716565,0.1515920651199783,0.1488253070669512,commercial,5,spring,0,1,0.36427082,0.36427082,3
11,2021-05-15,0.148974957379095,0.1475300201994691,0.1464357217636131,0.1475300201994691,0.1475300201994691,0.1456523551722539,0.1501587122028414,0.1501796946310538,0.1516677690828745,0.1591932541704805,0.1785353151196637,0.1781276978429987,0.1845617051456526,0.193563109718489,0.2289842115599265,0.2527970921633118,0.1721133441230029,0.1514902074671326,0.1529721713313523,0.1705279540489367,0.1552034928094992,0.1569767041876091,0.1595384642643497,0.153677151939933,commercial,5,spring,1,1,0.36427082,0.36427082,3
11,2021-05-16,0.1516045860774807,0.1528859318029025,0.1495035789361077,0.1478841519895274,0.1499148559573665,0.1469085672249256,0.1470669192716735,0.1744241437353001,0.2267070302889638,0.3328683527693541,0.3416965120645668,0.3270328036782585,0.2361430638312581,0.2878527949046767,0.4608874851481789,0.3627846899348095,0.2625864170600396,0.2158559821653781,0.1784429986532709,0.1512971419939862,0.1452540628347511,0.144901987278497,0.1456277120713937,0.1472152621099463,commercial,5,spring,1,1,0.36427082,0.36427082,1
11,2021-05-17,0.1460557641820239,0.1460557641820239,0.1460557641820239,0.1460557641820239,0.1460557641820239,0.1464557641822065,0.1436226721439715,0.1476298152729645,0.1604181121098209,0.1625353158930152,0.1720236280168287,0.1660264465938976,0.1635798869587086,0.1931409859849979,0.2409407681454583,0.267065326505422,0.2252844549798189,0.1573515406095885,0.1546556654556397,0.1530522607209647,0.1509382873896347,0.152273467111685,0.1501550428873984,0.147917873894791,commercial,5,spring,0,1,0.36427082,0.36427082,3
11,2021-05-18,0.148683797102996,0.1473247639692735,0.1460557641820239,0.1473247639692735,0.1473247639692735,0.1464557641822065,0.147512162115761,0.1490374543179566,0.1606545158622741,0.1618273638021651,0.1619164059404085,0.1628921160450331,0.1617000321265941,0.1622344067390989,0.1621226617452034,0.1645309457492074,0.1632751575327455,0.1522917206040777,0.1516905757757411,0.1503012267271684,0.148336136554178,0.1482259381285564,0.1474950234279376,0.147141709557826,commercial,5,spring,0,1,0.36427082,0.36427082,3
11,2021-05-19,0.1460557641820239,0.1460557641820239,0.1460557641820239,0.1460557641820239,0.1460557641820239,0.1464557641822065,0.1475362600309621,0.1485804200583101,0.1605906474096209,0.1631985996786794,0.1738172278715682,0.1777370487073032,0.163655394352199,0.1742179592694548,0.2124081876240968,0.2337158841909683,0.1911157242653356,0.1542658744092727,0.1546719066190332,0.1530274307849626,0.1490900027577304,0.1508208471332824,0.1501469179093736,0.1471577048810477,commercial,5,spring,0,1,0.36427082,0.36427082,3
11,2021-05-20,0.1473247639692735,0.1473247639692735,0.1461784969821925,0.1473247639692735,0.1473247639692735,0.1464557641822065,0.148799436114484,0.1503038281857937,0.160961458035684,0.1632252135148267,0.1965370293517968,0.1931366672417233,0.1675647362592449,0.1916299692689351,0.2361508090030324,0.2444529546003196,0.1946256772729301,0.1571798923549188,0.1546755183055125,0.1530788032022726,0.1496172312668113,0.1508371986473296,0.150114304970122,0.1483141320545346,commercial,5,spring,0,1,0.36427082,0.36427082,3
11,2021-05-21,0.1498394584808023,0.151673301868459,0.1504494954667651,0.1505012818297265,0.1507900665899763,0.1480038767788397,0.1507256920683582,0.151622041244679,0.162473391905963,0.1661950127188016,0.1662063693110359,0.1638466983975642,0.1651809467248247,0.163358757443157,0.1612702512612756,0.1616247459824148,0.1619211889964134,0.1528983082433264,0.1503449167937655,0.1502612698427987,0.1487832656317278,0.1494693683976164,0.1487958238483523,0.1471673558501464,commercial,5,spring,0,1,0.36427082,0.36427082,3
11,2021-05-22,0.1461709870657465,0.1478667891156996,0.1450824994739433,0.1461709870657465,0.1469559140936869,0.1454482152732546,0.1493328639595371,0.1487992077060588,0.151036994075326,0.1518140984655169,0.1530853638661889,0.1523920849753218,0.1513975103672624,0.1528747582065387,0.1761044248723779,0.213020928747321,0.1726417677502037,0.1514950967130401,0.1584981178896905,0.1720796490545924,0.1631062055407789,0.1630372777735977,0.1599028020574901,0.1497447226655058,commercial,5,spring,1,1,0.36427082,0.36427082,3
11,2021-05-23,0.1505336921565573,0.1510538936665322,0.1488900294056155,0.1461709870657465,0.1461709870657465,0.1455249787169559,0.1457365502283416,0.1483727039247598,0.1638819079912318,0.2556749035745671,0.2746863769655039,0.2319811092609217,0.2164623309412669,0.2706762850744165,0.2582054099826059,0.3178237313812489,0.2589344369212527,0.1673206915237879,0.164757047286297,0.1665515704748165,0.1568353325948167,0.1575385651398739,0.1587926003829815,0.148964957361317,commercial,5,spring,1,1,0.36427082,0.36427082,1
11,2021-05-24,0.1501287342826219,0.1501287342826219,0.1477232064127925,0.148683797102996,0.148683797102996,0.1469522998612082,0.1488058371518118,0.151671831981829,0.2129244250331058,0.2736969446653912,0.293052351892436,0.2545610624735088,0.1974611793298601,0.2388963657210157,0.3059099131021624,0.3357127563802561,0.2708732362065424,0.1780147653726875,0.1578920858265934,0.1531040914609331,0.1516896587208332,0.152300064047136,0.1515685965615077,0.1662952043578872,commercial,5,spring,0,1,0.36427082,0.36427082,1
11,2021-05-25,0.1611483415034303,0.1663769494676202,0.1627802050373038,0.157002081454165,0.1626675069473854,0.1614276299423072,0.1545223379911691,0.1516649332252012,0.2159860001358621,0.262272890141013,0.2736354146771221,0.2630226304629108,0.2062866782169244,0.2594643763629681,0.3361852189705294,0.3443295760468345,0.2461153610332664,0.1718056735103451,0.1546330509513071,0.1545549653499852,0.1524340702136139,0.1523001860051508,0.1515686601873269,0.1631459514853575,commercial,5,spring,0,1,0.36427082,0.36427082,1
11,2021-05-26,0.1790163992788222,0.1772516309598084,0.1700852458258841,0.1680946053074322,0.1695819303094801,0.1693023393193267,0.1652914914091844,0.1706720949969807,0.2427332304788824,0.2984922556794821,0.3005683137130734,0.2587727159010123,0.2138980326123808,0.25956503853644,0.3789776050296433,0.3786927895008775,0.2924345685301548,0.2036508135837446,0.1600729104985987,0.1561793138703361,0.1528477252473914,0.1538260480406885,0.1530948822258909,0.1680161823803585,commercial,5,spring,0,1,0.36427082,0.36427082,1
11,2021-05-27,0.1687753126141775,0.1709322194569644,0.1696964879440403,0.1684245401465879,0.1674660250245364,0.1588088094578199,0.1566876649594518,0.1619496965206008,0.2212985520499354,0.3218456204927425,0.3328360643837151,0.256254903326768,0.2327970796565014,0.2528360631697996,0.2835721530991785,0.3569353375616864,0.3031009115244658,0.1935952603679824,0.1599485032085431,0.1578982212298672,0.1541047721606575,0.1553956159658019,0.1547221069879973,0.1764994476497237,commercial,5,spring,0,1,0.36427082,0.36427082,1
11,2021-05-28,0.186545447236383,0.1877870830732714,0.1870413429665692,0.1871463033103143,0.1862753031354369,0.1802463375905536,0.1830221668586827,0.1546263624314184,0.1904740859474172,0.2358982856553533,0.2691746729760333,0.2659625363223467,0.2293523187683051,0.2667980400202171,0.228566004463976,0.207187944120528,0.2049607038870632,0.1585780497199024,0.1563232966846754,0.1561682222480924,0.1519949099853778,0.1554210716887197,0.1530856086662255,0.176561584435906,commercial,5,spring,0,1,0.36427082,0.36427082,3
11,2021-05-29,0.1811858404469671,0.1852292885246858,0.1855327668032075,0.1682551186677181,0.1682907087742122,0.1718862733729218,0.1800204648007417,0.1542863701178597,0.1558577756768805,0.1545846870538385,0.1530807431827523,0.2079578836682089,0.1513095238449294,0.1499017989058257,0.1905530553421439,0.1498400782365445,0.1484812335306472,0.1465014975828655,0.1526349059692262,0.1625040435042894,0.1582173451643678,0.160504942780853,0.1609210053017985,0.1626182119697018,commercial,5,spring,1,1,0.36427082,0.36427082,3
11,2021-05-30,0.1657405744875771,0.1712592313653629,0.1696101894075485,0.1677240068925169,0.1736717828810729,0.179843247389174,0.1794548858376836,0.1942361890245942,0.2082495104317993,0.2370350153337543,0.3338298156956318,0.3962226524530361,0.3116599414541101,0.3121824354547319,0.4407297683142027,0.3742421598372705,0.292005298874731,0.2162592882860128,0.203237731775781,0.2107771251364701,0.2126273552125964,0.2063802017095547,0.2043932479668129,0.2070974068395711,commercial,5,spring,1,1,0.36427082,0.36427082,1
11,2021-05-31,0.2029552385350042,0.2021775235908272,0.2026136046727371,0.199741052095528,0.1990896945652248,0.2011445381690287,0.1676510944316582,0.1562321029026431,0.2277593907274025,0.2818509725999703,0.2833447129469975,0.2436118043106425,0.2175967894421364,0.2398520361531371,0.3349258517517886,0.2652686220205993,0.2141580022680551,0.1861893908774803,0.1564712751345966,0.1563631300815557,0.155130259878289,0.1552829187304775,0.1545437515370118,0.1764838157945072,commercial,5,spring,0,1,0.36427082,0.36427082,3
11,2021-06-01,0.2000825416299546,0.1969482028061053,0.1916123147964607,0.1901003426599253,0.19008784467521,0.1937067305446596,0.1660448679240222,0.1822954048008979,0.2666872492012116,0.3389489763637247,0.3427029302811545,0.2612203347369377,0.2445363428432845,0.3106683698302996,0.3693356212155496,0.4055384228492304,0.3001634904783186,0.2279031916451312,0.1594512185479848,0.1578771695198547,0.1554913422115057,0.1554036115422157,0.1546850734932712,0.1834839787872486,commercial,6,summer,0,1,0.36427082,0.36427082,1
11,2021-06-02,0.2104233818509942,0.2118674095819887,0.2182100285864094,0.2128124197286076,0.2030921758974647,0.1824185637224326,0.1653098240665287,0.170989260158854,0.2470247503398016,0.3246348256644749,0.3167407595930816,0.278599605271965,0.2125074770876201,0.255017337192608,0.2820060790105194,0.2379346908561926,0.1996039950356501,0.1659302601600414,0.1579671142099007,0.1561706293417756,0.1554571248022348,0.1554465638419122,0.1547074481222558,0.181293180209404,commercial,6,summer,0,1,0.36427082,0.36427082,3
11,2021-06-03,0.2078960486069131,0.2091557952655021,0.2116211937290124,0.2069933165448179,0.2108983307086283,0.2099766529221728,0.1666444619973885,0.180027888862435,0.2677176833390704,0.3251221969303289,0.3254368939668873,0.2742178220746564,0.2594846947001303,0.301895520529688,0.3647737109056322,0.4163721712700479,0.322309456510527,0.2186088622099948,0.159844649391033,0.1578175785177305,0.1572107330607015,0.1582559742682857,0.1559153437644027,0.1809220068210414,commercial,6,summer,0,1,0.36427082,0.36427082,1
11,2021-06-04,0.2077411272999539,0.2130238634108535,0.2182376351401341,0.2108500707561756,0.2036874913008648,0.2038195668691041,0.1811760579566994,0.1988632085318141,0.2921456421926669,0.3884865439200725,0.3449017463923616,0.2763421705461154,0.2345234481816378,0.2780593566040851,0.3411849189566595,0.358068295569885,0.2957931395166382,0.2106043729756007,0.161301135406519,0.1580257815701613,0.1582414957591189,0.1583098997149576,0.1604830355614732,0.2082894422327391,commercial,6,summer,0,1,0.36427082,0.36427082,1
11,2021-06-05,0.2065864808622093,0.2102698535026621,0.2139443999556105,0.2074746171068983,0.1948082887585206,0.1883394500867047,0.172304973162996,0.1957360463174983,0.2660128161954919,0.3405574331173969,0.3301040244297723,0.2677939327211524,0.2426259342056775,0.2739530362571962,0.3342631095230172,0.3239766706854682,0.2442055173473377,0.1868585640314137,0.1529710278425129,0.1705642226846602,0.1803651422933794,0.200954681881754,0.2144857109853232,0.2064925789992462,commercial,6,summer,1,1,0.36427082,0.36427082,1
11,2021-06-06,0.2050265341640906,0.2050594680085599,0.1941383514625849,0.1963575200001438,0.1954973087134327,0.1911841374018418,0.2025796175280019,0.2777277213182261,0.3502687655835571,0.4563271596548496,0.448806860094922,0.3099446504780321,0.351789098739372,0.3580473756495803,0.3617336906037685,0.3817088578687698,0.2443857049527513,0.2111502541238142,0.2132106755524131,0.2173726825535619,0.2169368994304921,0.2090847096406302,0.2182485302310959,0.2197165463818186,commercial,6,summer,1,1,0.36427082,0.36427082,1
11,2021-06-07,0.2153344709644958,0.2263497533281035,0.2181769809132224,0.2100510410968485,0.1986531993834318,0.1711441165418039,0.1577831558558321,0.1564165433651397,0.1772837566651709,0.2274973517071178,0.1924005695558507,0.1881757986810261,0.2209379467016117,0.2265475710798721,0.2287412466119971,0.2570896286900312,0.1970815384843328,0.1595981536978309,0.16014006129275,0.1605485454510095,0.1552234603592072,0.1522896259234559,0.151576089602636,0.1554049475820767,commercial,6,summer,0,1,0.36427082,0.36427082,3
11,2021-06-08,0.170030733814076,0.1847665491549855,0.2083481992038261,0.2094535617440845,0.208943700689913,0.2106126639713516,0.2109194895673679,0.1741662282014725,0.1675306481682455,0.1660804467656245,0.161870930568533,0.1623806004804367,0.1631406863642232,0.1682106388296943,0.1720972211737111,0.1644263283880709,0.1648731898788629,0.1530507712296856,0.1532257342910736,0.1530851847996659,0.1512587982056799,0.1522993827829083,0.1515682410920289,0.1537281345476575,commercial,6,summer,0,1,0.36427082,0.36427082,3
11,2021-06-09,0.172641933683236,0.1823997540113421,0.1767151902975709,0.1846093549902591,0.2020956983342552,0.1998087661294676,0.1946197423611537,0.1562475717220157,0.1669439330359706,0.1728412415049912,0.1838707200623047,0.200475669480655,0.2018374085007372,0.2040791529380171,0.1792386527967131,0.1644298838783845,0.1632747980141989,0.1526625647066169,0.151681954258601,0.1530057643900212,0.1507084935018802,0.1538174898990741,0.1724235186458533,0.1773202976137529,commercial,6,summer,0,1,0.36427082,0.36427082,3
11,2021-06-10,0.1867912866517543,0.2091498507061065,0.1917752929559927,0.1738228672413947,0.1612436303634749,0.1484477037890668,0.1487698923214421,0.151634624374234,0.1611012680433533,0.1632199733594143,0.1632295035539972,0.1614691677034224,0.163305130035341,0.1650278848128938,0.1618529540549891,0.1630737312697412,0.1631205853963831,0.1536109934688474,0.1530816090868408,0.1531327594102107,0.1511177528375655,0.152299314641321,0.1517779780100853,0.1666436758481767,commercial,6,summer,0,1,0.36427082,0.36427082,3
11,2021-06-11,0.1690370209814934,0.1648033626030643,0.1615076619212883,0.162815418594648,0.1644365067038485,0.1604343417826509,0.1527294536729554,0.1531108919295691,0.1855929605159864,0.2475997882592333,0.246161277111568,0.2243761816782214,0.1966848603717967,0.2504267046999982,0.3262905516944185,0.3584971761920204,0.2566540166588287,0.1719046966070853,0.1562352314558227,0.1561668026842325,0.1537299872364773,0.1554033009395215,0.1546849114289334,0.1889516980943014,commercial,6,summer,0,1,0.36427082,0.36427082,1
11,2021-06-12,0.180950646279859,0.1702101010056443,0.1687559546222458,0.1741622281771323,0.17508364094403,0.1668991693139692,0.1713460636542194,0.1907754990763101,0.2363492183432649,0.30117643752815,0.3208275999393059,0.2362584911022087,0.2186652981772427,0.3153754780256063,0.3031533909636475,0.2643427806927179,0.2115274726193611,0.1888820407788135,0.1994925211195217,0.1884134142392053,0.1669905363232682,0.1625272143280485,0.1639216857093889,0.1579394272587848,commercial,6,summer,1,1,0.36427082,0.36427082,1
11,2021-06-13,0.1619389632337476,0.1779534559599616,0.1820466780763027,0.1866912412478518,0.1871303686023923,0.1843535881334673,0.1861079920608337,0.2041486119374544,0.248781644541264,0.343493114123945,0.3416668035056996,0.2863696091586559,0.2183367489207857,0.2570797676813031,0.3341957633674878,0.3028070344329268,0.2466292591583311,0.2173195102331248,0.2033081065782038,0.1737611953132603,0.1624792717355279,0.1587493846441707,0.1611493593902671,0.1581903537021164,commercial,6,summer,1,1,0.36427082,0.36427082,1
11,2021-06-14,0.162438132401737,0.1731167366243217,0.1592389993335406,0.1541643485445122,0.1534684654735872,0.150754351954453,0.151633209327161,0.1596737182169339,0.164247408410732,0.1802098119693749,0.1993148445779488,0.1848720507413971,0.1768540670254765,0.1790360120086857,0.1749107815067822,0.1777030688401562,0.174799608835008,0.1716170067112013,0.1557115551307815,0.1455134852315653,0.1457806482863727,0.1461709870657465,0.1494187735373368,0.1500719002343871,commercial,6,summer,0,1,0.36427082,0.36427082,3
11,2021-06-15,0.1516576772521008,0.153055701953941,0.1520402227868554,0.1497067926356217,0.1490437459493113,0.1489715801412847,0.1487872484615851,0.1502942113688417,0.1621958954760862,0.1825844486391452,0.2042258338030817,0.1849407886063116,0.1848957154607184,0.2103172203521327,0.2458206529588214,0.2716488236438763,0.206221342562474,0.1691028734747643,0.15468766372752,0.1530537190880518,0.1521358231160621,0.1522992605120126,0.151568177285265,0.1563412464324782,commercial,6,summer,0,1,0.36427082,0.36427082,3
11,2021-06-16,0.1705629098543682,0.1722276555760972,0.1710197133182734,0.1665510485524827,0.1638424507494031,0.1650008311141337,0.1526567351504192,0.1546136401251346,0.2015876137611029,0.2333750655566553,0.2395739386662373,0.2244538414529992,0.2079263622751509,0.2298823776454309,0.3203508737094376,0.2543760081695089,0.204341889052371,0.174828754132642,0.1546763695698962,0.1545898752032536,0.1532659126675365,0.1537953047621862,0.153120202682371,0.1637538236072735,commercial,6,summer,0,1,0.36427082,0.36427082,3
11,2021-06-17,0.1782863653964108,0.1818917678625474,0.1789759953593381,0.1739292727794466,0.1738690400237713,0.1784139988863266,0.1581547489695198,0.1546256620143452,0.2195257591237593,0.3006805888493676,0.277463535788479,0.2669374855641281,0.2009328430218377,0.2068248168260497,0.1894397467645956,0.1727681378817812,0.1738513905897134,0.1587785819535674,0.1546821855210195,0.1546100850515923,0.1533270724665349,0.1538256517186613,0.1530946754215856,0.1687465056742232,commercial,6,summer,0,1,0.36427082,0.36427082,3
11,2021-06-18,0.1655442577130303,0.1668616598162375,0.1623968673834879,0.1627839298015364,0.164679243441613,0.1627004504874032,0.1511919824741424,0.1530970825559154,0.1806833346041755,0.24731575569375,0.2888001627918942,0.2822180941139476,0.2346868442445651,0.2538714985006147,0.3400450802218858,0.3036343170208744,0.2829443046536805,0.1965435051364084,0.156320343679872,0.1562145865417745,0.1544204427891062,0.1538256173333059,0.1530946574800358,0.175980433647882,commercial,6,summer,0,1,0.36427082,0.36427082,1
11,2021-06-19,0.1762297222071153,0.1804267123323301,0.1753544238923318,0.1706168130523976,0.1688204727687309,0.165752827486716,0.1534689800261594,0.160435309667102,0.2409029565501022,0.327407056936454,0.3435812046354623,0.2833691087978609,0.2244533493908037,0.263352612733599,0.306140914171246,0.3649830777406139,0.2781778043346749,0.2229504007338875,0.1535525996454576,0.1958240103409128,0.2079662242096739,0.1879263871850383,0.2022279493176892,0.2027748501157938,commercial,6,summer,1,1,0.36427082,0.36427082,1
11,2021-06-20,0.195160929580593,0.1835141206208032,0.1767981519209636,0.1774576498943706,0.1707365390619358,0.1691421141796941,0.1730596133969768,0.2237464757605922,0.3508627806291948,0.4102069088951258,0.3958768560309223,0.3791452982375973,0.3256682203668387,0.3987318342211762,0.4324583350200005,0.4967965251537779,0.3968438580352757,0.3248051598074676,0.2012670586352865,0.1819981033930222,0.1973189128963505,0.1896294309961896,0.2030938517142959,0.2038033985807054,commercial,6,summer,1,1,0.36427082,0.36427082,1
11,2021-06-21,0.1936352763577422,0.1956654726230429,0.1860515843158137,0.1813339250741989,0.1841871701275279,0.1839690791478181,0.1595074616340627,0.1897764443040523,0.3071020355290423,0.3098033894544262,0.2993013120054305,0.3084358817591445,0.2598243071598773,0.3044921875090289,0.4189747979218428,0.416019849519633,0.3325837849976078,0.2424091523983296,0.1655289762192947,0.1578756525390403,0.1556544829953093,0.1554030669448341,0.1546847893361386,0.1948570509937064,commercial,6,summer,0,1,0.36427082,0.36427082,1
11,2021-06-22,0.1940989918786448,0.1989779688698754,0.1881299144874862,0.1808892241102411,0.1839006214193085,0.1827801393977532,0.164489063289984,0.1939842312673014,0.3079480527947295,0.3372552415996733,0.3420953120076121,0.3258243977490138,0.2738007764448237,0.317907475069803,0.3749966536421718,0.4132944573530361,0.3533232536521992,0.2500845699121923,0.1679557976460438,0.1578166838352639,0.1560573640933685,0.1554296154836048,0.1546986415953521,0.1788582662088986,commercial,6,summer,0,1,0.36427082,0.36427082,1
11,2021-06-23,0.2016889408395912,0.2060978502626126,0.1899520604470599,0.1835685810841579,0.1904694253362857,0.1911179683232294,0.1673617741901098,0.2082143535623848,0.3227622268999542,0.3235910906470499,0.3383493116587933,0.3235298022204455,0.2722219256325423,0.3188432718821582,0.4046384115078835,0.3871658171188282,0.3046266165478778,0.2148474398138432,0.1731765680104859,0.1585431702970697,0.1566230942368195,0.1573359058836887,0.1635924528108613,0.2083934931425243,commercial,6,summer,0,1,0.36427082,0.36427082,1
11,2021-06-24,0.2078159774306237,0.2154558452060576,0.2150759982196282,0.2048782679218093,0.208355244767358,0.2180211536096031,0.1825557352959518,0.2037046738593514,0.3193715191281314,0.3541758759134121,0.3467098417483714,0.3222926517860201,0.2750747015556747,0.3216221360448739,0.3747444261630497,0.4292228344860554,0.325821151621316,0.2279875214706127,0.1777599361808224,0.1594930453211668,0.1564542911037868,0.1592224924965163,0.1637982151699096,0.1855278526170292,commercial,6,summer,0,1,0.36427082,0.36427082,1
11,2021-06-25,0.2127957312567921,0.2236283190879371,0.2169556255946581,0.2025051128078746,0.2036320274282623,0.2077250678335558,0.1864955746239872,0.1921084975540601,0.2492145404983962,0.3388710700078263,0.3384260897405526,0.3092450659417029,0.2630355321149501,0.3011845687392012,0.4036773163794014,0.3831074996674483,0.3099132184562568,0.2284573213044889,0.1763673759955843,0.1578165738339695,0.1568584914648015,0.1570802703139584,0.1611633423409078,0.2006728224013996,commercial,6,summer,0,1,0.36427082,0.36427082,1
11,2021-06-26,0.2064512979433453,0.2102884436037802,0.2127618638274238,0.2090280741930789,0.1976434094505104,0.1831982258321655,0.1702654637983084,0.1892897153594803,0.2836164007933141,0.3066805810156231,0.2945262877620535,0.2953260141224177,0.2383208315696092,0.2797153472388916,0.2886213775459966,0.3282785582015569,0.2737089842388921,0.2323922363903602,0.1844150111325301,0.1836733327459015,0.1971731032769844,0.2125138510977651,0.2138122896230798,0.2041360351932891,commercial,6,summer,1,1,0.36427082,0.36427082,1
11,2021-06-27,0.2005968445602071,0.2067870926746023,0.1975742744575807,0.1975071323050619,0.20146789036023,0.1963236099495886,0.2027202370111562,0.2666017778519309,0.4229063642756067,0.3975822416611641,0.2863312370485995,0.2828682014028161,0.3079831135664838,0.3368206958855391,0.4509300562942041,0.5054981347941766,0.3331716459403418,0.2626228343037748,0.2155108707297318,0.2077578272967958,0.1846862232655909,0.1946236885480075,0.1965611014831682,0.195532427954933,commercial,6,summer,1,1,0.36427082,0.36427082,1
11,2021-06-28,0.1668939714183732,0.1682228936826603,0.1690223740468841,0.168835619549187,0.1735510799322573,0.1597008812862729,0.1523274537302267,0.1503216079396533,0.165400674305582,0.2011192781872715,0.2149554629854689,0.1948227508234747,0.1821576621532169,0.1841959910956902,0.1628353566061476,0.1686025448123419,0.1727601286747708,0.1555328323971057,0.1547096874434795,0.1546099122462776,0.1519775788805697,0.1538253156318376,0.1530945000587039,0.1705915838848659,commercial,6,summer,0,1,0.36427082,0.36427082,3
11,2021-06-29,0.1731674499266136,0.174613711622232,0.1740216186930548,0.1716223642886888,0.1716431314672001,0.1630300886393131,0.1583154524622984,0.1502965709668102,0.1625834528204872,0.1678192451632928,0.1937961155750501,0.1776940108965121,0.1633845672486813,0.1884040336348939,0.1760539314023838,0.1723376376638848,0.1672190994621521,0.1572292624019409,0.1546495199128595,0.1546086841701765,0.152568799122043,0.1522986748458924,0.15156787170576,0.1517155647280075,commercial,6,summer,0,1,0.36427082,0.36427082,3
11,2021-06-30,0.1622883328358678,0.1639141941171574,0.158606641168217,0.1565225037655851,0.1603755103150691,0.1569043815259152,0.1554841700487421,0.1531012376895947,0.1698500883693251,0.2110448233708813,0.2159425467098465,0.2047018940671981,0.1619429679203657,0.1679895403509776,0.1881508488792377,0.2147780818108972,0.1839786851406709,0.1534290048087178,0.1525523149336491,0.1524370115760998,0.1512678806650075,0.1524478658850563,0.1535257062886495,0.1731875961567041,commercial,6,summer,0,1,0.36427082,0.36427082,3
11,2021-07-01,0.1801717234672516,0.1810107630760608,0.1801615018323919,0.1794809610628224,0.1789306008772841,0.180255950739458,0.1816096767321564,0.1570955099229711,0.2436608569664159,0.2824269250423611,0.2817096467654615,0.2451132723302887,0.228455196254761,0.2655941662546319,0.3156958222069124,0.3601179639271241,0.3109215997690293,0.2125889229119316,0.1630002375724902,0.157845918705819,0.1556536902819726,0.1570797675974053,0.1563615863453292,0.1879252459288208,commercial,7,summer,0,1,0.36427082,0.36427082,1
11,2021-07-02,0.1882787384005754,0.1971918030556406,0.1972149308075118,0.1907836426311369,0.1891620994512138,0.1846420456539909,0.1856464380873628,0.1717911693899037,0.2544739235007292,0.3400643321579892,0.3487660120117927,0.2464166986256989,0.2458799477632032,0.28452917298544,0.3098013773367082,0.3369414563449952,0.25618644366937,0.1767134829052452,0.1579640306283632,0.1578163542890492,0.1553973140252539,0.1571062494340253,0.1563754037998742,0.1885423350190256,commercial,7,summer,0,1,0.36427082,0.36427082,1
11,2021-07-03,0.1858109701385966,0.1943116566434616,0.1882374911199546,0.1806453465204009,0.186203296455419,0.1890181674610249,0.1758456478683498,0.1575262344627041,0.1941401576717788,0.2417180444675536,0.2947627854745567,0.2078799451268279,0.2077989802992237,0.2427601212393093,0.2468058152190924,0.2642118854020939,0.2137894423397848,0.1535863220747609,0.1546469357879709,0.1759867136380347,0.1955850469420743,0.1921688019187197,0.1978571961276,0.1929871653541145,commercial,7,summer,1,1,0.36427082,0.36427082,3
11,2021-07-04,0.1904305197018649,0.1922789848980063,0.1865711688271863,0.1856569989014906,0.1887348567986357,0.1811422438264377,0.1850603398769705,0.1957614697151488,0.1968762567640313,0.2024217900630671,0.2103516499323359,0.2437535627737933,0.2118045219118904,0.2406482722647911,0.2354510022887898,0.2627146578735723,0.2302839706116316,0.1774146102661945,0.1899165911813433,0.2055772455351837,0.1766195568091635,0.1690438340073462,0.1602144401008703,0.1498148534543623,commercial,7,summer,1,1,0.36427082,0.36427082,3
11,2021-07-05,0.1473247639692735,0.1460557641820239,0.1460557641820239,0.1473247639692735,0.1473247639692735,0.1464557641822065,0.1488142941438841,0.1516390699327477,0.1615210029830453,0.1835764267353657,0.2152046465402175,0.1941052665867038,0.208695447263288,0.2087252155651034,0.1982727527844791,0.160435582350244,0.1618548505950364,0.1524373910066458,0.1516350981206544,0.1502965681802116,0.1488424763328239,0.1522899901373293,0.1501138268078134,0.1484039596681047,commercial,7,summer,0,1,0.36427082,0.36427082,3
11,2021-07-06,0.1533981172418216,0.1483474896939035,0.1474720554540396,0.1511206218119305,0.1513420655208501,0.1464557641822065,0.150143412300484,0.1531006184648283,0.1640680206411617,0.2203716592093901,0.2371512190689224,0.2234497206432664,0.2046126640192969,0.2511540477538577,0.3222176609412025,0.2831888242666578,0.2132719211938988,0.1616060307834116,0.1578888445672223,0.1578951679608023,0.1544176873108143,0.1553947777927879,0.1547209884287727,0.1779235908579048,commercial,7,summer,0,1,0.36427082,0.36427082,3
11,2021-07-07,0.1803946963577889,0.1826066001322115,0.1817342710533347,0.1797040044848009,0.1795930733237705,0.1747867730055943,0.1719593675804185,0.161347738710547,0.2444083842943014,0.3421787962834012,0.3568962425087381,0.2883658439113665,0.2531641240545617,0.2945740847575661,0.3745942293580109,0.4348928019636189,0.3579456206023397,0.2310381135354742,0.1689274915006589,0.157874881457502,0.1551625479670106,0.157079692265222,0.154684644898603,0.1855875239163644,commercial,7,summer,0,1,0.36427082,0.36427082,1
11,2021-07-08,0.1905265843726623,0.1939125293818404,0.1803243956998317,0.1822192870745224,0.1852114388447837,0.1776240734177127,0.1667864290176237,0.1779961992335825,0.3015504036180889,0.3638887904712373,0.3434699254148984,0.2883593042880338,0.2651457374509622,0.2997436579952122,0.3626041743905498,0.4428123757752655,0.3577783801564297,0.2366603903614751,0.1728839940298942,0.1578138665393612,0.1549101102364692,0.1554292272858946,0.1546984390422452,0.1845016153186544,commercial,7,summer,0,1,0.36427082,0.36427082,1
11,2021-07-09,0.1873072610339826,0.1924922540144547,0.1913846637028997,0.1818584034998861,0.1842000543309928,0.1791472864374267,0.1670608944107446,0.1835080431820732,0.3070430183977834,0.3580500463521311,0.3692676195327147,0.3203529481266536,0.2713031144231523,0.338505279406265,0.3997549447143224,0.5320092545958682,0.4116822224473428,0.2533023581017679,0.179827050845358,0.1578138468377202,0.1553969052796065,0.1575134631690982,0.1546984304864539,0.1972474021286261,commercial,7,summer,0,1,0.36427082,0.36427082,1
11,2021-07-10,0.1963390603806794,0.2043145502987538,0.1895975071461848,0.1893642798712381,0.1874681014739682,0.1816171485317869,0.1841858410510163,0.1767045276206348,0.2968555024432756,0.3486446466612695,0.3419477363743563,0.3255495894236399,0.2812279387928392,0.3155191873118011,0.3898481912313468,0.5013664550929496,0.4230485040441654,0.2936478491987642,0.2431418972356805,0.2119609430311025,0.2093918669355841,0.2093952773223608,0.2396096446677046,0.2257395210304679,commercial,7,summer,1,1,0.36427082,0.36427082,1
11,2021-07-11,0.2691314504919617,0.2369064853551868,0.1853034896959602,0.1779149412176751,0.1771430383197182,0.1779566576822211,0.1768683183951965,0.2775768545452758,0.408568139976769,0.4748596731885962,0.4074408052464641,0.3029302958854502,0.3197846706152608,0.3708162243914872,0.3948498267514075,0.5597745206156347,0.3803681291005916,0.174902933980663,0.1784097980104096,0.1831776475195227,0.1805173683500218,0.187014950434816,0.1880181234558842,0.1796813661576178,commercial,7,summer,1,1,0.36427082,0.36427082,1
11,2021-07-12,0.17800089078055,0.1792284949317845,0.1734023958698399,0.175437896711909,0.1755397181263758,0.1685014288432521,0.1650306056562634,0.1706491469981632,0.2779725266321141,0.359524124618651,0.3557116940390152,0.2992319530946281,0.2340657928151,0.3532069137195938,0.3792679467726769,0.5215899290745237,0.4159344283134079,0.2481506270874275,0.1876433247033637,0.1578137945697509,0.1555605474084489,0.1571060695268167,0.156375309928247,0.1757886695203667,commercial,7,summer,0,1,0.36427082,0.36427082,1
11,2021-07-13,0.1866192370692052,0.1923143717791156,0.1806919283011392,0.1819731260375308,0.1862488250624897,0.1801303640339737,0.1655260879048721,0.187537734487289,0.3183244849627555,0.3751965340220665,0.3881010907621436,0.3521968309030742,0.2892390427732365,0.3285737716333965,0.4276345747599744,0.5612495149238774,0.4200856221603136,0.2551042634052247,0.192512651143511,0.1673155693953892,0.1561840114960619,0.1570799904377887,0.1645200664268713,0.193099171615718,commercial,7,summer,0,1,0.36427082,0.36427082,1
11,2021-07-14,0.1971871084250918,0.2053088071638606,0.1983922476920556,0.182903934659576,0.1858540577594143,0.1871031028083923,0.1757440511212653,0.1689316771561831,0.2840503113829538,0.3661758513019912,0.3421498960270263,0.292363027779549,0.2672698657006617,0.2885094504981596,0.2861804425906241,0.2905880408304696,0.2346051046489634,0.1767930679805137,0.1578630542828127,0.1578746860281492,0.1556536284703553,0.1570796221057198,0.1563615104312408,0.1882204098559595,commercial,7,summer,0,1,0.36427082,0.36427082,1
11,2021-07-15,0.1882248535376042,0.1856801072070606,0.1822139408050365,0.1830076905686124,0.1826180050460218,0.1760218394008106,0.1694348496646476,0.1592152027749509,0.2154702390044563,0.2114730704194528,0.2415789926047145,0.2340616866481883,0.2605578692256023,0.2964775468286982,0.3434153822352193,0.4291458242370149,0.3636679474225454,0.2147885655508336,0.1871563003494866,0.1665091595081974,0.1551623570227684,0.1588249323423552,0.1563615065840585,0.1838508129742514,commercial,7,summer,0,1,0.36427082,0.36427082,1
11,2021-07-16,0.1947928612886418,0.2000346896346251,0.1876806691529876,0.1848715145696141,0.1840145749646095,0.1770609784698233,0.1712860631333146,0.1694322590470313,0.2790963641119906,0.371160698280209,0.3577255938041125,0.2921337847001041,0.2878393796924895,0.3323589709031717,0.3603140359414214,0.422685608156268,0.3662869369024216,0.2169708996243017,0.1830220955293587,0.1616277294284568,0.1550000601395664,0.1570796080290116,0.1563615030863698,0.1808951299114171,commercial,7,summer,0,1,0.36427082,0.36427082,1
11,2021-07-17,0.1861478589652564,0.1891250243367292,0.1791867889152125,0.1799578330952789,0.1794131919430719,0.1751408795232231,0.1803869905607551,0.1868725491763816,0.2959538000834189,0.3806650408264565,0.3734198321110428,0.3204496119537918,0.2663319712609303,0.3020782178681474,0.3439830926219107,0.4305711203820589,0.3527681853082088,0.232516582939404,0.2161516329937542,0.1902175080984211,0.1920599855751533,0.2084759898480833,0.1961611372308053,0.1929528502924247,commercial,7,summer,1,1,0.36427082,0.36427082,1
11,2021-07-18,0.2016880460569007,0.2126004466653011,0.2137735973443066,0.2091686369795947,0.2030864391115272,0.1901307236655502,0.1930532809383922,0.3600968102449915,0.5046960637226433,0.5667037865054955,0.5775103592220291,0.4451570891171825,0.3964998136120385,0.4841187807373278,0.4422271176389579,0.4409675057818767,0.3478252045442605,0.1869032094295597,0.1676606131342194,0.1742991357746942,0.1762254499210304,0.1788726728628436,0.182196106165529,0.1674977307480956,commercial,7,summer,1,1,0.36427082,0.36427082,1
11,2021-07-19,0.1740483519115863,0.1750524934024572,0.1598798815971825,0.1573669157063821,0.1597787572788045,0.1588298677855269,0.1687560352839541,0.1517465284131649,0.1644230144704278,0.1652573030429964,0.166195775489443,0.1628768213085344,0.1621902860545953,0.1662393166519662,0.1849627383670679,0.2626545502211088,0.2572788189868691,0.1706095688982902,0.1579316895649687,0.156157299982421,0.1514892854403662,0.1537983071958675,0.1515537930550693,0.1559493565667153,commercial,7,summer,0,1,0.36427082,0.36427082,3
11,2021-07-20,0.1618467950195102,0.1646972242837362,0.1586466018241098,0.1607264122051014,0.1679937105474284,0.1706983041465421,0.1728956509192337,0.1546114875805042,0.2103262263148701,0.2705733519361449,0.2709485833679489,0.2463521861079012,0.2258310930880417,0.2677954747637952,0.3431571416804621,0.4112490650677521,0.3188947601751609,0.2101314560606134,0.1740619482376108,0.1578439107931555,0.1548346047481225,0.155444946698318,0.1621207268145403,0.1813125879264616,commercial,7,summer,0,1,0.36427082,0.36427082,1
11,2021-07-21,0.1806194955844599,0.1819108412618988,0.1761843614390285,0.1770762631497958,0.1770425768270659,0.1714339924311329,0.1714387659426519,0.165407973530246,0.2857308804466473,0.3742568806179303,0.3490178292457716,0.3006680629472553,0.2654193939074258,0.3017222586441282,0.3653478298447161,0.4313168424158891,0.3465933379172468,0.2438854658971135,0.1729738527742078,0.1578137003459004,0.1554851586488851,0.1554449406927796,0.154706600669562,0.1780742403646782,commercial,7,summer,0,1,0.36427082,0.36427082,1
11,2021-07-22,0.1840677229823797,0.1853695870503135,0.1770395383656415,0.1767628827075965,0.1780371995923922,0.1715618658781225,0.1635667924375406,0.180934223548463,0.2783941856823095,0.3444371471444424,0.3452208939788814,0.2987359807391248,0.2664275358895321,0.2960114590592052,0.3359847469945756,0.4112088736248357,0.3517302202352192,0.2438011725553232,0.1725945858444958,0.1578136957419582,0.154354451214857,0.1554449361176121,0.1547065982840211,0.1770131863000588,commercial,7,summer,0,1,0.36427082,0.36427082,1
11,2021-07-23,0.1839559486787643,0.1799999932482055,0.1736567632801213,0.1703224271348995,0.1742581493939926,0.1725145550804034,0.166118883794892,0.1676507359451008,0.2673143507705267,0.3155265294376156,0.3000301066449125,0.2664638415303995,0.2383138491920834,0.2751667524616037,0.3458968575695749,0.3857171720250202,0.2829850640207761,0.2155679513447659,0.1713395729061248,0.1578745687465561,0.1543583416963814,0.1554026778613149,0.1546845863221797,0.1875104109294139,commercial,7,summer,0,1,0.36427082,0.36427082,1
11,2021-07-24,0.1964632661557365,0.1969915691247558,0.1932101893267662,0.1871378490206443,0.1788547835650429,0.1835404150240702,0.1779897551947856,0.1606530961139711,0.2538074660032655,0.2781785756739709,0.2560022315693384,0.230541286010306,0.2309035020687411,0.2657941592219585,0.2398576937971895,0.2649145548654917,0.2303009097050005,0.1634266062802842,0.1589763503223638,0.1822199365357301,0.2116908578631025,0.2066111524664091,0.2090990802193003,0.2015427162833182,commercial,7,summer,1,1,0.36427082,0.36427082,3
11,2021-07-25,0.2023450947129147,0.204154665098614,0.1970192482143022,0.1970516061931784,0.199985203039085,0.1911389038874486,0.1899044786974661,0.2424016502572846,0.3435821696371677,0.39289482882132,0.4190998682645233,0.3371220834716676,0.3373423982998257,0.3605961426966285,0.4601010525294897,0.2901845111170492,0.2597445447593217,0.2317288252466584,0.2034271651388681,0.2073691288446955,0.2056614130021754,0.2050093770699936,0.2110998834258492,0.2069573943983078,commercial,7,summer,1,1,0.36427082,0.36427082,1
11,2021-07-26,0.2051811242785491,0.2043062412104634,0.204958527860206,0.2017405303548266,0.1972791099020374,0.1975893845375487,0.1893934800426349,0.167171507882735,0.2367591867556162,0.3360746734800042,0.3355937187092304,0.2814243106905711,0.2566508491765059,0.2838491587260363,0.3724492282656947,0.3536083616007758,0.2615358793785038,0.1798388304430264,0.1630222454766297,0.1578136891408675,0.1553213906085993,0.1571218316978715,0.1563834970037464,0.1936502617878309,commercial,7,summer,0,1,0.36427082,0.36427082,1
11,2021-07-27,0.2088922073336228,0.2158175546606113,0.1942985794966978,0.1995917317010868,0.2038134806333546,0.1955279696519219,0.1912330488619878,0.1634686160700263,0.2323252033923345,0.2824152337525026,0.3005297542069678,0.2687956476935427,0.2435649700066788,0.2687755927945744,0.3227339173218857,0.3458974296016939,0.2866676006692117,0.2021422142110634,0.1582044728917386,0.1578136904467052,0.1549960933288424,0.1571218329955495,0.1547065955402763,0.1856084156683986,commercial,7,summer,0,1,0.36427082,0.36427082,1
11,2021-07-28,0.1960143411175298,0.2019502026013983,0.1873269481912968,0.1898230261594703,0.191624470746625,0.1706797074088751,0.1649696838499947,0.1530779262330956,0.1786743721012207,0.2603002070617226,0.2381251576770258,0.2433183144722201,0.2318840647583581,0.2479429537911115,0.2992692341247679,0.3467659625534464,0.3168385316308007,0.2126993657842434,0.1660459482412748,0.1578438936125296,0.1556496578013998,0.1554449335863506,0.166813004123123,0.1949304848248161,commercial,7,summer,0,1,0.36427082,0.36427082,1
11,2021-07-29,0.1931184199954624,0.19377198985766,0.1907916638360319,0.1955554214650673,0.1947392985211192,0.1837009559586642,0.187172504485984,0.1608006171704672,0.2352560498641003,0.3116837195667776,0.3249215623003668,0.287804497755087,0.2538463376945532,0.2563493675766105,0.310961402432549,0.3616166993497953,0.3080606719579616,0.2161406112079659,0.1773494098928271,0.1578136966042373,0.155649635485606,0.1571218391145981,0.1563835008709098,0.1889309760367157,commercial,7,summer,0,1,0.36427082,0.36427082,1
11,2021-07-30,0.1948176160160039,0.1957101943546439,0.191626144527586,0.1939584084638091,0.1875281967089826,0.1858813063620846,0.1880308809471309,0.1667854739503266,0.2296838139717578,0.3375203189200642,0.2748377480514023,0.2883690151342625,0.256939430986754,0.293338019716459,0.2980482365950512,0.372942997056772,0.2813571765540781,0.1858293016660261,0.1654214400975994,0.159766888539028,0.1542075959846359,0.1537982986283993,0.1621969452768458,0.1891304835094068,commercial,7,summer,0,1,0.36427082,0.36427082,1
11,2021-07-31,0.1865245477637599,0.1848487018036528,0.1815232997786861,0.1838200817220814,0.185184260015318,0.1812706505524609,0.1853596398922719,0.1563827971799044,0.1828317549283941,0.3025242739679236,0.3771937248696717,0.2996277955840196,0.2584597033678416,0.2860976890625485,0.3224903923432621,0.3681356974726562,0.3052484607337402,0.2005459885943615,0.1716261463904374,0.1677570887921429,0.1771570852329019,0.1900086323165572,0.1956633182967699,0.1994596022352243,commercial,7,summer,1,1,0.36427082,0.36427082,1
11,2021-08-01,0.2121293731805693,0.2152864620981674,0.2123262034324602,0.2100970441912569,0.2056793827321905,0.2014091980802497,0.2008846319178796,0.282292558137671,0.4618412136069276,0.574453138407288,0.6060100270762051,0.56535005390224,0.4074292543579242,0.4758634406755642,0.6056266996162681,0.5947076125192039,0.5112271815618812,0.3699964331909945,0.2987087468409888,0.2215558537518709,0.1591926076423513,0.1630983275060001,0.1677675864222116,0.1680231710201585,commercial,8,summer,1,1,0.36427082,0.36427082,1
11,2021-08-02,0.178971942591515,0.1860005454117478,0.1762753099790216,0.1788355057278897,0.1788966848541393,0.1705171152082316,0.1810867262081394,0.1546341291705435,0.2087008270807711,0.3562424497906868,0.3825425569513795,0.337987921576238,0.2775983475674722,0.3359498664341031,0.4081896483123899,0.4651410038561619,0.3832732328196392,0.2632393680044853,0.1917135368017362,0.1706558975889262,0.1609553222639715,0.1715787005831726,0.1616092418377516,0.1793752933998788,commercial,8,summer,0,1,0.36427082,0.36427082,1
11,2021-08-03,0.177866196223689,0.1781519220036515,0.1716593395637608,0.176074567735868,0.1816758756403727,0.1735185223945601,0.1671819691268337,0.1594014626930462,0.2239182891077652,0.3471297897184106,0.3822984265678735,0.3584130517635384,0.2809947983517947,0.3343764487149064,0.3521514997109727,0.3955974916836187,0.3267858110973838,0.2298247219584072,0.1747452570252448,0.1658890336192269,0.1568575730011114,0.1595371916957041,0.1665993944627862,0.2185678063347462,commercial,8,summer,0,1,0.36427082,0.36427082,1
11,2021-08-04,0.2200461154621556,0.214317307888653,0.2015106917680669,0.2174410180040512,0.2115849435935074,0.1849229830429151,0.1922023988535662,0.1662158582991148,0.240128668551563,0.3507780189331915,0.366034001065345,0.3461737278668229,0.2898279341744351,0.3138366817660726,0.3486216436652074,0.3809670600414905,0.3158471213985202,0.2207736929164373,0.1704827785529478,0.1636979401834044,0.1571985912610726,0.1641678691027799,0.1619930638265294,0.2001958593758273,commercial,8,summer,0,1,0.36427082,0.36427082,1
11,2021-08-05,0.211338524171831,0.2150422839934617,0.2028993799069648,0.2020446230112499,0.2047342035873329,0.1990957971070406,0.2030016450422554,0.187902612818862,0.2965252020055282,0.4256265882864092,0.427369805168266,0.3540923486733361,0.2901773850979049,0.2956885477161176,0.286427343218179,0.3210980373620116,0.2767240222809214,0.2152303774150081,0.1715833048077824,0.1659602937945953,0.1563900787808732,0.1577037920865868,0.1602139671584244,0.1938683524347983,commercial,8,summer,0,1,0.36427082,0.36427082,1
11,2021-08-06,0.2079997368656531,0.2141264606213701,0.206927437796183,0.203515454406267,0.1985948261830269,0.1883790221568593,0.1771075479186114,0.161061978565292,0.2132167372718608,0.3455638492909385,0.2906200313896516,0.231340013114021,0.2098319886888282,0.2149350977485649,0.2493755942466915,0.2683922612050491,0.2440463707588236,0.1788366568445011,0.1579577959249541,0.1578137682890975,0.1547491122243903,0.1571060476538432,0.1725451654596777,0.2159981575433599,commercial,8,summer,0,1,0.36427082,0.36427082,3
11,2021-08-07,0.2157513513684922,0.2191274937123322,0.2056344031144558,0.2068083417837025,0.2056002131561948,0.199896201070643,0.2032378412428648,0.1548299605470392,0.1550253068965716,0.2098470877293304,0.2345207319075087,0.2286850332508717,0.2121361180705802,0.2509383832172487,0.2411718173591411,0.2573338971247305,0.2028226128135841,0.1530884581249157,0.1560630488697738,0.1812290514873829,0.2057398614434741,0.2125046166914434,0.2149763546435934,0.2036306881123423,commercial,8,summer,1,1,0.36427082,0.36427082,3
11,2021-08-08,0.2111883739368676,0.2136326763235479,0.1953390880696241,0.2058109725023514,0.2048831743749178,0.1929619636570692,0.199487913190018,0.2378667834270939,0.3659440892700843,0.5344599061713662,0.4960703433840743,0.3949949373897654,0.3330226851690745,0.3752644356737158,0.4507060534418926,0.4327679364400121,0.363136651646781,0.2606562106880698,0.2251007136584204,0.2080732696759853,0.2063784456887054,0.2053224825667655,0.2083006551884079,0.2057963270299751,commercial,8,summer,1,1,0.36427082,0.36427082,1
11,2021-08-09,0.2013345740421911,0.2078149048562572,0.2060034422578059,0.2104608875676437,0.2183313547401883,0.2020659467663144,0.206517411170108,0.180182978010899,0.2834247383326301,0.3540429709323895,0.3232515326512121,0.3094934744149729,0.2491246156310972,0.2870788490615798,0.3250748710229381,0.2689953080728103,0.2401942768060656,0.1882239882295252,0.1599990605223058,0.1588402688480326,0.159623476977563,0.1579000544332679,0.1575954003633213,0.1874650036218489,commercial,8,summer,0,1,0.36427082,0.36427082,1
11,2021-08-10,0.2113617329986022,0.2143792646467477,0.2195766803859469,0.2141579450449399,0.2068281776128626,0.205935334950478,0.2101725224728063,0.1695273661069784,0.2420414724932131,0.3841709421416986,0.3975807185273811,0.288238814812405,0.2447510027359377,0.2922895604413568,0.333549213983633,0.3131794815071651,0.253370806949891,0.1902264215554004,0.1686886410260631,0.1585640083740591,0.1573209452581999,0.1570796604235237,0.1579615349666908,0.2121578709240976,commercial,8,summer,0,1,0.36427082,0.36427082,1
11,2021-08-11,0.2165688895239009,0.2310436724220353,0.2307423792243106,0.2121651979393853,0.2140684558866963,0.2030094688659039,0.2105328817787125,0.1832294802288329,0.2768256656626877,0.3738138053545501,0.3885202839772378,0.3764971785857992,0.2935943860254217,0.274514978152342,0.2898185677727025,0.3011578839134603,0.2465271494419234,0.1819459358379992,0.1677382282158943,0.1582010123233804,0.1566695489002086,0.1613734841044352,0.1603327936568323,0.1916905751573245,commercial,8,summer,0,1,0.36427082,0.36427082,1
11,2021-08-12,0.2235348349866618,0.2316751149510202,0.2262200531564729,0.211890956563003,0.2209607256328465,0.229815265309888,0.2378874979349909,0.1803402321378837,0.2235742122658576,0.2682266633368495,0.2783841756471611,0.2468369026447866,0.2463626603033924,0.237226363152169,0.2293277777021911,0.1955192615952831,0.1859558018825183,0.1581283084000496,0.1562745900399014,0.1561848322446963,0.153283639663001,0.1538413432695051,0.1655555403387047,0.1908806527251861,commercial,8,summer,0,1,0.36427082,0.36427082,3
11,2021-08-13,0.202742918129524,0.2288716976960311,0.2259350022399554,0.2005110893095197,0.1685723328561659,0.1681415548310735,0.1723443735951694,0.1530948984539971,0.1631262814640942,0.165227589110811,0.1632251068328361,0.1632677294506914,0.1633833465708798,0.165020197570848,0.1625218404083912,0.163070225635993,0.1645620709151743,0.1541518663023994,0.1530532795677684,0.1530673611913787,0.1503596334972246,0.1522722085919585,0.1515540623733174,0.1534977001863897,commercial,8,summer,0,1,0.36427082,0.36427082,3
11,2021-08-14,0.1686445278332733,0.174649426780329,0.1713789269954848,0.1712629934122436,0.1846319652613366,0.1763528299121137,0.1656706446812746,0.1547502170255667,0.1566458235374826,0.2120687234116858,0.2624573595519646,0.2458066992311021,0.1990953883343186,0.1810977615668662,0.2012466404075236,0.2077629292149533,0.1717425199791265,0.1513438917401816,0.1690637905753507,0.2194524208326162,0.1931922347297516,0.1965901806703169,0.2061555027378152,0.2021452665888473,commercial,8,summer,1,1,0.36427082,0.36427082,3
11,2021-08-15,0.1935328799044757,0.1965332593301069,0.1937225290208213,0.1839386752499555,0.1965400562722883,0.1669993995139662,0.1693222635013811,0.1961897703330197,0.3089763091441849,0.4318052702963275,0.4864384228763403,0.4153568112268309,0.3068322074933433,0.3570512444936553,0.482329959542406,0.4437040651556409,0.3555355989848546,0.2822392044808064,0.1957177099024522,0.2036371023208985,0.2117065995852297,0.2023121380562695,0.2134789866381946,0.2075646039522968,commercial,8,summer,1,1,0.36427082,0.36427082,1
11,2021-08-16,0.1931734049845463,0.1820972234012235,0.1858937807110325,0.1910613705387744,0.1957310400975384,0.1966654775545749,0.1954449193355761,0.1730337935912993,0.2447900144476546,0.3640869676725871,0.4082370281885238,0.3559122033199977,0.2796599333865329,0.3102083612863588,0.367236379803172,0.3880998673371589,0.2883500397204656,0.2000851633166174,0.1659646289363151,0.1634260187983021,0.155560968334663,0.1571062107404718,0.1563753836104147,0.1895696362891894,commercial,8,summer,0,1,0.36427082,0.36427082,1
11,2021-08-17,0.1964189571433973,0.1968760945240464,0.186610432309284,0.1856722901211434,0.18412414422413,0.1749438332537404,0.1781934837198528,0.1718014873218472,0.2636814577261531,0.3949996315228524,0.3701998611462397,0.3012059226827631,0.2683907804888083,0.2897337318081673,0.3562346206606008,0.3838558124713052,0.3133636117612712,0.2203493358050544,0.1690108388149277,0.1578163328387981,0.1565984484820451,0.1571062319774877,0.1584380929240552,0.2009612534960757,commercial,8,summer,0,1,0.36427082,0.36427082,1
11,2021-08-18,0.2063780876958069,0.2119863216958174,0.2001719907841707,0.1973930254057003,0.1966079536719734,0.1929536730559977,0.1886940177655651,0.1752662444705087,0.2606263257817052,0.396153161048457,0.4105031734846417,0.3360081274842899,0.2798334423540439,0.3174089490457034,0.3972211084456636,0.3920587419824599,0.3411118230712323,0.230933900454858,0.1698394069810142,0.1578163600535812,0.1563347026354178,0.1571062541252883,0.1634688059266547,0.1866469042179358,commercial,8,summer,0,1,0.36427082,0.36427082,1
11,2021-08-19,0.2161028409813923,0.2157652116782884,0.2194705779491876,0.2140463232971381,0.2146110426302419,0.2078036834799315,0.2101611181758609,0.1632208342713502,0.1906195900490385,0.3061698458108835,0.3384336731585434,0.2724888211329524,0.2593382850057301,0.2403707569393084,0.236578609112328,0.1820190523044376,0.166089481037528,0.1560141641576308,0.1530802232523024,0.1530879167583881,0.1505562111346474,0.1522642597417294,0.1515904923414404,0.1589275200224699,commercial,8,summer,0,1,0.36427082,0.36427082,3
11,2021-08-20,0.1596288164330991,0.162617652461898,0.1654032301235399,0.1646884618182549,0.1642493346002455,0.1598505589801609,0.1593470913501795,0.1503883723982222,0.160650771442544,0.16325002642223,0.1631088074045228,0.16375101806793,0.1633879420397936,0.1631227701291981,0.1629788211936944,0.1644208503200858,0.1632705922667061,0.1530480097621067,0.1503506179410819,0.1515896978155106,0.1493526562987303,0.1508192394112457,0.1501455724418858,0.1487597821372159,commercial,8,summer,0,1,0.36427082,0.36427082,3
11,2021-08-21,0.1485859765494515,0.1519805186197461,0.1484145673244132,0.1476042961296037,0.1509221776293802,0.1475352556260205,0.1487783331425235,0.1516286685794214,0.1527530816187678,0.1879337474198255,0.21821071352377,0.2350712107104489,0.191155907857593,0.2200676017654082,0.2764877711925307,0.2556695929118917,0.21549467696566,0.1691076626430444,0.1615948366769286,0.1957473699386533,0.1844349602827931,0.1793460605632515,0.1866921612733487,0.1888227628600525,commercial,8,summer,1,1,0.36427082,0.36427082,3
11,2021-08-22,0.1845415484284514,0.182981101661947,0.1824103005863848,0.1753898600929248,0.1750506733799185,0.1666034499068684,0.1590800619194498,0.1736855987147672,0.2597863860225733,0.3877363898966586,0.4678899312627885,0.3313080383386655,0.2716536037668858,0.3122977870725696,0.4262347367172182,0.4182011897971712,0.3281915794150256,0.2357700745766108,0.190553466551217,0.2065165414088965,0.2122720286411763,0.2147949898895549,0.2089136787110491,0.2079164586601309,commercial,8,summer,1,1,0.36427082,0.36427082,1
11,2021-08-23,0.1970405054469211,0.1895784428041881,0.187919189337097,0.1870160884745325,0.1797273619541104,0.1774960880038728,0.1745573738223717,0.1554294990918733,0.2193781514951933,0.3147305946898689,0.3615291227910673,0.3167255074818801,0.2537693309325249,0.2897671227176822,0.3389075214989071,0.3565503770929885,0.276793426549359,0.1948866481514319,0.1578636408763669,0.1561676036411244,0.1539573749441764,0.1554294746191419,0.1546985680953686,0.1884942263075446,commercial,8,summer,0,1,0.36427082,0.36427082,1
11,2021-08-24,0.1861868254875252,0.1943284127807772,0.1817861088181315,0.1743614151542311,0.1761074755661551,0.1703647197606744,0.1698862063772691,0.1594481589816815,0.2510193140976207,0.3549235532460829,0.3869144549641344,0.3757581721401727,0.2674629033227657,0.3092599219851522,0.3777802982986067,0.4091695666517623,0.3230413982395038,0.232250991595298,0.1579644934585751,0.157816546370301,0.1549108743703305,0.1554295036125473,0.1546985832234543,0.1895541707069231,commercial,8,summer,0,1,0.36427082,0.36427082,1
11,2021-08-25,0.1841433488016569,0.1845002905532639,0.1802075358379128,0.1744741247397293,0.1716932328218241,0.1716196663451955,0.1728497859955961,0.1551265410634561,0.259274763190991,0.4001894191675454,0.3633703709992765,0.3508925572172975,0.2672157243093573,0.302106191018929,0.3933061082685784,0.4104271569959737,0.3222220515561282,0.2426670336717605,0.168239816713639,0.1614768512073859,0.1564874813120904,0.1570798895246214,0.1563616499636734,0.185354802981759,commercial,8,summer,0,1,0.36427082,0.36427082,1
11,2021-08-26,0.1952849258396585,0.1908148245645607,0.1813598698576455,0.1850913961013715,0.1877679112309059,0.1868795349004545,0.1828804174561447,0.1623861183923572,0.2474941736215285,0.4254834878926525,0.4472423562694941,0.3686705286343921,0.276242573520822,0.3013038562605196,0.3882881989974928,0.3674772197883489,0.3151753912954164,0.2352069317946808,0.1753721785543781,0.1672862103621009,0.1566891027710733,0.1570802947776447,0.1563618614024988,0.1785071673025774,commercial,8,summer,0,1,0.36427082,0.36427082,1
11,2021-08-27,0.1892403780446432,0.1924333227818994,0.1920654069380992,0.1931404179787146,0.1888522915648964,0.1884797681489741,0.184724296855483,0.1568860632523445,0.2124561316800286,0.2930307343630983,0.326093834791772,0.2839443788941299,0.2682797289739675,0.2769585941707851,0.2634703411263767,0.2685036624624004,0.2479503306466449,0.1769383291439627,0.1672555471260006,0.1596208625548137,0.1556543878677056,0.1570799304584388,0.156361671321906,0.1826542390506249,commercial,8,summer,0,1,0.36427082,0.36427082,1
11,2021-08-28,0.1884266587353546,0.1985153044973643,0.1872129801232215,0.1844837917278814,0.1853680701329176,0.1867115480200088,0.1847043966955166,0.1554862276789638,0.2073453070201314,0.2949763706735728,0.2872861886462212,0.2798295221226047,0.2589939462600861,0.2527486009700619,0.2854115762412824,0.2958300067879428,0.2684190291462796,0.1829775790239867,0.1780886550621352,0.1686279416588833,0.1968466591185322,0.1860902795874745,0.1915557924706944,0.1891961365768499,commercial,8,summer,1,1,0.36427082,0.36427082,1
11,2021-08-29,0.1882899569807241,0.1916285699908376,0.1845396169566382,0.1779179598126657,0.1815358862222631,0.178294875256284,0.1771491881365385,0.1860865207191656,0.2247236220420395,0.5813084839974015,0.6699638289105725,0.6193274082059185,0.4972477286646755,0.4124675944169683,0.4179569145276602,0.290281201668384,0.3813446322070574,0.3046189551383401,0.2053217280241497,0.1919490141780362,0.2086258177154417,0.1918664789054616,0.2025111701228638,0.2095061764483551,commercial,8,summer,1,1,0.36427082,0.36427082,1
11,2021-08-30,0.1931180374668726,0.192549252188559,0.2091394373894549,0.1933269354457985,0.1940249963991974,0.1966775475177133,0.1822939431549925,0.1562462176045907,0.1868888864879795,0.4607869038317499,0.5017374461181705,0.4176392439066618,0.3296899445117709,0.3465126464738674,0.3451127144440886,0.2445338820312118,0.2906209065079762,0.2149323522148901,0.1634087879711149,0.1578167706672786,0.1565205996079767,0.1570803817995449,0.1563619068083124,0.1821411930498858,commercial,8,summer,0,1,0.36427082,0.36427082,1
11,2021-08-31,0.1872786374013922,0.187036900726269,0.1840506061020992,0.1841728437341102,0.1901277889015606,0.1790563521576515,0.1821556093567928,0.1562572486740665,0.1926226006492749,0.4403009697001173,0.5462084031067413,0.4186856446418206,0.2768150657363549,0.2469959002957854,0.2570682996583981,0.186351918280563,0.1984040785901577,0.1693184411127487,0.1547659087528025,0.1547722664852544,0.1543143164031528,0.1544589343941838,0.1540484370234598,0.1594862601357742,commercial,8,summer,0,1,0.36427082,0.36427082,1
11,2021-09-01,0.1694778310265189,0.1651186702602827,0.1617174573772892,0.1618788222278704,0.1606385432558348,0.1587933163489109,0.1590021959482127,0.1546127082494903,0.165801999100935,0.2932257773664333,0.2518771615048529,0.2531978789286232,0.1909719899261659,0.1826767522688729,0.165327403126212,0.1691246569200553,0.1899484507719569,0.1558277915239339,0.1546762150711509,0.1562246820823658,0.152832171375964,0.1522819440043221,0.151559142061118,0.1670904587310607,commercial,9,autumn,0,1,0.36427082,0.36427082,3
11,2021-09-02,0.1742528858893721,0.171070909320085,0.1636522293062,0.177990575616191,0.1627612483310554,0.1598973243822362,0.1722459589980588,0.1531082690159379,0.1668945031005815,0.2646457854101778,0.2877751429822545,0.2718327233281928,0.2621976093658152,0.284254857593474,0.2287431766605348,0.2138060093203474,0.2080732696270451,0.1602678348667797,0.1562761536695843,0.1561858155048271,0.1543781458266395,0.1538420078679942,0.1602066215951297,0.1851209441873308,commercial,9,autumn,0,1,0.36427082,0.36427082,3
11,2021-09-03,0.1880422431380979,0.1844716774944037,0.1735595675893987,0.1808184138658432,0.1777905684366612,0.1655716226416074,0.1774194146974411,0.153140262853544,0.1629925320322863,0.2885889739561371,0.2328755190752787,0.2527613543952057,0.222394625160259,0.2176516446501084,0.2149410041694761,0.2274335830382323,0.25446387475405,0.1787064250297124,0.1579975047062586,0.1562029067629583,0.1537895974717628,0.1553951251174609,0.1547214332133444,0.1731130697468613,commercial,9,autumn,0,1,0.36427082,0.36427082,3
11,2021-09-04,0.1814173992312291,0.1787400319307547,0.1717469043865462,0.182183293408486,0.1706880192316804,0.1741794261626204,0.1779376463195417,0.1531486191854741,0.1558601500072922,0.3156779388091765,0.3663882290686289,0.3619621784329314,0.3210107006222036,0.3255390752677528,0.2540548325621991,0.2152149983086649,0.2022739521444571,0.1487903139646517,0.1629440377042171,0.1881812463015316,0.1847511921851879,0.1944042886079807,0.1909838687997089,0.1853507614965846,commercial,9,autumn,1,1,0.36427082,0.36427082,1
11,2021-09-05,0.1936535710581992,0.1918066923091105,0.1847348371812186,0.1965007948237012,0.181701252942788,0.1725136506364235,0.1795730666927462,0.1795791659329802,0.2284539902696925,0.6412162666965947,0.6321783955281836,0.5552614264228758,0.4982042953789338,0.4255452983955206,0.2805171772354409,0.3031536698941424,0.347889669038763,0.2288618439033137,0.2028202559301645,0.2082667709867392,0.1860762371126001,0.2012718996174448,0.1921504190401959,0.1824381044117711,commercial,9,autumn,1,1,0.36427082,0.36427082,1
11,2021-09-06,0.1929533794541542,0.1799155092658909,0.1773938224603568,0.183462920761193,0.1817541375655121,0.1753251405230742,0.190587073397924,0.1561987566528611,0.1850609734994882,0.5144213610247861,0.5071065216600695,0.2973658290174821,0.3488200505661999,0.3332558182251779,0.2629436352468918,0.2337325811198369,0.2800437308669223,0.1804469245223339,0.1664347889524503,0.1595623947510614,0.1547292339635846,0.1570725835182059,0.1547215307177556,0.1714659707708467,commercial,9,autumn,0,1,0.36427082,0.36427082,1
11,2021-09-07,0.182036960563246,0.1713347019846415,0.1684171460414855,0.1740739948615291,0.1770742182165046,0.1737050704121189,0.1730338263120353,0.1562124889396018,0.1840124274513193,0.4805278605402303,0.4888135728966281,0.3837988572678988,0.3421594131615818,0.3593297759774315,0.2906623939395726,0.2678525026256728,0.2948064715775534,0.1907704981584204,0.1679054530796006,0.1596216004468849,0.155326805680717,0.157080195363067,0.1563618095424542,0.1760291378910084,commercial,9,autumn,0,1,0.36427082,0.36427082,1
11,2021-09-08,0.1891423947476213,0.1848257643764609,0.1783028704800955,0.1830863069959677,0.1810214267430792,0.1766615837904205,0.1809811686425999,0.1546552674668289,0.1806492060644119,0.4339358294481429,0.4584846308335502,0.386339178896955,0.3648371134466507,0.3287386801313934,0.2868290610016679,0.2505213502787465,0.2308515150741591,0.1822113663622446,0.1579660033447257,0.1578171729949587,0.1550737071705741,0.1554300135691355,0.1546988493077733,0.1654588057310004,commercial,9,autumn,0,1,0.36427082,0.36427082,1
11,2021-09-09,0.1862336269560526,0.1873048275798728,0.1767638251820368,0.1758427219168895,0.1718855817844009,0.1674922404474421,0.1702169586780875,0.1546702186144705,0.1805896978433534,0.5133850048212714,0.5124003121214709,0.4138714979898282,0.3708049994048788,0.3750823682563503,0.3175674315386091,0.2868591654688203,0.3334022390501655,0.1908134941635327,0.1670122044932664,0.1596217534585267,0.1558203824828225,0.1588255679044284,0.1563618382043052,0.1733366484879343,commercial,9,autumn,0,1,0.36427082,0.36427082,1
11,2021-09-10,0.1930139887832758,0.1904667760474308,0.1794709918210844,0.1904537274619565,0.1887118977945455,0.1764605813551329,0.1737947537848406,0.1562582228459282,0.1778010442471955,0.4135906723460847,0.5037069218596685,0.4478324052850541,0.394394327145499,0.3997360287763903,0.2969689860736306,0.2831044536647712,0.3310190763186395,0.1839335747161234,0.1698575179296935,0.1595625899397971,0.1552361928654377,0.1571069965495005,0.1563757936285731,0.1716813931682003,commercial,9,autumn,0,1,0.36427082,0.36427082,1
11,2021-09-11,0.1857660729059983,0.1663236394746136,0.1635720029309418,0.1671833635363908,0.1581906974175392,0.1570517495869952,0.1591742702473573,0.1531643090294838,0.1553831826437502,0.3045661769488531,0.3763877670903171,0.3240664968868208,0.3410575530915369,0.3261154504107257,0.2051037557619411,0.1987742157588673,0.2301734231047167,0.1673930470046937,0.1725641950296965,0.1670747745221612,0.1652612471024105,0.18510894388101,0.1862163724864401,0.1777191811616629,commercial,9,autumn,1,1,0.36427082,0.36427082,1
11,2021-09-12,0.1846992312384933,0.1759232421772295,0.1729150045762325,0.1775985455533877,0.1688094799083761,0.1663346179501506,0.1681785421003408,0.1624499534915485,0.1845644153835633,0.4398888520660917,0.4907867525427934,0.3824707615453638,0.4093629469107753,0.4106405369165394,0.3566492306150429,0.3083844711664065,0.33379239514233,0.2205579771275286,0.1877155943104647,0.190118923469218,0.1623016063240915,0.1824020619752921,0.1837400378506008,0.173690130606536,commercial,9,autumn,1,1,0.36427082,0.36427082,1
11,2021-09-13,0.1811989274826773,0.1792165960023133,0.1723313400114736,0.1772756162272929,0.1731744827475917,0.1640430852465327,0.1654475929529994,0.1545987051045436,0.1751436686704462,0.457263960500625,0.4835285815414704,0.3767996209437705,0.3268404185639619,0.3358247762566453,0.3181314684551329,0.2493036455577636,0.2692614886372919,0.1958838255910753,0.1596102784179357,0.1578767577811578,0.1551642068881881,0.157080365868821,0.1563618985080508,0.1679133405800221,commercial,9,autumn,0,1,0.36427082,0.36427082,1
11,2021-09-14,0.1772606556486059,0.1738170315401519,0.1641983850125338,0.1699547663327054,0.1661320685671243,0.1591275807402467,0.1649889155349608,0.1546546955504744,0.1844925958111116,0.5231357440349864,0.5708148565038997,0.4173428716116094,0.3341339288117467,0.3585051234086669,0.2802063020125458,0.2401935355507167,0.275731320491775,0.1569997102882309,0.1579128222559376,0.1579408263762765,0.154902515841945,0.1554301168181456,0.1546989031890202,0.1646181730884029,commercial,9,autumn,0,1,0.36427082,0.36427082,1
11,2021-09-15,0.1721490572154659,0.1709213461374279,0.1655581965765309,0.1760997734035081,0.1759318119560798,0.1555262794976646,0.1612795827344691,0.1546048146138117,0.1680645234600184,0.4372727135776407,0.4774295979108455,0.3867695221332611,0.350772892721638,0.3535961677054712,0.2595194407755498,0.2170749122307919,0.251038861579812,0.1753691272290426,0.1633221662641349,0.1596222439306222,0.1545569292411753,0.1571065121093518,0.1546986387386621,0.1739705315048593,commercial,9,autumn,0,1,0.36427082,0.36427082,1
11,2021-09-16,0.1896835826284408,0.184572458230643,0.1771830230872739,0.1822032405711684,0.1803438978986853,0.175860646354333,0.1748351058142752,0.1546048948041789,0.1795491692763381,0.4422262700774025,0.5283048708989314,0.4024887171985224,0.3580387477504184,0.354364867496609,0.2035838272733083,0.2426108996409061,0.2618757732294525,0.1692764953403423,0.1597123258116279,0.1578175900251957,0.1534712931601258,0.1553959328494528,0.1547218626236686,0.1705356322264695,commercial,9,autumn,0,1,0.36427082,0.36427082,1
11,2021-09-17,0.1810842357154751,0.1768041914825464,0.1730239979102452,0.1780484131576718,0.1777019892919935,0.1689754802684903,0.1747687381999792,0.15465446019607,0.1723846327060287,0.3283606500656539,0.3715709177976869,0.3428235698871321,0.3408466300458942,0.3449270536092767,0.2806628315662846,0.2580926345079517,0.2219695953803722,0.1858625634048958,0.1596105930171885,0.15962241725485,0.1550022287672715,0.1570804885973399,0.1563619625446672,0.1811090956827434,commercial,9,autumn,0,1,0.36427082,0.36427082,1
11,2021-09-18,0.1894735642505963,0.1826381794302703,0.1711294582364134,0.1777014845107818,0.1776119680449636,0.1740762303006161,0.1747407699117002,0.1531578880184229,0.1608671881447203,0.3789676725990017,0.4390454795869743,0.3833958765467183,0.3814070989383088,0.3962735954355585,0.2696802808422459,0.2349362528826733,0.2785445955298695,0.1658619475648797,0.1593087549461803,0.1537824431269608,0.1572523690389889,0.1687078827951797,0.1588598837372274,0.1621869223846609,commercial,9,autumn,1,1,0.36427082,0.36427082,1
11,2021-09-19,0.1778004096400716,0.1734272358327268,0.164020770936828,0.1709414572881053,0.1663665838614624,0.1636257830353222,0.1674142958541891,0.1654864364339418,0.1948058532019082,0.5305940401583856,0.4960674931600605,0.4084223299428782,0.3427674567355759,0.3744152517568507,0.308470134939423,0.2659211119812066,0.2667399829998154,0.185393813208043,0.1606301942926466,0.1631357620133043,0.1585016966620321,0.1672321249850007,0.1635266286284056,0.1541221567280613,commercial,9,autumn,1,1,0.36427082,0.36427082,1
11,2021-09-20,0.1514624395063746,0.1475300201994691,0.1456523551722539,0.1461709870657465,0.1461709870657465,0.1452729919211884,0.147489595006307,0.1474836124716763,0.1502979051444443,0.1502951504941237,0.1843116865817894,0.1619483444350612,0.1784540877726387,0.1643031391341872,0.1482616499429282,0.1537043375669554,0.1511913744571164,0.1475146809296537,0.1497474483654477,0.148974957379095,0.1465694295092656,0.1475300201994691,0.1475300201994691,0.1459098540125786,commercial,9,autumn,0,1,0.36427082,0.36427082,3
11,2021-09-21,0.144901987278497,0.144901987278497,0.144901987278497,0.144901987278497,0.1439048279342583,0.1420167459628454,0.1451877510804236,0.1436249300713375,0.1499590638565397,0.1506635977637262,0.1570903479762022,0.161037489977157,0.1545967781903325,0.1552364606592223,0.1536861173404817,0.1543365074180903,0.1536060936266056,0.1503875879444679,0.1512740631530244,0.1505015721666717,0.1483869423378878,0.1505015721666717,0.148974957379095,0.1475300201994691,commercial,9,autumn,0,1,0.36427082,0.36427082,3
11,2021-09-22,0.1473247639692735,0.1473247639692735,0.1460557641820239,0.1435956944252817,0.1393623343557861,0.1383550374398089,0.1387549536028819,0.1325486353112383,0.1583961964347682,0.1781976114563247,0.2396554839312086,0.2556463224426653,0.2241465013342806,0.2091012628133908,0.1807440166388183,0.1700529996685219,0.1860994242599486,0.155829653624141,0.1562827417038294,0.1545835402478945,0.1515052230935578,0.1537997052056965,0.1530811372821151,0.1493744265631651,commercial,9,autumn,0,1,0.36427082,0.36427082,3
11,2021-09-23,0.1501287342826219,0.148683797102996,0.1471937451979505,0.1473247639692735,0.1473247639692735,0.146578496982375,0.1487777334898153,0.1464537128300818,0.1600666646701564,0.1635575420577629,0.1907231221197824,0.1817747465649073,0.1756553090594632,0.1744045330838366,0.1624322276525395,0.1659509892268642,0.1662499897574269,0.1546738073971815,0.1547195524371883,0.1546125884303229,0.1509603901763866,0.153792045735333,0.1501466013941747,0.1486944208922231,commercial,9,autumn,0,1,0.36427082,0.36427082,3
11,2021-09-24,0.148683797102996,0.1473247639692735,0.1464267688247153,0.1473247639692735,0.1473247639692735,0.146578496982375,0.147510255019434,0.1435792608483308,0.1598954292359218,0.1685483201475795,0.1618376559966645,0.1618317537268436,0.1631433381879781,0.1681651027292987,0.163581045860171,0.1629869689202916,0.1619702269841899,0.1519380261732935,0.1490313879772163,0.150200501149703,0.149111219840511,0.1508552050312517,0.1515631677946735,0.1488433179105961,commercial,9,autumn,0,1,0.36427082,0.36427082,3
11,2021-09-25,0.1475300201994691,0.1475300201994691,0.1459098540125786,0.1475300201994691,0.1475300201994691,0.1455249787169559,0.1487955142747482,0.1455650731058641,0.1476129217294191,0.1528564455623219,0.1531820672946798,0.1522395512916234,0.1513726914241711,0.1514478492826875,0.1477497877259426,0.1512375734134227,0.1498533985873369,0.1472684349176926,0.1484004451026565,0.1475300201994691,0.1452729919211884,0.1461709870657465,0.144901987278497,0.144901987278497,commercial,9,autumn,1,1,0.36427082,0.36427082,3
11,2021-09-26,0.144901987278497,0.144901987278497,0.144901987278497,0.144901987278497,0.144901987278497,0.1456523551722539,0.1457506476379306,0.1470115028840228,0.1471561151449565,0.1498190177697365,0.155448910896739,0.1929523083090855,0.2541022653876766,0.2868428439165878,0.2368561058164066,0.1855103138675888,0.2364908995708272,0.1776116913684012,0.1762436276370391,0.1720323759531472,0.1607002866399661,0.1647800076267086,0.1638082703448621,0.1560968429759907,commercial,9,autumn,1,1,0.36427082,0.36427082,3
11,2021-09-27,0.1592180207867037,0.1536943921396621,0.1522874773635763,0.1553821780608427,0.1537805744437707,0.1506476622075737,0.1528680203675375,0.1516610482343304,0.1643828205697711,0.3054712961137485,0.390230332463127,0.3654953254056817,0.3512461553673031,0.3032718386260088,0.2444295270928733,0.2232677680934177,0.2484956708010356,0.1602342082261559,0.1563241574068167,0.1562169765149453,0.1531766615458286,0.1538267503823016,0.1530952486806162,0.1653616856470238,commercial,9,autumn,0,1,0.36427082,0.36427082,1
11,2021-09-28,0.165052326144936,0.1679087268993475,0.1662208357727588,0.1598183646097576,0.160802337544621,0.1610005041517489,0.1613010014718162,0.1530794624293077,0.164968677400377,0.3150777849231627,0.3288230325609539,0.384308820159508,0.3802257544815151,0.3381985825988535,0.2407958910334959,0.2315697766115963,0.1998723294137817,0.1639305761282488,0.1665996996530182,0.1614970560335282,0.1561992558217317,0.1606525041771173,0.1581293784150168,0.1650035939535354,commercial,9,autumn,0,1,0.36427082,0.36427082,1
11,2021-09-29,0.1834471592887671,0.1806919754132873,0.1640147701094946,0.1753801600804432,0.1732951005775658,0.1686726993675406,0.1606308652063216,0.1531977940173791,0.1640006479678948,0.1661952691994958,0.1646798147987832,0.1978579010536688,0.2105447137696977,0.2194884321146566,0.1738147639770693,0.1616284045254629,0.1664065581831015,0.1552468558911967,0.1531300203665544,0.1545335050181173,0.1539215506107444,0.1554043438518962,0.1547246109936451,0.1650642374961741,commercial,9,autumn,0,1,0.36427082,0.36427082,3
11,2021-09-30,0.1770398622748467,0.1740745878137258,0.1628079240492664,0.1690521897032156,0.1659493771718843,0.1618494797312933,0.1753233304076298,0.1546081318527681,0.1666701818179905,0.2298508370391059,0.260271106675205,0.3141478192439998,0.3020191764918409,0.2683623726827974,0.2024097488499671,0.1718735525102367,0.1632747939454538,0.1567536585974182,0.1541895254074032,0.1540671864286038,0.1528446451338753,0.1539573985362166,0.1545148256070584,0.170402231008794,commercial,9,autumn,0,1,0.36427082,0.36427082,3
11,2021-10-01,0.1710403263108074,0.1624036505124928,0.1547887689040261,0.1528935473903493,0.1513375645950578,0.1513040564669621,0.1541701418249765,0.1552224323754883,0.1657590664662123,0.5500501773880166,0.4534260581719785,0.6199441101926537,0.5505149397818284,0.5084646935849554,0.3469831951999866,0.2646237013215847,0.2243928142679783,0.2111692533392177,0.1719119317577068,0.18224881898321,0.1939811227010977,0.1812618531253326,0.1875116323940152,0.1838948485511007,commercial,10,autumn,0,1,0.36427082,0.36427082,1
11,2021-10-02,0.1711180695718482,0.1811607002335306,0.1813761183835183,0.1785159054286363,0.173479066758899,0.1718699779860618,0.1784181194558083,0.170823847689354,0.1915188417252418,0.6201046344999405,0.5918620338907876,0.58575073905792,0.5923703655463604,0.5021772663571902,0.3664724037119276,0.2469868455174012,0.2099621313790834,0.2044921747169037,0.1877613720355564,0.1927204658583498,0.190962109361995,0.1906273093605005,0.186561420013219,0.1733564356219748,commercial,10,autumn,1,1,0.36427082,0.36427082,1
11,2021-10-03,0.1822979399286827,0.1909243471692684,0.1878393204224785,0.1817345341944199,0.1771688522197092,0.1624360408912852,0.1648560970690852,0.1663777651907935,0.1743733464624842,0.5290017173568197,0.4805031580692462,0.5104403838020073,0.5359323095596589,0.4655518770061865,0.3196136978938682,0.2330538572560969,0.2171224600375854,0.190675970395766,0.1744117417692089,0.1723135679669875,0.1652104400530734,0.1674206786286057,0.1717711284497292,0.1609340005346503,commercial,10,autumn,1,1,0.36427082,0.36427082,1
11,2021-10-04,0.1640946070425654,0.165815858262544,0.1549497215989587,0.1593179289052837,0.1639169713655153,0.1528527607927832,0.1588793746629084,0.1623344076973818,0.168605975259713,0.4705204085917993,0.3832175412805368,0.6090398934475099,0.5197990854159892,0.4103320245871757,0.2960050987954604,0.2360614603876673,0.1965272184777947,0.1727347147739683,0.1702713325291512,0.1811159136632626,0.1669264067879217,0.1714920251172751,0.1735170523761982,0.1610850899641104,commercial,10,autumn,0,1,0.36427082,0.36427082,1
11,2021-10-05,0.1644975738398337,0.1657714485994294,0.1534488803218775,0.157644724615737,0.1590183393254469,0.153760306663929,0.1605398036524195,0.1613461525186428,0.171736169307782,0.5186678559884802,0.4308172118602909,0.5758666988087829,0.4665935331866143,0.4222309570776468,0.3083816789092124,0.2650981121104529,0.2296648907746051,0.1585470505743947,0.1670297743744344,0.1624604085169622,0.1660190372804028,0.1637540037181369,0.173386917965702,0.1590543874093717,commercial,10,autumn,0,1,0.36427082,0.36427082,1
11,2021-10-06,0.1573241171330775,0.1568763292893729,0.1599337493570497,0.1642334082478761,0.1622410559021521,0.1530780478405808,0.1561010058301604,0.1594696952552793,0.1654512854370814,0.3285361059172688,0.2996845304991223,0.3245142281902679,0.3264847369516507,0.260298369826141,0.1864187454276722,0.1734520913451334,0.1606016487827112,0.1498302565478775,0.1594277950094806,0.1514895340693934,0.1452729919211884,0.1475300201994691,0.1475300201994691,0.144901987278497,commercial,10,autumn,0,1,0.36427082,0.36427082,3
11,2021-10-07,0.1468089508365987,0.1451131051587642,0.144901987278497,0.144901987278497,0.144901987278497,0.144901987278497,0.1487639058279808,0.1487550027455487,0.1518935426466617,0.187702638326749,0.223244131886895,0.3271309654773695,0.3399901692481408,0.3079204520008369,0.2079431549237198,0.2043754603543405,0.1903386535036544,0.166958426520917,0.1706191004391787,0.166659876411248,0.1562727657747148,0.1612797458815139,0.1630585635092402,0.1566112211714114,commercial,10,autumn,0,1,0.36427082,0.36427082,3
11,2021-10-08,0.157067352075721,0.1580819679782034,0.1548838464174959,0.1590570033926661,0.158223286691587,0.1512184202190148,0.1528433751047946,0.1530857396917422,0.1640452886109428,0.2743508377441611,0.2999838695011667,0.3739867864269686,0.3855590705868998,0.3640039794193756,0.2438023068140506,0.1861137861510436,0.1709415499266419,0.1594415426930797,0.1562618545395459,0.1561380423936677,0.1530368296415113,0.1538274923095667,0.1530956357935201,0.1591507334834393,commercial,10,autumn,0,1,0.36427082,0.36427082,1
11,2021-10-09,0.1627436260538837,0.1639228762542767,0.1566753678502991,0.1558724362716105,0.154045915622674,0.1528036105531379,0.1526259128682965,0.1501800978103462,0.1538975125171549,0.2644714560397344,0.2763217660904941,0.3868199658197492,0.3890817656191968,0.3322075679877843,0.2083384925339029,0.186285241986715,0.1560556134709458,0.152465458258283,0.152929333093955,0.1521055409868657,0.1561792480389604,0.163904222887374,0.1568283494131053,0.1533256004486123,commercial,10,autumn,1,1,0.36427082,0.36427082,1
11,2021-10-10,0.1576742617530987,0.1594540202764736,0.1541616873784611,0.151202724179419,0.1510579213872398,0.1473901823092577,0.149115832098604,0.1537437042863778,0.1543125538079965,0.3341921018079323,0.3380392857341625,0.474598230461734,0.4228150763288658,0.3579326825749663,0.2722967942681079,0.2033419565263908,0.184793092147874,0.1768683571209391,0.1817249956831991,0.176269664299688,0.1642681824680212,0.167280698634637,0.1718550149648577,0.1644947100487395,commercial,10,autumn,1,1,0.36427082,0.36427082,1
11,2021-10-11,0.1650949547533535,0.1684174074185201,0.1599517620442164,0.1589435438741,0.1622181474729889,0.1540461559196103,0.1551761275941473,0.1531326982152936,0.1637690900965646,0.3196356598259526,0.3096574716196733,0.4247147930738591,0.3846171851607935,0.3609188285673783,0.2711374440289686,0.2197206672734371,0.1974281889325848,0.1607466019102758,0.1579391996899909,0.157815141591249,0.1541197688341666,0.155431626887544,0.1546996911025401,0.1787150545284095,commercial,10,autumn,0,1,0.36427082,0.36427082,1
11,2021-10-12,0.1835712218533096,0.1851346399778884,0.176948205047337,0.1781484772269447,0.1762466050274397,0.1698371824898423,0.169394394421164,0.1546076041346938,0.1651789390205065,0.3505485643446175,0.3530330554817152,0.4320033362798894,0.4266748890004189,0.3621333049647735,0.2662825873856014,0.2261423048484064,0.2046498256531992,0.1609270487845625,0.1578938896156145,0.1579446180289858,0.1541095645355018,0.1554315363121138,0.1546996438504136,0.1814517915924433,commercial,10,autumn,0,1,0.36427082,0.36427082,1
11,2021-10-13,0.1870490326429309,0.1931422148626343,0.1816483467958073,0.1519582315353634,0.1473247639692735,0.1466787082315594,0.1475494056729622,0.1490329232048203,0.1606567802371367,0.1840230319753921,0.1876164445275268,0.2277780379176443,0.2235572472737956,0.2156180867707567,0.1710921663012044,0.1676554479373,0.1677034664622132,0.1581007479537283,0.1546586618323177,0.1545344061554414,0.15110979738358,0.1522661811642393,0.1515923835606677,0.1533488006825424,commercial,10,autumn,0,1,0.36427082,0.36427082,3
11,2021-10-14,0.1570803819500123,0.1575133463745468,0.1480191280988139,0.150659351233872,0.148683797102996,0.1464557641822065,0.1487799972514258,0.1503287915875207,0.1605356192379524,0.1632249821943333,0.1618802746482855,0.1633052787318111,0.1785344060502359,0.193240877892644,0.1642821460940326,0.1675578883948062,0.1663079454893024,0.1555312596992585,0.1546904901720586,0.1530422959812371,0.151058511225742,0.1522739606537612,0.1516005265420736,0.1491054654575682,commercial,10,autumn,0,1,0.36427082,0.36427082,3
11,2021-10-15,0.148683797102996,0.148683797102996,0.1466787556204828,0.1473247639692735,0.1473247639692735,0.1464557641822065,0.1487870789625627,0.150329423954644,0.1605383434279054,0.2336296275680975,0.2368061050838639,0.2902589570310353,0.2911758904104355,0.266586507170951,0.2027084466685406,0.1699983003192085,0.1663083223716017,0.1570339876621457,0.1547234760383755,0.1545661527040605,0.1512205853218018,0.1523178746178148,0.1515778544694322,0.1484161019216048,commercial,10,autumn,0,1,0.36427082,0.36427082,3
11,2021-10-16,0.1475300201994691,0.1475300201994691,0.1460399682944236,0.1461709870657465,0.1461709870657465,0.144901987278497,0.147549696392946,0.1459828408296355,0.1498159516749828,0.2236513428829937,0.2234702237943195,0.3147185221891049,0.2797647767290611,0.2466449585452352,0.1613221099019424,0.1560725450475872,0.1544412276904729,0.151039740076512,0.1529663440420982,0.1505015721666717,0.1469758650437624,0.148974957379095,0.1475300201994691,0.1456523551722539,commercial,10,autumn,1,1,0.36427082,0.36427082,3
11,2021-10-17,0.1461709870657465,0.1461709870657465,0.144901987278497,0.1461709870657465,0.144901987278497,0.144901987278497,0.1457488417849526,0.1457407986816529,0.1457513572577707,0.1896124373752063,0.2157091394830343,0.2934731836865298,0.3171412708875324,0.2782422772269725,0.1859633286742508,0.1624925901368926,0.1546334426651226,0.151186216724465,0.1505015721666717,0.148974957379095,0.1478122691589581,0.148974957379095,0.1475300201994691,0.1463029062506727,commercial,10,autumn,1,1,0.36427082,0.36427082,3
11,2021-10-18,0.148683797102996,0.1473247639692735,0.1466787556204828,0.1473247639692735,0.1473247639692735,0.1467021665293272,0.1475592642022335,0.1413071269189411,0.1581021600992437,0.2129452076634691,0.2402230876476326,0.3144709129674957,0.3265348719206993,0.2952061802966079,0.1960087863766779,0.1708841508953097,0.1678588207181687,0.1575008386048953,0.1547240422314,0.1530887993595097,0.1513804592699878,0.1522844283587111,0.1487762204441602,0.1476640269124488,commercial,10,autumn,0,1,0.36427082,0.36427082,3
11,2021-10-19,0.148683797102996,0.148683797102996,0.1463021665291447,0.1473247639692735,0.1460557641820239,0.1464557641822065,0.1474035817980272,0.1390619034011223,0.1566817446504801,0.1894456426618788,0.2110456269343355,0.2837276930153286,0.3146055572994872,0.313807605703344,0.2094870588427509,0.1679484408680714,0.1678625150267952,0.1577862064491604,0.1547242346292302,0.1530889191356045,0.1502729677154211,0.1522662721071474,0.1501477140830304,0.1480402461648343,commercial,10,autumn,0,1,0.36427082,0.36427082,3
11,2021-10-20,0.148683797102996,0.1473247639692735,0.1463021665291447,0.1473247639692735,0.1460557641820239,0.1464557641822065,0.147511231041973,0.1490606777741714,0.1610723004885785,0.2343594756151152,0.2391023802421479,0.3081071054932394,0.3273406002069631,0.3254652878457583,0.2054439215593225,0.1682470822791817,0.1678595125808658,0.155250917269637,0.1531521349607876,0.1530415342506409,0.1489650393837382,0.1494624527112057,0.1487887283611305,0.1471616235444132,commercial,10,autumn,0,1,0.36427082,0.36427082,3
11,2021-10-21,0.1460557641820239,0.1460557641820239,0.1460557641820239,0.1460557641820239,0.1460557641820239,0.1464557641822065,0.1475112724516852,0.1483061838169359,0.1605461005351381,0.2720994330035412,0.2479523480231922,0.3066990888190665,0.3130944989323323,0.2742180805322874,0.2069229231666165,0.166060302643106,0.1662018663858395,0.1548160704483754,0.1517485805219564,0.1516441732458788,0.1485821032564726,0.149462370313098,0.1487887716166547,0.1471583806799216,commercial,10,autumn,0,1,0.36427082,0.36427082,3
11,2021-10-22,0.1460557641820239,0.1460557641820239,0.1460557641820239,0.1460557641820239,0.1460557641820239,0.1464557641822065,0.1475038960831614,0.140543929123088,0.1595528221429358,0.2171267575917242,0.2343582640191218,0.3158254203944692,0.2960319387959881,0.2670044958148284,0.1754925281358039,0.1659586587572804,0.1662595955992332,0.1539798635013033,0.1517487679889695,0.150273096878912,0.1451874711774253,0.1432802138233737,0.1430314815781649,0.1471582728249023,commercial,10,autumn,0,1,0.36427082,0.36427082,3
11,2021-10-23,0.144901987278497,0.144901987278497,0.144901987278497,0.144901987278497,0.144901987278497,0.144901987278497,0.1475076654772274,0.1387319778422779,0.148432433327972,0.1745550584514723,0.1989356189229268,0.2645693335100487,0.2584753035136777,0.2269467733817679,0.1767574227018346,0.1527939510922902,0.1528176558336364,0.1493868386819389,0.1498080954579147,0.1475300201994691,0.1457806482863727,0.1475300201994691,0.1475300201994691,0.1453985229574987,commercial,10,autumn,1,1,0.36427082,0.36427082,3
11,2021-10-24,0.1461709870657465,0.1461709870657465,0.1450247200786656,0.1461709870657465,0.1461709870657465,0.1450247200786656,0.1470226311466206,0.1470293120934666,0.1459943663224628,0.162191458778691,0.1980718284663393,0.2775340673661688,0.301173356276319,0.267532534289762,0.168912033785669,0.1578946622965829,0.1546223207988202,0.149679742893216,0.1505015721666717,0.148974957379095,0.1464357217636131,0.148974957379095,0.1475300201994691,0.1463029062506727,commercial,10,autumn,1,1,0.36427082,0.36427082,3
11,2021-10-25,0.1473247639692735,0.1473247639692735,0.1460557641820239,0.1460557641820239,0.1460557641820239,0.1464557641822065,0.1475146040021019,0.1476279909374434,0.1605020814149859,0.180365561700118,0.2019229151183449,0.2451992320136189,0.2458219609281907,0.2456871097397519,0.1810499838154212,0.1660540676606891,0.1662570216495145,0.1558499433763434,0.1546880157969973,0.1530423450828524,0.1493369090623441,0.1508561867015499,0.1501242123922199,0.1476391800694197,commercial,10,autumn,0,1,0.36427082,0.36427082,3
11,2021-10-26,0.1473247639692735,0.1473247639692735,0.1464267688247153,0.1473247639692735,0.1466787556204828,0.1464557641822065,0.1481732208910066,0.1503338515095332,0.1619284768975168,0.2363946250335635,0.2457210771640501,0.2818461822337191,0.2449409993368694,0.2096558179859529,0.1663639826671379,0.1644663172731153,0.1662609974431965,0.1545009613517578,0.1531340158760444,0.1530411980512031,0.1494671130016604,0.1494972101518317,0.1487652087828259,0.1471426682652262,commercial,10,autumn,0,1,0.36427082,0.36427082,3
11,2021-10-27,0.1460557641820239,0.1460557641820239,0.1460557641820239,0.1460557641820239,0.1460557641820239,0.1464557641822065,0.1475502942543188,0.1396916370952053,0.157971143010845,0.181132912672681,0.2034669991265202,0.2714626087139052,0.2729882358604381,0.2389325446428223,0.1846025623815717,0.1659594392102105,0.166312903439962,0.1551214616589704,0.1531947769200179,0.1516448973057091,0.1504027429033335,0.1508399062524179,0.1501157177212514,0.147927783167557,commercial,10,autumn,0,1,0.36427082,0.36427082,3
11,2021-10-28,0.148683797102996,0.1473247639692735,0.1460557641820239,0.1473247639692735,0.1473247639692735,0.1464557641822065,0.1487971813604249,0.1502660954194787,0.160602261710218,0.1658105770863329,0.1862481783174526,0.2393467433387884,0.2563494954971004,0.2005560476318012,0.1752548200571319,0.1616553398734702,0.1606903398908932,0.1519255970083908,0.1453297724758661,0.1415999072243436,0.137431722534958,0.135223810700172,0.131791237457547,0.1385293396074391,commercial,10,autumn,0,1,0.36427082,0.36427082,3
11,2021-10-29,0.1365513972413096,0.1299842736665528,0.1381848849708489,0.1400304741093744,0.1433013223039199,0.1590726930736856,0.159818586795329,0.1428679788850557,0.1303063198592096,0.1574710658385536,0.1616982142273056,0.1779854700979765,0.2072361888537012,0.1849465600389208,0.1603558539938425,0.164445426532654,0.1632877356436411,0.1461300550858592,0.1432352631463294,0.1377319615708629,0.1321967686960264,0.1333569704957821,0.1301144491570312,0.1276004148951937,commercial,10,autumn,0,1,0.36427082,0.36427082,3
11,2021-10-30,0.1211891423041359,0.117250446754591,0.1154760850680026,0.1184845681045791,0.1241095684712237,0.1350791180676009,0.1453145921910972,0.116277433406973,0.1204131833762998,0.1429072689783086,0.1505809461057912,0.1610305551017744,0.2021930626647073,0.1964684415388901,0.1620428860188701,0.1512914058664551,0.1498616052032385,0.1421976060137825,0.1403343992865676,0.1342964757841792,0.1319492835664135,0.1307446347881732,0.125430750773561,0.1249128003834166,commercial,10,autumn,1,1,0.36427082,0.36427082,3
11,2021-10-31,0.1255803102819655,0.1269611099124077,0.1234271130717514,0.1200857436351231,0.1189833304565265,0.1178124851567366,0.118361373922201,0.1190278070253861,0.1198814657157685,0.1303889516490228,0.1418698585709227,0.1447214985720027,0.1498386731402273,0.1498763651957318,0.1489643848752819,0.1529524408755381,0.1513549564268113,0.1488004880713206,0.1468826163637672,0.1454443325469561,0.1425468280590204,0.1422034413516836,0.1443588133035638,0.144901987278497,commercial,10,autumn,1,1,0.36427082,0.36427082,3
11,2021-11-01,0.1460557641820239,0.1460557641820239,0.1460557641820239,0.1460557641820239,0.1460557641820239,0.1464557641822065,0.1504727829230284,0.1359294562538375,0.1532294599622747,0.1644879064394337,0.1775376379614456,0.2049107007984307,0.2114978806444024,0.2118118561914728,0.1890436416254078,0.1644415834874534,0.1647337049453662,0.1545018105073201,0.1503616062044079,0.1515949374809384,0.1489350812355859,0.1508740956955412,0.1487744881084092,0.1473965743320435,commercial,11,autumn,0,1,0.36427082,0.36427082,3
11,2021-11-02,0.1473247639692735,0.1473247639692735,0.1460557641820239,0.1473247639692735,0.1460557641820239,0.1464557641822065,0.1474989446121564,0.1472282370760781,0.1604558350019395,0.1695582387604217,0.1882764759616375,0.2147357221102766,0.2275558788932931,0.2261401458721495,0.2256751379731914,0.1644376336683475,0.16473404359153,0.1545019596289068,0.1531350541520984,0.153041819768528,0.1489529729808573,0.1508566388517545,0.1487654151808091,0.1471428351686746,commercial,11,autumn,0,1,0.36427082,0.36427082,3
11,2021-11-03,0.1460557641820239,0.1460557641820239,0.1460557641820239,0.1460557641820239,0.1460557641820239,0.1464557641822065,0.1475421215792096,0.1490276250224895,0.1606063942633412,0.1624141935480536,0.1859661110169903,0.2875756539878155,0.3022112654837892,0.2152642906348164,0.1845468021530988,0.162996965474903,0.1633440254085117,0.1540059559351062,0.1517513014603876,0.1502663412815636,0.148300469491085,0.1494710512865432,0.1487975688159862,0.1471687655953757,commercial,11,autumn,0,1,0.36427082,0.36427082,3
11,2021-11-04,0.1473247639692735,0.1460557641820239,0.1460557641820239,0.1460557641820239,0.1460557641820239,0.1464557641822065,0.1475189599406469,0.1466372105843333,0.1605598231329391,0.1663920675296292,0.1864958338638096,0.2142432408267412,0.2476111680338016,0.2470024104172621,0.2540565125235637,0.1659570464699732,0.1662613337454704,0.1559471938983634,0.1517211391161822,0.1516248707860414,0.1490509049859938,0.1508301225206703,0.1487976188341055,0.1474152083436583,commercial,11,autumn,0,1,0.36427082,0.36427082,3
11,2021-11-05,0.1473247639692735,0.1473247639692735,0.1466787556204828,0.1473247639692735,0.1473247639692735,0.1464557641822065,0.1475135521110872,0.1490979848566538,0.1613723805724911,0.1678969805679074,0.1903821400165659,0.2936072020915713,0.2880403107120755,0.2846538995308605,0.278508151278394,0.1659571976263521,0.166261675705804,0.1562438696029243,0.1531354494033995,0.1515971443329459,0.1495608269005148,0.1494708526944081,0.1501507756847275,0.1472795245408771,commercial,11,autumn,0,1,0.36427082,0.36427082,3
11,2021-11-06,0.144901987278497,0.1461709870657465,0.144901987278497,0.144901987278497,0.144901987278497,0.144901987278497,0.147502299552276,0.1475780325824923,0.1506985442025352,0.161692408980881,0.1763219856975298,0.2265168380177968,0.2680438302637354,0.2588584163821184,0.2482291133551526,0.1544900793689247,0.152811179639267,0.1515025612791246,0.1498480589367155,0.1610474884664135,0.1548333704568688,0.1475300201994691,0.1503813738518133,0.1517060639264133,commercial,11,autumn,1,1,0.36427082,0.36427082,3
11,2021-11-07,0.1475300201994691,0.1486454779874501,0.1479006611462688,0.1461709870657465,0.1461709870657465,0.144901987278497,0.1470208355553495,0.147014215854712,0.1475018820203129,0.1853768016534324,0.2141391435757262,0.307260789056575,0.3292283469668602,0.2803702487210499,0.313721892490054,0.1599601668315791,0.1720894164017261,0.163080733270858,0.1551253120723581,0.1605974645532626,0.1461709870657465,0.1475300201994691,0.1461709870657465,0.1455249787169559,commercial,11,autumn,1,1,0.36427082,0.36427082,3
11,2021-11-08,0.1460557641820239,0.1444571188647636,0.1426316554944771,0.1568737025779871,0.1822003964886957,0.1990141175444242,0.1802572262262297,0.1654028916349257,0.1500298455857411,0.1374293721450293,0.1527324366579837,0.1608961304058016,0.159894670162934,0.1605236204219997,0.1606635454632536,0.151780054795285,0.146247108718261,0.1255647076117211,0.1216266353291209,0.1445284940837655,0.1675573312110418,0.1672772367690661,0.1977935922135758,0.2138960692866398,commercial,11,autumn,0,1,0.36427082,0.36427082,3
11,2021-11-09,0.2217912849673023,0.2262445768338614,0.2279273036226821,0.2276496828234951,0.2279418739141413,0.2339973581336012,0.2235980491293311,0.2120591771644557,0.1961721399730396,0.1671591276714947,0.1484296551429315,0.1585896042499196,0.1595969128572291,0.160523871187438,0.1606638825067176,0.1510760928568324,0.1441927535169133,0.1250356115843347,0.1252306779900855,0.1420506992213348,0.1666259493742771,0.1702288575457469,0.178550778231288,0.2018748464188004,commercial,11,autumn,0,1,0.36427082,0.36427082,3
11,2021-11-10,0.1982077195512048,0.2006906576695298,0.2182570485706192,0.2015047895593616,0.2021707627459081,0.2185745802736167,0.1978331969085288,0.1925289229361259,0.1825568901564166,0.1537755673274156,0.1417244762304403,0.1511096733267586,0.1589010578446632,0.1606772873991164,0.1606642179874929,0.1542665313090337,0.1482422995120161,0.1282110477772976,0.1206838803987457,0.1293912327165948,0.1513886947101929,0.1573140918986887,0.1746088768827229,0.1791480128064087,commercial,11,autumn,0,1,0.36427082,0.36427082,3
11,2021-11-11,0.1807984420729629,0.1837713301589614,0.2063381927630267,0.2015267899477125,0.1898234650406541,0.2137745551684779,0.195897984648511,0.1797969793590388,0.1682573870703832,0.1484122547812372,0.1597146276191018,0.1615812855865021,0.1596058958274909,0.1605243691564043,0.1612148517811701,0.1562029738292806,0.1497460873048206,0.1321028722269391,0.1238227984602239,0.1217367935749106,0.1285513710990494,0.1288523480431308,0.1472288284571214,0.1552706767617766,commercial,11,autumn,0,1,0.36427082,0.36427082,3
11,2021-11-12,0.157947853575423,0.1592709865932347,0.1724679671109953,0.1641662629460246,0.1653879920111018,0.1741365668857525,0.1776739868681507,0.1648637329027828,0.145402187134379,0.1410205734883483,0.1603063484806334,0.1639828939455477,0.1631560159117568,0.1765559794963607,0.1757167107029446,0.1618872192692074,0.1528355194081919,0.1352066450178287,0.1279300573958996,0.1251625999069668,0.1210253022956687,0.1188413690445264,0.1172751782146083,0.1257273542184478,commercial,11,autumn,0,1,0.36427082,0.36427082,3
11,2021-11-13,0.1226604598216854,0.1282705257036751,0.149768289383821,0.1629887232692964,0.1659907889520502,0.1718834494577965,0.158905986872238,0.1547771384800332,0.1331178265423918,0.1383974934960061,0.150491111782185,0.1562113895090428,0.1739035698943747,0.1695405324942947,0.1653997826064867,0.1484953475477054,0.1424764558250552,0.1295857604330272,0.126328499377797,0.1205517626960751,0.1172254406776307,0.1158499533643809,0.1319350936557556,0.1326367580551412,commercial,11,autumn,1,1,0.36427082,0.36427082,3
11,2021-11-14,0.1429890263443808,0.14806254573358,0.1626613199418611,0.1543510992223302,0.1689633730276273,0.180084627557823,0.1903187954207498,0.1715364213453722,0.1427709743278949,0.1280220233959791,0.1460006224182083,0.1490828683085484,0.1780183656314126,0.1911033340067006,0.1657572850550824,0.1483838403678305,0.1420317151242037,0.1325780661394639,0.1263052892264236,0.1232907363124202,0.1161365489565112,0.1147241729321264,0.1176516459574258,0.1320578930902291,commercial,11,autumn,1,1,0.36427082,0.36427082,3
11,2021-11-15,0.1391521339254272,0.147660839864338,0.1686562844441383,0.1616815143899385,0.1619962035955784,0.1848635388028777,0.1754901827029366,0.1559330684364459,0.1311046351273901,0.1435818997811694,0.1585445629569165,0.1606857865238977,0.1596081526667071,0.1605253487902805,0.1606626192817709,0.1586349757054828,0.1535513260717309,0.1342913047283777,0.1260637960720885,0.1224966583341795,0.1219285422094659,0.1260049304660259,0.1280996124702531,0.1439536630033221,commercial,11,autumn,0,1,0.36427082,0.36427082,3
11,2021-11-16,0.1360089908744197,0.1490512769761305,0.162169749175999,0.1683542079023338,0.1585459206226403,0.1737282700472588,0.1668823193053605,0.1491725776005508,0.1286983312781213,0.1415437053890657,0.1557174695954048,0.1607145703934457,0.1622290409819181,0.165352206847312,0.2022039127444773,0.1632625317127754,0.1647416347197409,0.14869752070443,0.1391406975038926,0.1346696653063885,0.131167665569125,0.1303191523896874,0.1285775542968356,0.1335750644072241,commercial,11,autumn,0,1,0.36427082,0.36427082,3
11,2021-11-17,0.1332360513080174,0.1363941033716395,0.1479848200678338,0.1326969517683082,0.1329577878452666,0.1508406578012057,0.1464210136046499,0.123640030033964,0.1394177760905861,0.1597258647423938,0.1626508278124168,0.2023344704405365,0.2364798482314301,0.2136551651517374,0.1638643518876922,0.1630053997234977,0.1632941328153229,0.1511808853192908,0.1412354905358449,0.1344349977687679,0.1305961362430953,0.1287156883692787,0.1283031121323563,0.1338001938694127,commercial,11,autumn,0,1,0.36427082,0.36427082,3
11,2021-11-18,0.1381530311420244,0.142390375545602,0.1581411848497705,0.1554634486729969,0.1557228721202217,0.1776549067847183,0.1718844366353254,0.1540747776346724,0.1310803717427113,0.1486303752088625,0.1606287431512996,0.162130692033206,0.1668723334128264,0.1904152132096229,0.1887578759199139,0.1606284511281186,0.1606349649367201,0.1480008908332963,0.1365006814802397,0.1295378158620083,0.1284301738218218,0.1291681241305436,0.1335124786634687,0.1447123025190777,commercial,11,autumn,0,1,0.36427082,0.36427082,3
11,2021-11-19,0.1476523313803576,0.1551648437127083,0.1584262521460522,0.1544583167397885,0.1642317201788339,0.1734881808267651,0.1694609433830462,0.1465408280075713,0.1349521397381302,0.1588804653679213,0.1615502142434162,0.1783028180180943,0.1868895623534235,0.1686835781408359,0.1612868854215427,0.1619011022225596,0.161886154214595,0.151551483299534,0.1439106337238944,0.1379421729295292,0.1366071898639957,0.1364961768456638,0.1324879578629963,0.1446308767566254,commercial,11,autumn,0,1,0.36427082,0.36427082,3
11,2021-11-20,0.144901987278497,0.1410279057315892,0.1432217996972255,0.144901987278497,0.1436128321479148,0.1559053127666901,0.1573943482795747,0.1337768336189267,0.1365421810770862,0.1503572264133368,0.1553693386428684,0.2105905085983109,0.2220627721315161,0.2560953501304666,0.2186509338086537,0.1498573774956273,0.1498468782659575,0.1463710186367494,0.1470463485542222,0.1461709870657465,0.144901987278497,0.144901987278497,0.144901987278497,0.144901987278497,commercial,11,autumn,1,1,0.36427082,0.36427082,3
11,2021-11-21,0.144901987278497,0.144901987278497,0.144901987278497,0.144901987278497,0.144901987278497,0.144901987278497,0.1457578448008123,0.1445543067649039,0.1456739873690487,0.1548604860858524,0.1663377164749484,0.2154924573166775,0.2608376881782145,0.2240586315980897,0.1984535367661039,0.1470175052357007,0.1470239925785732,0.1476794227917021,0.144901987278497,0.144901987278497,0.144901987278497,0.144901987278497,0.144901987278497,0.144901987278497,commercial,11,autumn,1,1,0.36427082,0.36427082,3
11,2021-11-22,0.1460557641820239,0.1460557641820239,0.1460557641820239,0.1460557641820239,0.1492187653195449,0.1482885166396216,0.1803014283927734,0.1628082365115931,0.1609568471046308,0.155361350767978,0.1485058969985963,0.1461053556099,0.1407999841151575,0.1302598249832072,0.1359217852069737,0.1353208080009584,0.1526678884359491,0.1912230676827658,0.1945811998155039,0.1982223224614909,0.2083934785619265,0.2138618803456413,0.2341602180376232,0.2707080271364758,commercial,11,autumn,0,1,0.36427082,0.36427082,3
11,2021-11-23,0.2530510526501313,0.2746473472048332,0.2627637797684618,0.2776448152417372,0.280474106081004,0.278795702188553,0.2543464619605609,0.247526428108189,0.2432801268977463,0.2081975206406804,0.193736422886954,0.1802785554343021,0.1819440512607526,0.1771590149666254,0.1916310455862333,0.2095360375897943,0.2255170937335875,0.2424432542214973,0.2371341219745835,0.2380032441604871,0.2427660141168482,0.2414439105826265,0.2609997286965098,0.2636539538015514,commercial,11,autumn,0,1,0.36427082,0.36427082,4
11,2021-11-24,0.2601224401261056,0.2618608920791006,0.2715755491953467,0.2643271621913786,0.2673934237087115,0.2807175077666965,0.2599684833420595,0.2416257874113325,0.2162222557323496,0.1825474929917463,0.1565604960465112,0.1596057783432466,0.1596048620883451,0.1605274525161485,0.1606686960226614,0.1460364130730298,0.140312729883552,0.127984606784732,0.148613448548551,0.1804067862425354,0.1842988026379714,0.1925531202605474,0.2049428627540292,0.2197863801224296,commercial,11,autumn,0,1,0.36427082,0.36427082,4
11,2021-11-25,0.2217824153485072,0.2236865038143453,0.2370642672962813,0.2413765616222386,0.2427451205816655,0.2334236267348952,0.2174956461171671,0.2001560932050671,0.1855516682623071,0.1674172993386437,0.1609868407531336,0.1633906098984978,0.1820242388746136,0.1729517099234921,0.1638630623504441,0.1569441306747499,0.1538589958682416,0.1315920428586599,0.1245890100814952,0.1239019682775017,0.1324942346943669,0.1530847822749451,0.1539027744014049,0.1703494474215293,commercial,11,autumn,0,1,0.36427082,0.36427082,3
11,2021-11-26,0.1743418256613519,0.2054588331959227,0.1921678354436449,0.2117427648820935,0.1999387910523159,0.2137617966501278,0.2048340180803484,0.1876288655368492,0.1648148975500134,0.1519447647474049,0.1606901382491482,0.1650892975548324,0.1876320147495704,0.1916872683554304,0.1887123592226723,0.1632621508327883,0.1600573496169949,0.1369222379073323,0.1301310051303811,0.124459173932846,0.1198833299345902,0.1195769776702928,0.1340182641334572,0.1463233261910338,commercial,11,autumn,0,1,0.36427082,0.36427082,3
11,2021-11-27,0.1609838033285748,0.1658442762893459,0.1667433981186091,0.1724066830673159,0.1889583462239632,0.1927198470967348,0.1869302125793135,0.1794442457266161,0.1517289290226461,0.1410620499665814,0.1516008340733143,0.1533730299258835,0.1771079302988022,0.1893172816734309,0.1714977310658087,0.1598594809418465,0.1455229782657536,0.1336829465980454,0.1283235675971185,0.1220486814342285,0.1165373590138957,0.1297581853103114,0.1305823972985217,0.1511547919006018,commercial,11,autumn,1,1,0.36427082,0.36427082,3
11,2021-11-28,0.1579529094254999,0.1628687124528058,0.1737883403378947,0.1715676300750304,0.1867336500245037,0.1976187441016714,0.1938878830021798,0.1883375637101867,0.1561888766011948,0.1297006375660765,0.1466838745291331,0.1493496744099975,0.1836365970103757,0.1818490696684452,0.1660635813869117,0.1561935600174918,0.1483753731698983,0.1391752384101597,0.1316725472622718,0.1257371226223884,0.1227540723793355,0.1223418628122768,0.1209890884786492,0.1289007419568295,commercial,11,autumn,1,1,0.36427082,0.36427082,3
11,2021-11-29,0.1517606015891434,0.1598111721377262,0.1572785153209329,0.1681327364554891,0.1686831472186457,0.1769638513453882,0.1804681893952714,0.1648425849374142,0.1400632656110835,0.1581617510014434,0.1628530855240079,0.1691271592875339,0.2159016424958491,0.2335054977909449,0.223700104936263,0.1958775426154601,0.1647742695327896,0.1485701347159586,0.1375456130235443,0.1294226779284621,0.1261599816956836,0.1241824352328342,0.1261867985862873,0.1304862209410789,commercial,11,autumn,0,1,0.36427082,0.36427082,3
11,2021-11-30,0.1367523681557847,0.1447148039086375,0.1556750903790564,0.140638001460132,0.1394688551374238,0.1719799577013958,0.168524843605576,0.1546098749878303,0.1324266694514597,0.1559134088686818,0.1617018013905736,0.1639383137522786,0.1840183192772155,0.193788148386386,0.1711040722178518,0.161447408091315,0.1559946371670895,0.1376110846241513,0.1256940186200757,0.1208571853788729,0.1356748971601911,0.1423605633403572,0.1507811659637384,0.1480061470889553,commercial,11,autumn,0,1,0.36427082,0.36427082,3
11,2021-12-01,0.1333062255580674,0.1548780904086976,0.1611888198467502,0.1687714480024153,0.1758192780356895,0.1796133537111707,0.1787519596496689,0.1652697507460905,0.1464171493947237,0.1454443015475395,0.1607136911324739,0.16320467904763,0.1818113122256339,0.1872702006859923,0.1810884208379856,0.1603632235882671,0.1606824146586243,0.1430544161028141,0.1305590267622812,0.1252568621222105,0.1233345284334759,0.1257715852429711,0.1342672451927966,0.1546735475116351,commercial,12,winter,0,1,0.36427082,0.36427082,3
11,2021-12-02,0.1713491441786641,0.1767231034056244,0.1800887631997103,0.1974939856480211,0.2022410180945171,0.2107903115911955,0.2046645753938294,0.1950675164383911,0.1776434332269675,0.1500917555809963,0.1381944852455384,0.1535574764718145,0.1596088164636297,0.1619949000251406,0.1665970155768109,0.1606515692196199,0.1567270311914289,0.1382395416501999,0.129461644478717,0.1249357297398638,0.1332434456221219,0.1411095374546792,0.1474433263387145,0.1570418449388788,commercial,12,winter,0,1,0.36427082,0.36427082,3
11,2021-12-03,0.1626554552595168,0.1718805631570091,0.1764341392560293,0.1806809564006167,0.1962167874961922,0.2019507743862009,0.1998619472296505,0.1888616992344838,0.1708960403933417,0.1485278828949771,0.1448400766811596,0.1594594349167185,0.159617228223125,0.1608122915198247,0.1610292205533882,0.1606456981676171,0.1575320859900216,0.1392147461253959,0.1317908555370258,0.1269474658187194,0.1291278985902175,0.1426477257291469,0.152777652306815,0.1670923349916897,commercial,12,winter,0,1,0.36427082,0.36427082,3
11,2021-12-04,0.1652627630989435,0.1776933445611026,0.1809307135930256,0.1860478352445449,0.1854529179897423,0.1990113372820955,0.1955602977771115,0.1895967715628577,0.1674010048797478,0.1454682646937764,0.1315577987988859,0.1396274168626818,0.1422542345502041,0.1461874951220107,0.147266362674856,0.1472291003963106,0.1334074022148079,0.1234411850432609,0.117759899940381,0.1288717116439782,0.1474167082677629,0.162812986167539,0.183786531222097,0.1891632204058161,commercial,12,winter,1,1,0.36427082,0.36427082,3
11,2021-12-05,0.190823363722322,0.1948676182134984,0.2000432301200406,0.2118954430151728,0.2281704709245623,0.2121078387928734,0.2162773842777007,0.2053209695702388,0.1915870462116101,0.1547357571766104,0.1340957925415807,0.1338746829370783,0.1422658570209469,0.1454146900133605,0.1457902120767816,0.1452112924054587,0.1262425325282276,0.1171414750707766,0.1391844485670836,0.1724025619632775,0.2037259532127168,0.2194041969505847,0.2236909411147338,0.2263002909745757,commercial,12,winter,1,1,0.36427082,0.36427082,3
11,2021-12-06,0.229377644830741,0.2176447107589018,0.234237713574222,0.2357941385951023,0.2389732041218294,0.243074934734839,0.2244478208679143,0.2106999344170157,0.1968423996989138,0.1711457375614761,0.1629342606178686,0.1615608203430585,0.177639467825937,0.1636464994556816,0.1681788016250607,0.16036382366418,0.1529574042632196,0.1348038856904673,0.1241130337174795,0.1395962569726245,0.1610619367449467,0.1752433980413427,0.1915075651165218,0.2087126068239703,commercial,12,winter,0,1,0.36427082,0.36427082,3
11,2021-12-07,0.2158621353705216,0.2177586025805163,0.2204444263985185,0.2237073261086144,0.2237155378926947,0.2257370297962096,0.2127045045921158,0.2002471987628956,0.1863813502978718,0.1642003072305868,0.1465548309139743,0.148530004052251,0.1581708305304784,0.1607543379358528,0.160672337329343,0.1606467089181703,0.1459157382460127,0.1273484119735527,0.1301602589955007,0.1512925819393566,0.1661484589965144,0.1812887443283197,0.2092698645437136,0.1932731437471184,commercial,12,winter,0,1,0.36427082,0.36427082,3
11,2021-12-08,0.2007423299972806,0.2180359012850359,0.2247569492534052,0.2224155404467115,0.2397653111214066,0.2409579955534223,0.227390007730311,0.2155430383087016,0.2009090025288783,0.174764626686124,0.1615667541924818,0.1665045796566249,0.1596193937833513,0.160837581247465,0.1604764294389158,0.1603716894053055,0.1437685671483725,0.1239985596474971,0.1339504127039426,0.165449033333592,0.1950219798463601,0.2089374734713158,0.2319725955679533,0.2514039720967725,commercial,12,winter,0,1,0.36427082,0.36427082,3
11,2021-12-09,0.2705439253927188,0.2737469752188756,0.2878774946538281,0.3008684051461956,0.3050645335764501,0.3284794763853869,0.2914102081479298,0.2775133987371402,0.2571853537402894,0.1994474187710983,0.1775923496394679,0.1668724366287223,0.1590271888950284,0.1607582425403045,0.160669548146725,0.1601086860010628,0.137218473728116,0.1329869498731077,0.1768875824814363,0.2057224482737508,0.2169991000965921,0.2292062724782114,0.2577725083415091,0.2662478015608022,commercial,12,winter,0,1,0.36427082,0.36427082,4
11,2021-12-10,0.2797088968323373,0.2658325377829412,0.2814384856085829,0.2879471462163148,0.2916909842008805,0.3108265319249958,0.2687998228291027,0.26398225179465,0.2313905676911499,0.1840202220040976,0.1736393592212859,0.1654937057790791,0.1635985953890874,0.1612612136386431,0.1604769351188256,0.1603719198484771,0.1430436892184488,0.1264970034796619,0.1361040784561756,0.1501854572831324,0.1698772421247033,0.1766629169181591,0.1860550199987824,0.1891312140043678,commercial,12,winter,0,1,0.36427082,0.36427082,4
11,2021-12-11,0.1904594586534085,0.192317658043241,0.2073783890497945,0.2094415081209554,0.2264022431308176,0.2299258645538135,0.2172638491892873,0.2036498767559132,0.1941427176822874,0.1683142943086557,0.1580841914062186,0.1519468885291878,0.1510447144507847,0.1497598043971792,0.1471967494416245,0.1470310469989687,0.131601911867857,0.1210239169316411,0.1189674805331784,0.1231043741220479,0.1559730108717706,0.1532595308687684,0.170181232607368,0.1900819295552325,commercial,12,winter,1,1,0.36427082,0.36427082,3
11,2021-12-12,0.1942216591974042,0.1973470978444249,0.2060577700248115,0.1992611981114957,0.2015399241565223,0.2234791934279427,0.2177810570736831,0.2119555323106491,0.2087820881705896,0.1798825324182994,0.1723519681414223,0.1580124837776523,0.1127877921514643,0.1169616227751341,0.1155365211625718,0.1248498309005587,0.1479334131485637,0.1663461173283422,0.1719188224738758,0.1857377213837756,0.2012234921454902,0.1886566336727276,0.1902467198412049,0.2039098536637356,commercial,12,winter,1,1,0.36427082,0.36427082,3
11,2021-12-13,0.2060551630732725,0.2063377029809843,0.209078566015299,0.2063819814948905,0.2106388125620007,0.2125732897823369,0.2009653913898537,0.1956823524643569,0.1956195478026889,0.1791760847647684,0.1692183727879276,0.1622708082715607,0.1624049070604024,0.1595379079267013,0.159215200163281,0.1545552308253042,0.1673367519675748,0.1880471041603135,0.1836972398271963,0.1834340140887582,0.1927103819965039,0.1942863067836112,0.1972479196390515,0.205903452894916,commercial,12,winter,0,1,0.36427082,0.36427082,3
11,2021-12-14,0.2073872641935047,0.222347306793056,0.2198500771202815,0.2088838406477049,0.2201816192492923,0.2187778371166795,0.2131306312837198,0.1999973980096324,0.1860274451030241,0.16468439098002,0.147717913796665,0.1465631411434146,0.1486838316740429,0.1509134205300866,0.1506156361806304,0.1491531337354399,0.1423124796329409,0.1376118033780959,0.1532548246353107,0.1606009635453712,0.1727270251157051,0.174056827111704,0.1751714452250236,0.1913961609254234,commercial,12,winter,0,1,0.36427082,0.36427082,3
11,2021-12-15,0.2012408584007168,0.2037179976399614,0.1991790522132835,0.2032348705382473,0.213079298878004,0.2057381222399172,0.2100688288017561,0.1922645247670269,0.1778750032460234,0.1608145251331347,0.1496827086028419,0.1550197098126874,0.1595760926224241,0.1608397292818464,0.1605672611800388,0.1603852881030679,0.1499470077284722,0.1321906411006741,0.1403830290490911,0.1599870945821994,0.1605543005665479,0.1807872754042261,0.2092557192969704,0.1978302061263132,commercial,12,winter,0,1,0.36427082,0.36427082,3
11,2021-12-16,0.2189252380140904,0.2300565961385657,0.2173926861250525,0.249245725419297,0.2527716500261621,0.2516304538770621,0.2379192021232648,0.229523459801858,0.2173814683455811,0.1875794712177102,0.1741647893943083,0.1541738954832476,0.1304428173853458,0.1346789788539027,0.1353258323079751,0.1310416398568532,0.2114089800262708,0.2475685630881219,0.2618334150527007,0.2718382098979416,0.2898522449231309,0.298524388217686,0.342481989828901,0.3523739971241519,commercial,12,winter,0,1,0.36427082,0.36427082,4
11,2021-12-17,0.3402090432911535,0.3662269472592945,0.3581447299622157,0.3703429476272255,0.3745426191918869,0.3805902256216059,0.3326023956583417,0.3304318155088192,0.3114262503141676,0.2647330054757916,0.2442446566316357,0.1891419253432326,0.1474680699731332,0.1450613123869139,0.1614914238970964,0.2086800435774401,0.280936581248786,0.326928792838588,0.3363876120397505,0.339866482779511,0.354530849663907,0.3676472356577291,0.445434964086196,0.4614727425575051,commercial,12,winter,0,1,0.36427082,0.36427082,4
11,2021-12-18,0.4968199834903205,0.504394202188551,0.515470450467759,0.5441573939044083,0.5504800153469699,0.5610706904452877,0.4914480964754056,0.4754085941110392,0.390739970942836,0.2575810641224779,0.2155411836753388,0.1702520337276236,0.1321994364450419,0.1344421577763528,0.1306340302791737,0.1286897396226531,0.1792338971451153,0.2378824371224478,0.2976438724176142,0.3243385201480036,0.3327148318925809,0.3312838587554789,0.3358460757903943,0.3735004035001636,commercial,12,winter,1,1,0.36427082,0.36427082,4
11,2021-12-19,0.3941368670601695,0.400888313179589,0.4516821225351026,0.4492643289495651,0.4554266405858422,0.5023703103883613,0.5073622562869244,0.4783354487409446,0.4238680267661271,0.2642372531536719,0.2306010594922705,0.1792922907309614,0.1273419117410721,0.1287437780532921,0.1217383181239099,0.1181796329105522,0.1875604017180288,0.2414921166209228,0.2542212724211775,0.2599384595483135,0.2782325000869751,0.2800644701519666,0.2843975047911262,0.3090946509455912,commercial,12,winter,1,1,0.36427082,0.36427082,4
11,2021-12-20,0.3055325547883107,0.3260076362623459,0.3294856126266094,0.3480737635999836,0.3751286152034209,0.354056960430304,0.3350068349695578,0.3208961784367952,0.2858796923026667,0.2145975162350638,0.1934993440319576,0.1661292422368259,0.1551666253333841,0.1578591606173184,0.1582206712588027,0.1566346703246271,0.1343360994285364,0.162980483173992,0.2014306117908581,0.2234564519625655,0.2371542776633722,0.2492997663482293,0.294982265373534,0.2759168925874756,commercial,12,winter,0,1,0.36427082,0.36427082,4
11,2021-12-21,0.3008119163351788,0.3189128544167644,0.3144268058075404,0.345356699426917,0.3490233846637641,0.3475041648670448,0.3320147876281397,0.3164505976428478,0.2725342551604167,0.2103710607946453,0.1812105350645843,0.1714373478669183,0.1591894511112111,0.1608413375989112,0.1604783049968874,0.1594386100974094,0.1356596172186221,0.1429748058162893,0.1871478092606097,0.2123674135228443,0.2289121521953621,0.2351919779284495,0.2625789180950267,0.2712771740570386,commercial,12,winter,0,1,0.36427082,0.36427082,4
11,2021-12-22,0.2641059209897795,0.2740147574811372,0.2781074752258215,0.276245457013858,0.292955859217788,0.297321260315171,0.2649443691219814,0.2556304385336986,0.2315426242458943,0.1809601819302218,0.157483907370783,0.154622199782212,0.1579869914866098,0.1607697235427301,0.1606067648337407,0.1603654334524719,0.143104007605115,0.1257257049537385,0.1523283032705234,0.186811622647374,0.1914644713414118,0.2102241178039434,0.2189893891368891,0.2324530850802491,commercial,12,winter,0,1,0.36427082,0.36427082,4
11,2021-12-23,0.2213337232391063,0.2221721303093261,0.2330592019467529,0.2375837432892563,0.2239226552410236,0.2291438828340795,0.2132939785553314,0.2041071850346239,0.1878135758673967,0.1629964489493951,0.1488266546719537,0.1481019291779215,0.1522670849342154,0.1518834470162301,0.1515015147352338,0.1433157705803632,0.1411762705525004,0.1426926546591559,0.1649577204599408,0.1738840864539345,0.1775279491510333,0.1898307442355798,0.178118567979412,0.1838344551619456,commercial,12,winter,0,1,0.36427082,0.36427082,3
11,2021-12-24,0.1739894356124775,0.1859421388167531,0.1923884620505935,0.2232053732700717,0.2395115109111992,0.2242546697252206,0.2241486558640253,0.2126504726584687,0.1877602139476618,0.1676988661137633,0.1614152657640741,0.1622666557712457,0.1712061741940483,0.1761111571170993,0.1657687402968151,0.163387226703559,0.1576901553708054,0.1369260234152019,0.1283383707276645,0.1225171525191408,0.1250897380220032,0.1379525954385132,0.1482242489337512,0.1715149341744851,commercial,12,winter,0,1,0.36427082,0.36427082,3
11,2021-12-25,0.1875566271069008,0.2075405502633219,0.2037679556661686,0.2299521186901912,0.2320348299572156,0.2276873821088112,0.2304183278486841,0.2317305253712098,0.197459622499529,0.172180436891456,0.1630521020537763,0.1569328599622093,0.1486508737326091,0.1508752873156599,0.1498838306966595,0.147240011048894,0.1332750696645197,0.1227630337694351,0.1214259657401303,0.1558622620784341,0.1795523311646348,0.2066276235303256,0.2097913879093211,0.2030124090728585,commercial,12,winter,1,1,0.36427082,0.36427082,3
11,2021-12-26,0.2177274218252422,0.2209603374621362,0.2164184627584446,0.21309842828925,0.2150591876829036,0.2284399320402847,0.2339355191768353,0.2215308634549365,0.198809049330523,0.1644938609161247,0.1450926512828282,0.1336059113573256,0.1459541631460566,0.1546535876516395,0.1495273942794244,0.1457576059918174,0.1314178635851551,0.1247612936099385,0.116772506585416,0.1405933882843078,0.1771675321101457,0.1971883734573581,0.2033889972311452,0.2212471435862705,commercial,12,winter,1,1,0.36427082,0.36427082,3
11,2021-12-27,0.2273312543095167,0.2298984189683268,0.2312746112514425,0.2369513936575891,0.2371645869282483,0.240153301303654,0.2316524163195849,0.2212515364261916,0.1957398111227836,0.1739369944433166,0.1676469592090417,0.1630558944772829,0.1627604540094004,0.1629542016228511,0.1638347463957629,0.1603658130306725,0.1519617087426999,0.1335444276319075,0.1250754116785431,0.1372093435727474,0.1592149320345781,0.1720163995971615,0.1929890023263908,0.2108128844637337,commercial,12,winter,0,1,0.36427082,0.36427082,3
11,2021-12-28,0.1977967489807605,0.1980363968564531,0.207848145663872,0.2011999379266011,0.2028978186479197,0.2218810501258975,0.2035831546899114,0.1902651518442296,0.1887287764204541,0.162842452469769,0.1457915263887102,0.1403069633170584,0.1415121670526642,0.1434308350419279,0.1409084865402477,0.1353063649724691,0.1392866444783293,0.1570671656400126,0.166767514228319,0.1729081803715928,0.1827420860584533,0.1836860637058681,0.1903404697720452,0.2047958689848941,commercial,12,winter,0,1,0.36427082,0.36427082,3
11,2021-12-29,0.2075976890411927,0.211401736520883,0.2157982244527621,0.2113152354575686,0.2120935139261994,0.2169052804977395,0.2058043288329605,0.2039585833398048,0.1804141747674472,0.1654555485265457,0.1620807411416459,0.1637994893979196,0.1759090331424136,0.200779906406691,0.1954492182257429,0.1625293727001139,0.1604902757777252,0.1398097957527611,0.1291382332668648,0.135391104019679,0.159741288960455,0.1615232399553354,0.184928443588199,0.1978619467457179,commercial,12,winter,0,1,0.36427082,0.36427082,3
11,2021-12-30,0.1967241983415386,0.2005461038584271,0.215564530929453,0.2180183458637453,0.2205601911612157,0.2310783701670112,0.2000690027010573,0.1917336657142288,0.1867367009185635,0.1560546231283699,0.147744616528286,0.1459632156186754,0.1564876122968298,0.1608154627499163,0.1605748707227406,0.1619232913283943,0.1580047560002105,0.1355652979083667,0.1266911905695181,0.1233980416070733,0.1336022516624053,0.140181665039992,0.1539065210397836,0.1745340951972591,commercial,12,winter,0,1,0.36427082,0.36427082,3
11,2021-12-31,0.1910145326153116,0.1942304407815424,0.2080327639347085,0.2122516283713878,0.2294328777535332,0.2270973621425212,0.2135365871987746,0.2079756830992898,0.2026699706428524,0.1752881457382878,0.1702135897690443,0.1660677725284065,0.1597576457258868,0.1630326045096511,0.1606771513397905,0.1606575297943725,0.1479851013893355,0.1293838566572104,0.1246230003158931,0.1427714647633952,0.1700216468244519,0.1780066452126842,0.2211001173782648,0.2265152090910515,commercial,12,winter,0,1,0.36427082,0.36427082,3
12,2021-01-01,0.0188210732705382,0.019540645575872,0.0198326381282147,0.0206305544444336,0.02140679042551,0.021133751231959,0.0205514789459448,0.0200979757055169,0.0173017043143057,0.0141954141988331,0.0135447958928429,0.0136079930428761,0.0138153056283191,0.0147166639215612,0.0148928064428753,0.0145609512470577,0.0147404189474083,0.014395562974044,0.0162075651330542,0.0179568818399517,0.0171352779879907,0.0191259974970656,0.0196768948351085,0.0185114114887262,commercial,1,winter,0,9,47.09588026,423.86292234,0
12,2021-01-02,0.0187699796541648,0.0193499610587823,0.0197715291660206,0.019808241287606,0.0199998080190747,0.0206934564003042,0.0198172406722572,0.0191469785989808,0.017270955559161,0.0151070764481824,0.0157180087696573,0.015384893717947,0.0157664121983463,0.0158598181139836,0.0151268035177281,0.0154758365357162,0.0152756136987495,0.0153493788728052,0.0168531189949888,0.0177031726395761,0.0181654863825116,0.0175448363127577,0.0182536628150398,0.0184736031891735,commercial,1,winter,1,9,47.09588026,423.86292234,0
12,2021-01-03,0.0186452549839246,0.0188011373518684,0.0194646458986374,0.0196152220640719,0.0205269569533156,0.0208874292300911,0.0197318460083868,0.0193709714997983,0.0179958311963595,0.0172141171659225,0.0158098340651433,0.0155357339293536,0.0147272780608904,0.0144726070377861,0.0152414058406294,0.0152173499886022,0.0148120866440646,0.0157172935079426,0.016624188702583,0.0169779074570387,0.0174256386279417,0.0174222440950644,0.0178850756253335,0.0186688219594344,commercial,1,winter,1,9,47.09588026,423.86292234,0
12,2021-01-04,0.018479632392716,0.0195673382227273,0.0200807485879388,0.0198591806903175,0.0210028867954672,0.0212949511389762,0.0190507591536774,0.0180777184795172,0.0118497980601284,0.0124377655103106,0.0134343436166547,0.0134146324831428,0.0141005754682222,0.0145596796984968,0.0148052618500299,0.0151775852317416,0.015184359873803,0.0134132895650668,0.0126907160061208,0.0126184521440498,0.0131815897938029,0.0144081499915715,0.0177470289634283,0.0195249087201201,commercial,1,winter,0,9,47.09588026,423.86292234,0
12,2021-01-05,0.0209143820931399,0.0223677978025025,0.0220758398998935,0.0239916362278811,0.0244920514743744,0.0248135345542185,0.0212820863598417,0.0212423727698114,0.0119321701673208,0.0115066914234278,0.0119601122505178,0.012524319659807,0.0135182770993191,0.0140862579256469,0.0141366185770383,0.0146235174013413,0.0146408799605384,0.0131580951805765,0.0128166882332208,0.0140092844682845,0.0152768442451181,0.0161266360674996,0.0192292156378178,0.0206878324249594,commercial,1,winter,0,9,47.09588026,423.86292234,0
12,2021-01-06,0.0228329082049012,0.0230912281831149,0.0240136574690449,0.0250104018105406,0.025774892712158,0.0267985186360499,0.0219002422349005,0.021397015602842,0.0126406348377931,0.0114937123088331,0.0119034234217913,0.0117554001620658,0.0129603238702983,0.0133187374132888,0.0131543950580172,0.0134672403495888,0.0134643738699532,0.0150157643924051,0.0176235601513802,0.0177426672879535,0.0191713502880955,0.0199998005223026,0.0232676064520265,0.0248135675934157,commercial,1,winter,0,9,47.09588026,423.86292234,0
12,2021-01-07,0.0258969221494882,0.0278457310184163,0.0282474110556456,0.0300742487146672,0.0304711013988138,0.0306543011663816,0.0262773892431448,0.0249895446875965,0.0143165594682994,0.0121725313860768,0.0114955941474925,0.0115035447961499,0.0129047692322634,0.012984763813829,0.0128038632086493,0.0134458003857642,0.0134918851735878,0.014751035403384,0.0172802526385075,0.0179464259123394,0.0193773685709918,0.0195821656229157,0.022653649583746,0.0243574533687229,commercial,1,winter,0,9,47.09588026,423.86292234,0
12,2021-01-08,0.0247727504112598,0.0264893907751856,0.0281538761253503,0.0287031221069246,0.0309176626632244,0.0309859282900534,0.0275673284498241,0.0257343056448716,0.0148961872249605,0.0128918383454001,0.0111024109159143,0.0113596272398043,0.0125456275977747,0.0129949629354571,0.0130916004067281,0.0135200022442798,0.0135051077709398,0.0146243630751563,0.0174883253453276,0.0181101378613913,0.0195094056628232,0.0196189584900815,0.0244534726357454,0.0239130346856159,commercial,1,winter,0,9,47.09588026,423.86292234,0
12,2021-01-09,0.0276025552118614,0.0280843834673667,0.0276705309004681,0.0275172903712166,0.0296707468516966,0.0304770385592975,0.0256901663745232,0.0253054022201905,0.0216343479292428,0.018401460176947,0.0165661162815513,0.015393157157932,0.0165808975766701,0.0159813683956241,0.015977067762785,0.0171657248041809,0.0180249763293941,0.0196566234210427,0.0212398088134698,0.0237699560875929,0.0236969683011332,0.0238989423744824,0.024034385861548,0.0256476060201587,commercial,1,winter,1,9,47.09588026,423.86292234,0
12,2021-01-10,0.0253023934069948,0.0262872466509452,0.0260952876330554,0.026885587485854,0.0264330722025376,0.0261094629728077,0.0265857786560616,0.0254425458356355,0.0240172268373904,0.0218173140524688,0.0196207510266221,0.020139135305987,0.0182346580302076,0.0184152219573286,0.0188397052825333,0.0192400054430381,0.0189442481263252,0.0198924581148898,0.0208672388248903,0.0216676098847698,0.0214003786432943,0.0217195086970663,0.0218072961264356,0.0222133361536223,commercial,1,winter,1,9,47.09588026,423.86292234,0
12,2021-01-11,0.0212821172231965,0.0221876810259062,0.0225186303088156,0.022345592112865,0.023361778923699,0.0232588688384557,0.0205883561720143,0.0189125175558519,0.0125465465479248,0.0132281024748381,0.0138228627219775,0.0138069488178227,0.0144328590379715,0.0145883990748758,0.0145202624086999,0.0146460613380364,0.0146373791572204,0.0133636890076222,0.0128465136859125,0.0129783659297911,0.013552475596752,0.013796700788733,0.0148443338554835,0.0161298977555967,commercial,1,winter,0,9,47.09588026,423.86292234,0
12,2021-01-12,0.0170074923489342,0.0173428393828621,0.0184465391345666,0.0185239075996866,0.0188038629838348,0.0192189892560613,0.0172266549253454,0.0163014553690703,0.0133640404544039,0.0143303427004796,0.0158334384073893,0.0158858182602448,0.0168466816727468,0.0164328473335104,0.0168547275762508,0.0167899441421189,0.0168040454713794,0.0155640972588583,0.0136623975102973,0.0124827704372083,0.0121376813947834,0.0127337607975562,0.0153699837271924,0.0168265697033597,commercial,1,winter,0,9,47.09588026,423.86292234,0
12,2021-01-13,0.0185683795709297,0.0190627774723528,0.0197241041757642,0.0201375128908849,0.0203589834688757,0.0212892366482695,0.018702342890087,0.01772497852941,0.0120615847575855,0.0125188075341144,0.0135712889623356,0.0142099534711059,0.0150812165944933,0.0157183925519452,0.0163035603662639,0.0155845721091033,0.0150374158311103,0.0146809316937025,0.0139645010285485,0.0131076208398296,0.0125496895771988,0.0127617856811571,0.0136708533498443,0.0158208488574037,commercial,1,winter,0,9,47.09588026,423.86292234,0
12,2021-01-14,0.0168818917518547,0.0178185858245977,0.0187540552786579,0.019799406897799,0.0200753764804886,0.0215115546142363,0.0184425280737565,0.0175244189669957,0.0119845404413467,0.012507093613023,0.013118576496421,0.0139176365361484,0.0146848763680683,0.0152249308764475,0.0156312276018939,0.0150516850138066,0.0160011957900843,0.01469896128314,0.0136197429821525,0.0133976632500292,0.0127361793413583,0.01336532571912,0.015691105245654,0.0158349587616837,commercial,1,winter,0,9,47.09588026,423.86292234,0
12,2021-01-15,0.0177727329914991,0.0179773857613635,0.0180068876067087,0.0179349813301351,0.0183312730848218,0.0193022524593784,0.0171035460506894,0.0157181663452123,0.0142963364514375,0.015073487423248,0.0166015849450704,0.0161283176780741,0.0183937292928678,0.0176287242778413,0.0171342314336549,0.0184194072357151,0.0191615842083744,0.0164895155910732,0.0148823420868348,0.0151149043497397,0.0146930067669357,0.0149339310665524,0.0148143902608557,0.0141034868956215,commercial,1,winter,0,9,47.09588026,423.86292234,0
12,2021-01-16,0.0169968467614694,0.0176138358613901,0.017275062277484,0.018103193476638,0.0187775242560077,0.0188250345085058,0.0164117636769983,0.0161752341726189,0.0137441620775591,0.0139031530225382,0.0144384462762387,0.0148366534613463,0.015452379099475,0.0152197222714251,0.0155658567323838,0.0159078512744706,0.0158251068547575,0.015476858014496,0.0148704933716508,0.0149821659345972,0.015086556395277,0.0168457365994051,0.0175296165661928,0.0164684257887646,commercial,1,winter,1,9,47.09588026,423.86292234,0
12,2021-01-17,0.0161037247089952,0.0167465718573595,0.017761937247546,0.0179090467948892,0.0181994828652826,0.0200267056837409,0.0187206639026102,0.0194803273377705,0.0196583303254203,0.0194513463023058,0.0200654539378521,0.0199928113119147,0.0196259609018989,0.0188076367746516,0.0203743500465238,0.020857635956928,0.0206816538074848,0.0216674135347913,0.0228380935865861,0.0229400524384313,0.0242115016451808,0.0244007086523857,0.0245543532051184,0.0249134303212868,commercial,1,winter,1,9,47.09588026,423.86292234,0
12,2021-01-18,0.0245299850024693,0.025047065047159,0.0260048620893961,0.0251928866600158,0.0257519128507166,0.0265816989976103,0.0229605262535416,0.0220539068715663,0.01267500099688,0.0114916290208138,0.0118968939521677,0.0122031476348446,0.0130759497820409,0.0134515952953234,0.0134975996981695,0.0139684952743141,0.0139926886227155,0.0138872899842035,0.0153671738631613,0.0158929979939771,0.0169502659509971,0.0172676969839795,0.0192549473634601,0.0200606010385318,commercial,1,winter,0,9,47.09588026,423.86292234,0
12,2021-01-19,0.0204819838522047,0.0208542602593938,0.0216884105660907,0.0230599593706329,0.0232134775492084,0.0238145392441758,0.0204445171912851,0.0193054127877239,0.0118691522504565,0.0119780539718272,0.0125008578898352,0.0125411601183359,0.0131858019885001,0.0135323343424592,0.01397313920065,0.0145652597723554,0.0145920725995574,0.0132835119770581,0.0133658449132081,0.0145557831141593,0.0156872396986515,0.0154655891721578,0.0175942687439783,0.0187245625875427,commercial,1,winter,0,9,47.09588026,423.86292234,0
12,2021-01-20,0.0188928347360634,0.0198511463023447,0.0205390195555833,0.0204764734873543,0.0206429849557273,0.0217099024460329,0.0194151658125842,0.0183832743826312,0.0120127160916821,0.0124708860432738,0.0134981834298121,0.0149945968213181,0.0147976255812785,0.0134576739735534,0.0153587436823216,0.014640318207152,0.0146341137147726,0.0142617985433835,0.0148090011849154,0.0151888086420863,0.0163977864190854,0.0164268170458289,0.0186093846389721,0.0195511325695028,commercial,1,winter,0,9,47.09588026,423.86292234,0
12,2021-01-21,0.0197952580648938,0.0208608082078852,0.0206237433977644,0.0216166598792742,0.0218355384355342,0.0223473978435187,0.0199337463663214,0.0188621280003539,0.0118983903079086,0.0119310903701772,0.0119652293213796,0.0129108603979937,0.0130484746772391,0.011992610324043,0.0126303234127425,0.0118738847215251,0.0119714362044478,0.0165565220198039,0.0189216576976579,0.0188004729231813,0.0199270295550692,0.0202508984335499,0.022338741329538,0.0231914011659358,commercial,1,winter,0,9,47.09588026,423.86292234,0
12,2021-01-22,0.0234970337701971,0.0248377314210249,0.0246324906478542,0.0254528613522597,0.0255299943026133,0.0255502636230306,0.0222916096628727,0.0215757327598907,0.0116599384360367,0.01150515886553,0.0119530399990612,0.0126760081959149,0.0133085400838525,0.0134713583637422,0.0145616189005245,0.0138459777737667,0.0139897342569446,0.0149477074614115,0.0152966748247966,0.0163541976465357,0.0171510422146164,0.0178557219035209,0.0204124044096174,0.0202864156614783,commercial,1,winter,0,9,47.09588026,423.86292234,0
12,2021-01-23,0.0220160306255891,0.0213894926699583,0.0227748343619806,0.0227436916683751,0.022995986940499,0.0234697272012726,0.0198886269079018,0.019902755924038,0.016795146619615,0.0164232069846684,0.0164992931074465,0.0157248042685468,0.0173224567643886,0.0175266317578067,0.0181936509885751,0.0176617765911993,0.0178539220876428,0.0189989149354218,0.0207792920264675,0.0223979687831801,0.0234155122599995,0.0237621188494275,0.0249359367288864,0.0264023530034281,commercial,1,winter,1,9,47.09588026,423.86292234,0
12,2021-01-24,0.0262289855585721,0.027788903395062,0.0285321579530975,0.0279717077236053,0.0299574710200613,0.0305025821620598,0.0295938432852501,0.0289444477748637,0.0275169243804706,0.025110277486507,0.0232425824668468,0.0216465765321316,0.020488237590773,0.0195794591010087,0.0192780635782037,0.0197318200497035,0.0208012336453574,0.0223875324847822,0.0243000397894336,0.0253082872133509,0.0257473020035005,0.0256895113872876,0.0257217511328918,0.0273172680825418,commercial,1,winter,1,9,47.09588026,423.86292234,0
12,2021-01-25,0.0276419915243759,0.0281699347743737,0.0273050529200955,0.0285168358126977,0.0285827111672461,0.0294290660131535,0.0258582642818747,0.0242051258146697,0.0132061805167496,0.0112002754158613,0.0114736819216477,0.0127075729139028,0.0124303089479101,0.0121977722172674,0.012743363579032,0.0131308422314173,0.0131411787356365,0.014250950815967,0.0171664311470629,0.0181511357060445,0.0185570351692882,0.0191410229735967,0.0220340092263643,0.0220968131734105,commercial,1,winter,0,9,47.09588026,423.86292234,0
12,2021-01-26,0.0233746015857678,0.0246481125098489,0.0246311425891676,0.0265626578527711,0.0269365639298341,0.0269298283572739,0.0243592293479536,0.0229802914780734,0.0121897716169381,0.0114896896753349,0.0119765827337605,0.0126929536698201,0.0135629127563548,0.0136201410755668,0.0138973359755765,0.0141305658113479,0.0141455581862279,0.0134101555035565,0.01422960361206,0.0153489612278644,0.0171127157205198,0.0183011276014926,0.0222658683758072,0.0246212447071285,commercial,1,winter,0,9,47.09588026,423.86292234,0
12,2021-01-27,0.0261643708613428,0.0281582198580966,0.0287705396823883,0.0308404721987053,0.0317659139737521,0.0306157135677284,0.0267975882465013,0.0244306086728686,0.0131720719506098,0.0111218324486657,0.01149383362817,0.0123659311561785,0.0134666929703816,0.013996380014739,0.0139949025915212,0.0145285086945292,0.0145708731244341,0.0133470664136405,0.0141175216399714,0.0156158446030771,0.0167007419127276,0.0172618671647719,0.0212077580523743,0.0214133864015371,commercial,1,winter,0,9,47.09588026,423.86292234,0
12,2021-01-28,0.0226342184851866,0.0231543480311768,0.0234705706383756,0.0239029400737703,0.024455443227272,0.0248082334863421,0.0228170504114965,0.0229251804311879,0.0117724425548952,0.0119341705434747,0.0124781120601314,0.0127956680069079,0.0139233425474237,0.0140918341471708,0.0141931302555058,0.0146040492388884,0.0146402710130466,0.0130505221033461,0.012798846214835,0.0142065721858927,0.0159532652286852,0.0162461143247361,0.0193962726493076,0.0210826410745532,commercial,1,winter,0,9,47.09588026,423.86292234,0
12,2021-01-29,0.0225205050620357,0.0230432632776665,0.0239334706144206,0.0252081861139259,0.0257662792970484,0.0270764015026678,0.0235490032188255,0.0234345175611555,0.011024355049003,0.0115469794317622,0.0125365632850658,0.0129776386337052,0.0144541323879934,0.014247376597952,0.0147683666927608,0.0144239601953446,0.0142992908232007,0.0128946619309942,0.0132057550995206,0.0158201390459433,0.0164158159816483,0.0171996206248924,0.0200786772756224,0.0219933793616396,commercial,1,winter,0,9,47.09588026,423.86292234,0
12,2021-01-30,0.0253127288078665,0.0291875511407441,0.0250197762725312,0.0297927885429841,0.028560272002195,0.027533832420919,0.0240481777806808,0.0237957506976838,0.0192201527015174,0.0161093221800457,0.0141489994270796,0.0124821292276184,0.0144437828020224,0.013999605443661,0.0128877305567315,0.014774577035239,0.0154319162667419,0.0168781566120981,0.0185743929448947,0.0202462262025221,0.0212999161909528,0.0205199755347659,0.0224793990420426,0.0226864031015211,commercial,1,winter,1,9,47.09588026,423.86292234,0
12,2021-01-31,0.0246133898562567,0.0238040788713836,0.0245652518035863,0.0254509061493088,0.025511509851304,0.0270724461862633,0.0277280779731231,0.0280955748167065,0.0222672566029732,0.0192857919545772,0.0165629987456473,0.0146978192048873,0.0143068063003337,0.013694236568526,0.0130962823502851,0.0136436830604541,0.015531496665971,0.0165032277907683,0.0199827917991276,0.0205523423799052,0.0208917432463782,0.0217899439527552,0.0227494260168094,0.0233680756220523,commercial,1,winter,1,9,47.09588026,423.86292234,0
12,2021-02-01,0.0232905933701496,0.0232843775183041,0.0238094389049385,0.0238782707662371,0.0244399706771818,0.024845509707956,0.0209576165986433,0.0206196994182585,0.0115977157251971,0.0114600493511661,0.01202185374336,0.0122285395910719,0.0129484717736119,0.013157488760541,0.0136234069863016,0.0137355802817837,0.0141241941396782,0.0132834284395446,0.0141223558131431,0.0158978128020375,0.016510108537146,0.0172909094019705,0.0196078052252572,0.0209379305746994,commercial,2,winter,0,9,47.09588026,423.86292234,0
12,2021-02-02,0.0217443796209186,0.0229888980089656,0.0221884437150005,0.0237658234844259,0.0231456635459084,0.0228960540424701,0.0204337027061541,0.019914993244815,0.0118696285989147,0.0119709036245102,0.0129474589064364,0.0134679770762205,0.0144114883809308,0.0150970024788686,0.0155396921208623,0.014849895256313,0.0151682193400167,0.0133480834746282,0.0132706973431146,0.0136506323013088,0.0144637124557558,0.0151231103137676,0.0175661961633645,0.0187314336001055,commercial,2,winter,0,9,47.09588026,423.86292234,0
12,2021-02-03,0.0192781267693986,0.0195451346819208,0.0204453902911072,0.0200555340723258,0.0203930685229445,0.0209710788214598,0.0181638161001368,0.0171123337925697,0.0127163290612346,0.013759457718074,0.0155392630027216,0.0157201566076668,0.016213492251261,0.0161338175710244,0.0178988609996469,0.017815863417816,0.0176708773117425,0.0155189876202797,0.0152164548877195,0.014583600877844,0.013600868663899,0.0134574626032867,0.0150028495204063,0.0161943987828083,commercial,2,winter,0,9,47.09588026,423.86292234,0
12,2021-02-04,0.0176693404012142,0.0179650039411065,0.0194684628137539,0.0196113077917278,0.0194632477937368,0.0205277895665858,0.0171619694145692,0.0162151563925676,0.0125413161768988,0.01342704385495,0.0136386634306036,0.0137293768301459,0.0146674921737961,0.0146368952445909,0.0146751232901035,0.0144820103946336,0.0143865043841355,0.0132376781789724,0.0118594556466277,0.0132302913961099,0.0141725807532433,0.015724192267652,0.0190277064552468,0.0204800873113328,commercial,2,winter,0,9,47.09588026,423.86292234,0
12,2021-02-05,0.0218095982729681,0.0223353635193474,0.0233341521096648,0.0241611365702189,0.0247413991734005,0.0255218517327466,0.0216208811583582,0.0218430860031207,0.0125693634171848,0.0118234265397358,0.0116809357578283,0.0110338281759169,0.0127363443250028,0.0119949383604959,0.0120013614957852,0.0129659182227586,0.0129955301048071,0.0150254454717401,0.0192742871234845,0.0187415213632081,0.0198347626124187,0.0206348577751262,0.0252325960808631,0.0255298540979183,commercial,2,winter,0,9,47.09588026,423.86292234,0
12,2021-02-06,0.0268642936179945,0.0272640746782488,0.028533242967176,0.0292606407713694,0.0311036182349838,0.0303594063294461,0.0260397180679137,0.0259034058855672,0.0211814639774696,0.0197102982819011,0.0175749518394647,0.0168807237082714,0.0185021620613208,0.0176909497081425,0.0177414967236072,0.0187424977840691,0.0200942859353043,0.0213305544894733,0.0260273109478019,0.0266854142051378,0.0260337079419409,0.0267340988906933,0.0270181582372111,0.0264212172217646,commercial,2,winter,1,9,47.09588026,423.86292234,0
12,2021-02-07,0.0263030449099336,0.0272251777863471,0.0268486072971591,0.0266597940139765,0.02793705871438,0.0270894590560323,0.0272211701623187,0.0264606437668549,0.0251044490301334,0.0247105207561016,0.0222923840793055,0.0206825139875296,0.0207145382161439,0.020156302057721,0.0182565645428426,0.0204014361981097,0.0211615856644548,0.0211930868442783,0.0235694685074,0.0235094320206354,0.0237883153300301,0.0246396587348994,0.0245529183746562,0.0242600831519436,commercial,2,winter,1,9,47.09588026,423.86292234,0
12,2021-02-08,0.0243524505104262,0.0243967678678705,0.0246457635451623,0.0255079798840554,0.0254549954228983,0.0259575332686706,0.023316143470123,0.0219936103690075,0.0118644479595767,0.0118493913748927,0.012894141163784,0.0131213362815579,0.0140380454356776,0.0140938866971675,0.0141670648575056,0.0150003074386709,0.0146545551446505,0.013049093913012,0.0132618147662401,0.0144778248278553,0.0158041276364692,0.0164601113439136,0.0194028718006196,0.0203578343974015,commercial,2,winter,0,9,47.09588026,423.86292234,0
12,2021-02-09,0.0215330918968532,0.0228823182275228,0.0228636002524728,0.0237328668480055,0.0250790656055042,0.0249783588684024,0.021776469038682,0.0204155880882264,0.0110888094137934,0.0119968016098735,0.0126387998029838,0.0129449626552295,0.0138687662682204,0.0143592272994843,0.0143236247103906,0.0143515762486056,0.0138807549391286,0.0129379104384522,0.0123800727118744,0.0137445364980623,0.0159282405576068,0.016916518171452,0.0200246373917729,0.0210021627276043,commercial,2,winter,0,9,47.09588026,423.86292234,0
12,2021-02-10,0.0224111610881138,0.0228581316001265,0.0238510581226839,0.0235626824435621,0.0251036328841465,0.0250877604466888,0.0224864644095001,0.0212662733283445,0.0111551641255125,0.0120065296887134,0.012659212300854,0.0131212240522469,0.0134618182243562,0.0133440330338957,0.0145444918118002,0.0140097061125067,0.0138745167066769,0.0129831481034145,0.0129498032977355,0.0147172474753533,0.0159395429454301,0.0164392383186316,0.020140397163298,0.0207130876766455,commercial,2,winter,0,9,47.09588026,423.86292234,0
12,2021-02-11,0.021918637318253,0.0223076058511742,0.023398122324707,0.0231573209787148,0.0234864973082753,0.0246471488283785,0.02240752299386,0.0218879616123303,0.0201993761875989,0.0169134188863102,0.0166794405357142,0.0145043264963905,0.0169376014613722,0.0169951155422838,0.0165910269694493,0.0181768705039701,0.0188012353493119,0.0189015764216438,0.0201308944835785,0.0206377306577751,0.0210465415584678,0.0217040251586416,0.0228000290057327,0.0224859032804477,commercial,2,winter,0,9,47.09588026,423.86292234,0
12,2021-02-12,0.0228849518823518,0.0232662668995025,0.0239248132004732,0.0254692997781197,0.0258482220195478,0.0259095403779574,0.0259851372295857,0.0248568961841596,0.0204002378739768,0.0179341933994455,0.0163354227355129,0.0129443472205504,0.0139474718090661,0.0138417272467046,0.0135798575667521,0.0133830747929868,0.0138116184087274,0.0153705339714433,0.0181614344329384,0.0186559787672169,0.0197179620156949,0.0206749803704661,0.0199633151580917,0.021464557624779,commercial,2,winter,0,9,47.09588026,423.86292234,0
12,2021-02-13,0.0217853660281777,0.0212317426498213,0.0226589365195121,0.0224606425926568,0.0236313180661496,0.0240281029950708,0.0234547053409627,0.021551982448568,0.0186255724306722,0.0161219142603217,0.0141486126381131,0.0131384273724791,0.0127825573009361,0.0128154313862856,0.0137329636120651,0.0133030540283576,0.0131199393381429,0.0141431204939093,0.0170231106185155,0.0176803059920873,0.0175515139979728,0.0189017227894867,0.0176276203286783,0.0191386316492149,commercial,2,winter,1,9,47.09588026,423.86292234,0
12,2021-02-14,0.0185827673384494,0.0187539270788998,0.0200481804946652,0.0195632875383358,0.0204611328037906,0.020320876897504,0.0202457306237871,0.0185695339701851,0.0165106746171257,0.0139941696124213,0.0131222732767379,0.014031443311111,0.0143811524313638,0.0150599623494693,0.0139928135362707,0.0134498302338216,0.0139673062020683,0.0130645636722084,0.0137217027877059,0.0140644113325702,0.0151074757892815,0.0154578351893401,0.0164525073460783,0.0167474242159886,commercial,2,winter,1,9,47.09588026,423.86292234,0
12,2021-02-15,0.0170268733662368,0.0172362382783152,0.0178241621010593,0.0190887067046371,0.0192902411877015,0.0189348921349995,0.0187737954640645,0.0183309503648675,0.0159800897268282,0.0154896613115205,0.0143813597904854,0.0149110554019349,0.0156590943362076,0.0160433177029411,0.0164150728904547,0.0163585615307736,0.0178689467281225,0.0185098286048158,0.0194251100189137,0.0200060696012895,0.0200974967461002,0.0202802380286137,0.020486420292896,0.0209288614316003,commercial,2,winter,0,9,47.09588026,423.86292234,0
12,2021-02-16,0.021364104201053,0.0215904455903882,0.021576038888866,0.0219263035857137,0.0220147820121153,0.0221534999927789,0.0209631963553315,0.0202377965802242,0.0188064717592914,0.0166499345131213,0.0171558218719821,0.0175568104864387,0.0167471089980292,0.0170548289496631,0.0173982323688033,0.0171033497056352,0.0168848777661064,0.0168318230362238,0.0164380508757442,0.0179480802195623,0.0178852734725479,0.0184338311506886,0.0186694364733164,0.0187100139565832,commercial,2,winter,0,9,47.09588026,423.86292234,0
12,2021-02-17,0.0190231444562192,0.0191938509395658,0.0197047382354243,0.0198557034761832,0.0210993649679941,0.0210272297580081,0.0197296814193565,0.0189663064028458,0.0170834830373927,0.015488959106695,0.0162595692886354,0.016554733437384,0.0171252584662513,0.0173489571877545,0.0166502610283848,0.0171340467112012,0.0174651517757877,0.0161852931931533,0.0163128663224156,0.0169516291571621,0.0164704486016431,0.0156770932650847,0.0164120280560586,0.0177988285916326,commercial,2,winter,0,9,47.09588026,423.86292234,0
12,2021-02-18,0.0180014295191572,0.0183221124716846,0.0185122528984466,0.0183236571672831,0.0181336785763211,0.018889847184492,0.0173033975598322,0.0157084439657261,0.0139894629791302,0.0158272375469617,0.0164903962874327,0.0170318130112214,0.0181625255337205,0.0180793324688929,0.0169931384205164,0.0182739880448657,0.0183725748751176,0.0159483587511616,0.0155566992896476,0.0152994413857461,0.0133222167860736,0.0135508225340496,0.0132837361042767,0.0126146977271766,commercial,2,winter,0,9,47.09588026,423.86292234,0
12,2021-02-19,0.0126622401397867,0.0126195968685385,0.0132445585964138,0.0130603680851214,0.0134957869720336,0.0152939753495993,0.013641903449999,0.0128553218680715,0.0135406160380827,0.0150078238089325,0.0155490028597283,0.0155923666666872,0.0166952339056032,0.0166792370861591,0.0156895348387264,0.0165988307893205,0.0166918166760039,0.0144457849597828,0.0146540996195306,0.0139839143986984,0.0128971932840115,0.0133502384564831,0.0132322758408177,0.0130384058407681,commercial,2,winter,0,9,47.09588026,423.86292234,0
12,2021-02-20,0.0144018663426493,0.0153864067661182,0.0171537846005243,0.0175637256822106,0.0172654049656614,0.0187700152393424,0.0160209048367186,0.0158169821698237,0.0132439906995093,0.0141554806564998,0.0156239150259778,0.015203746744294,0.0158996679623656,0.015794149164062,0.0159208686832336,0.0166522055162171,0.0162946684159513,0.014717482635433,0.015608212120985,0.0158177989098436,0.0166896873301528,0.0165967888950296,0.0170019246289749,0.0180411641357047,commercial,2,winter,1,9,47.09588026,423.86292234,0
12,2021-02-21,0.018240504709792,0.0185820338775172,0.0194887868616243,0.0191126966036118,0.0192095455943121,0.0200846116595798,0.0195129990593817,0.0196409409079166,0.0186114475874555,0.0172576672859313,0.0175970070023581,0.0176739007474799,0.0176128581579604,0.0175596909415674,0.0185359119175704,0.0182265768651129,0.0179010680545315,0.0183681580644031,0.0179227251693148,0.0181979850951263,0.0178022238661823,0.018929498765808,0.0193207121751617,0.01851789727246,commercial,2,winter,1,9,47.09588026,423.86292234,0
12,2021-02-22,0.0185860166841085,0.0192428849165084,0.0186980688150562,0.0194804675070117,0.0197114139545626,0.0194526951915584,0.0187383430961412,0.0177501979938689,0.0195946908619249,0.020031395534135,0.0200332265008342,0.0200478742344277,0.0199073360697616,0.0200606910013221,0.0201210996579341,0.020022240700639,0.0200423813343301,0.0190674279493511,0.0186052890508353,0.0185121507375567,0.0177920182564194,0.0186456692237866,0.0178736517145535,0.0173840898738162,commercial,2,winter,0,9,47.09588026,423.86292234,0
12,2021-02-23,0.0181235220588713,0.0180171228384458,0.0171712898456827,0.0177253119487883,0.0178244268301312,0.0169913171645321,0.0172885448360132,0.0171566708655567,0.0186093672198639,0.0200313744020815,0.020033204812674,0.0200478480974142,0.0199073043716814,0.0200606609715619,0.0200240527597114,0.0200222223491189,0.0200423568656367,0.0189292903331233,0.0187461112770763,0.0187351288135212,0.0170879724348848,0.0175554009550183,0.0174093871504186,0.0168338913349635,commercial,2,winter,0,9,47.09588026,423.86292234,0
12,2021-02-24,0.017761523097056,0.017364702459961,0.0169429488060221,0.0171393860043259,0.0170962762327574,0.016720719112646,0.0171616133190428,0.0171202024980154,0.0191971614823639,0.0200313526236875,0.0200331824611644,0.0200478211609795,0.0199072717040904,0.0200606300233178,0.0201045905683218,0.020022203436303,0.0200423316485489,0.0190673985895712,0.0187460992416481,0.0187351202167867,0.0176783164172698,0.0177754359513191,0.0176884918230212,0.0173757883146113,commercial,2,winter,0,9,47.09588026,423.86292234,0
12,2021-02-25,0.0177904850711864,0.0178150668393268,0.0182532363465004,0.0183191852214947,0.0183843223455466,0.0181244520237016,0.0183121793194985,0.018434483392916,0.0200258424628363,0.0200313302054024,0.0200331594529244,0.0200477934331006,0.0202470617227213,0.0200605981657547,0.0200240132153143,0.0200221839677923,0.0200423056905345,0.0190673832507446,0.0187460868525958,0.0187351113674636,0.0186621186980674,0.0186456554703692,0.0185635165633628,0.018371152027668,commercial,2,winter,0,9,47.09588026,423.86292234,0
12,2021-02-26,0.0184028738722266,0.0184181099467031,0.0182620932554484,0.0184042001241269,0.0184068508393087,0.0181355147748013,0.0185671708120711,0.0187424168317831,0.0200258212311573,0.0200313071538651,0.0201972266366706,0.020228913867711,0.0199072034993568,0.0200605654083071,0.0212216905835831,0.0201862547912549,0.0200422789992809,0.0195368456302433,0.0187460741135883,0.0187351022681726,0.0186621083855376,0.018645650617414,0.0185635135302658,0.0185251879480457,commercial,2,winter,0,9,47.09588026,423.86292234,0
12,2021-02-27,0.0182713645801013,0.0182713645801013,0.0182713645801013,0.0182713645801013,0.0182713645801013,0.0182786545268832,0.018567166450341,0.0182478696539854,0.0169864832384453,0.0185690951210706,0.0189012528244597,0.0171744651758511,0.017999520764432,0.0178127315937493,0.0163999737023286,0.017367968000945,0.0174682072162456,0.0159935830994308,0.0164242525723289,0.0163579659694316,0.0158800975881097,0.0161890817808324,0.0162057820190745,0.0158497032642246,commercial,2,winter,1,9,47.09588026,423.86292234,0
12,2021-02-28,0.0161336428608151,0.0161682868870694,0.0160113120456827,0.0161544434521424,0.0164299834198831,0.0172764273993103,0.0162502347005897,0.0159399585894146,0.016213772880775,0.0154902689606457,0.0169474194134776,0.0158081864936408,0.017085602573895,0.0177657727040629,0.0168045085591525,0.0178421437098236,0.0180681600867001,0.0166779362942086,0.0165775920466927,0.0164540556568535,0.016207602118896,0.0158519534813798,0.0170766209387003,0.0186075856961661,commercial,2,winter,1,9,47.09588026,423.86292234,0
12,2021-03-01,0.0191428204217104,0.0197015360862879,0.0199585130239755,0.0205920418023251,0.0206756037906228,0.0207639504759777,0.0183326238171768,0.0165068857101479,0.0127417048808776,0.0141564844401243,0.0150561423099389,0.0149421409232705,0.0141277389902774,0.0135815386296118,0.0149669976838635,0.0138814263288536,0.0144149578196312,0.0139702895652091,0.0141228593917048,0.0153203683603336,0.0158038942206821,0.0162504486760787,0.0197959406202441,0.0192805937276269,commercial,3,spring,0,9,47.09588026,423.86292234,0
12,2021-03-02,0.0206014371943554,0.0208783423123469,0.0212443370175112,0.021237225932377,0.0213949516416921,0.0219708643552412,0.0193776324428943,0.0178072956670641,0.0151970177173436,0.0151395584132244,0.0153612197528951,0.0182751124657808,0.0160862269061056,0.0158672694778106,0.0196841662952991,0.0171328051224366,0.017054466477865,0.0174418414198602,0.0149204532317094,0.0146280110877006,0.0156806623568959,0.0147278631602304,0.016632965405313,0.0175033848728723,commercial,3,spring,0,9,47.09588026,423.86292234,0
12,2021-03-03,0.0189243030458932,0.0194706474788495,0.0198060951914809,0.0209059202066062,0.0204875512446539,0.0208242504909491,0.0191974877735381,0.0176960545375281,0.0192058935799513,0.0168524446294129,0.0187423102655524,0.0202117017633302,0.0199070167327186,0.0200603884714919,0.0206723722280343,0.0200220558212983,0.0200421348285426,0.0193710534637386,0.0185721248488101,0.0180316112878932,0.0186620526832069,0.0166423863123935,0.0169371858796215,0.0185251715650072,commercial,3,spring,0,9,47.09588026,423.86292234,0
12,2021-03-04,0.0184297689654998,0.0175508440731256,0.018483609422818,0.01722307201218,0.0164111689941539,0.0171075324200305,0.0155729378198332,0.0159004783039386,0.0185328943135449,0.0198885885483006,0.0194293078926128,0.0200475778961666,0.0199069766808067,0.0200603505275753,0.0200238572949791,0.0200220326333493,0.0200421039112772,0.0186921513106439,0.0187329433283988,0.0184692737351244,0.0165767478704968,0.0169125801787494,0.0167920958269709,0.0158844688593858,commercial,3,spring,0,9,47.09588026,423.86292234,0
12,2021-03-05,0.0163717114904081,0.0164435471445987,0.0158528990960632,0.0161893261872106,0.016272851623845,0.016318384571703,0.016330985969009,0.0163645132533415,0.0180905638762316,0.0199731433531228,0.0200329526022364,0.0200475441515022,0.0199069357564264,0.0204001354031684,0.0200238328839453,0.020022008940287,0.0200420723205275,0.0190672453502859,0.0181399218809168,0.0183162055891797,0.0182890359339533,0.0178399902372224,0.0176758238240241,0.0181523859146346,commercial,3,spring,0,9,47.09588026,423.86292234,0
12,2021-03-06,0.0179258387080374,0.0178005497384965,0.0180373859637964,0.0178890457933879,0.0183202152030487,0.0179979181575249,0.0179029141374827,0.0183688522627995,0.0188875215630076,0.0190688987506431,0.0188430807698217,0.0190220715471848,0.0185497362039998,0.0188877366394657,0.0187389431022663,0.0187010645717531,0.0187028877823459,0.01846698737662,0.0183699593860241,0.0182713645801013,0.0182713645801013,0.0182713645801013,0.0182713645801013,0.0182713645801013,commercial,3,spring,1,9,47.09588026,423.86292234,0
12,2021-03-07,0.0182713645801013,0.0182713645801013,0.0182713645801013,0.0182713645801013,0.0182713645801013,0.0182801612135084,0.0183700768321453,0.0183681218924768,0.0183681218924768,0.0187079455385354,0.0190921886794371,0.018860200528693,0.0190958336047384,0.0191013009926902,0.018785024152523,0.0188947863565433,0.0188947863565433,0.0187628560657513,0.0186111882261599,0.0184354554220042,0.0182713645801013,0.0184354554220042,0.0184354554220042,0.0182713645801013,commercial,3,spring,1,9,47.09588026,423.86292234,0
12,2021-03-08,0.0185636528556639,0.0185636528556639,0.0183995620137611,0.0185636528556639,0.0183995620137611,0.0184440064582031,0.0185671222261251,0.018742284955644,0.0200255783014274,0.020031043401587,0.0200328651016402,0.0200474387020658,0.0202466315169983,0.0204000142484968,0.0200237566013742,0.020021934901321,0.0200419736019062,0.0190671870165551,0.0187459283557504,0.0187349981554313,0.0178958228941557,0.0180824249817618,0.0179281111339556,0.0172844147290485,commercial,3,spring,0,9,47.09588026,423.86292234,0
12,2021-03-09,0.0167861235449925,0.0163911010835565,0.0165636701671984,0.0161996709225109,0.0156512934053822,0.0160350212187399,0.0152579142011533,0.01460734591259,0.0181634333762892,0.0172678787994548,0.0174693321326468,0.0190550308755294,0.0178953801636322,0.0180207431157046,0.0193950852512091,0.0181851245187042,0.018119939527952,0.0173510251059407,0.0158715512929074,0.0155574938272573,0.0155003049617401,0.0145585057055037,0.0144535585156554,0.0150582765794547,commercial,3,spring,0,9,47.09588026,423.86292234,0
12,2021-03-10,0.016799735247631,0.0186100665463289,0.0188775166278744,0.0201863328555684,0.0204598762066486,0.0199345222358676,0.0176325979899575,0.0168874158454752,0.0118725023524931,0.0120791606264767,0.012180323781167,0.0131735904924331,0.0130323135573405,0.0121984491903501,0.0129947458928765,0.0127082037826037,0.012318674068683,0.0139647322873775,0.0165377944067575,0.0172587131524041,0.0183824394611344,0.0187652690692156,0.0230131881721874,0.022689396663539,commercial,3,spring,0,9,47.09588026,423.86292234,0
12,2021-03-11,0.0246894754655534,0.0265644619899925,0.027009656908505,0.0286367940227931,0.0287642761352108,0.0285073289279143,0.0247568591205269,0.0242404852767859,0.0138149948072448,0.0128432599900569,0.0117964838890765,0.0113149188350276,0.0144446461673398,0.0115092832297049,0.0116324034821465,0.011591576272434,0.0119644660927302,0.0179429543146476,0.0208263556767723,0.0203406050861066,0.0214712937714198,0.020985815423164,0.0237398727347242,0.0247134384775755,commercial,3,spring,0,9,47.09588026,423.86292234,0
12,2021-03-12,0.0259920259984805,0.0262332519349499,0.0267122453211917,0.029169071207649,0.0297387228204042,0.0296033550248078,0.0251505685470016,0.0246136726036643,0.0152062846770963,0.0144529113779778,0.0138060028596805,0.0134263421149085,0.0167171117740827,0.0134259404543138,0.0127304504739172,0.0139173043376474,0.0138493889223633,0.02126378584912,0.0239969386635766,0.0246023206173858,0.0251698820947179,0.0253172759377219,0.0291988392760032,0.0296113348153777,commercial,3,spring,0,9,47.09588026,423.86292234,0
12,2021-03-13,0.0308050577350309,0.031329917195906,0.0323939320050705,0.0315450173684695,0.0317819022144413,0.0326429380893106,0.0267020208764801,0.0268898029230591,0.0238474124458504,0.0226630981711406,0.0216630043417524,0.021995567906639,0.0231184554841088,0.0234260352885925,0.0237099458169329,0.024632118892873,0.0252187410497565,0.0263131056000151,0.0282141607251534,0.0302811170347529,0.0303615729614365,0.0288531147866711,0.0290302415660328,0.0301951567898423,commercial,3,spring,1,9,47.09588026,423.86292234,0
12,2021-03-14,0.0305339083514629,0.0307765564413037,0.0301111109174288,0.0294113792792242,0.0293494137367218,0.0302005745625007,0.0285984378554772,0.0281639675991688,0.0275330642756229,0.0255377189375421,0.0258247816716023,0.0247010260176824,0.0230817018448011,0.0232723444488426,0.0233728842142392,0.0242808220714839,0.023642666839543,0.0249202046647942,0.0259144550698326,0.0258947582612893,0.0262215813043889,0.0257715633320377,0.0257810179324348,0.0269778305818614,commercial,3,spring,1,9,47.09588026,423.86292234,0
12,2021-03-15,0.0250574102889553,0.0258323847095521,0.0264856836825495,0.0262234892461489,0.026250978055066,0.0264085047336889,0.0230817433274172,0.0212690874227772,0.0129250373560321,0.013368628483315,0.014073016639529,0.0152506208346301,0.0154418752195425,0.0159729817603314,0.0171339224723492,0.0171543515894958,0.017145920548107,0.0157801611136836,0.0144713112634275,0.0153633064955722,0.0162485137201858,0.0160284441284828,0.0175245072887395,0.019567933099245,commercial,3,spring,0,9,47.09588026,423.86292234,0
12,2021-03-16,0.0190723061940717,0.0192652224346631,0.0217883542150726,0.0200360780541301,0.0202663100965906,0.0219420704590289,0.0185694529381756,0.0171406901786104,0.0150430884526352,0.0169868513792824,0.0179473047553254,0.0179549493254344,0.0190576317828115,0.0193292658544907,0.019608300239837,0.0187240934506148,0.01933683993177,0.0171009715944103,0.0160780746977039,0.015977028077511,0.0156272784406251,0.0147868533849309,0.0145791569360837,0.0157944145633476,commercial,3,spring,0,9,47.09588026,423.86292234,0
12,2021-03-17,0.0160077353868356,0.0167325728690717,0.0182546052645782,0.0182970545763638,0.0186889740109337,0.019729091896537,0.0181445900051113,0.0164089673351396,0.0199286836963489,0.0200307590011398,0.0200325732169707,0.0200470869436178,0.0199063812702688,0.0200597864544341,0.0210509256592259,0.0200216879219853,0.0200416442961252,0.0192141415948439,0.0187457711870822,0.0187348858920968,0.0186618631593183,0.0177724976551916,0.0171745089962249,0.0185056891253399,commercial,3,spring,0,9,47.09588026,423.86292234,0
12,2021-03-18,0.017492903678852,0.0172099472919924,0.0178632120831255,0.0174583354234916,0.0179583874155761,0.0180003734960884,0.0184604684878946,0.018430470621858,0.0200252849920027,0.0200307249513545,0.0200325382711384,0.0200470448294098,0.0200704210374937,0.0203995617139558,0.0219901500168789,0.0203614819984935,0.0205682693341245,0.0194988585453071,0.0189098432119985,0.0187348724513921,0.0186618479265196,0.0186455280484644,0.0185634369246723,0.0185251113424521,commercial,3,spring,0,9,47.09588026,423.86292234,0
12,2021-03-19,0.0183995620137611,0.0183995620137611,0.0184088639782552,0.018055664164203,0.0177345430155012,0.0185031594546356,0.017906382079432,0.0175272068868101,0.0200252532121896,0.0200306904475573,0.0201965937012495,0.0206323800650001,0.0202461020859538,0.0223342460589833,0.0264095450612124,0.0242872541396262,0.0228629106600465,0.0198934998158507,0.0187457333022077,0.0187348588314722,0.0186618324906104,0.0186455207845071,0.018563432384699,0.0185251068024788,commercial,3,spring,0,9,47.09588026,423.86292234,0
12,2021-03-20,0.0182713645801013,0.0182713645801013,0.0182713645801013,0.0182720293621686,0.0182906444584601,0.0182953012657424,0.0185670507705634,0.0185742967390266,0.0188936928680285,0.0189045618207234,0.0189009388364918,0.018908184804955,0.0188893254805186,0.0188875139884028,0.0186374723644769,0.0190634858537158,0.0190652973458316,0.0183698773566851,0.018533968198588,0.0184354554220042,0.0175192251373679,0.0182637234963481,0.0176443439864203,0.0175600692154561,commercial,3,spring,1,9,47.09588026,423.86292234,0
12,2021-03-21,0.0179472449127895,0.0180598697132815,0.0174036816396037,0.0175770360365985,0.0176108930597531,0.0170030984238051,0.0174661489380374,0.0175654957653623,0.017198183045777,0.0183165313180061,0.018368074286018,0.0183716954080898,0.0183716954080898,0.0185412179331005,0.0185528443538121,0.018368074286018,0.018368074286018,0.018368074286018,0.0182042427532363,0.017817606903633,0.0174475947659617,0.0172626924872379,0.0171883122858791,0.0171157740377396,commercial,3,spring,1,9,47.09588026,423.86292234,0
12,2021-03-22,0.0170167206392966,0.0169222211315608,0.0161245212442155,0.0162907671191981,0.0157895369312736,0.0152510670048982,0.0149611569500145,0.0147650273434251,0.016806890806951,0.0174138544226846,0.0180764510570298,0.0184718115305346,0.0190223888411562,0.0192217566177578,0.0198794977974138,0.0196824831090935,0.0194192848411895,0.0175349164605756,0.0169360480891373,0.0158812660838056,0.0142957881470265,0.0142434662925376,0.0147216737082369,0.014316972301519,commercial,3,spring,0,9,47.09588026,423.86292234,0
12,2021-03-23,0.0144678622123548,0.0149119721690576,0.0138992519501406,0.0145945067641759,0.0147548426322527,0.0145961867579307,0.0149203480843508,0.0150972057805034,0.0179401648190774,0.0197206482230885,0.0200323567643254,0.0202624384193053,0.0200701557583055,0.0200594867507715,0.0236900962727294,0.0201855956116498,0.0203812237391994,0.0191474054195537,0.0187456546356578,0.0188988934829823,0.0186617688081652,0.0186454908162976,0.0185634136545681,0.0185250880723479,commercial,3,spring,0,9,47.09588026,423.86292234,0
12,2021-03-24,0.0183995620137611,0.0183995620137611,0.0183995620137611,0.0183995620137611,0.0183995620137611,0.0184506131084297,0.0185670242406723,0.0187420189951294,0.0200250883741635,0.0200305114805577,0.020032319182689,0.0201273380942818,0.0200701008312985,0.0200594347146596,0.0200232806720322,0.0178547192542641,0.0172311001697606,0.016851194564688,0.014666749583023,0.0133489349349553,0.0128716858941691,0.0126978433325021,0.0125078284818818,0.0120576375972386,commercial,3,spring,0,9,47.09588026,423.86292234,0
12,2021-03-25,0.0119770254593672,0.0119888650622737,0.0139853994046447,0.0146199446352032,0.017527990852826,0.019215614455664,0.015180007183336,0.0140578933712295,0.0121149137744526,0.0132111147276071,0.0142038532425643,0.0143094284359957,0.0153658862888767,0.015639108458932,0.0167196085331976,0.0170044756524041,0.0168226924162893,0.0149156020280957,0.0143702778148874,0.0139019354769371,0.0131953948141442,0.013249912642353,0.0128294360225362,0.0120928541548063,commercial,3,spring,0,9,47.09588026,423.86292234,0
12,2021-03-26,0.0123122765614987,0.0134327350533122,0.0152357159336621,0.0153723371893028,0.0170595906027947,0.0182582171355561,0.0148317700380442,0.0138425093583583,0.0130842580713488,0.0146477812420666,0.0157325689052114,0.0156350047977707,0.016670502609774,0.0176642959781667,0.0196334566361364,0.0177768091281956,0.0175391918797401,0.0152826337281677,0.014217521974302,0.014041039961053,0.0131641955737952,0.0133602113986283,0.0132377682441375,0.0125622869400567,commercial,3,spring,0,9,47.09588026,423.86292234,0
12,2021-03-27,0.0124572182954811,0.0123299377736198,0.0133608262925396,0.0138239987178247,0.0161421569153475,0.0168881237929712,0.0146933386885561,0.013307627792055,0.012111326354603,0.0132257897835919,0.0141003170800413,0.0147917541742967,0.0143404890612973,0.0145546359769008,0.016220886443355,0.0155155131455457,0.015126356650601,0.0144021837834687,0.0145052749381998,0.0140228158981551,0.0130464303702753,0.0132026506840744,0.0131625545260796,0.0127434019534533,commercial,3,spring,1,9,47.09588026,423.86292234,0
12,2021-03-28,0.0129635382182422,0.0125040896028655,0.0127570359676239,0.0145712803440906,0.0160400984941457,0.0150950533525206,0.0162707393216863,0.014111993341505,0.0122175021743723,0.0130815614644092,0.0139248029539707,0.0142248098607247,0.0156294675532222,0.0152902249913948,0.0153359644774937,0.0150628578313788,0.0148444548930882,0.0152462560106412,0.0153262583525743,0.0150578189257551,0.013997991972155,0.0144486734655413,0.0142584993922678,0.0137304870776378,commercial,3,spring,1,9,47.09588026,423.86292234,0
12,2021-03-29,0.013787884837608,0.0138106801167177,0.0133437331876864,0.0133866957143584,0.0128508522939974,0.0126851990585734,0.0125870436639773,0.0127921220086798,0.014895715459709,0.0163399134757356,0.0175281296943309,0.0174874008884025,0.0181451113467249,0.018551392778273,0.0206773975978157,0.0191321649608942,0.0202052300045273,0.0188760925905487,0.0179657638453006,0.0176519366126083,0.0158161310973073,0.0159181066154002,0.0162571260065378,0.0161254381462799,commercial,3,spring,0,9,47.09588026,423.86292234,0
12,2021-03-30,0.0161936304978848,0.0161420376660686,0.0155410977531896,0.0158024145555052,0.0156581727765706,0.0137216830742394,0.0141471805546692,0.0157427500859032,0.0163697063552745,0.0184709592069034,0.020113681320586,0.0202105902263574,0.020432333162584,0.0203989350325179,0.0227897872677837,0.0200212753804451,0.0203809178867969,0.0192138165621153,0.0189095995025504,0.0187346983732149,0.0186616506379188,0.0185369826776192,0.0183491917281203,0.0185250533163931,commercial,3,spring,0,9,47.09588026,423.86292234,0
12,2021-03-31,0.0183995620137611,0.0182355894869076,0.018329072854955,0.0183995620137611,0.0183995620137611,0.0184440064582031,0.018369502718675,0.0186754326057067,0.020024842778389,0.0201943356756195,0.0200320455188259,0.0200464509996998,0.020069700861037,0.0210659830750603,0.0245119606555885,0.0211057677224329,0.0214332741487645,0.0192137897960807,0.0188425150325233,0.0188317109218678,0.0186934947409622,0.0186454269710669,0.0185633737512989,0.0185250481690788,commercial,3,spring,0,9,47.09588026,423.86292234,0
12,2021-04-01,0.0183995620137611,0.0183995620137611,0.0183995620137611,0.0183995620137611,0.0184008712265158,0.0184610279490091,0.018566967857835,0.0187418659559996,0.0200248064599772,0.0200302054022981,0.0200320050497385,0.0200464022292611,0.0199055508720063,0.0200589997613434,0.0200230068125368,0.0200212071650965,0.0200410032869401,0.019036095038792,0.0186280928001854,0.0184658286818468,0.0176729103725689,0.0175397004396244,0.0173649175396557,0.0175590110417916,commercial,4,spring,0,9,47.09588026,423.86292234,0
12,2021-04-02,0.0176944984450385,0.0176737439358416,0.017640576663242,0.0174684516955567,0.0174012535486366,0.0171944173286437,0.0174047027908646,0.0171184192156276,0.0193497925647769,0.0200301656707273,0.0200319642725999,0.0200463530875814,0.01990549127465,0.0200589433006901,0.0200229712632366,0.0200211726613639,0.0200409572819633,0.0190665864638616,0.0187454432939595,0.0187346516827235,0.0179682978786606,0.0181871366513181,0.0179311627008038,0.0178455312760991,commercial,4,spring,0,9,47.09588026,423.86292234,0
12,2021-04-03,0.0182412140241194,0.0179970284981383,0.0174276107094185,0.0172544433757788,0.0169628431999698,0.0167593091336169,0.0169819764088178,0.0171949174236727,0.0178438333763475,0.017771546885392,0.0175562761527175,0.0176523937395447,0.0180199497214561,0.0181801888912186,0.0184946700070409,0.0185204621870075,0.0185204621870075,0.0183643871067381,0.0183164474403559,0.0183433670273311,0.0176549364680289,0.0178940023436033,0.0179027497565925,0.0177573757715651,commercial,4,spring,1,9,47.09588026,423.86292234,0
12,2021-04-04,0.0185507834797139,0.0188743030647374,0.0193168396732329,0.0195738706768378,0.019787146295476,0.0198811279699391,0.0172489894115393,0.0179057264499415,0.0173953798537995,0.0179779839489687,0.0182246167543139,0.0183930493299824,0.0185240509218353,0.0184802457933129,0.0178022923433671,0.018042612814362,0.0173033476081425,0.0154056891870626,0.0156983731679567,0.0150613801844446,0.0145900157193195,0.0147835573425995,0.0143587121159741,0.0139374567859768,commercial,4,spring,1,9,47.09588026,423.86292234,0
12,2021-04-05,0.0138133323034031,0.013769322014131,0.0139712230151704,0.0143538225157162,0.0149720323415397,0.0159493719186246,0.0133764424503814,0.0143487182830281,0.0151874103940495,0.0162010824925816,0.0167071923954513,0.0165277699043943,0.0169515877715354,0.0174181652512356,0.0174433374573252,0.018182343523328,0.0182821794667045,0.0185115277634819,0.0176870504798647,0.0174537545086999,0.0142762624969176,0.0144782113829539,0.0138949355753121,0.0147248464393067,commercial,4,spring,0,9,47.09588026,423.86292234,0
12,2021-04-06,0.0147626924976077,0.014818736994554,0.0158368175426242,0.0155834681848513,0.0155436603653042,0.0163482239607692,0.0164054596225688,0.0166951551195848,0.0191010997339578,0.0198199531909673,0.0199606070990088,0.0200461531010668,0.0199052487378133,0.0195914651736366,0.0185733847219774,0.0192487497217907,0.0200259272024281,0.0181645450201306,0.0172629508450908,0.0171979486358908,0.0159719919901794,0.0160760722200687,0.0156619001208859,0.0154213587518221,commercial,4,spring,0,9,47.09588026,423.86292234,0
12,2021-04-07,0.0156180441803699,0.0156105146524328,0.0153002736754939,0.0154437769460206,0.0154407343900171,0.0153101197477385,0.0153347274512977,0.015601541329212,0.0181472351465304,0.0199116770331854,0.0200317561917845,0.0200461023235217,0.0199051871565351,0.0200586551887918,0.0200227898594487,0.0200209965929816,0.0200407225241202,0.0185671277852618,0.0185526374396888,0.0183136135019881,0.0169836967231247,0.0170902611262186,0.016833663454323,0.0166198045809013,commercial,4,spring,0,9,47.09588026,423.86292234,0
12,2021-04-08,0.0169490162161393,0.0169475748405628,0.0166703903512069,0.0173158530918269,0.0172046833430565,0.0167918950696663,0.017271378677472,0.0178261638579732,0.0198999132983315,0.0200299216427868,0.0200317138228716,0.0200460512635497,0.0199051252327393,0.0200585965241431,0.0200227529224477,0.020020960742363,0.0200406747232954,0.019066419497376,0.0187453084364135,0.0187345553559049,0.0186614885516341,0.0186453589308712,0.0185633312261766,0.0185250056439564,commercial,4,spring,0,9,47.09588026,423.86292234,0
12,2021-04-09,0.0183995620137611,0.0183995620137611,0.018438387852082,0.0183995620137611,0.0183995620137611,0.0184966646928539,0.0185669079418579,0.0187417033269188,0.0200245068800915,0.0200298801441366,0.0200316712321516,0.0204524309092154,0.0200691538266669,0.0226012179424505,0.0275221008714034,0.0200209247040615,0.0200406266722268,0.0194244078897533,0.0187452855029489,0.0187345389748587,0.0186614699864485,0.0186453501943132,0.0185633257658278,0.0185250001836077,commercial,4,spring,0,9,47.09588026,423.86292234,0
12,2021-04-10,0.0182713645801013,0.0182713645801013,0.0182713645801013,0.0182713645801013,0.0182713645801013,0.0182713645801013,0.018566900259822,0.0185740602221474,0.0188933703450114,0.0189041102884994,0.0189005303073367,0.018907690269662,0.0188888954498291,0.0190739462772556,0.0187557341797391,0.0190632063337676,0.019064996324349,0.018550875791666,0.0187095504920024,0.0184354554220042,0.0178516211165988,0.0180881412901676,0.0177529671998395,0.0177952930760551,commercial,4,spring,1,9,47.09588026,423.86292234,0
12,2021-04-11,0.0182213770101424,0.0182713645801013,0.0182583042284402,0.0179956660145165,0.0181527648234628,0.018270745348131,0.0182399429268332,0.018367987594309,0.018367987594309,0.0185320784362118,0.018367987594309,0.0186753365474247,0.0185356562124292,0.0185410228767552,0.0192397990016491,0.0185320784362118,0.0185320784362118,0.0187078112403676,0.0182713645801013,0.0182713645801013,0.0182713645801013,0.0184354554220042,0.0182713645801013,0.0182713645801013,commercial,4,spring,1,9,47.09588026,423.86292234,0
12,2021-04-12,0.0183995620137611,0.0183995620137611,0.0183995620137611,0.0183995620137611,0.0183995620137611,0.0184440064582031,0.0185668847922176,0.0187416404921808,0.0200243911318899,0.0201938453165634,0.0210512879265586,0.025592377153854,0.02177090565819,0.0287639321781199,0.0360842729689542,0.0251140468272707,0.0228172737251757,0.0196511065168797,0.0187452160540279,0.0187344893684866,0.0187093873469616,0.0186453237375814,0.0185633092303705,0.0185249836481503,commercial,4,spring,0,9,47.09588026,423.86292234,0
12,2021-04-13,0.0183995620137611,0.0183995620137611,0.0183995620137611,0.0183995620137611,0.0183995620137611,0.0184440064582031,0.0185668770112296,0.0187416193723562,0.0204603285905735,0.0222333779573994,0.0265134560419512,0.0321038583156642,0.0274409503385779,0.0356179243917459,0.0391009876075488,0.0291205057733211,0.0278851316317319,0.0207114002640666,0.0189092835529667,0.0188985635368437,0.0188254857111111,0.0188094056869266,0.0185633036725219,0.0185568396942138,commercial,4,spring,0,9,47.09588026,423.86292234,0
12,2021-04-14,0.0183995620137611,0.0183995620137611,0.0184475355948292,0.0185636528556639,0.0183995620137611,0.0184440064582031,0.0185668692018537,0.0187415981754789,0.0202256568257245,0.022221576626678,0.022391024906507,0.020174265706069,0.0225506496062227,0.0247908725160792,0.02221483819731,0.0229621282594387,0.0220773009605014,0.0190662472121185,0.0189092601248391,0.018734455960564,0.0183657372533071,0.0186453059200227,0.0185632980943963,0.0185249725121761,commercial,4,spring,0,9,47.09588026,423.86292234,0
12,2021-04-15,0.0183995620137611,0.0183995620137611,0.0182629343843856,0.0180729700788828,0.017970908831733,0.0169690578421468,0.0175037664986737,0.0180452643172509,0.017592167067292,0.0197858384020848,0.0200446922231217,0.0201467072020811,0.0200687745693884,0.0253749707100355,0.0238863733370459,0.022586428334224,0.0211998453169809,0.0191304237601273,0.0187451457765831,0.0187344391703117,0.0186613568746286,0.0186452969652215,0.0185632924976455,0.0185249669154254,commercial,4,spring,0,9,47.09588026,423.86292234,0
12,2021-04-16,0.0183995620137611,0.0183995620137611,0.0183995620137611,0.0183995620137611,0.0183995620137611,0.0184440064582031,0.0185668535071968,0.0187415555756958,0.020024234706786,0.0200295846416906,0.0200313679533254,0.0205949047257632,0.0200687105729979,0.0251187328769913,0.0280608966775817,0.0245096235930493,0.0224408772563763,0.0192302797595815,0.0189092130408684,0.0188985131710592,0.0186613377879858,0.018645287983272,0.0185632868839271,0.0185249613017069,commercial,4,spring,0,9,47.09588026,423.86292234,0
12,2021-04-17,0.0182713645801013,0.0182713645801013,0.0182713645801013,0.0182713645801013,0.0182713645801013,0.0182713645801013,0.0185668456265636,0.0185739743698841,0.0188932532737433,0.0192437700347826,0.0192402056631224,0.0196315775473446,0.0188887393548049,0.0194179917385315,0.0223532657189398,0.018876264053994,0.0188780462398242,0.0190937389996457,0.0185337630545882,0.0184354554220042,0.0182872348179935,0.0182713645801013,0.0182713645801013,0.0182713645801013,commercial,4,spring,1,9,47.09588026,423.86292234,0
12,2021-04-18,0.0182713645801013,0.0182713645801013,0.0182713645801013,0.0182713645801013,0.0182713645801013,0.0182713645801013,0.0183679562710652,0.0183679562710652,0.0183679562710652,0.0183679562710652,0.018532047112968,0.0190955851726209,0.0187113420317192,0.0190603473833803,0.0203827439454132,0.0188946207351317,0.0187077799171238,0.019011830247375,0.0184354554220042,0.0184354554220042,0.0182713645801013,0.0182713645801013,0.0182713645801013,0.0182713645801013,commercial,4,spring,1,9,47.09588026,423.86292234,0
12,2021-04-19,0.0183995620137611,0.0183995620137611,0.0183995620137611,0.0183995620137611,0.0183995620137611,0.0184440064582031,0.0185668298103558,0.0187414912556989,0.0200720898036492,0.0225423075986934,0.0248720120857643,0.0279443223941482,0.0242229830174212,0.0303167427670353,0.0358003083537826,0.0280821171126187,0.0259290707833041,0.0205184264540658,0.0189091419503455,0.0188984623921142,0.0188084294065833,0.018645260901168,0.0185632699576121,0.0185408146132841,commercial,4,spring,0,9,47.09588026,423.86292234,0
12,2021-04-20,0.0183995620137611,0.0183995620137611,0.0183995620137611,0.0183995620137611,0.0183995620137611,0.0184440064582031,0.0185668218794651,0.0187414697289955,0.0201712257361959,0.0201935037901927,0.0222761878107039,0.0250191777956832,0.0229926070413241,0.0296486086089498,0.033537814691235,0.0273254112006412,0.0252546165622129,0.0201581874376962,0.019084850961829,0.0188984453973484,0.0188768733066555,0.0188093426791957,0.018727355134593,0.0186054960050118,commercial,4,spring,0,9,47.09588026,423.86292234,0
12,2021-04-21,0.0183995620137611,0.0185636528556639,0.0184314236176732,0.0185636528556639,0.0185636528556639,0.0184598766960953,0.0187309047784161,0.0189055390114576,0.0200240368533682,0.0224383881258624,0.0266149720546158,0.0251652712835631,0.0265169002370428,0.0313053941030432,0.0308538255074229,0.0293545433471245,0.0267367987618108,0.0192990584887025,0.0190848271329735,0.0190741611808931,0.0186612416877543,0.0188093336015365,0.0187273494610559,0.0185249330369329,commercial,4,spring,0,9,47.09588026,423.86292234,0
12,2021-04-22,0.0183995620137611,0.0183995620137611,0.0183995620137611,0.0183995620137611,0.0185636528556639,0.0184440064582031,0.0185668059838525,0.0189055174256642,0.0200239970900646,0.0215796059208897,0.0236605010361884,0.0257539812864052,0.025258466904358,0.0281676357103382,0.0259394615189123,0.0248227064864733,0.0243313971065845,0.0194058360484584,0.0190848032749913,0.0188984113353215,0.0188083715422181,0.0188093245127814,0.018727343780584,0.0187405396853363,commercial,4,spring,0,9,47.09588026,423.86292234,0
12,2021-04-23,0.0185636528556639,0.0185636528556639,0.0185131792310201,0.0185636528556639,0.0185636528556639,0.0184440064582031,0.018566798023838,0.0187414049780077,0.020023957289992,0.0200292834463143,0.02050571303879,0.0201189528809435,0.0201213002294495,0.023164584464203,0.0200275034634882,0.0206325487078813,0.0200399357589589,0.0190659828366317,0.0187449557488892,0.0187343034362447,0.0186612030426859,0.0186452245737191,0.0185632472529565,0.0185249216707363,commercial,4,spring,0,9,47.09588026,423.86292234,0
12,2021-04-24,0.0182713645801013,0.0182713645801013,0.0182713645801013,0.0182713645801013,0.0182713645801013,0.0182713645801013,0.018566790058827,0.0185738870491552,0.0188931342000221,0.0189037796855143,0.0189002311903502,0.0189073281806784,0.0188885805898433,0.0187110735381055,0.0185398857058745,0.0187004280526132,0.0187022023001953,0.0183696166449488,0.0183696166449488,0.0182713645801013,0.0182713645801013,0.0182713645801013,0.0182713645801013,0.0182713645801013,commercial,4,spring,1,9,47.09588026,423.86292234,0
12,2021-04-25,0.0182713645801013,0.0182713645801013,0.0182713645801013,0.0182713645801013,0.0182713645801013,0.0182713645801013,0.0183679244792603,0.0183679244792603,0.0183679244792603,0.0185320153211632,0.0188945889433268,0.0186044872458019,0.0188981351620198,0.0189346433170478,0.0192212508354641,0.0200172544323867,0.0191382380113599,0.0186538374050756,0.0186111882261599,0.0186111882261599,0.0182713645801013,0.0184354554220042,0.0184354554220042,0.0182713645801013,commercial,4,spring,1,9,47.09588026,423.86292234,0
12,2021-04-26,0.0185636528556639,0.0185636528556639,0.0183995620137611,0.0183995620137611,0.0183995620137611,0.0184440064582031,0.0185667741232514,0.0187413401049868,0.0200238377870589,0.0204450185948679,0.0215113463874413,0.0208257053174361,0.0239662245952262,0.024395051984675,0.0200220658159877,0.0200202938449164,0.0200397855267001,0.0190658940630242,0.0187448840471293,0.0187342522207019,0.0186611449984041,0.0186451972587629,0.0185632301811089,0.0185249045988887,commercial,4,spring,0,9,47.09588026,423.86292234,0
12,2021-04-27,0.0183995620137611,0.0183995620137611,0.0183995620137611,0.0183995620137611,0.0183995620137611,0.0184440064582031,0.0185667661574059,0.0187413184834063,0.0200237979578315,0.0207036607821245,0.0240614460237032,0.0269785976282685,0.0243314765010863,0.0293722228049109,0.0304358189633755,0.0285344245535991,0.0264247380493237,0.0199483259986034,0.0192715246136594,0.0190740587970916,0.0190558598260539,0.0189850118009981,0.0189030481372779,0.0186720480770676,commercial,4,spring,0,9,47.09588026,423.86292234,0
12,2021-04-28,0.0185636528556639,0.0185636528556639,0.0184154322516532,0.0183995620137611,0.0183995620137611,0.0184440064582031,0.0185667581960009,0.0187412968738784,0.0200383701830327,0.0202121837217116,0.0236054248375013,0.0241991907061768,0.0235667028722776,0.0308772775702558,0.0320181078424291,0.0275582917860441,0.0261238654846861,0.0200310832135849,0.0192715007294443,0.0192608825549459,0.0188082554860071,0.0188092698980938,0.0187273096464043,0.0185248932222812,commercial,4,spring,0,9,47.09588026,423.86292234,0
12,2021-04-29,0.0185636528556639,0.0185636528556639,0.0183995620137611,0.0183995620137611,0.0183995620137611,0.0184440064582031,0.018566750241394,0.0187412752828025,0.0204593250141648,0.023123954465268,0.0263442433669803,0.0274817692218446,0.0246654709684216,0.0290970985583771,0.027670709004011,0.0251875536908466,0.0239730749550189,0.0191463626535244,0.0190846360476158,0.0188982918871961,0.0186610869996076,0.0186451699652116,0.0185632131226393,0.0185248875404192,commercial,4,spring,0,9,47.09588026,423.86292234,0
12,2021-04-30,0.0183995620137611,0.0183995620137611,0.0183995620137611,0.0183995620137611,0.0183995620137611,0.0184440064582031,0.0185667422959409,0.0187412537165728,0.0200236786505068,0.0200289809234446,0.0208952292962727,0.0222413187534495,0.019903714153726,0.0218424829392094,0.0226376191227051,0.0209311212790173,0.0202872866882725,0.0190657758472998,0.018744788565198,0.0187341840193224,0.0186610677035073,0.0186451608846939,0.0185632074473157,0.0185248818650956,commercial,4,spring,0,9,47.09588026,423.86292234,0
12,2021-05-01,0.0182713645801013,0.0182713645801013,0.0180061556198993,0.017997793141971,0.0179269166313667,0.0178964585039217,0.0185373944968627,0.0184775077493865,0.0188735856498582,0.0188735856498582,0.0190376764917611,0.0189413238827543,0.0188636933835527,0.0188689922562278,0.0185238697374941,0.0186844279976135,0.0186844279976135,0.0183642620754413,0.0183571969118745,0.0182713645801013,0.0182713645801013,0.0182713645801013,0.0182713645801013,0.0182858519967518,commercial,5,spring,1,9,47.09588026,423.86292234,0
12,2021-05-02,0.0182713645801013,0.0182713645801013,0.0183187874310574,0.0182753170412885,0.0182733408719178,0.0183240731993993,0.0185614309635539,0.0185614309635539,0.0188735811240926,0.0188735811240926,0.0190376719659955,0.0190927237718685,0.0186879537907485,0.0188689820732551,0.0188636865949042,0.0201325244638642,0.0191870520860419,0.0185283483915785,0.018883861375941,0.0186111882261599,0.0182713645801013,0.0184354554220042,0.0184354554220042,0.0182713645801013,commercial,5,spring,1,9,47.09588026,423.86292234,0
12,2021-05-03,0.0184354554220042,0.0182713645801013,0.0182713645801013,0.0182713645801013,0.0184354554220042,0.0182713645801013,0.0187255172889493,0.0187255172889493,0.0191241116836711,0.0202882633062575,0.0208412487563446,0.0224202718702197,0.0219325200655116,0.0240894035338611,0.0235506142569279,0.0222646917264904,0.022317253520075,0.0224451819534183,0.0208075927020165,0.0201544073578972,0.0200319348160711,0.020004709518261,0.0198816314001116,0.019437501390452,commercial,5,spring,0,9,47.09588026,423.86292234,0
12,2021-05-04,0.0198057087197588,0.0197425679162484,0.0191526713656715,0.019649318892962,0.0191389715101801,0.0189736557100487,0.0197900595614405,0.020815332028299,0.0240265727192193,0.028736255488461,0.0276236968203061,0.0272140534208964,0.0245984347085964,0.0259988526170187,0.0270868391321945,0.018632437604719,0.0185203236075258,0.0183642485272564,0.0183571969118745,0.0184354554220042,0.0182713645801013,0.0182713645801013,0.0182713645801013,0.0182713645801013,commercial,5,spring,0,9,47.09588026,423.86292234,0
12,2021-05-05,0.0182713645801013,0.0182713645801013,0.0182713645801013,0.0182713645801013,0.0182713645801013,0.0182713645801013,0.018561417447153,0.0187255082890558,0.0188894378455838,0.0192422460381945,0.0212482024829401,0.0221682698582482,0.0202368981267314,0.0225368692025462,0.0218796095372064,0.023002241834232,0.0230436861259696,0.0231156884302088,0.0215891017288404,0.0209166289247108,0.0202398658353096,0.0199055199965954,0.0204988824405635,0.0196998801998463,commercial,5,spring,0,9,47.09588026,423.86292234,0
12,2021-05-06,0.0206146115182116,0.0200454485835257,0.0198319839397275,0.0195765859869369,0.0194056244414203,0.0192737901330635,0.0190452468863865,0.0209685921432442,0.0356391215868187,0.0376185934858747,0.0388036333075677,0.0401238242518161,0.0318508598192414,0.0391655611500848,0.038698296998515,0.03642811415624,0.0354009363976853,0.0261513275097735,0.021715783026799,0.020246558911189,0.0198545558572044,0.0195311949356703,0.0202089843686504,0.020215509003635,commercial,5,spring,0,9,47.09588026,423.86292234,0
12,2021-05-07,0.0214980375578256,0.0222261244275908,0.021742114474663,0.0221576993626482,0.0219751030048997,0.0211068902390802,0.0214040995438412,0.0231642871737416,0.0401333241728451,0.0422736099608751,0.042047444542722,0.0435455547105713,0.0372494795868902,0.0421360908405805,0.0400570909093431,0.0374378114514132,0.0361618618358387,0.0263141931910529,0.022157664902684,0.0210700842874544,0.020228502672389,0.0186450978392863,0.018563168043936,0.0185248424617158,commercial,5,spring,0,9,47.09588026,423.86292234,0
12,2021-05-08,0.0186111882261599,0.0191735864391075,0.0183683925706972,0.0190706109873174,0.0190899289852847,0.0193441515321803,0.0197391211728573,0.0205751731981824,0.0271523792554495,0.0287410533951501,0.0282208157214243,0.0275930220488864,0.0265351286986283,0.0272472915546271,0.0244252732008371,0.0246932587339138,0.0237781137353054,0.0217616929755314,0.0211664555160236,0.0215696174317251,0.0219926169232836,0.0227629470238973,0.0220804123481018,0.0218923028172113,commercial,5,spring,1,9,47.09588026,423.86292234,0
12,2021-05-09,0.0219466065241696,0.0218634954892821,0.0210755834739352,0.0217368702233656,0.0209524509090065,0.0198855845158293,0.0205359985898522,0.0216620714680602,0.0224321090512374,0.0248737382470236,0.0255287224626481,0.027256567212264,0.0252136147897665,0.0264846126342664,0.0283620011341612,0.0274897088647603,0.0244873086709264,0.0230726702599026,0.0218214883784652,0.0222566151561117,0.0218778796326912,0.0226210432743452,0.0225432118819433,0.0216247532951893,commercial,5,spring,1,9,47.09588026,423.86292234,0
12,2021-05-10,0.0220703268654608,0.021837436619989,0.0209987112975645,0.0210428936471535,0.0209297319780717,0.0203841718671832,0.0205112314791557,0.0237913533598557,0.0381967127917716,0.0453853864551717,0.0426156112057808,0.0416475781026641,0.0337464099816707,0.0412011802472301,0.0414940296648439,0.0381748319463392,0.0364823048454358,0.0269654761334839,0.0222637173582482,0.0215956567138053,0.0204347535526059,0.0207863286722885,0.0205174673808362,0.0201306608607854,commercial,5,spring,0,9,47.09588026,423.86292234,0
12,2021-05-11,0.0218298550944385,0.0220377946919406,0.0216310200136772,0.0220051938818303,0.0219988817536251,0.0215383760728225,0.0187879721830318,0.0189051107873315,0.0206287506485067,0.0225271002884046,0.0212436729464528,0.0226497088302585,0.0218351598483696,0.0251107297868561,0.0252132737055136,0.0262554266550892,0.025861676423055,0.0197448313442053,0.0190843538326236,0.0190738231092146,0.0188420074855742,0.0188091532966413,0.0187272367704964,0.0187753554224594,commercial,5,spring,0,9,47.09588026,423.86292234,0
12,2021-05-12,0.0185636528556639,0.0183995620137611,0.0183995620137611,0.0183995620137611,0.0183995620137611,0.0184440064582031,0.0185666485161843,0.0187409991715191,0.0228214398910224,0.0265984656035727,0.0289306507051693,0.0299407837787805,0.0258818768407524,0.0294956912082768,0.0319099801688893,0.0312432913613207,0.0296413523257529,0.0210994019592971,0.0190843308719868,0.0190738067087597,0.0187578679432657,0.0189848773538878,0.0187272313036782,0.0185248148795551,commercial,5,spring,0,9,47.09588026,423.86292234,0
12,2021-05-13,0.0183995620137611,0.0183995620137611,0.0183995620137611,0.0183995620137611,0.0183995620137611,0.0184440064582031,0.0185666409019175,0.0187409785042235,0.0275466256085451,0.0341107265409933,0.0339540040857659,0.031907022741333,0.0295850526014593,0.0342966266879775,0.033457533232547,0.0305970347881413,0.026985200012282,0.0208573306920526,0.0190843080291863,0.0190737903924737,0.0188419704066012,0.0191717094698764,0.0190897994870798,0.0186384266580521,commercial,5,spring,0,9,47.09588026,423.86292234,0
12,2021-05-14,0.0187393856598197,0.0187393856598197,0.0184801193083029,0.0185636528556639,0.0185636528556639,0.0184758680621152,0.0187307241710872,0.020681290173138,0.0298282125156446,0.0349682316830696,0.0341264631435438,0.0313480281908811,0.0306955601748679,0.0349381088464813,0.032296748789955,0.0324225354814977,0.0319150815441027,0.0216228179158317,0.0199827793340987,0.0194580173060901,0.0190371235459224,0.0191717008153243,0.0190897940779847,0.0187404163605734,commercial,5,spring,0,9,47.09588026,423.86292234,0
12,2021-05-15,0.0187980290441678,0.0186111882261599,0.0184696875313318,0.0186111882261599,0.0186111882261599,0.0183683925706972,0.0189064494462861,0.0189134525745574,0.0190568730592117,0.0215431173700135,0.0228559635405188,0.0222898162539735,0.0233582288062219,0.0233142557430347,0.0216174684304141,0.0224446467140261,0.0202326066114644,0.0191138188729966,0.0193009239315578,0.0192989297456018,0.0186476850560681,0.0187980290441678,0.0188050250445977,0.0185218996561873,commercial,5,spring,1,9,47.09588026,423.86292234,0
12,2021-05-16,0.0186111882261599,0.0186111882261599,0.0184696875313318,0.0184354554220042,0.0186111882261599,0.0184354554220042,0.0185319217360765,0.0212519629592164,0.0233543402727354,0.0274663168659571,0.0278133999225367,0.0293468806992986,0.0257986640866325,0.0284120457805293,0.0298085295588576,0.0246703038622522,0.0240255216238444,0.023837988980357,0.0211456559739773,0.0182713645801013,0.0182713645801013,0.0182713645801013,0.0182713645801013,0.0182713645801013,commercial,5,spring,1,9,47.09588026,423.86292234,0
12,2021-05-17,0.0183995620137611,0.0183995620137611,0.0183995620137611,0.0183995620137611,0.0183995620137611,0.0184440064582031,0.0185666108825474,0.0187408970230762,0.0212344062927733,0.0221723622662004,0.0225015558980529,0.0237293445851158,0.0233994780544635,0.0289041654365841,0.0279183525884497,0.0270320705848484,0.0268100063596908,0.0197144292521389,0.0194684611119779,0.01926056688326,0.0190005722027531,0.0191716751620249,0.0189029372266647,0.0186218159889819,commercial,5,spring,0,9,47.09588026,423.86292234,0
12,2021-05-18,0.0187393856598197,0.0185636528556639,0.0183995620137611,0.0185636528556639,0.0185636528556639,0.0184440064582031,0.018566603498242,0.0187408769799614,0.020022984662012,0.0202893765943686,0.0215519578250169,0.0234119813146466,0.0211663420488185,0.022242999478901,0.0225205373216106,0.0238263450682658,0.0230158670052266,0.0191132338940575,0.0190841958181598,0.0188979774375847,0.0186607306233813,0.0186450022587522,0.0185631083061022,0.018524782723882,commercial,5,spring,0,9,47.09588026,423.86292234,0
12,2021-05-19,0.0183995620137611,0.0183995620137611,0.0183995620137611,0.0183995620137611,0.0183995620137611,0.0184440064582031,0.018566596166547,0.0187408570796463,0.0200232112065537,0.0222351563648392,0.0255620527220518,0.0263520081674792,0.0238817804495362,0.0283019538354239,0.0268074674858692,0.0282738337555978,0.0281578843758021,0.0193690042578776,0.0194684169639764,0.0192605353489732,0.0187577408084321,0.0189848175257308,0.0189029267152358,0.018524777486957,commercial,5,spring,0,9,47.09588026,423.86292234,0
12,2021-05-20,0.0185636528556639,0.0185636528556639,0.0184154322516532,0.0185636528556639,0.0185636528556639,0.0184440064582031,0.0187306797315364,0.0189049281699271,0.0224793965860299,0.0253071583116731,0.0293141976131558,0.0299899973525603,0.0272001151231085,0.032247461790384,0.0305487826975999,0.0320768653972295,0.0314043817110779,0.021789364201674,0.0197563759420874,0.0192605197555874,0.0188247859872351,0.0189848092092583,0.0189029215174405,0.0186719214572302,commercial,5,spring,0,9,47.09588026,423.86292234,0
12,2021-05-21,0.0187393856598197,0.0187393856598197,0.0185978849649915,0.0187393856598197,0.0187393856598197,0.0185911556262716,0.0189064053157154,0.0190806413770031,0.0214007334950216,0.0253688126686148,0.0273468876869327,0.0260148664146232,0.0256604657836752,0.0265460262772208,0.0236520752427768,0.0238780640530963,0.024876791695712,0.0194594791761336,0.0189083975282485,0.018897930662045,0.0187248832622156,0.0188090681537006,0.0187271835561585,0.0185247671320355,commercial,5,spring,0,9,47.09588026,423.86292234,0
12,2021-05-22,0.0184354554220042,0.0184354554220042,0.0182713645801013,0.0184354554220042,0.0184354554220042,0.0182713645801013,0.0187306653506576,0.018737639169516,0.018973229601552,0.0190672238772005,0.0194718907704948,0.0193191541723032,0.0193781563889507,0.0197409095092697,0.0203566644302369,0.0208909068162513,0.0198148828144442,0.0191137675815239,0.0191782727989745,0.0193124604966657,0.0189622067272488,0.0190489390560779,0.0190114189326674,0.0184696875313318,commercial,5,spring,1,9,47.09588026,423.86292234,0
12,2021-05-23,0.0186111882261599,0.0186111882261599,0.0184525135258236,0.0184354554220042,0.0184354554220042,0.0183519218746432,0.0183678018037574,0.018707625449816,0.0186537147295726,0.0202485782029286,0.0222235305112337,0.0205371125314475,0.0221580891902343,0.0255780319170564,0.0206784555414655,0.022578666262364,0.0225504131651318,0.0195842206688134,0.0199690201111354,0.0194603527474513,0.0188954446649615,0.0189954313670617,0.0189954313670617,0.0186293813662919,commercial,5,spring,1,9,47.09588026,423.86292234,0
12,2021-05-24,0.0189262264778276,0.0189262264778276,0.0186151743426364,0.0187393856598197,0.0187393856598197,0.0185082121093158,0.0187306512145423,0.0190979066482177,0.0316078563915449,0.0364404695921618,0.0386478283888098,0.0376594059894248,0.0316424576148609,0.0388775753258666,0.0375027319006138,0.0385156453083303,0.0374744521423201,0.0257263998725351,0.0221964880018782,0.0201102932716004,0.0190925153055281,0.0193080792647467,0.0192130309802863,0.0188977999828505,commercial,5,spring,0,9,47.09588026,423.86292234,0
12,2021-05-25,0.0197953418348258,0.0203658799127183,0.0192722420480636,0.0200836311405691,0.0200362978193049,0.0191400053700499,0.0198142749177296,0.0211370684039281,0.0346571697665012,0.0383854446600065,0.0401264263266249,0.0419243881586094,0.0340889336576972,0.041682031867846,0.0403492028463734,0.0393405025189178,0.0349320891191982,0.0260138059480781,0.0218515964538831,0.0211549448861986,0.0194861899743599,0.019488572355798,0.0196768010336475,0.0195300638626949,commercial,5,spring,0,9,47.09588026,423.86292234,0
12,2021-05-26,0.020877946853385,0.0214054662234053,0.0201946632671313,0.020984516562558,0.0204151556406063,0.0198237978837759,0.0216791231318142,0.0260949763757716,0.0381733430403141,0.0438619832606018,0.0441989033660967,0.0400091989513074,0.035485372660507,0.043569890895404,0.0438499597567624,0.0408933493626083,0.0399877005060051,0.0281154738294203,0.0253964376816364,0.0217470547888205,0.0195470481058406,0.0196984817379597,0.0198488253253567,0.019027079509492,commercial,5,spring,0,9,47.09588026,423.86292234,0
12,2021-05-27,0.0198053959794003,0.0201226735267469,0.0197446117230942,0.0203246602858905,0.0198006651708244,0.0194698734896123,0.0201915124675985,0.0243316254724496,0.0356997474496977,0.0456377397023014,0.0473670960856267,0.0405192605214942,0.0384839380880331,0.0427428741889124,0.0393426321887376,0.0441332862801309,0.0438155808828715,0.0285006576684046,0.025855685792835,0.0233357901011859,0.0208349737373037,0.0211701686499781,0.0210536774141144,0.0204776401501207,commercial,5,spring,0,9,47.09588026,423.86292234,0
12,2021-05-28,0.0220906537879831,0.0213818959480941,0.0213788065791034,0.0225553944444989,0.0220583254751749,0.0212561731876777,0.0222202948155577,0.0232492397182279,0.032428104475006,0.0387423287581781,0.0429202802511869,0.0433149999782135,0.0376010521936478,0.0457793581957472,0.0347403315006147,0.0347735352634204,0.0382750305186638,0.025510192250245,0.0227989168611178,0.0221382563239056,0.0198884716890609,0.0213391936168498,0.0201757160100567,0.0202595295841753,commercial,5,spring,0,9,47.09588026,423.86292234,0
12,2021-05-29,0.0212890011509017,0.022042806502867,0.0216405955635974,0.0202220468254893,0.0204935079254826,0.0211385621477216,0.0222602149594341,0.0210389505100581,0.021145574960244,0.0210493842872874,0.0207138850448163,0.0279025302719088,0.0209596162807413,0.01966757116026,0.0233893828456992,0.0189760865601227,0.018701674607152,0.018466380789023,0.0187091764444858,0.0186966713383705,0.0187376322391939,0.019289000431928,0.019674798611488,0.0193791862628847,commercial,5,spring,1,9,47.09588026,423.86292234,0
12,2021-05-30,0.0203255266392359,0.0209066147916985,0.0199431879573955,0.0211504340777326,0.0217387959666907,0.0204956899852213,0.0221036912103347,0.0231251310046904,0.0239110901260571,0.0247401166259305,0.0261770814081007,0.0301375048427711,0.0306486150417019,0.0292742639832787,0.031160925332354,0.0272097231575453,0.0267814710148858,0.0250217670264423,0.0237033530015069,0.0237760330803074,0.0237656455611195,0.02383977754897,0.0237275185170166,0.0234241719432738,commercial,5,spring,1,9,47.09588026,423.86292234,0
12,2021-05-31,0.023818704802157,0.0237542063564307,0.0229979164926555,0.0237376134968774,0.0236367464270521,0.0231636623508012,0.0231157110892177,0.0244401444892718,0.0406011146620142,0.0459351935426315,0.0475207425357403,0.0427825160705463,0.0380537009171059,0.0426659254938238,0.0481527525520288,0.0424749166863786,0.0408473615186222,0.0305419250556051,0.0238484715553615,0.0230280736679826,0.0222713647820227,0.0220214854777878,0.0218449063831791,0.0212323132496463,commercial,5,spring,0,9,47.09588026,423.86292234,0
12,2021-06-01,0.0225870552803309,0.022707676028285,0.0220608274578681,0.0225156687332334,0.022889111670116,0.0230752858727046,0.0264668797368174,0.0316935167654888,0.0432410313240015,0.0541196224662458,0.0549712890732978,0.0444575259628351,0.0411239771039958,0.0521529461191876,0.0474499940205875,0.0442670066110995,0.0446491507793686,0.032272182694533,0.0260071924242367,0.0249714069719047,0.0226302361116683,0.0226583729207005,0.0229744121639815,0.0226221222292712,commercial,6,summer,0,9,47.09588026,423.86292234,0
12,2021-06-02,0.0242874317894883,0.0249241017212928,0.0237508349645608,0.0250271203782811,0.0228736662710024,0.0216252471232216,0.0264928757549074,0.0272470398921539,0.0392622006648727,0.0514191371782909,0.0522167517717241,0.0487492805411291,0.0373965541377076,0.0411533359771444,0.042970559827251,0.037030786977515,0.0356720000343388,0.0265485867260717,0.0254431336591203,0.0238196057755702,0.0220126325797586,0.0227870136426453,0.022667663996439,0.0219245426744309,commercial,6,summer,0,9,47.09588026,423.86292234,0
12,2021-06-03,0.024083691780825,0.0239332622093879,0.0240042033501749,0.0243086757970037,0.0249953999276117,0.0234807231063167,0.0262275668913211,0.0298659095317235,0.0417972176255183,0.0513281655468232,0.0535777674479888,0.0467270153718556,0.0445877519071739,0.0504359223715409,0.0482648198059596,0.0483135567268233,0.0477486916024668,0.031657183231217,0.0264578276480846,0.0256625857863042,0.0233352559565944,0.0244560435229691,0.0227040107326536,0.0222921349057228,commercial,6,summer,0,9,47.09588026,423.86292234,0
12,2021-06-04,0.0241701231979031,0.0249715187825876,0.0234566531341187,0.0243410930637033,0.0239078927234409,0.0234389919647929,0.0285844290231367,0.0324231701389149,0.0453269890754914,0.0592308308545979,0.0543896361759764,0.0477492195025767,0.0405544424320604,0.045822278575342,0.0454173508586124,0.0452346885462566,0.0437512493368111,0.0305332981836243,0.0272336644849312,0.0258837625189207,0.0234501771047019,0.0246061279223058,0.0246414657002119,0.0231969213496856,commercial,6,summer,0,9,47.09588026,423.86292234,0
12,2021-06-05,0.0238824576425842,0.023581579715318,0.0230038408770296,0.0238001464936108,0.0225962461659001,0.0225374147326393,0.0282235766559372,0.0320156381105428,0.0342029974067831,0.0402308242581382,0.0400360906960399,0.0355803114630728,0.0331861082878937,0.0329784204286267,0.0318566275573842,0.0287599590981057,0.0272435874209825,0.0230977187398472,0.0220461929959852,0.0220903428460296,0.0227072383670484,0.0245072546892727,0.0251008984804674,0.0233209628265116,commercial,6,summer,1,9,47.09588026,423.86292234,0
12,2021-06-06,0.0229132890980943,0.0242302183731565,0.0223804750739888,0.0225214516822737,0.0225390040776599,0.0223690135280999,0.0269756517762374,0.0323230906479935,0.0317615771551694,0.0369465068864019,0.039483231723776,0.0320987871868475,0.036291565596068,0.033868377784798,0.0311260860529538,0.0315420911276262,0.0270242504358719,0.0255632064130148,0.0268536425653209,0.0264837823901918,0.0241820220409271,0.024665056463065,0.0245545079382052,0.0239240799208835,commercial,6,summer,1,9,47.09588026,423.86292234,0
12,2021-06-07,0.0266423842207626,0.02518477038578,0.0239322916032549,0.0241275518718994,0.0233207646099218,0.0200508563494017,0.0220449771198248,0.0243319856115516,0.0317341872998018,0.0405234602037605,0.0329687190591546,0.0326638444588938,0.0365249510342526,0.0391197505166463,0.0373429756739961,0.0422452027448739,0.0389873490938041,0.0266361352762969,0.0245439382659059,0.0239084164267957,0.0220268026522031,0.0191715137399643,0.0190896771558847,0.0189753169800163,commercial,6,summer,0,9,47.09588026,423.86292234,0
12,2021-06-08,0.0198341833383843,0.0228692348076162,0.0229203386921804,0.0244588180556607,0.0247947897681114,0.0241538034310721,0.0254165757646442,0.0249638437847885,0.0299076540800274,0.0295536236078562,0.0247847647493374,0.0256930903265412,0.0258241494238641,0.0336291210518538,0.0344707975379784,0.0276829259546725,0.0290102523950582,0.0192844797808982,0.0193320883935788,0.0196369236036946,0.0190367118065133,0.0193224232768169,0.0191364600511771,0.0191825817428783,commercial,6,summer,0,9,47.09588026,423.86292234,0
12,2021-06-09,0.0213526560233795,0.0212992412547625,0.0208751200420222,0.023192660780691,0.0233802360555047,0.0229581314350697,0.0241095529700339,0.0233827502183741,0.0276962058325586,0.0342726628497639,0.0364818163870644,0.0368654429265071,0.0337093733863235,0.0373330738732225,0.0334461991728513,0.0271460571244361,0.0258694626044178,0.0191833874466906,0.0190837594272184,0.019260239351933,0.0189641485314223,0.0196983715267585,0.0213134719877402,0.0204530603803271,commercial,6,summer,0,9,47.09588026,423.86292234,0
12,2021-06-10,0.023788212612364,0.0241567527715793,0.0223082535409612,0.0208562898434734,0.019367358196635,0.0184440064582031,0.0188326158672355,0.019080290435585,0.0206912681951202,0.0229881563373804,0.0243213836868454,0.022810765035716,0.02402856031327,0.0270367534931453,0.0237766267247126,0.0245502356766835,0.0249281350757358,0.0193533332502131,0.0198069533667254,0.0196543186447606,0.0190183803970774,0.0192575611400773,0.0190896648253174,0.0191769273528772,commercial,6,summer,0,9,47.09588026,423.86292234,0
12,2021-06-11,0.0201192217688045,0.0202100538271658,0.0196690274042967,0.0205916242190854,0.0204896221512378,0.0196462757600267,0.0200711894982017,0.0208227587459809,0.031509113528419,0.0382881171505924,0.0393298148786982,0.0383367065253214,0.0334031074666963,0.0390782317188906,0.0425266896204523,0.040745505416185,0.0382329020901366,0.0258074315144747,0.0230029592167519,0.0217458850554009,0.0203022201298572,0.0214839051185594,0.0213769878148793,0.0206918157004232,commercial,6,summer,0,9,47.09588026,423.86292234,0
12,2021-06-12,0.0207326793221963,0.0206192963624749,0.0205260723320086,0.020689227565342,0.0203918934684203,0.0200805587764346,0.0212162044808328,0.0245799943245793,0.0277517261841667,0.0306921036661805,0.0314955714426576,0.026478722166927,0.0256088304486245,0.0293545540403392,0.0268815612969717,0.0252672643803817,0.0242908450292681,0.0225996244087681,0.0231158777480936,0.0215980021478062,0.0196971390176331,0.0197113122322883,0.0195558227311545,0.018819591863585,commercial,6,summer,1,9,47.09588026,423.86292234,0
12,2021-06-13,0.0203087494806738,0.021425455898501,0.0211653056750442,0.0222508819041835,0.0223691693142353,0.0213503811716643,0.0224336084083739,0.0238357830835607,0.0275562228262497,0.0342586910055488,0.0342073665062223,0.0301042592583265,0.0241762742982113,0.0274065345240291,0.0290159242785122,0.0273455697892784,0.0263012989918154,0.0248255804786008,0.0242365005537977,0.0204915436401872,0.01909044303929,0.0195775208824879,0.0194197430995129,0.0189208200363718,commercial,6,summer,1,9,47.09588026,423.86292234,0
12,2021-06-14,0.0202638373885658,0.019874061203042,0.0188406487777388,0.0186850363571838,0.0189180613603689,0.0183519218746432,0.0187253528265597,0.019237478593107,0.0191957176473259,0.0210526009298239,0.0229065903121019,0.0211497953235448,0.0210974295178915,0.0206375741901926,0.0201326779781496,0.0211383190940518,0.0204874045488033,0.020197479742591,0.0186409275773071,0.0182713645801013,0.0183849817973603,0.0184354554220042,0.0184354554220042,0.0184354554220042,commercial,6,summer,0,9,47.09588026,423.86292234,0
12,2021-06-15,0.0187444401562487,0.0187393856598197,0.0185636528556639,0.0185636528556639,0.0185636528556639,0.0185576236754621,0.0187305164145882,0.0189044848810675,0.0232771168429005,0.0289856694834558,0.0317243599571965,0.0296238459811278,0.0287894186711051,0.0345935424134071,0.0338701443156592,0.0360193890951656,0.0323748012438858,0.0239361798637363,0.0205563615131129,0.0195853539476195,0.0191487322293729,0.0193467449051794,0.0191815481633361,0.0193190551116282,commercial,6,summer,0,9,47.09588026,423.86292234,0
12,2021-06-16,0.0204106523790636,0.0209781094606348,0.0203465833867064,0.0202389418874969,0.0201671947707227,0.0197433970725686,0.0206477453856476,0.0226878954155529,0.0341121552770868,0.0375293256721264,0.0387842941350559,0.0371590726014261,0.0349727130167722,0.0389567625115422,0.0429751257033937,0.0371317005918467,0.0343262674586178,0.0267396709520771,0.0222064754411785,0.0213548069929195,0.0198871671899493,0.0205481231115629,0.0198604052015109,0.0200833659250552,commercial,6,summer,0,9,47.09588026,423.86292234,0
12,2021-06-17,0.0210336422767406,0.0216684538242385,0.0208083715945391,0.0210516650806035,0.0214968013570899,0.0206588224933034,0.0209625473416222,0.0236709663489747,0.036674579156144,0.0473770990353833,0.0432140067076196,0.042863334961069,0.0336462582713939,0.0348337343525337,0.033194511131725,0.0337951130625022,0.0339811157475217,0.0247874052058752,0.0220484512573251,0.0209456604931397,0.0197405276371934,0.0200991362577241,0.019849848606703,0.0193044943629582,commercial,6,summer,0,9,47.09588026,423.86292234,0
12,2021-06-18,0.0199244620731308,0.0201034717588152,0.0195509300638805,0.02019087952307,0.0201542421140347,0.0192283321108645,0.0192567570706689,0.0203803508105884,0.0319575132872089,0.039342271918487,0.0457627665707613,0.0456707327158071,0.0393085116476742,0.0425050393059018,0.0456631721505546,0.0386973965430393,0.0430646953577393,0.0281076222505145,0.0241961471576007,0.0229139382401971,0.0207760491913067,0.0209751227758717,0.020254617481486,0.0195656267642019,commercial,6,summer,0,9,47.09588026,423.86292234,0
12,2021-06-19,0.0210718776147633,0.0217505008112306,0.0206660065459986,0.0204750709877639,0.0202884269288694,0.0198671442687257,0.0231457857887075,0.0256860026957885,0.0315304692541302,0.0384408659277292,0.038981117064319,0.0359985909539603,0.0302184318288227,0.0304603602762624,0.0276321383804563,0.0286725708418135,0.0274070773942254,0.0261727991732469,0.0230069916558219,0.0232949689280473,0.0223989962773608,0.0221676817933645,0.0222664697605619,0.0216951165798956,commercial,6,summer,1,9,47.09588026,423.86292234,0
12,2021-06-20,0.0227405491418578,0.0214431628221038,0.021028847141384,0.0209443002604417,0.0201341938049562,0.0200886918210464,0.021129324208667,0.0268501985071605,0.0328080203510848,0.0374731788304917,0.0354422193759418,0.036121413421028,0.0339947916371131,0.0357953180049495,0.0319506836390886,0.032217293414045,0.0312028744509695,0.030769968941431,0.0259611520641135,0.0238571387482518,0.0223184679499309,0.0219429216856029,0.0225384826439878,0.0218768874579009,commercial,6,summer,1,9,47.09588026,423.86292234,0
12,2021-06-21,0.022961271868814,0.0228211483549928,0.0216436648953644,0.0220900402406772,0.0218837553828894,0.0210000490443622,0.0240761347041056,0.0300003580112106,0.0430857429044469,0.0478039435313009,0.0473988238801774,0.0492395562983778,0.0423966954961635,0.0486788509958804,0.051666659301174,0.0472474967969664,0.0466384003334949,0.0329599150456614,0.0270725178682976,0.025361969921255,0.0229096969368456,0.0230063374988227,0.0228251055425281,0.021726864492567,commercial,6,summer,0,9,47.09588026,423.86292234,0
12,2021-06-22,0.0235767102552836,0.0234951732269583,0.0212313431071638,0.0218014332175776,0.0212874676080941,0.0214744386199264,0.0262279037716998,0.0317403496960194,0.0457067594726842,0.0508527724636728,0.0529888869384976,0.0514346915830363,0.045149822814923,0.048895549302851,0.0499563179899865,0.0489767746735671,0.0478160100489731,0.033449356347798,0.0274297642386447,0.0256550098285713,0.0231851362636936,0.0232157189489782,0.0230062117662955,0.0221715980276889,commercial,6,summer,0,9,47.09588026,423.86292234,0
12,2021-06-23,0.0237764495405689,0.0236676004733689,0.0218534533209666,0.0218735148855624,0.0233401638095477,0.0215336584215559,0.0279049701793103,0.0351327443525543,0.0485932136796402,0.0513573624473554,0.0543254344465623,0.0508971701764847,0.045242055546976,0.0502674402927652,0.0512103742926787,0.0504000561145939,0.0484879704703865,0.0328014009766091,0.0289996524116672,0.0258271166779509,0.0240646475236128,0.0250323098077511,0.025087322652089,0.0235532613709114,commercial,6,summer,0,9,47.09588026,423.86292234,0
12,2021-06-24,0.0248632388315744,0.024911964602554,0.023589361972521,0.0250098790321898,0.0247124703958477,0.0235536315941781,0.02842891082008,0.0332808428132082,0.0482673577292677,0.0520344916913902,0.0541264234339114,0.0530388401549245,0.0443866565281828,0.0522652473503413,0.0498584530355422,0.0530977870420896,0.0488031066064988,0.0329644705067449,0.0292693427553849,0.0264143741224547,0.024241835176027,0.0245251030901977,0.0250514955848076,0.0239394473145667,commercial,6,summer,0,9,47.09588026,423.86292234,0
12,2021-06-25,0.0252269419567525,0.0271776040510042,0.0242285179925541,0.0243657932335339,0.0239815032747273,0.0236007997208142,0.0288651543752563,0.0312419652233985,0.0425444501657565,0.0525423640210324,0.0538578366779793,0.0514265603692383,0.045181379661181,0.0505352398345169,0.0514600181624105,0.0500093058808351,0.0468915872833896,0.0328571413603239,0.0286345288780323,0.0255975791274002,0.0237648566184479,0.0242558676839934,0.0242938079622487,0.0233260537395626,commercial,6,summer,0,9,47.09588026,423.86292234,0
12,2021-06-26,0.0237896087025496,0.0244232689061983,0.0225672547517459,0.023067873089069,0.0234669314408001,0.0213490127780973,0.0280750916912447,0.0300275718625362,0.0353261406328721,0.0376632422269213,0.0374341935582946,0.0381832969144665,0.032546967961083,0.0330285326211549,0.0282731986030812,0.0305115833107444,0.0296430675367712,0.0269732727762869,0.0259782891176307,0.0245645630587608,0.0236913430555072,0.025527896090189,0.0254945656736615,0.0224937308419888,commercial,6,summer,1,9,47.09588026,423.86292234,0
12,2021-06-27,0.0235798253112357,0.0235062236302033,0.0224141423730773,0.0236409999545569,0.0236101637189137,0.0226381557435945,0.0268400932060909,0.0298686866564322,0.0347201241382859,0.0340674520377321,0.0284308688792171,0.0294602748571724,0.0323274429501161,0.0323377897984265,0.0328690521764583,0.0342595683511017,0.0300507835838684,0.0278856116205411,0.0262941882151171,0.0256034489693337,0.0210964145327782,0.023726846133037,0.0222538063406354,0.0219768835420244,commercial,6,summer,1,9,47.09588026,423.86292234,0
12,2021-06-28,0.0195534417007396,0.0203422233104824,0.0196922498634405,0.0209091229444751,0.0209316529236691,0.0189828256518806,0.019578643531278,0.018904330341692,0.0285634622536386,0.0325441543555729,0.0344033979632464,0.0321828921606024,0.0291901417200419,0.0317630879978206,0.0279094508790317,0.0304127019909348,0.0333268990833891,0.0218740812930541,0.02034754212918,0.0198726909570721,0.0191296383979883,0.0193782505392885,0.019651365771255,0.0194655357179369,commercial,6,summer,0,9,47.09588026,423.86292234,0
12,2021-06-29,0.0210798877333734,0.0211764931310569,0.0205436756187154,0.0211054398748916,0.0209436508360389,0.0192370437832592,0.0198660274351451,0.0189043206849615,0.0226751218140374,0.0307520120184797,0.0364954277573986,0.032787086624181,0.0268769238908312,0.0331200411522856,0.0295596302121613,0.030964573026339,0.0309105093054371,0.022234249660322,0.0203007546422572,0.0196303651747766,0.0192060901609924,0.0191713942441228,0.0190896024709838,0.0189940905763003,commercial,6,summer,0,9,47.09588026,423.86292234,0
12,2021-06-30,0.0195720448206596,0.0200834408217898,0.0192966148069158,0.0199809209223896,0.0198418756130085,0.0188514110671776,0.019097224242177,0.020489598876512,0.029451780488014,0.0365340911921722,0.0362167357760404,0.0361301051362971,0.0247761794700401,0.0299118234211751,0.0295067564932507,0.0331356515345449,0.032485625256383,0.0202769363859692,0.0191942764823621,0.0191839982088448,0.0190364637411254,0.0191906644097226,0.0192068095299936,0.0198382276356394,commercial,6,summer,0,9,47.09588026,423.86292234,0
12,2021-07-01,0.0211399068297486,0.0218896008767641,0.0216466618068635,0.0218134562727036,0.021657753650601,0.0215484834840897,0.0227863503172087,0.0265012645681015,0.0392580908188271,0.0466886149798664,0.0448165406585579,0.0403289345684517,0.0391761464085074,0.0453351665952961,0.043130285714504,0.0443555239862353,0.0433972907312176,0.030133076605699,0.0260743767015948,0.0239620016163479,0.0218582518312073,0.0228828625692433,0.0229855318380555,0.0214367772872687,commercial,7,summer,0,9,47.09588026,423.86292234,0
12,2021-07-02,0.0228103671350632,0.022556793796259,0.0216510115809657,0.0225695789245786,0.0219511648971815,0.0217535770479489,0.0248330207414955,0.0272738575247002,0.0391109578004843,0.0492595205147994,0.0519947017722271,0.0423444569060206,0.0421538174500308,0.0475695128077285,0.043996393569381,0.0468034189805746,0.0411802987303291,0.028334338979207,0.0253412105604694,0.0243915987650884,0.0219801682115114,0.0231814325753113,0.0232878090834405,0.0217624428545246,commercial,7,summer,0,9,47.09588026,423.86292234,0
12,2021-07-03,0.0220200451013949,0.0239979964079377,0.0210834794241051,0.0220031607471794,0.0220588568318119,0.021537090266427,0.0245056174165768,0.0242169728641587,0.0264060837799623,0.0304489649447009,0.0349235075177629,0.0285371812477286,0.0287089278870401,0.0294507434981055,0.0261574681487488,0.0262408532609482,0.0252921223688634,0.0208856606329489,0.022265340222455,0.0223032271920227,0.021308541472713,0.0235547708505483,0.0235349516360869,0.0215137585188307,commercial,7,summer,1,9,47.09588026,423.86292234,0
12,2021-07-04,0.0221814611499715,0.0222951980484873,0.0216724001149579,0.0223642010780123,0.0222863927777546,0.0210030569679857,0.0221756931592517,0.0231893501300987,0.0219827218130204,0.0219857094997196,0.0219115755150761,0.0231110076427503,0.0217246574102466,0.0252395861959306,0.0227050767362471,0.0260469965124125,0.0254282790577903,0.0207877877308468,0.0227622186297797,0.0223342976707074,0.0207021223704813,0.019748167567214,0.0189458781391636,0.0182713645801013,commercial,7,summer,1,9,47.09588026,423.86292234,0
12,2021-07-05,0.0185636528556639,0.0183995620137611,0.0183995620137611,0.0185636528556639,0.0185636528556639,0.0184440064582031,0.0187304371966681,0.0190800026651545,0.0230969774815358,0.0313772593941642,0.0355332673664648,0.0320719133607711,0.0326159256937567,0.0345806356456963,0.0317810113933066,0.0243475019195584,0.0247184118272334,0.0191285108597598,0.0190834243877295,0.0188974264158487,0.0187243117831932,0.0191713728445595,0.0189027482782488,0.0186549235012293,commercial,7,summer,0,9,47.09588026,423.86292234,0
12,2021-07-06,0.0187393856598197,0.0185636528556639,0.0185467111818295,0.0187393856598197,0.0187393856598197,0.0184440064582031,0.018906167325654,0.0196136699513433,0.0276516217862765,0.0350639584155625,0.0372657760702794,0.036410566468396,0.032023644153387,0.040839717065883,0.0414719292150979,0.0408528135443776,0.0368165557523478,0.0258867100583898,0.0232074002865117,0.0225762312599761,0.0200614985020513,0.0203073440424317,0.0206992235004064,0.0198240237533245,commercial,7,summer,0,9,47.09588026,423.86292234,0
12,2021-07-07,0.0216074752680459,0.0218481208294011,0.0211048184890903,0.0216997446268678,0.0216690848143427,0.0208740723401693,0.0231730003729932,0.0266742149015453,0.0387059593709085,0.0480345844589424,0.0506140448591359,0.0447559275189258,0.0411803553894256,0.0463601122445442,0.046819170280572,0.0465686866994841,0.043962688106988,0.030975401780344,0.0268204600750102,0.0239879510327263,0.022126575528502,0.0233182252942965,0.0220644146899663,0.021392172436253,commercial,7,summer,0,9,47.09588026,423.86292234,0
12,2021-07-08,0.0226670641456922,0.0228035697665514,0.0209069023363931,0.0217126708805676,0.0218235510164709,0.0207109818133984,0.0260748344788426,0.0310898711962346,0.0443205230459189,0.0535482846114443,0.0511813785482345,0.0456460070035557,0.0436022191963589,0.0492504114233826,0.0464373025317992,0.0476946239375311,0.0445804664634935,0.0296938812943279,0.0267544330283379,0.0248909235259886,0.0217484302031692,0.0224840065580717,0.0223264481193038,0.0211882937164529,commercial,7,summer,0,9,47.09588026,423.86292234,0
12,2021-07-09,0.0227236456030003,0.0234571422175224,0.0209414321459874,0.0217417520271632,0.0218040193621286,0.0209399929980412,0.0259201140431394,0.0317606046144281,0.0444295970814241,0.051023706989345,0.053441418957613,0.0493515712496049,0.0429232363783579,0.0518435581474855,0.05115534760896,0.0529977541537468,0.049376614204064,0.0333741499024348,0.0279175199818661,0.0258724039406928,0.0235110251555693,0.0246767750561964,0.0233588790290363,0.0223504129039485,commercial,7,summer,0,9,47.09588026,423.86292234,0
12,2021-07-10,0.0234091391869392,0.0232556507905663,0.0215819177345234,0.0227541195431627,0.0218527193152815,0.0211023258897702,0.0261790848902054,0.0287315473452562,0.0354724339821514,0.0397981317438189,0.0388351448327734,0.038889602643759,0.0351529858375744,0.036064814762357,0.0348115979662527,0.0354158534001912,0.0339047471282783,0.0297813963880195,0.0302370494560666,0.0272467537579924,0.026221339299668,0.026093279911521,0.0280783410586471,0.0259348402775523,commercial,7,summer,1,9,47.09588026,423.86292234,0
12,2021-07-11,0.0297336963724905,0.0266863367721465,0.0206299856591063,0.0208225971931549,0.0204711632687884,0.0200721044471438,0.0252700019518446,0.0320231917835563,0.032424194999058,0.0379686832422941,0.0353872034609613,0.0302662197108614,0.0335467750322868,0.0348902176688125,0.0311583797018542,0.0358317999395801,0.0310400649575079,0.020897083229124,0.0231589681162388,0.0226560691683701,0.0205317945959254,0.0221793242902488,0.0219846324334961,0.0204253706200522,commercial,7,summer,1,9,47.09588026,423.86292234,0
12,2021-07-12,0.02085691765337,0.020395378340644,0.0201851584828366,0.0207563836189368,0.0206887980888098,0.0199970846459399,0.0239403256861827,0.0274793089184606,0.0407441112091164,0.0516647255805029,0.0522700619874876,0.0472892385848969,0.0386988483928136,0.0526808271913819,0.0480562215799984,0.0541181035304324,0.0481943618727226,0.032232833675752,0.0289042233332231,0.0251271014600586,0.0224224027345107,0.0232661927192835,0.0228131877117067,0.0212625945734159,commercial,7,summer,0,9,47.09588026,423.86292234,0
12,2021-07-13,0.0218504061335913,0.0221690694153198,0.020785718630763,0.0213535303074939,0.0216282828528601,0.0208587245129744,0.0258477405452559,0.0327267844852724,0.0478435580475966,0.0523506918926182,0.0548994218827802,0.0516190027086011,0.0454159143762236,0.0514021778969872,0.0543943753650867,0.0545352145095159,0.0500940752105778,0.0337582875556194,0.0297108537578413,0.026903409025788,0.0237403369124709,0.0244858762770009,0.0248926267504472,0.0231741768286902,commercial,7,summer,0,9,47.09588026,423.86292234,0
12,2021-07-14,0.0240812947817138,0.0242554905266145,0.0219036507844638,0.022193795394599,0.0218146819111288,0.0214834047157457,0.0256484497700025,0.0268256848788138,0.0412069927084361,0.0496181358391983,0.0498760348936836,0.0446997006124828,0.0415466425208746,0.0459288314223152,0.0427942883613574,0.044983337535805,0.0413984039349562,0.0292012139289046,0.0256011673343498,0.0245806607642987,0.0226033715135803,0.023374106351941,0.0234564712058675,0.0217490170644174,commercial,7,summer,0,9,47.09588026,423.86292234,0
12,2021-07-15,0.0231889231779433,0.0219096582511562,0.0206122691901352,0.0216398270879759,0.0215188557669804,0.0205975666095387,0.0233950021611069,0.0253491330226006,0.0356542621077864,0.0347236370930609,0.0411000299711613,0.0392006474334321,0.0413363917504419,0.0466345464603741,0.0443442487382329,0.0463770129135596,0.0465180694212753,0.0295808240186989,0.0281537437872065,0.025708603604033,0.0220493009840892,0.023830082187779,0.02279348010925,0.0215870622925544,commercial,7,summer,0,9,47.09588026,423.86292234,0
12,2021-07-16,0.0238033926627751,0.0226979524695522,0.0209349498295402,0.0218831529164744,0.0216517369563895,0.0208555388816512,0.0263266351433163,0.0284188938022498,0.0434206434790027,0.053546378358379,0.0534872220560973,0.0465591244483168,0.0452570894750849,0.0526920045595261,0.0469804039909579,0.0473643449351301,0.0481540291970302,0.0307440992036595,0.0282913558091835,0.0257351137768884,0.0223526185249985,0.0232522710396374,0.023209513037533,0.0217842891408982,commercial,7,summer,0,9,47.09588026,423.86292234,0
12,2021-07-17,0.021682212355266,0.0219387542430955,0.0205809065908716,0.0208064936944974,0.0208515128973738,0.0204785480660049,0.0259856203043544,0.0305769948914875,0.0351239664985742,0.0428609923151984,0.0414337765699629,0.0377366049992014,0.0343771563061096,0.0347889475009328,0.0327994788460992,0.0313266482780896,0.0300957491171846,0.0253423209649102,0.0274239836721692,0.0246471884846777,0.0230854771377331,0.0256727776502194,0.02422348529588,0.0226897698132333,commercial,7,summer,1,9,47.09588026,423.86292234,0
12,2021-07-18,0.0254013184812779,0.0249314911015061,0.0227830908461609,0.0245132109979501,0.0240808991014421,0.0213016555111011,0.0293306576575468,0.036174572169098,0.0380814121579775,0.0445170352735505,0.0443239251846969,0.0380960115063783,0.0399058172336063,0.0425635255473568,0.0377890394543738,0.0389664965560894,0.0358912719296448,0.0237759655186502,0.0222926395177763,0.0201732770036221,0.0190845801401349,0.0210157402944891,0.022110709258763,0.0193070884553414,commercial,7,summer,1,9,47.09588026,423.86292234,0
12,2021-07-19,0.0207299791951113,0.0203686832871525,0.0188292102274283,0.0191066962423746,0.0190426898592115,0.0189973046481445,0.0209412703978311,0.020441894249112,0.0236670281377225,0.0254748770547234,0.0273736634354544,0.0269708260307271,0.0235654631414556,0.0304921794254084,0.028841922442462,0.0362346416532015,0.0360882045088823,0.0234505303069735,0.0215469780360296,0.0200017897245229,0.0190733017139741,0.019368746107288,0.0190895709336534,0.0189193150606412,commercial,7,summer,0,9,47.09588026,423.86292234,0
12,2021-07-20,0.0193222035488471,0.0201394595727688,0.0190523812502499,0.0197962377153015,0.0204465052709755,0.0202881008385318,0.0205686404412569,0.0214208552942662,0.0364111303028586,0.0425315303756362,0.0426589928228612,0.0403401245973637,0.0359784880197011,0.0457778352893316,0.0432947488110088,0.046581869245077,0.0428487096192531,0.0282432251706525,0.0265381366560824,0.022973734290801,0.021000838564391,0.0209530615031245,0.0220115934690124,0.0203388093690354,commercial,7,summer,0,9,47.09588026,423.86292234,0
12,2021-07-21,0.0211247775999575,0.0212086759631183,0.0205885395908387,0.0208606174334727,0.0208839434418719,0.0204672798272117,0.0224105901301419,0.0271849519264869,0.0431112173663933,0.0510991689667512,0.0491441118910572,0.0465687800796368,0.0431464484320996,0.0481565637481532,0.0470620209761064,0.0472215570670641,0.0453188988723041,0.0327724279196545,0.0272168414761156,0.0248114998675327,0.0222134918393198,0.0218871044953098,0.021634599022246,0.0208292229211364,commercial,7,summer,0,9,47.09588026,423.86292234,0
12,2021-07-22,0.0215382861061123,0.0221239341608773,0.0203591084201848,0.0208575510034177,0.020934938409782,0.020294504931606,0.0247369984285355,0.0301464001821625,0.0419968419264461,0.0486084089849918,0.0498573127330589,0.0468110420280827,0.0434972721597607,0.0471627487584295,0.0460411813800133,0.0469398813550025,0.0456364535605744,0.0324662676002249,0.0273166090505809,0.0249395570019615,0.021752053369847,0.0219677892140929,0.021772589900929,0.0205834784202747,commercial,7,summer,0,9,47.09588026,423.86292234,0
12,2021-07-23,0.0216342878613717,0.021043359832735,0.0200006326984971,0.0208420448557461,0.0208296719295683,0.0203202843713363,0.0238040406628606,0.0275059879952667,0.0401711808589222,0.046465153201154,0.0447870240086101,0.0425365154227672,0.0405365350248599,0.0454675985495459,0.0450764508960313,0.0449086257203979,0.0413288164358935,0.0311393781056619,0.0276034827010334,0.024100879309238,0.0217793635085731,0.0222067110156535,0.0220641267154962,0.0214289399652345,commercial,7,summer,0,9,47.09588026,423.86292234,0
12,2021-07-24,0.0221912557052885,0.0233534912936774,0.0215609776285396,0.0223889887813557,0.0211078728427849,0.0215611672051637,0.02504759641619,0.0258499757561168,0.0332954275223857,0.0344165982065682,0.0310586944540481,0.0306467548511381,0.0304684401093815,0.0311031083421385,0.0263871003958509,0.0265662004432063,0.0269224370009976,0.0223427244897504,0.0230429551321639,0.0235590228084051,0.0228442790054795,0.0235019343851431,0.0233931677881131,0.0228426881842885,commercial,7,summer,1,9,47.09588026,423.86292234,0
12,2021-07-25,0.0236170784595616,0.0237057064877764,0.0229465849296098,0.0236394264210956,0.0235297123887039,0.0220788446626617,0.0250395444495517,0.0296114405659059,0.0305645840416896,0.0363424788685051,0.0372055000717203,0.0324436295269513,0.035376899317674,0.0356957279040033,0.0347364986329523,0.0234511432574676,0.0243179159384354,0.025925241855782,0.0261258739794245,0.0251668101762829,0.0232648070437481,0.0235317578237505,0.0234483822234871,0.0229538362021476,commercial,7,summer,1,9,47.09588026,423.86292234,0
12,2021-07-26,0.0238085974375343,0.0237702335277343,0.0230381948714364,0.0237676119273433,0.0230337840573737,0.021985982337145,0.0239728734167666,0.0268521919671174,0.0379852404089325,0.0512974644698508,0.051663788805165,0.0451538002067955,0.042263875012037,0.0480074463270499,0.0489831668627766,0.0473007373200524,0.0426809195372592,0.028238396195493,0.0263722505575196,0.0242936280032368,0.0223147098248903,0.0232118888993352,0.0232527829681888,0.0222404922838331,commercial,7,summer,0,9,47.09588026,423.86292234,0
12,2021-07-27,0.0246954174535147,0.0250443531661695,0.0221303725639789,0.0236505471109828,0.0236664925799575,0.0225417067530296,0.0251434138414225,0.0264646786658299,0.0385339009922872,0.0457540926946301,0.0475887767234309,0.0446965486471595,0.0410876162100671,0.0459512002692865,0.0450057560046399,0.0449105566624038,0.0434604576622762,0.0295925546792218,0.0257294027920073,0.0242010728721739,0.0220280573632684,0.0231046124779748,0.0218433696209067,0.0211979515743354,commercial,7,summer,0,9,47.09588026,423.86292234,0
12,2021-07-28,0.0230020617483163,0.0231355964806935,0.021912809608165,0.0227211766937186,0.0226444230027059,0.0201903138409087,0.0226594271573284,0.0230512802756178,0.0306189509957522,0.0413398212014569,0.0390307655497091,0.0429837913570089,0.0387716836809547,0.0440426136795642,0.0433266788256221,0.0452848268271497,0.0457275809157909,0.0301075007884619,0.0267069337373725,0.0243710501790622,0.0222808862215145,0.0222739031230618,0.0229405598247083,0.0216784833761936,commercial,7,summer,0,9,47.09588026,423.86292234,0
12,2021-07-29,0.0222206324950702,0.022684696447034,0.0221149768698332,0.0226754677426135,0.0227564621269255,0.0218093655305934,0.0236409801809156,0.0260702697640358,0.0397194243195131,0.0499042788354093,0.0516437932332989,0.047523202561818,0.0432586166971281,0.0435447846200922,0.0433396069289934,0.043291560800694,0.0443846892925584,0.0304979709976845,0.0272940001644714,0.0242078223682163,0.0222815753801728,0.0231261373442506,0.0232051342740296,0.0217108726215229,commercial,7,summer,0,9,47.09588026,423.86292234,0
12,2021-07-30,0.0225630058131016,0.0226885191734688,0.0214427433053782,0.0225714831898901,0.0220806845682791,0.0217320516292405,0.0249616427858634,0.0283235906060025,0.0398617758758571,0.0430638884160935,0.0390804471845815,0.0449910305445421,0.0417106058559772,0.0504353209507943,0.0442165715920466,0.0465432363969635,0.040447302765635,0.0277569205281624,0.0264967841485736,0.025457462012362,0.0215030645214504,0.0211533559579063,0.0218977703216386,0.0210968940372318,commercial,7,summer,0,9,47.09588026,423.86292234,0
12,2021-07-31,0.0213812961573872,0.0221697504574274,0.0209375700710825,0.0216590623581596,0.0217328751734995,0.0209687278011271,0.0244289337328569,0.0254378557273668,0.0284917445646603,0.0301141135813223,0.0387335498613697,0.0326950722425362,0.0317139977846757,0.0352493871868989,0.031786007660736,0.0303860728327698,0.0285006693543547,0.0232160052177826,0.0232699971268728,0.0220004656567231,0.021651930688972,0.0230124936018704,0.023819780038442,0.0239529037444662,commercial,7,summer,1,9,47.09588026,423.86292234,0
12,2021-08-01,0.0250684505969171,0.0248939388044009,0.0240365138473579,0.0236628594202808,0.0234275856112347,0.0232372153189745,0.0289726108602664,0.0350969686210885,0.0386597033980818,0.0373516235300919,0.045885718036724,0.0414174575325733,0.0392035846745375,0.0475836906377531,0.0473918787231919,0.0411920506205304,0.0392473858214011,0.036262620894426,0.0328123705583827,0.0253568746910486,0.0200126551175491,0.0186253689142744,0.0192692159690445,0.0193502582861596,commercial,8,summer,1,9,47.09588026,423.86292234,0
12,2021-08-02,0.0210228495961401,0.0218190635863652,0.0203520956565502,0.0212783380546766,0.0211664883829003,0.0202914019437674,0.0209341047670666,0.022521343855542,0.0359230447149228,0.0402875893871649,0.0489001503988595,0.0491208797684025,0.0424766541243769,0.0562338784043308,0.0562765510004422,0.0535007131979276,0.0528574210067392,0.035416115664522,0.0307129932038274,0.028154434898022,0.0252719117427256,0.0263802892360955,0.0194061845184796,0.0203563441150724,commercial,8,summer,0,9,47.09588026,423.86292234,0
12,2021-08-03,0.0206121191320653,0.0206213688122093,0.0199277118526737,0.0212417581847587,0.021863632846014,0.0203109678753192,0.0235250763548604,0.0260474315010839,0.0381567342049571,0.0408793855087057,0.0484532703036656,0.0501691143956541,0.0434390947613568,0.0563928708689538,0.0499975709290462,0.048368846923213,0.0464463118269306,0.0330101779915995,0.0278065923457854,0.0266387432579543,0.024476145814807,0.0247808377447795,0.0254129012122541,0.0239060935151838,commercial,8,summer,0,9,47.09588026,423.86292234,0
12,2021-08-04,0.0238956688460769,0.0258549111339402,0.0242359414391623,0.0226490755034629,0.0225613542115599,0.0222461665466196,0.0250261693460989,0.027716450682753,0.0430875502695043,0.0432576433051423,0.0496881474790212,0.0477575000487782,0.046435287593332,0.0527955293516008,0.0507098823217206,0.0434980704170541,0.0437953255856832,0.0306961499490535,0.0275372845026581,0.0265314946043301,0.0238010979505036,0.0253994143114005,0.0241482555433861,0.0231874523217088,commercial,8,summer,0,9,47.09588026,423.86292234,0
12,2021-08-05,0.0250762998020971,0.0256608109207111,0.0228083688126906,0.0239157909663667,0.0238173704232303,0.0228555390563141,0.0275044738558703,0.0334913248875552,0.048585431211539,0.0473373475946276,0.055550331598151,0.0488245260670856,0.0442438334456327,0.0502067889209375,0.0451138037282569,0.0472166251644714,0.0463885212004278,0.0333024204134823,0.0284714580871085,0.0268185159891173,0.0237171152122634,0.0242501322945601,0.0238321358880145,0.0229918024710205,commercial,8,summer,0,9,47.09588026,423.86292234,0
12,2021-08-06,0.0249443114041762,0.0257474080307183,0.0233907393766263,0.0255275209403497,0.0225647005042917,0.0213096287027286,0.0254571456450055,0.0268223052649689,0.0380104915328783,0.0467102913838413,0.0440267438384817,0.0385472726460879,0.0333253626728031,0.0377252478999575,0.041923888245179,0.0426364656436033,0.0404535743171985,0.0277221948278868,0.0249017949451007,0.0241184268672129,0.0216338142026963,0.0236586101274267,0.0238429025479131,0.0223525860253409,commercial,8,summer,0,9,47.09588026,423.86292234,0
12,2021-08-07,0.0250188629336711,0.0243739180876677,0.0233701854224643,0.0240350809609352,0.0245702831136518,0.02295295235129,0.0241924004662643,0.023474938950317,0.0232574580663509,0.025632903422692,0.0281363222472281,0.0289806479258944,0.0260826704033268,0.029720345624212,0.0257978883770146,0.0250551376636944,0.0238258748265233,0.0214964488850436,0.0222437528100321,0.022265560135406,0.0226118074073134,0.0242085948418176,0.0243813326170419,0.0232609611525512,commercial,8,summer,1,9,47.09588026,423.86292234,0
12,2021-08-08,0.0242553944209019,0.0243434311685544,0.0229705911919745,0.0236615710529675,0.0236616197480775,0.0226736439349115,0.0261323305557576,0.0307868546549154,0.0352793354015756,0.034875898233093,0.0375714099544093,0.0351945258999444,0.0351902349231537,0.0390306638221741,0.0372334553666208,0.03154403265805,0.0308225092261467,0.0278164140433353,0.0282191987457473,0.0265968849433247,0.023312771429862,0.0253354875504894,0.0249928547142328,0.0222979134373992,commercial,8,summer,1,9,47.09588026,423.86292234,0
12,2021-08-09,0.0249663356225816,0.0249552024370436,0.0232638567735627,0.0237241066954409,0.0248498998677926,0.0235532505305945,0.0268401722228596,0.0305164531291954,0.0460612769069518,0.0448451557291209,0.0478034879405349,0.0480928210857721,0.0416869773592738,0.0515576609042087,0.0489675968059194,0.0392337733111154,0.0377090596144904,0.0293397294899467,0.0263675939582161,0.0254690476710542,0.0226442914944297,0.0241740824379849,0.0242800425161334,0.0230279957528866,commercial,8,summer,0,9,47.09588026,423.86292234,0
12,2021-08-10,0.0241890764507724,0.0248652774897973,0.0239219136837853,0.0243919364686904,0.0240118496393646,0.0240429933456249,0.0267706857805916,0.0287173528113171,0.0434858437691969,0.045416184443037,0.0530329591321108,0.0435492328398771,0.0400256945102799,0.0534212576469838,0.0510574323625038,0.0457750378799908,0.0438072176822236,0.0305773284042092,0.0285158613581395,0.0256956802188584,0.0232590455269352,0.0243837774363199,0.0244653805760625,0.0233956388523081,commercial,8,summer,0,9,47.09588026,423.86292234,0
12,2021-08-11,0.0266528814251314,0.0278219968420508,0.024771776358244,0.0263662369678141,0.0256920581161306,0.0233128467079445,0.0274914578178922,0.0318134440170249,0.0462368319910317,0.0454483680834627,0.0550574282832772,0.0531226553650749,0.0478293807183367,0.0484972966976886,0.046401318773219,0.0494503248434884,0.0444974409803973,0.0300397028038559,0.0279399542162944,0.0257731351131746,0.0232542688707068,0.0245915510423091,0.0252329939323053,0.0235928860141923,commercial,8,summer,0,9,47.09588026,423.86292234,0
12,2021-08-12,0.0259922796094424,0.0282787795000446,0.0244898119958435,0.0261219003360714,0.0260285781185498,0.0248822407567885,0.0300038450761,0.0291138964303095,0.0380667721258714,0.0406208864471617,0.0467254318338004,0.0442760593746197,0.0422427995180868,0.0458782024883188,0.0405725653795765,0.0327802500412157,0.0337669140381111,0.0253506401823192,0.0232986691211633,0.0226405733211827,0.0207811514726241,0.0209514386189002,0.0223150152708395,0.0210377400698648,commercial,8,summer,0,9,47.09588026,423.86292234,0
12,2021-08-13,0.0242334951199063,0.0251509667124154,0.0249157783377794,0.0227703802971257,0.0206114862934445,0.020305777981547,0.0208415792566511,0.0206017226100895,0.0257057735782039,0.0297217407453497,0.0283545787787285,0.028316878354579,0.0264871712473915,0.0284449234036399,0.0264032049671217,0.0279966509513625,0.0286155634428315,0.0197910217030796,0.0199073654292006,0.0201653656374919,0.018928262095856,0.0193201355471919,0.0191235408396007,0.0193874570829331,commercial,8,summer,0,9,47.09588026,423.86292234,0
12,2021-08-14,0.020239820888025,0.0219386610530927,0.0202572056260702,0.0217713726663578,0.0218292363618567,0.0208280061804167,0.022071622871477,0.0216371505120635,0.0221834010459933,0.0248852092432792,0.0294070862054426,0.0281472212853502,0.0243331747319159,0.0233952537121498,0.0227231352214351,0.0235355560019541,0.022097184678862,0.0192756615642825,0.0214515114011317,0.0216732520915765,0.022267886649979,0.02368695368159,0.0238756256884653,0.022670044322669,commercial,8,summer,1,9,47.09588026,423.86292234,0
12,2021-08-15,0.0237160819530639,0.02415023397223,0.0216400017785261,0.0229255677416227,0.0216439604782546,0.0201347924475608,0.0206988987211971,0.024718268999311,0.0329687554296051,0.0297983833345281,0.0352043758596877,0.0327791133347719,0.033093865972858,0.0374918706606929,0.0366234592169845,0.0319561153685436,0.0301625982213158,0.0283880463524721,0.025646637378715,0.0264239697473095,0.0231698003498726,0.0256211095437251,0.0247351761504523,0.0230834016638422,commercial,8,summer,1,9,47.09588026,423.86292234,0
12,2021-08-16,0.0219242190801232,0.022230140494898,0.0224077957864812,0.0225345129099303,0.0227764943039678,0.0226936221787555,0.0254047162499022,0.0301563397720209,0.041721828624552,0.0433288561294813,0.051152404499046,0.0480825825181106,0.0443049145077824,0.0521691701062762,0.0532770809670784,0.0482712299089862,0.0443934078523543,0.0290936511335042,0.0279026167753212,0.0265526698997286,0.0229332205401459,0.0235082529836553,0.0234584096872165,0.0219372853322084,commercial,8,summer,0,9,47.09588026,423.86292234,0
12,2021-08-17,0.0227480891492431,0.0228776103993041,0.0211319255031589,0.0219418793871603,0.0217175142211961,0.0205461062781864,0.0241062881563153,0.0294965090087998,0.0426489218486547,0.0432814188294988,0.0479987409372684,0.0456199463750465,0.0422272961030499,0.0512060769350937,0.0533028460428737,0.0499308399365261,0.0477153066508347,0.0331591686752987,0.028235065613341,0.0260177553082613,0.023466217879332,0.0241074093012306,0.0241390443270664,0.022962042685587,commercial,8,summer,0,9,47.09588026,423.86292234,0
12,2021-08-18,0.025189850167913,0.0239764151690325,0.0222391701046557,0.0232194800185224,0.0236025217445162,0.0217245148597514,0.0266186909226718,0.0312405664251242,0.0422170362543234,0.0439793640476058,0.0508461041135802,0.046606698404673,0.043536021520489,0.0541888658387692,0.0546977702322978,0.0468841993560476,0.0467336015816642,0.0329827699042786,0.0279488349537856,0.0261440228033512,0.0236839743320564,0.0249544588455641,0.0250396443688702,0.0235284805449489,commercial,8,summer,0,9,47.09588026,423.86292234,0
12,2021-08-19,0.025591430810061,0.0267893900303615,0.0240963693739363,0.0259405118022354,0.0257229046361859,0.0236407802386635,0.0255874651656921,0.0255088848551637,0.0332738001790657,0.0414090442091386,0.0472585536834242,0.0430532767822448,0.0426602270594876,0.043772959581253,0.0412086655513116,0.0327537133519629,0.0323270472166244,0.0231824793041109,0.0207652585848556,0.0202746210337926,0.018946049802374,0.0194561498868703,0.0190895981387503,0.0187057570381859,commercial,8,summer,0,9,47.09588026,423.86292234,0
12,2021-08-20,0.0192755988013161,0.0199116598033272,0.019362513169199,0.0198286839314804,0.0202142428601305,0.019363698007916,0.0198621875796857,0.0191563909561365,0.0204262515472041,0.0234295186925629,0.0247367061701822,0.0250716959061751,0.0244886866421603,0.0257865691388458,0.0263953681849012,0.0266468578299348,0.0260126926531408,0.0192525807491355,0.0189077395708594,0.0190731934966371,0.0187904694301901,0.0189845503074224,0.0189027597037931,0.0186717596435828,commercial,8,summer,0,9,47.09588026,423.86292234,0
12,2021-08-21,0.0186111882261599,0.0187636392273771,0.0184016890313605,0.0187237943065935,0.0187062178721605,0.0184016890313605,0.0187304566527249,0.0191460732134285,0.0193933545477153,0.0218323290503474,0.0249075159713614,0.0258481072688316,0.0230967601280659,0.0268707352100722,0.0266869982338266,0.023547400392825,0.0223173730200389,0.0201987322271171,0.0198523661429479,0.0208534417578166,0.0208984909125389,0.0218725542832149,0.0214262853321835,0.0215708249412099,commercial,8,summer,1,9,47.09588026,423.86292234,0
12,2021-08-22,0.0216602187812893,0.0216362147895531,0.0215739433719814,0.0209717259564088,0.0208839591270379,0.0198134812676951,0.0190457010142596,0.0222957232026867,0.0295458939193804,0.0250329237649479,0.0324511867910941,0.0269589901186177,0.0282779694488683,0.032730060169148,0.0349535439500842,0.0286892901624457,0.0274349727975112,0.0257352599942431,0.0230924346170158,0.0231440646467499,0.0234170578694392,0.0236467146197704,0.0237523848130752,0.0238118514823662,commercial,8,summer,1,9,47.09588026,423.86292234,0
12,2021-08-23,0.0226926555826672,0.0224803793491966,0.022171435930914,0.0219790524492158,0.0213489595868697,0.0205331673648337,0.0212737954824944,0.0248671024709452,0.039124021183468,0.0383950279664006,0.0464841238093764,0.0456312604254459,0.0395501552657069,0.0520247119148939,0.0494746724453943,0.0457633772379795,0.0400995460841345,0.0297506650874122,0.0254314470208901,0.0234242168573063,0.0210165936065441,0.0222570986341432,0.0221506572792115,0.0207615303573447,commercial,8,summer,0,9,47.09588026,423.86292234,0
12,2021-08-24,0.0223560681195965,0.0224438007673335,0.0206450580128889,0.0215009722209175,0.020520110187994,0.0202257661629915,0.0228272706272698,0.0276215726226062,0.0426695124521338,0.0405990936461952,0.0483439369692101,0.0461192406769592,0.0403084430175338,0.0507612123004806,0.050544906359832,0.0469498390269849,0.0432803522127458,0.0315140486583285,0.0256424318506088,0.0246493449024132,0.0217916440272863,0.0222387961708779,0.0225640876314741,0.0211113936171016,commercial,8,summer,0,9,47.09588026,423.86292234,0
12,2021-08-25,0.0220183760727314,0.0224897649157065,0.0201543751882141,0.0208245837046502,0.0203726941266597,0.020260226905746,0.0227430998612159,0.0247923519790272,0.043593583520827,0.0433350478294934,0.0465969756445566,0.0473133221099755,0.0412154680385233,0.0535731427462963,0.056110901362782,0.0476950789481429,0.0437696845621353,0.0334933173292139,0.027584045402861,0.0259951188234115,0.0226654864063376,0.0234736248022278,0.0228994110679088,0.0218241177943344,commercial,8,summer,0,9,47.09588026,423.86292234,0
12,2021-08-26,0.0219211565942681,0.0220710459347813,0.020959256098969,0.0214553011143697,0.0217919705030905,0.021447318737275,0.024174453826985,0.0268784698527439,0.0410372775205658,0.0451153258235283,0.0543486325458618,0.0480921099349034,0.0429532372005415,0.0519559452159546,0.0518533742229588,0.0493642714825068,0.0457668353267974,0.0323715091332676,0.0273651102323261,0.0261841798047383,0.0226267260867014,0.0229787886423641,0.0226189381611371,0.0217931551338022,commercial,8,summer,0,9,47.09588026,423.86292234,0
12,2021-08-27,0.0217633902662966,0.0226478022660242,0.0220744874222947,0.022781211516875,0.0216994058200222,0.0211152871066863,0.024090223491542,0.0245130843443344,0.0352723504082912,0.0389409334198865,0.0444451981753441,0.0411296154594477,0.0402362778986275,0.0464895574078008,0.0418676303093283,0.0432583851937779,0.0427250655902571,0.0289297868188815,0.0269281298339127,0.0246486480781501,0.0220223383160661,0.022467669092821,0.0225237741926808,0.021404023790142,commercial,8,summer,0,9,47.09588026,423.86292234,0
12,2021-08-28,0.021447135548202,0.0227893276023942,0.0220913784260839,0.0222201160666407,0.0219620071377369,0.0216201897663601,0.0222993109977346,0.0252835901287974,0.0307199205482266,0.0303901544238097,0.0320297437122258,0.0316497149124111,0.0318971439431259,0.0317597440051878,0.0306553538871957,0.0283309220123078,0.0285000681547371,0.0233430741271549,0.0247734824414422,0.0230562994506419,0.0219378297460954,0.0225180931856133,0.0218051719235438,0.0216025948242194,commercial,8,summer,1,9,47.09588026,423.86292234,0
12,2021-08-29,0.0221436754134111,0.0222492881789235,0.021324386236476,0.0217728709060395,0.0216220953026879,0.0208209590953125,0.0240353979554707,0.0239445706203758,0.0237121586141294,0.0281472302784308,0.0300833340874839,0.0331214807185415,0.0317336090949925,0.0386768618512975,0.047153924429426,0.0341507607815695,0.0297969133175685,0.0283988517827034,0.0263462625349634,0.0249387189221288,0.0228974987018783,0.0243380444773599,0.0224887449919631,0.0210645514987324,commercial,8,summer,1,9,47.09588026,423.86292234,0
12,2021-08-30,0.0232238646828987,0.0236337568629803,0.0212995106905813,0.0235261129941026,0.0225822103789861,0.0209237678124646,0.0235881276443855,0.0245885077263442,0.0310635450325247,0.0379660494070875,0.043103304156074,0.0437181583647053,0.0404271676491532,0.0551327980398732,0.0625831853297066,0.0467989691498436,0.0438945440034667,0.0307555973774605,0.0271684389427848,0.0250959553433342,0.0225633454220293,0.0223357222346584,0.0226512519436984,0.0213421288290431,commercial,8,summer,0,9,47.09588026,423.86292234,0
12,2021-08-31,0.0213385286749899,0.0219824429850958,0.0214215908136423,0.0215096541717269,0.0217184158821421,0.0215148664407004,0.0247590238704833,0.0245785958762339,0.0334450115303683,0.0373665960453683,0.045743295959419,0.0447131368576359,0.0359618645702013,0.0407757043692114,0.0506062334493116,0.0373000067264281,0.0347194760471722,0.0268615862249616,0.0225391960513966,0.0216553126008522,0.0210760114866029,0.0205409816451021,0.0200549785798164,0.0199498202584991,commercial,8,summer,0,9,47.09588026,423.86292234,0
12,2021-09-01,0.019226116307919,0.0194920001878937,0.0194248312516743,0.019232176570642,0.0191034291357504,0.0191478735801924,0.0207763445809405,0.01960389718997,0.0271281559755647,0.0313939695566187,0.0311057843796529,0.0334838917611845,0.0277776767527209,0.0318419476349247,0.0315531567570492,0.031934568410834,0.0316336902056352,0.0228791459114343,0.0200401593261028,0.0203067532574473,0.0193971266027576,0.0191714475716359,0.0192406940190807,0.0192800650797393,commercial,9,autumn,0,9,47.09588026,423.86292234,0
12,2021-09-02,0.0201612038874215,0.0206523628775161,0.0203240459379426,0.0206254857615305,0.0200975683618145,0.0205181263867021,0.020434555939573,0.0205693556678721,0.0284751443355265,0.0335356263239621,0.0355571994805047,0.0379440941322729,0.0344354451870671,0.0448172220093759,0.0451141504330018,0.0381701674618153,0.0375380322871438,0.0262410357513767,0.0216331529286069,0.0210321675098887,0.0205375356992972,0.020085491026491,0.0208247090815223,0.0203743479004436,commercial,9,autumn,0,9,47.09588026,423.86292234,0
12,2021-09-03,0.0208246378169792,0.0219314255069182,0.0211867561922094,0.0211797100470741,0.0211227498877205,0.0201666430425989,0.0209948075621099,0.0205215112993225,0.026342664895874,0.0341968731428781,0.0282084833519959,0.0324892181947824,0.030765772443155,0.0364774779120575,0.0457495948391087,0.043585329123048,0.0385566540040697,0.0283887950272657,0.0228872300185239,0.0216331448096456,0.0204257924481238,0.0209963895061355,0.0204367983426496,0.0202457929845228,commercial,9,autumn,0,9,47.09588026,423.86292234,0
12,2021-09-04,0.0205378347884887,0.0208330391783427,0.0210230730850744,0.020903246174161,0.0209201580593125,0.0208909065747526,0.0207156563161529,0.0206012999525108,0.022825263684953,0.026695739120408,0.0264476819241849,0.0286455106391738,0.028246415098969,0.0354120583264139,0.0365340210869303,0.0278228385806127,0.0252012527768916,0.0187653525063376,0.0212497009873366,0.0211875705952591,0.0209059943902323,0.0208700819037889,0.0220823780821472,0.0216680938348202,commercial,9,autumn,1,9,47.09588026,423.86292234,0
12,2021-09-05,0.0224224092675709,0.022522128207294,0.0219649827074396,0.0225096475492512,0.0214097486840213,0.0217977562063029,0.0211177342216994,0.0224014819432765,0.0237180163195782,0.02980547354015,0.0282233453324071,0.0302784773369027,0.0329062840836459,0.0396910309603817,0.035837906597217,0.0329042466027208,0.0286524729795284,0.0251889976990097,0.0248587309319159,0.0243306688611147,0.0213478903231856,0.0212181816061617,0.0224748378000433,0.0213252203629618,commercial,9,autumn,1,9,47.09588026,423.86292234,0
12,2021-09-06,0.0216610005842705,0.0212228568949808,0.0214718149084108,0.0211157020410588,0.0211225916090744,0.0214753975331327,0.0225970130482196,0.0236831516339849,0.0324848498759627,0.0392637954307664,0.0412744812922545,0.0327581434302096,0.0396484336352786,0.0509067554786009,0.0532994891225335,0.0432912169293744,0.0427718650810143,0.0281994768859871,0.0259826551768931,0.0239754825181777,0.021048096809046,0.022193694674952,0.0206856161637009,0.0201108567341905,commercial,9,autumn,0,9,47.09588026,423.86292234,0
12,2021-09-07,0.020830684901853,0.0199586346248188,0.0202741464613509,0.0206908361519296,0.0208718797023321,0.021045893666259,0.0251942095921474,0.0242891659310432,0.0316770117143915,0.0383370840203757,0.0401004712314181,0.0414719067902281,0.0394452461267662,0.0533059110116706,0.0573864909430741,0.0485061207042535,0.0438605029732049,0.0289383011431511,0.0260639025955743,0.0238922227313567,0.0216290470271195,0.022044737883855,0.0221094235222897,0.0210440123376468,commercial,9,autumn,0,9,47.09588026,423.86292234,0
12,2021-09-08,0.0211324627378074,0.0217324956267717,0.0207627062430595,0.0209652908559837,0.0210703319347927,0.0211356145901112,0.0247627272603761,0.0226573862014592,0.0310568670504007,0.0380754094565165,0.0411089574453588,0.0442163996172852,0.041620442112261,0.0510789680384495,0.056266216223154,0.0464487726765103,0.0363064595562135,0.028080297581834,0.0237460012256274,0.0229002674802632,0.0216331192412429,0.0212659582387105,0.0210679284161337,0.020977370539235,commercial,9,autumn,0,9,47.09588026,423.86292234,0
12,2021-09-09,0.0213322372549253,0.0218546840197802,0.0208263866977029,0.020441207449652,0.020278317779267,0.0200881346203646,0.0230194250041806,0.0220780297289376,0.0302676531422693,0.0388639387922881,0.0401286308559459,0.0414759217887486,0.0411811839730558,0.0530657721134771,0.0605042981017582,0.0480075895036506,0.0456786512042967,0.0284483217079786,0.0255745232063737,0.0240302864077724,0.0223549355132975,0.0236476273106907,0.0220567981657337,0.0215777220833502,commercial,9,autumn,0,9,47.09588026,423.86292234,0
12,2021-09-10,0.0223630108351479,0.0226770451577356,0.0211433717857933,0.0217415189993187,0.0217210528972665,0.020673189132041,0.0234287865698733,0.0232701749653784,0.0302272028878794,0.0356657140696988,0.0397886923975135,0.0435587728824574,0.041712350237362,0.0557143499029212,0.0553421599205086,0.0475922001738929,0.0436766748382174,0.0283459139391952,0.0263319715994492,0.0234932970089164,0.0217189620660564,0.021961037219286,0.0219253820254582,0.0213412729118971,commercial,9,autumn,0,9,47.09588026,423.86292234,0
12,2021-09-11,0.0203462947839715,0.0191534727740404,0.0194955081627348,0.0192397608027142,0.0187980290441678,0.0188561659777967,0.0209762987948148,0.0205465103155592,0.0210374673768544,0.0241549347847863,0.026897737436719,0.0267508386989173,0.0297379934542203,0.0346423945502047,0.0300974525056253,0.0257818594736204,0.0249566484322319,0.0213039980189532,0.0228344806719948,0.0211543268499342,0.0197643228715783,0.0217313756748708,0.0217509941677628,0.0205638800683174,commercial,9,autumn,1,9,47.09588026,423.86292234,0
12,2021-09-12,0.0215989781188832,0.0206698381819398,0.0205593452127485,0.0205482241873656,0.0200092515113353,0.0198418324874966,0.0214675529932926,0.0203873663121808,0.0203858216805794,0.0231405635874134,0.0264496485848468,0.0253219675422739,0.0297503431711603,0.037481671056152,0.0420571837717689,0.0328595919706611,0.0289284082120217,0.0240430404723899,0.0231449764365725,0.0218412576373537,0.0197590477455232,0.0207455068605186,0.0207002543927169,0.0204669001178536,commercial,9,autumn,1,9,47.09588026,423.86292234,0
12,2021-09-13,0.0207621374360191,0.0207692167436644,0.0206285798563061,0.0202034089133499,0.020161915249112,0.0197557049882314,0.021872300495191,0.0217670900013461,0.0292100165732653,0.0354036751171998,0.0392599319251626,0.038024647256816,0.0363408980777538,0.0500468292962426,0.0593826749530353,0.0448407831254282,0.0401120733401226,0.0282672365823464,0.0245477682960266,0.0225291387537567,0.0211218764660696,0.0215134680431103,0.0215377401839388,0.0202405167532122,commercial,9,autumn,0,9,47.09588026,423.86292234,0
12,2021-09-14,0.0201655726090392,0.0202725543103209,0.0194415977507371,0.0194560311459328,0.0194705340100031,0.0193950506882288,0.0217166585776752,0.0222956041820818,0.0313729874161822,0.0373735761376601,0.0401532964560324,0.0405281359110498,0.0376446077486564,0.0533284936551622,0.0551029583200754,0.0424375010005935,0.0405560208681139,0.0232923074476389,0.0226767789394073,0.0223570012529635,0.0207619659955702,0.0204088421285721,0.0202147800220114,0.0196761691213113,commercial,9,autumn,0,9,47.09588026,423.86292234,0
12,2021-09-15,0.0200138997998469,0.020203553943703,0.0198610647924652,0.0203673048746849,0.0205665116516985,0.0187425253807343,0.0214946777754337,0.0218190541008173,0.0284249192633092,0.0380442275360468,0.04259398935027,0.0417448036317017,0.0394662148034096,0.0519720912114608,0.0490735160903007,0.0398441040184447,0.0394534616057767,0.027667713270477,0.025591333272399,0.0234366439533836,0.0209161115752322,0.0217445672029893,0.0206505675922471,0.020713461751017,commercial,9,autumn,0,9,47.09588026,423.86292234,0
12,2021-09-16,0.0210447188424255,0.0215434202876794,0.0208262195281433,0.0209773900949452,0.0210534802775167,0.0208030128786024,0.0225883463216349,0.0226272438973506,0.0310897737053988,0.0367076520317587,0.0411870764771514,0.0415819896258306,0.0390096210442502,0.0518479093412487,0.0411593863112137,0.0437921237437196,0.0409764011484966,0.0273694208904,0.0248343030779901,0.0227993844767938,0.0202859520666457,0.0206824132082501,0.0205257970710058,0.0200497973158782,commercial,9,autumn,0,9,47.09588026,423.86292234,0
12,2021-09-17,0.0197738773833828,0.0206600881186204,0.0206299838948828,0.020963414700988,0.0210309294328679,0.020206345166562,0.0215973120151083,0.0220950733334069,0.029676920892081,0.0345630985350407,0.0385680290184593,0.0386117985566921,0.0387486196069965,0.0515387806357345,0.0543958562921246,0.0461773095719478,0.0347661854574266,0.0288452088575587,0.0251425963901841,0.0243196478308296,0.0213514524432697,0.0222124382335041,0.0222468291818521,0.0210974965830137,commercial,9,autumn,0,9,47.09588026,423.86292234,0
12,2021-09-18,0.0205865045095029,0.0205746983612301,0.0205711389195925,0.0206195924000178,0.0207210537730332,0.0206183614760956,0.021455179417076,0.0210603634828245,0.0229468191020831,0.0261514233584443,0.0287961698920262,0.0288022843271588,0.030684925409839,0.0382658941225445,0.0368930558371444,0.0290292328435929,0.0261204533318306,0.020981953067542,0.0204916568095039,0.0194247938908918,0.0190157310667487,0.0200035122960608,0.0192028361253099,0.0192910447528049,commercial,9,autumn,1,9,47.09588026,423.86292234,0
12,2021-09-19,0.019717065582154,0.0198786706472277,0.0198601053641083,0.0193292230507609,0.0196647713864392,0.0196594378901705,0.020962695375382,0.0216456225351488,0.0221362375788513,0.0270456220371464,0.0272951762510692,0.028317479566527,0.0277224766905702,0.0353953270040263,0.0384539997371938,0.0299994494466134,0.026430773780833,0.0227963247444091,0.0185295640265558,0.0184354554220042,0.0186902945541072,0.0194345423545292,0.0195077275264572,0.0184869769089767,commercial,9,autumn,1,9,47.09588026,423.86292234,0
12,2021-09-20,0.0186111882261599,0.0186111882261599,0.0183683925706972,0.0184354554220042,0.0184354554220042,0.0183193381611695,0.0185613135515725,0.0185613135515725,0.0188734637121112,0.0188734637121112,0.0190375545540141,0.0188769353250211,0.0188635104769322,0.018868717896297,0.0185716604119417,0.0190468796820301,0.0190468796820301,0.0185971566855429,0.018883861375941,0.0187980290441678,0.0184869769089767,0.0186111882261599,0.0186111882261599,0.0184016890313605,commercial,9,autumn,0,9,47.09588026,423.86292234,0
12,2021-09-21,0.0182713645801013,0.0182713645801013,0.0182713645801013,0.0178455683224896,0.0176526017227037,0.0174638777363073,0.0176988765576166,0.01776601020535,0.0181744964278757,0.0187945275474838,0.0190375583422771,0.0192167646534742,0.0192477593002284,0.0192529695607905,0.0191280815524428,0.0194516905514352,0.0192442857931869,0.0189685329651321,0.0190812636988348,0.0189954313670617,0.0187219944505196,0.0189954313670617,0.0187980290441678,0.0186111882261599,commercial,9,autumn,0,9,47.09588026,423.86292234,0
12,2021-09-22,0.0185636528556639,0.0185636528556639,0.0181505487393417,0.0172451023021057,0.0169941303762859,0.0169818498692766,0.0164662110047229,0.0175734442637097,0.0198245913802241,0.0200278518294649,0.0203815393106363,0.022078802788141,0.0219531751878857,0.0282753018272793,0.0328447380071751,0.0282152456673801,0.0266484992277165,0.0195724993080181,0.0196756361374178,0.0194578051112907,0.0190738199172614,0.0193689899676585,0.0192871256692787,0.0188106462259135,commercial,9,autumn,0,9,47.09588026,423.86292234,0
12,2021-09-23,0.0189262264778276,0.0187393856598197,0.0185467111818295,0.0185636528556639,0.0185636528556639,0.0184598766960953,0.0187279939522803,0.0189047984079602,0.0200226725837676,0.0203895301081214,0.0212733764620712,0.0211129630440542,0.0212045942790558,0.0261081259345447,0.0217470824395123,0.0232818255540232,0.0236816864859343,0.019423045269627,0.0194682517121149,0.0194578196348231,0.0190004026885784,0.0193689977135424,0.0189028873695545,0.0187230610925062,commercial,9,autumn,0,9,47.09588026,423.86292234,0
12,2021-09-24,0.0187393856598197,0.0185636528556639,0.0184475355948292,0.0185636528556639,0.0185636528556639,0.0184598766960953,0.0185665479313358,0.0187407261555017,0.0200227068274809,0.0200279258013023,0.0200296654592427,0.0204469643843188,0.020428795934579,0.0246625209980335,0.0232130601056452,0.0218378916119975,0.0211951070794728,0.0190650539216234,0.0187442054713825,0.0188978583656428,0.0187576236657764,0.0189847623997751,0.0190897330795214,0.0187403553621101,commercial,9,autumn,0,9,47.09588026,423.86292234,0
12,2021-09-25,0.0186111882261599,0.0186111882261599,0.0184016890313605,0.0186111882261599,0.0186111882261599,0.0183519218746432,0.0187306456910473,0.0187376082758426,0.0189568358303864,0.0192428977025253,0.0192394164101277,0.0191395718967129,0.0190747493801868,0.019073008733988,0.0186035873362388,0.019062564856795,0.018877464684986,0.0185677043864967,0.0187092050813248,0.0186111882261599,0.0183193381611695,0.0184354554220042,0.0182713645801013,0.0182713645801013,commercial,9,autumn,1,9,47.09588026,423.86292234,0
12,2021-09-26,0.0182713645801013,0.0182713645801013,0.0182713645801013,0.0182713645801013,0.0182713645801013,0.0183683925706972,0.0183677986179988,0.0185318894599016,0.018548947563721,0.0188944630820653,0.0190918654049591,0.0190550499625171,0.0195195890147753,0.0208333344301389,0.0253316791409941,0.0203652042580905,0.0201025808603633,0.0202316191607125,0.0202795316602159,0.0197612900755544,0.0189230196767563,0.0192247261350675,0.0192097673120642,0.0186846219148463,commercial,9,autumn,1,9,47.09588026,423.86292234,0
12,2021-09-27,0.0189262264778276,0.0187393856598197,0.0186854749395763,0.0187393856598197,0.0187393856598197,0.0187121738384701,0.0189063925298041,0.0190806066723867,0.0222917894008502,0.0261721225777686,0.0304689053791176,0.0335358766219925,0.0356126762155249,0.0410156021937008,0.0434639763836561,0.0378116197215004,0.0367804969857655,0.0240541685122984,0.0211174577227807,0.0203108194872499,0.0192847266444643,0.0193783351427112,0.0192871503684222,0.0191766707117216,commercial,9,autumn,0,9,47.09588026,423.86292234,0
12,2021-09-28,0.0197673731646358,0.0207034995800572,0.0195697872771399,0.0204040380617824,0.0196777501950073,0.0192049951347926,0.0190932404604482,0.0192674667961213,0.0235840624154072,0.0297003888296945,0.0327705474998466,0.0335093021091447,0.0339711271095776,0.03695668539327,0.0359163243209119,0.0372128628029569,0.0352721476673309,0.0259678028862352,0.024163110076567,0.0227702747636441,0.0201610606861375,0.0220259293493216,0.0213743542415288,0.0191503639669516,commercial,9,autumn,0,9,47.09588026,423.86292234,0
12,2021-09-29,0.0200001134418711,0.0207492507412141,0.0196233535214511,0.0207534477107946,0.0207927973485758,0.0203506277575118,0.0192087733342474,0.019267486266754,0.0238271232799844,0.0264652193017346,0.026961681493717,0.0284100067197093,0.0279763511350147,0.0329440634457376,0.0291371072216137,0.0257704513522391,0.0285932411041364,0.0207698920346465,0.0192709756507597,0.0194579098216364,0.0193847480412018,0.0195764505714244,0.0194945653309755,0.019456084078106,commercial,9,autumn,0,9,47.09588026,423.86292234,0
12,2021-09-30,0.0202467336320397,0.0201141188407502,0.0202354329011799,0.0200036512091928,0.0198844134764185,0.0201295989779391,0.0206855151144291,0.0202855944931458,0.0267639083717219,0.0312944168161015,0.0355229164687524,0.034523726140048,0.0325012719429526,0.0354645770091477,0.0333597967216047,0.0317498279178654,0.027571822946245,0.0224864074989292,0.0198022981280755,0.019685296633405,0.0195196243387127,0.0195229500595989,0.0194104446041329,0.0194686944798811,commercial,9,autumn,0,9,47.09588026,423.86292234,0
12,2021-10-01,0.0194748099722506,0.0193355879019546,0.0190157310667487,0.0190157310667487,0.0189752317020906,0.0189954313670617,0.0192854241781712,0.0192854241781712,0.0198057416505026,0.0229699688158157,0.0257237265139631,0.0284414517924726,0.0276250299342961,0.029874741678222,0.0292871137930734,0.0285240252431634,0.0264477408146912,0.0225177312528208,0.0220069067161059,0.0224441339508021,0.0208739242617715,0.0219658802008214,0.0220504236761992,0.0208599119730388,commercial,10,autumn,0,9,47.09588026,423.86292234,0
12,2021-10-02,0.0215382823359979,0.0218523867796508,0.020782162424886,0.0212872267819768,0.0207119705044427,0.0209014113685639,0.0204179560960094,0.0207811613318512,0.0220811839066802,0.0258688649126073,0.0291198342565088,0.027705104162129,0.0290929131817974,0.0286067727660723,0.0287806187736665,0.0276006622930869,0.0255163836498616,0.022809444445654,0.0226995349978874,0.021741447506535,0.0214215884952401,0.0216579440419414,0.0215204371506128,0.0203607574115172,commercial,10,autumn,1,9,47.09588026,423.86292234,0
12,2021-10-03,0.0217445882930172,0.0215877621437779,0.021369027220403,0.0209924499504553,0.020774585834179,0.0193311243066879,0.0197131179544627,0.0199585356270434,0.0204088852357927,0.0233076245265125,0.0263010182802067,0.0258685136255903,0.0272403514273576,0.0276318677306644,0.0267377781240909,0.0262318424579129,0.0247608487661739,0.0210828095442553,0.0203982922063588,0.019890409074363,0.0190338751374535,0.0200904155051499,0.020155354158527,0.0188621174245338,commercial,10,autumn,1,9,47.09588026,423.86292234,0
12,2021-10-04,0.0195211015584452,0.0195226449192322,0.0186293813662919,0.0193182647200144,0.0193171011223676,0.0185572775059166,0.0191191481660363,0.0193815158325147,0.0199301918615863,0.0224805303726668,0.0239345017310786,0.0276174109115318,0.0247194592615148,0.0245044902628951,0.0254766832065589,0.02473302784364,0.0231356302985684,0.0203613069028147,0.0197935859603462,0.0200222717409829,0.0193639209572253,0.0202146705560374,0.0202264296890455,0.0189221477750911,commercial,10,autumn,0,9,47.09588026,423.86292234,0
12,2021-10-05,0.0195213294034451,0.0195213489865147,0.0186111882261599,0.0192156302946276,0.0187980290441678,0.0184869769089767,0.0191681937329458,0.0194065175106215,0.0202663060630281,0.0224928585897759,0.0253896613991234,0.0275245501758544,0.0260617871608949,0.0266783208879387,0.0267001778943696,0.0263321238174459,0.0243301369003922,0.0194684143266467,0.0202954632277497,0.0194196716888156,0.0191605822362044,0.0195840014698981,0.0194196716888156,0.0189954313670617,commercial,10,autumn,0,9,47.09588026,423.86292234,0
12,2021-10-06,0.0192028361253099,0.0189954313670617,0.0188954446649615,0.0189954313670617,0.0189954313670617,0.0188173031349412,0.0192854454431936,0.0192854454431936,0.0195773959387613,0.0206726375572491,0.022873769663284,0.0215778374859502,0.0232576631278086,0.0224182206682506,0.0203189662631226,0.0203531978883315,0.0192443471095847,0.018364205242355,0.0186970205579331,0.0186111882261599,0.0183193381611695,0.0186111882261599,0.0186111882261599,0.0182713645801013,commercial,10,autumn,0,9,47.09588026,423.86292234,0
12,2021-10-07,0.0184354554220042,0.0182713645801013,0.0182713645801013,0.0182713645801013,0.0182713645801013,0.0182713645801013,0.0187254738304652,0.0187254738304652,0.0189053947530131,0.0192133567951596,0.0195049273783242,0.0208734501722559,0.0222444715225439,0.0220628438726846,0.0208660723269213,0.0216402775683081,0.0215811274923844,0.0195732939812461,0.0195656365527783,0.0194642352391767,0.0187980290441678,0.019045520933527,0.0191166020576561,0.0187032539958545,commercial,10,autumn,0,9,47.09588026,423.86292234,0
12,2021-10-08,0.0189262264778276,0.0189262264778276,0.0187213036101887,0.0189262264778276,0.0189262264778276,0.0186770230060517,0.0189064737543685,0.0192676679570693,0.0220394933117747,0.0251332576376022,0.0316454115557562,0.0316201993704788,0.0323645952757582,0.0387992448706568,0.0336143506479373,0.0327916299421099,0.0320577297682945,0.0223600400122439,0.0203476311286006,0.0200326027601002,0.0192652328584353,0.0193691223143616,0.0192872083859682,0.0189942941683909,commercial,10,autumn,0,9,47.09588026,423.86292234,0
12,2021-10-09,0.0191666257043334,0.01946231289851,0.0186846219148463,0.018908633162949,0.0186111882261599,0.0185572775059166,0.0189064814158162,0.0189135028123905,0.0193434805938631,0.0198735286780152,0.0216016662147669,0.0232622775767758,0.0228783297436181,0.0223164727472918,0.0204546591724812,0.0221997404264905,0.0202562061229059,0.0192377179870021,0.019300955901088,0.0192028361253099,0.0187788605788058,0.0189954313670617,0.0187980290441678,0.0186846219148463,commercial,10,autumn,1,9,47.09588026,423.86292234,0
12,2021-10-10,0.0187980290441678,0.0187980290441678,0.0186293813662919,0.0186111882261599,0.0187980290441678,0.018593106176529,0.0187076814833564,0.0187076814833564,0.0187441783132645,0.0192404536672591,0.0199054887050631,0.0217482641916441,0.0229015398724654,0.0230504903876576,0.0241484465389071,0.0220588236619986,0.0217887818917719,0.0205352830304783,0.0209499101715451,0.0198435137271831,0.0190598443325094,0.0200012436574215,0.020112671668681,0.0189103893007001,commercial,10,autumn,1,9,47.09588026,423.86292234,0
12,2021-10-11,0.0201038034584326,0.019691705179358,0.0186840629460165,0.0195594887013664,0.0191291032893394,0.0186423294094336,0.0193148897541682,0.0194236356449051,0.0232730459511747,0.0265087937063898,0.0308720814706171,0.0340123234547883,0.0312044939627859,0.0360192907717552,0.0383001183652229,0.0379953601967875,0.0371010320212617,0.0239105431770821,0.0222666690989475,0.0219361757491509,0.0197735791497499,0.0203619739291087,0.0203032191532804,0.0203892753530137,commercial,10,autumn,0,9,47.09588026,423.86292234,0
12,2021-10-12,0.0212275191127074,0.021577248196482,0.0207824473839603,0.0210505817654895,0.0214694325017259,0.0197583902053265,0.0209487463280482,0.0202599036373608,0.0262000661928065,0.0307657556621373,0.0357838872330358,0.0368456801965846,0.03528787583012,0.0396174226235401,0.0388111784714268,0.0407596705971981,0.0395992030288896,0.0259532427079172,0.0223850742831549,0.0218787687716604,0.0201884500450222,0.0207731152471729,0.0207041088865156,0.0204262058003961,commercial,10,autumn,0,9,47.09588026,423.86292234,0
12,2021-10-13,0.0217411472954324,0.0221762188946468,0.0210231046181251,0.0183995620137611,0.0185636528556639,0.0184440064582031,0.0185666887580858,0.0187411083995375,0.0211256479203113,0.0230258581883965,0.0257446545207502,0.0274643322910033,0.0263857616385899,0.030294168700743,0.0296188247591246,0.0293529650118927,0.0292324026792984,0.0214083884575353,0.0194686947385931,0.0194581360823075,0.0190189544691926,0.0191717641626402,0.0190898336700572,0.0188828604099611,commercial,10,autumn,0,9,47.09588026,423.86292234,0
12,2021-10-14,0.0189262264778276,0.0189262264778276,0.0186325785616097,0.0187393856598197,0.0187393856598197,0.0184440064582031,0.0187307874212336,0.0189052204705338,0.0201413594168047,0.0210284137926027,0.0213243762771533,0.0230992525420634,0.0238507523168982,0.0276982703677452,0.0250503024697378,0.0268770076418319,0.0251947517904152,0.0195350841943509,0.0194687182023278,0.0192607505192242,0.0190189734636446,0.0191717731012059,0.0190898392566607,0.01877538428646,commercial,10,autumn,0,9,47.09588026,423.86292234,0
12,2021-10-15,0.0187393856598197,0.0187393856598197,0.0184801193083029,0.0185636528556639,0.0185636528556639,0.0184440064582031,0.0187307952675239,0.0189052417676073,0.0200234892989072,0.0214880109028606,0.0237061959736377,0.0243473613126269,0.0248542953271989,0.0273134504763549,0.0276405758365809,0.0281534731178545,0.0251274945228165,0.0197294053399379,0.0194687417411986,0.0194581696555972,0.0190372962086972,0.0191717820683947,0.0190898448611537,0.0186889456567699,commercial,10,autumn,0,9,47.09588026,423.86292234,0
12,2021-10-16,0.0186111882261599,0.0186111882261599,0.0184185137481698,0.0184354554220042,0.0184354554220042,0.0182713645801013,0.018566712294633,0.0185737648482789,0.0188904286827868,0.019243370038991,0.0194266845801759,0.0193765508213585,0.0192726015473336,0.0194782431671704,0.0193455791962618,0.0196844999002073,0.019469427475113,0.0190533069372109,0.0193010104259634,0.0189954313670617,0.0185395319603683,0.0187980290441678,0.0186111882261599,0.0183683925706972,commercial,10,autumn,1,9,47.09588026,423.86292234,0
12,2021-10-17,0.0184354554220042,0.0184354554220042,0.0182713645801013,0.0184354554220042,0.0182713645801013,0.0182713645801013,0.0183678891037507,0.0183678891037507,0.0183678891037507,0.0187077127498093,0.0188945535678172,0.0187661518079634,0.0193028891798975,0.0193081819763048,0.019156681359691,0.019516196212465,0.019516196212465,0.01907175622574,0.0189954313670617,0.0187980290441678,0.0186476850560681,0.0187980290441678,0.0186111882261599,0.0184525135258236,commercial,10,autumn,1,9,47.09588026,423.86292234,0
12,2021-10-18,0.0187393856598197,0.0185636528556639,0.0184801193083029,0.0185636528556639,0.0185636528556639,0.0184758680621152,0.01773024706675,0.0177960010511571,0.0198854997207698,0.0203687274596529,0.0208638349729751,0.0208875563900715,0.0227750594451219,0.0248073698225007,0.0236737226819884,0.0260551625032288,0.0244207724119363,0.0197897898748888,0.0194688127388201,0.0192608180452901,0.0190557673802699,0.0191718091151077,0.0187272881431857,0.0185890773701753,commercial,10,autumn,0,9,47.09588026,423.86292234,0
12,2021-10-19,0.0187393856598197,0.0187393856598197,0.0184314236176732,0.0185636528556639,0.0183995620137611,0.0182981060068422,0.0178396137547446,0.0178839792830213,0.0198729078664242,0.0203687704711566,0.0207348503958593,0.0217504943507702,0.023598515273498,0.0273884065527434,0.0260776558303003,0.0261878886404033,0.0254174656499668,0.0198305181719247,0.0194688365083352,0.0192608350235152,0.0189115875250698,0.0191718181701611,0.0189030266067498,0.01863849459573,commercial,10,autumn,0,9,47.09588026,423.86292234,0
12,2021-10-20,0.0187393856598197,0.0185636528556639,0.0184314236176732,0.0185636528556639,0.0183995620137611,0.0184440064582031,0.0185667439512052,0.018741258209433,0.0200878925779409,0.0206540314721904,0.0223018159670251,0.0228723104403069,0.0244097809966647,0.0271367921281891,0.0266751198250279,0.0258747433845885,0.0250110197861562,0.0194976714111774,0.0192714579950574,0.0192608520303838,0.0187416290179767,0.0188092536183273,0.0187272994715502,0.0185248830474272,commercial,10,autumn,0,9,47.09588026,423.86292234,0
12,2021-10-21,0.0183995620137611,0.0183995620137611,0.0183995620137611,0.0183995620137611,0.0183995620137611,0.0184440064582031,0.0185667518987605,0.0187412797813688,0.0200237266646046,0.0203812667557141,0.0214762266124352,0.0220674576670327,0.0235222855584886,0.0260887987728567,0.0254962617945334,0.0245487398902841,0.0237709072079814,0.0194421319908821,0.0190846410197153,0.0190740282428515,0.0186929526285526,0.0188092627012476,0.0187273051483754,0.0185248887242524,commercial,10,autumn,0,9,47.09588026,423.86292234,0
12,2021-10-22,0.0183995620137611,0.0183995620137611,0.0183995620137611,0.0183995620137611,0.0183995620137611,0.0184440064582031,0.0185667598549788,0.0187413013768184,0.020023766445696,0.0203688998899944,0.0210249159967801,0.0228186714059377,0.0227699160101299,0.0246562675892654,0.0228736763718687,0.022671483252418,0.0232030698759032,0.0193340084468501,0.0190846648883702,0.0188983124877349,0.0185162642468455,0.0188092717940685,0.0187273108313885,0.0185248944072655,commercial,10,autumn,0,9,47.09588026,423.86292234,0
12,2021-10-23,0.0182713645801013,0.0182713645801013,0.0182713645801013,0.0182713645801013,0.0182713645801013,0.0182713645801013,0.0185667678175039,0.0185738520985046,0.018893086540044,0.0190678038034479,0.0194268352851112,0.0193578849724637,0.0192727601841076,0.0190735867909636,0.019471309591105,0.0192603626923564,0.0192621337626066,0.0188390725552289,0.0188962588676922,0.0186111882261599,0.0183849817973603,0.0186111882261599,0.0186111882261599,0.018335570231214,commercial,10,autumn,1,9,47.09588026,423.86292234,0
12,2021-10-24,0.0184354554220042,0.0184354554220042,0.0182872348179935,0.0184354554220042,0.0184354554220042,0.0182872348179935,0.0185320117170487,0.0185320117170487,0.0183997824790579,0.0187077445212044,0.0188945853392123,0.0188981297558481,0.0193029368369901,0.0193082534619438,0.0190955320787419,0.0195162279838601,0.0195162279838601,0.0188754168738503,0.0189954313670617,0.0187980290441678,0.0184696875313318,0.0187980290441678,0.0186111882261599,0.0184525135258236,commercial,10,autumn,1,9,47.09588026,423.86292234,0
12,2021-10-25,0.0185636528556639,0.0185636528556639,0.0183995620137611,0.0183995620137611,0.0183995620137611,0.0184440064582031,0.0185667837520415,0.0187413662402743,0.0200238859310094,0.0203690296169061,0.0213235992011562,0.0228215960104195,0.0218863082273147,0.0253852478843872,0.0243026824155746,0.0248923931660565,0.024949062956048,0.0195734258258062,0.01946897972046,0.01926093731789,0.0187914928338678,0.0189850319091531,0.0189030607048747,0.0185891171277086,commercial,10,autumn,0,9,47.09588026,423.86292234,0
12,2021-10-26,0.0185636528556639,0.0185636528556639,0.0184475355948292,0.0185636528556639,0.0184801193083029,0.0184440064582031,0.0186473490138769,0.0189054787076882,0.0201880166093801,0.0207697789910003,0.0230758500748075,0.0236775291490546,0.0235477362702904,0.0254312855551987,0.0246921074366521,0.0242074331989008,0.0249902203561834,0.019405783065965,0.0192716012994468,0.019260954390662,0.0188083368998186,0.0188093082104757,0.0187273335916429,0.0185249171675199,commercial,10,autumn,0,9,47.09588026,423.86292234,0
12,2021-10-27,0.0183995620137611,0.0183995620137611,0.0183995620137611,0.0183995620137611,0.0183995620137611,0.0184440064582031,0.0185667996834991,0.0187414094828022,0.0200239655882976,0.0200292924559032,0.0203708917244971,0.0204812957474015,0.0214734047265796,0.0233596091138183,0.0248102592993862,0.024317570616064,0.0237309095157741,0.0194792463358322,0.0192716251919391,0.01907413063872,0.0189293744535584,0.0189850501165332,0.0189030720844873,0.0186219508468045,commercial,10,autumn,0,9,47.09588026,423.86292234,0
12,2021-10-28,0.0187393856598197,0.0185636528556639,0.0183995620137611,0.0185636528556639,0.0185636528556639,0.0184440064582031,0.0187308984840781,0.0189055219268259,0.0200240053816781,0.0204083793552387,0.0233844976900611,0.0250507751529571,0.0219500271277032,0.0223488667274772,0.0233061986998939,0.0202102665404614,0.0200399962170785,0.0190660185618842,0.0187449846039008,0.0187343240469673,0.0184790690123445,0.0178266338889697,0.0175454076156602,0.0172813091962773,commercial,10,autumn,0,9,47.09588026,423.86292234,0
12,2021-10-29,0.0166339423872077,0.015476819795281,0.0150198450650108,0.0149008181616841,0.0144409151097344,0.0141922132755902,0.0139275692933003,0.0140561265715155,0.0158098111437619,0.0172623659269181,0.0186767155739051,0.0191415013326986,0.020244134647318,0.020584489611018,0.0200222672405123,0.0205471538092568,0.0203798698397905,0.0188976206100758,0.0182757605671824,0.0179196953850683,0.0173317936392797,0.0170745192662006,0.0169290490690636,0.0156144285973746,commercial,10,autumn,0,9,47.09588026,423.86292234,0
12,2021-10-30,0.0146742337838873,0.0142550888934995,0.0138352329872977,0.0137375125906475,0.013670818180562,0.0134907851391605,0.0134968124928091,0.0138157016554672,0.0143403809406143,0.0148325200076946,0.015351448865762,0.0155990297577783,0.0165783294862678,0.0172404064890298,0.0177336218166614,0.017898570968617,0.0173074534958163,0.0164576877190247,0.0161823441981969,0.0155092486017143,0.0152819995496178,0.0149080998790601,0.0146506874887591,0.0147343379603215,commercial,10,autumn,1,9,47.09588026,423.86292234,0
12,2021-10-31,0.0149718601455912,0.0150458222086166,0.0143885142665185,0.0140798114571817,0.0140794034304523,0.0139433658902262,0.0140597938214542,0.0141130128435617,0.0139332817217876,0.0145487931900992,0.0156172334558889,0.0154222871895104,0.0171526351633064,0.0173916869803667,0.0175491930053647,0.0192829154445455,0.0188430177411561,0.0182403130409124,0.0171923023382074,0.0169157550156222,0.0166801514346435,0.0169305942862298,0.0174872392341421,0.0180429256834994,commercial,10,autumn,1,9,47.09588026,423.86292234,0
12,2021-11-01,0.0183995620137611,0.0183995620137611,0.0183995620137611,0.0183995620137611,0.0183995620137611,0.0184440064582031,0.018566839374901,0.0187415172166074,0.0200241640453073,0.0201935987654166,0.0203711128623078,0.0203853632041916,0.0204311691178962,0.0222860762995721,0.0211744839588328,0.0207343243189453,0.0206252935426281,0.019405960072353,0.0189091706439812,0.0190742156917241,0.018741860761238,0.0189850954781354,0.018727367631333,0.018556812811122,commercial,11,autumn,0,9,47.09588026,423.86292234,0
12,2021-11-02,0.0185636528556639,0.0185636528556639,0.0183995620137611,0.0185636528556639,0.0183995620137611,0.0184440064582031,0.0185668472708408,0.018741538648444,0.0200242035250062,0.0203693744332455,0.0208718509626967,0.0207898463134924,0.0211374413485287,0.0236945731864194,0.0236997891810461,0.023091897271515,0.0231631403670614,0.0194059894001294,0.0192717679539642,0.019261073429603,0.0187418799370918,0.0189851045020666,0.0187273732712899,0.0185249568471669,commercial,11,autumn,0,9,47.09588026,423.86292234,0
12,2021-11-03,0.0183995620137611,0.0183995620137611,0.0183995620137611,0.0183995620137611,0.0183995620137611,0.0184440064582031,0.0185668551472001,0.0187415600271334,0.0200242429068025,0.0201936843864685,0.0210303681566317,0.0235719798512295,0.0231497791483019,0.0241604374238457,0.0223490407472,0.0224862384791767,0.0222729073557522,0.0193343623893864,0.0190849507650341,0.018898516685352,0.018661341770851,0.0188093806994643,0.0187273788972608,0.0185249624731378,commercial,11,autumn,0,9,47.09588026,423.86292234,0
12,2021-11-04,0.0185636528556639,0.0183995620137611,0.0183995620137611,0.0183995620137611,0.0183995620137611,0.0184440064582031,0.0185668630016463,0.0187415813463446,0.0200401524169258,0.0203694598290467,0.0215927045193415,0.0224490160486738,0.0215761985310663,0.0247319612099788,0.0264550148443065,0.0257545829815723,0.0247676027859584,0.0195928886468434,0.0190849743283728,0.019074266320464,0.0187583888365306,0.01898512248013,0.0187273845075796,0.0185568296873687,commercial,11,autumn,0,9,47.09588026,423.86292234,0
12,2021-11-05,0.0185636528556639,0.0185636528556639,0.0184801193083029,0.0185636528556639,0.0185636528556639,0.0184440064582031,0.0185668708318535,0.018741602599764,0.0201213493206654,0.021142389615048,0.0228431159080406,0.0276271426820311,0.0248816842633676,0.0290730035383892,0.0288298483254063,0.0268254107033892,0.0259253285261431,0.0196881976509448,0.0192718386370022,0.0190742830994793,0.0188254707040549,0.0188093986247825,0.0189031229047405,0.0185408439143539,commercial,11,autumn,0,9,47.09588026,423.86292234,0
12,2021-11-06,0.0182713645801013,0.0184354554220042,0.0182713645801013,0.0182713645801013,0.0182713645801013,0.0182713645801013,0.0185668786355028,0.0185740262410742,0.0189251856110965,0.0194307098796081,0.0194271360768223,0.0196316860052876,0.0192730768069615,0.0192712899055686,0.0196223762346018,0.0194679732554596,0.0192623553986043,0.0191140717082719,0.018896369685691,0.0188547415841716,0.0186111882261599,0.0186111882261599,0.0186111882261599,0.0184354554220042,commercial,11,autumn,1,9,47.09588026,423.86292234,0
12,2021-11-07,0.0186111882261599,0.0186111882261599,0.0183519218746432,0.0184354554220042,0.0184354554220042,0.0182713645801013,0.0185320749320803,0.0185320749320803,0.0185320749320803,0.0188946485542439,0.0188946485542439,0.0191363257694015,0.01955780724423,0.0191824187653248,0.0198343334083281,0.0197430200755011,0.01991757208306,0.0188946485542439,0.0187980290441678,0.0187980290441678,0.0184354554220042,0.0186111882261599,0.0184354554220042,0.0183519218746432,commercial,11,autumn,1,9,47.09588026,423.86292234,0
12,2021-11-08,0.0183995620137611,0.017548758981293,0.0175957690438446,0.0151773078607642,0.014384973638617,0.0135368464578038,0.0134090699842717,0.013026282281228,0.0139306854401938,0.0145445048128028,0.0154738199191189,0.015646105498251,0.0161026775011541,0.0157345258917003,0.0154207590575944,0.0158126888964741,0.0161707688682957,0.0141076856997831,0.013828846174962,0.0133606863838468,0.0129019201630635,0.0130074139887252,0.0125863981791584,0.0122632277112103,commercial,11,autumn,0,9,47.09588026,423.86292234,0
12,2021-11-09,0.012123486501042,0.013272253679433,0.014081263316308,0.0151805514830871,0.0159603773087113,0.0167062878290572,0.0154352357638421,0.0144086454064182,0.012367307078195,0.01349120507388,0.0141742709411169,0.0143585850333292,0.015555747739761,0.0162338156833175,0.016323141435598,0.01683698109726,0.0163490592660626,0.0143620092557258,0.0137799897769354,0.0136705001961433,0.0130319642574082,0.013060914724284,0.0129290233529219,0.0124507480753474,commercial,11,autumn,0,9,47.09588026,423.86292234,0
12,2021-11-10,0.0125538429651948,0.0134150904243658,0.0148989838448568,0.0148705069667762,0.0153488950266219,0.016498373241023,0.0146311842381921,0.0137440646854589,0.013157228307403,0.0144198619198686,0.0150738007548125,0.0152587601763176,0.0162986417071428,0.0167250097183979,0.0167305520794226,0.0174109928620809,0.0172854273628646,0.0149398029182914,0.014505509867856,0.014083097825036,0.0134686848341446,0.0134541103433912,0.0130650796898204,0.0128869527289098,commercial,11,autumn,0,9,47.09588026,423.86292234,0
12,2021-11-11,0.0127170583957585,0.0126788991219474,0.0130164295188874,0.013573626731951,0.0134136575305152,0.0151703113192934,0.0136177688091274,0.0124773830176571,0.0137248770969,0.0145444499921586,0.0156610014338955,0.0162861621930292,0.0167436535810931,0.0172569462611378,0.0175761789217649,0.0175903822675244,0.0173944653254523,0.0155516432352966,0.0147231538195004,0.0142767911755801,0.014092156009554,0.0142467444532779,0.0135625107085082,0.0133720326151627,commercial,11,autumn,0,9,47.09588026,423.86292234,0
12,2021-11-12,0.0131994665356973,0.0131061974493667,0.0128513750939849,0.0129383454264545,0.0129687554933192,0.0129153368265794,0.012766090598554,0.0128001937307244,0.0144931721380038,0.0155362392158642,0.0166824058962943,0.0168993990772989,0.0173072739744799,0.0182636609159222,0.0183559887523637,0.0184631875163639,0.0175736096230026,0.0157670789293031,0.0152635450276445,0.0151489283129907,0.0145831634660903,0.0145251093113823,0.0143952236742804,0.0138207960507855,commercial,11,autumn,0,9,47.09588026,423.86292234,0
12,2021-11-13,0.0135577604927001,0.0134753547489995,0.0130147397479488,0.0127581244456207,0.0126693243427508,0.012595159382401,0.0129754694189673,0.0128267301056958,0.0131512018987092,0.0140416554318164,0.0145858917982803,0.0149452718617716,0.0150581648889325,0.0155789878599738,0.0154610861916849,0.0156220468684028,0.0154717814471374,0.0141660349212396,0.0141954705146235,0.013709524965809,0.0130852611305996,0.0131938804300559,0.0129356181698348,0.012965033774522,commercial,11,autumn,1,9,47.09588026,423.86292234,0
12,2021-11-14,0.0128402799694481,0.0127730427675095,0.0125675364273787,0.0126703451719281,0.0131969584052228,0.0141821904930801,0.0144742509405479,0.0137362776499237,0.0124154848901777,0.0129452849274764,0.0135291935032787,0.0137373331049844,0.0144859085837539,0.0151753133602199,0.0148388747805121,0.0156149679525158,0.0150541382789725,0.0142580661106581,0.013879892073015,0.0138053277769156,0.0129763784802475,0.0132406493948397,0.0130927976416533,0.0127857802687587,commercial,11,autumn,1,9,47.09588026,423.86292234,0
12,2021-11-15,0.0127932546009956,0.0133815142515097,0.0137667805396261,0.0139010651109554,0.0140658468081797,0.0151721030999449,0.0136974546585491,0.0133149183050367,0.0157312770348663,0.0161432877257612,0.0170889791271716,0.0173637272668558,0.017865303988593,0.0177585906858168,0.0188451594652097,0.0192664725171512,0.0188070394427044,0.0167085391101082,0.0161406764293398,0.0150571619764047,0.0145212787484086,0.0140527781723897,0.0138864891808003,0.0135195159405677,commercial,11,autumn,0,9,47.09588026,423.86292234,0
12,2021-11-16,0.013533960873974,0.0132222835601676,0.0130508288634769,0.0127957738346849,0.0129530602236852,0.0132561491252436,0.0130146205235178,0.0131645455544939,0.0157659465623984,0.0166802071655148,0.0186298156241785,0.0200463139352655,0.0202452674381128,0.0203987219632369,0.0205882606578919,0.0203609688174986,0.0205675850927979,0.0191471220996755,0.018356398852911,0.0176809391906668,0.0175496457548048,0.0171586540235471,0.0167166918240035,0.0166925173241639,commercial,11,autumn,0,9,47.09588026,423.86292234,0
12,2021-11-17,0.0160507865753184,0.015848078737328,0.0153927642302945,0.0157108545401113,0.0152848163683314,0.0153021563610661,0.0157452123733039,0.016050395916134,0.0186579951983235,0.0190867945462361,0.0200319727969299,0.020062233598384,0.0202453273793448,0.0205856195676751,0.0201870695366066,0.0203610035203171,0.0203807905452148,0.0190824623846404,0.0184590605025764,0.0176026115924637,0.0171860758960539,0.0168592121332328,0.0164167008608481,0.0158087579529007,commercial,11,autumn,0,9,47.09588026,423.86292234,0
12,2021-11-18,0.0151257171968044,0.0148682342298564,0.0148079550366444,0.0146723840895531,0.0146303602925346,0.0142433160523859,0.0142734762971152,0.0143997430675386,0.0164095959926567,0.0171593693455296,0.0176107716834222,0.0186870579432662,0.0198547950333811,0.0201819851942599,0.0201366314061513,0.0200212143245003,0.0200410128328119,0.019066619289363,0.0177487462198552,0.0168518849995068,0.0176120105488911,0.0172593335252755,0.0172081219772273,0.0173255363091295,commercial,11,autumn,0,9,47.09588026,423.86292234,0
12,2021-11-19,0.0163213121590949,0.0156213890668997,0.0158156703133477,0.0156426476005914,0.0148884842914602,0.0149602072417414,0.0146691102194319,0.0147894061043335,0.017887566298413,0.0195655715449125,0.0200320539142175,0.0201270184117649,0.0200697131312247,0.0203988910659115,0.0201036067068809,0.0201853393538662,0.0202051492579988,0.01906664622494,0.0187454915625228,0.0187346861602687,0.0186616367965797,0.0180057401229848,0.0176709863033802,0.0184947185460232,commercial,11,autumn,0,9,47.09588026,423.86292234,0
12,2021-11-20,0.0179031974785143,0.0178520505602034,0.0182713645801013,0.0179488231479933,0.0182713645801013,0.0183109116945454,0.0185669838223801,0.0185741915347386,0.0187866279793747,0.0189043609761736,0.0192405807660529,0.0191584999084388,0.0192733773408967,0.0194789801710553,0.0190097790650914,0.0188765207033676,0.0188783226314572,0.0183892090842032,0.0185339012504047,0.0184354554220042,0.0182713645801013,0.0182713645801013,0.0182713645801013,0.0182713645801013,commercial,11,autumn,1,9,47.09588026,423.86292234,0
12,2021-11-21,0.0182713645801013,0.0182713645801013,0.0182713645801013,0.0182713645801013,0.0182713645801013,0.0182959602368672,0.0182283380419508,0.0179070041185962,0.018368043830792,0.0185321346726948,0.0187078674768506,0.0185527986709731,0.0185357405671537,0.018541149408842,0.0186575626510661,0.0185321346726948,0.0185321346726948,0.0186185789068779,0.0182713645801013,0.0182713645801013,0.0182713645801013,0.0182713645801013,0.0182713645801013,0.0182713645801013,commercial,11,autumn,1,9,47.09588026,423.86292234,0
12,2021-11-22,0.0183995620137611,0.0183995620137611,0.0183995620137611,0.0183995620137611,0.0184304759758572,0.0184792454251115,0.0169777530015306,0.0164550319503636,0.0167141831245552,0.0173132552209466,0.0168094964120648,0.0161431964889478,0.0158530283380195,0.014939401044476,0.014901008505166,0.0145105765535481,0.0145438020049236,0.0134684965580287,0.0128024016892564,0.0126903578932859,0.0122447414707313,0.0122151142722866,0.0131723319727362,0.0162760179227413,commercial,11,autumn,0,9,47.09588026,423.86292234,0
12,2021-11-23,0.0168786956872132,0.0189183721493058,0.0185964266072185,0.0201711771254532,0.0207034116531956,0.02068700622813,0.018203093729833,0.0173709911038433,0.0115976273248972,0.0123920108564756,0.01255934314094,0.0123387008895503,0.0128428116937638,0.0130465851127566,0.012668836597392,0.0131166894558046,0.0131070751154032,0.0129035126521708,0.0152198391853267,0.015310175408568,0.0161447990428957,0.0167280520731891,0.0187596455684893,0.0191010486839422,commercial,11,autumn,0,9,47.09588026,423.86292234,0
12,2021-11-24,0.0199159679747734,0.0202569317730693,0.0209182538483033,0.0207940740519749,0.0210428641524796,0.0218642394814873,0.0194549047587104,0.0179785237484363,0.012421910004166,0.0129451246307639,0.0135779671201696,0.014267823051862,0.0153737795524573,0.0156687386903368,0.0159632526028489,0.0157675899947731,0.0161189421091263,0.0140601296097048,0.0134277848570262,0.0127360344350056,0.0126935940559097,0.0124854719153324,0.0135661396109591,0.0150783335163419,commercial,11,autumn,0,9,47.09588026,423.86292234,0
12,2021-11-25,0.0164194104714191,0.017121830534505,0.01817439917153,0.018784233177024,0.0190903495342053,0.0186324090638173,0.0168376004018431,0.0154137791358875,0.0131073942376666,0.014856706350669,0.0155800754970902,0.0157628122958954,0.0168834484650134,0.0179915302104126,0.0175297709953052,0.017583897569229,0.017933888161436,0.015335515437258,0.0148383274681019,0.0141243318130328,0.013805508924065,0.0132331705923882,0.0133054564200584,0.0129548160251814,commercial,11,autumn,0,9,47.09588026,423.86292234,0
12,2021-11-26,0.0127431497347787,0.0126268733672593,0.0127684784049134,0.014322087944946,0.0144067005733211,0.0155423305464387,0.0143165757955081,0.0127403439594409,0.0139339938425489,0.0154140604099136,0.0161203611503992,0.0163510598292849,0.0170652880641509,0.018202934495504,0.0185151328515927,0.0191362600534057,0.0188852084874273,0.0158360479448261,0.0154513604719933,0.0147239201420684,0.0142906533908012,0.0143650873473263,0.0136084410941499,0.0133844330473655,commercial,11,autumn,0,9,47.09588026,423.86292234,0
12,2021-11-27,0.0128874677138229,0.0127135655195658,0.0126995190696237,0.0126451784364761,0.0124506076520885,0.0130672781304347,0.0124303862355836,0.0121749825823707,0.0126468553241206,0.0134643195528011,0.013994937163145,0.0143129139552543,0.014825239180096,0.01542811169569,0.0150378085947979,0.0159170029646315,0.0153201790657259,0.014159903393466,0.014065601867771,0.0135834761207045,0.0130803991950606,0.0126294520346286,0.0127190107768641,0.0124777235658657,commercial,11,autumn,1,9,47.09588026,423.86292234,0
12,2021-11-28,0.0125997328617406,0.0132240495543733,0.0142685039027536,0.0142997842978605,0.0154522657269137,0.0163006100233752,0.0157109018451621,0.0155833235142647,0.013770316148847,0.0128599908597834,0.0133585395002941,0.0138214043655435,0.0149246696862528,0.0150521137348431,0.0148616990845123,0.0155680462953108,0.015557460067122,0.0146796985825998,0.0141937310906874,0.0138439584938351,0.0136465805528881,0.0138475388113731,0.0135801338282123,0.0133841218536891,commercial,11,autumn,1,9,47.09588026,423.86292234,0
12,2021-11-29,0.013090634195139,0.0132948051716266,0.0133165006821748,0.0137770637356368,0.014069874595426,0.0145462357941996,0.0138395278192172,0.012478822822338,0.0148258266444856,0.0165208153921691,0.0174715490294447,0.0191550123729046,0.0191021648058176,0.0202347414213857,0.0203632081508457,0.0205482382128177,0.0205681565292129,0.0183394416070178,0.0162710902478217,0.0156237463447275,0.0154919431823592,0.0154984176596977,0.0157667100393657,0.0150089586224237,commercial,11,autumn,0,9,47.09588026,423.86292234,0
12,2021-11-30,0.0146921867857566,0.0144997850971022,0.0141138768972231,0.0141069552572003,0.0140366314981547,0.0133850409421999,0.0133601305661093,0.0135228633128619,0.0156869488918796,0.0168109866057164,0.0176274856868001,0.0178073739458371,0.0185188785385788,0.0193310404272949,0.019255610539333,0.0186003810954724,0.0175582902638116,0.0163126608583107,0.0142279558002742,0.0137889831616889,0.0132921460465486,0.0133670328512886,0.0133814334736222,0.0138692153764985,commercial,11,autumn,0,9,47.09588026,423.86292234,0
12,2021-12-01,0.0153257981856758,0.0155646369559025,0.0155832994030887,0.0150587731892037,0.0146320955137788,0.0142698222702264,0.0141354547094133,0.0141371398273928,0.0158479571133227,0.0170050814420506,0.0172169870273088,0.0181320033949891,0.0188966271590793,0.0198848910050965,0.0200234472683275,0.0197477617351787,0.0200415732885516,0.017708115098174,0.0161101078778867,0.0156705678824519,0.0149833318884338,0.0146716139936551,0.0143046273909415,0.0134858485837492,commercial,12,winter,0,9,47.09588026,423.86292234,0
12,2021-12-02,0.0127666916428251,0.0125905087270185,0.0125616575612936,0.0123356749592591,0.0127031293853552,0.0138753418583342,0.0129792785111724,0.0123183735040105,0.0131738980353181,0.014030950905913,0.0146865827246989,0.0159220990443181,0.0171273096533277,0.0178047380551294,0.0186381778447344,0.019635798538454,0.0189615799379383,0.017026901048312,0.0167274087892481,0.0159443629306481,0.0146989732747656,0.0143267280302568,0.0140671987549677,0.0145849279739016,commercial,12,winter,0,9,47.09588026,423.86292234,0
12,2021-12-03,0.0140477907262308,0.0135397859526776,0.0133155991518543,0.0132868642044026,0.0131850968866047,0.0140535707779328,0.0132257646175723,0.0122945967241855,0.0136834954036152,0.0150639730085539,0.0158771535872482,0.0176175155033209,0.0179272230106892,0.0191089276554917,0.0200235084360093,0.01979498319127,0.0196556565925866,0.0176490206392567,0.0176462546015216,0.0163396376896486,0.0154098802085799,0.0153003378942272,0.0151415696906996,0.0148151911679958,commercial,12,winter,0,9,47.09588026,423.86292234,0
12,2021-12-04,0.014370263612725,0.0139275768057333,0.0141479790527712,0.0139056281307545,0.0141325760870709,0.0152349956963292,0.0136286765171886,0.0132395805585522,0.0123879244126439,0.0129740241756111,0.0134083579013045,0.0143165831987612,0.0143935161480074,0.0141598492962117,0.0144832571414491,0.0144686142689725,0.014022658172219,0.0133195721158406,0.0131206574882392,0.0128385105123669,0.013309946282287,0.0142061541548285,0.015484285947008,0.0160192154743256,commercial,12,winter,1,9,47.09588026,423.86292234,0
12,2021-12-05,0.01639210986328,0.0167789044166998,0.0171890668146686,0.0181248059428785,0.0193266277453973,0.0185261051410461,0.0182878210160389,0.0178444068417376,0.0171343427417303,0.0158414484814364,0.0141442895732856,0.0128556548463044,0.0125919524480895,0.0129891300196964,0.0128176400470771,0.0129818837872703,0.0140551021115413,0.0153463937999683,0.0162820665928344,0.0174001575887793,0.0187087981546147,0.0195989447443507,0.0198545699037005,0.0200055966407722,commercial,12,winter,1,9,47.09588026,423.86292234,0
12,2021-12-06,0.0198178137345509,0.0190913182453563,0.0199378884244353,0.0203016018281216,0.0203793916953567,0.0205213784765635,0.0181390987401301,0.0168644203799083,0.0126258873445448,0.0134249866923238,0.0140608140055111,0.0149564518158979,0.0155836030987187,0.0163863888427888,0.017291042715759,0.0176243927130626,0.017347742345383,0.016024509644659,0.0149154563689549,0.0142467671358983,0.0135432859740831,0.0134253807656648,0.01317512671124,0.0139623818245461,commercial,12,winter,0,9,47.09588026,423.86292234,0
12,2021-12-07,0.0157379610260918,0.0164588494702439,0.0170274173240726,0.0175040691434682,0.0179219816874101,0.018267750755687,0.0164548221323564,0.0153864156086619,0.0139025859762003,0.0145257397580127,0.0154074121466516,0.0153793209259513,0.0163271662269005,0.0161542685376375,0.0163559975090117,0.0162956061098479,0.0162610399119883,0.0147516279322511,0.0137822642036203,0.0137973555033178,0.0130338445199365,0.0127100092033487,0.0124071322273159,0.0125044407238952,commercial,12,winter,0,9,47.09588026,423.86292234,0
12,2021-12-08,0.0137227731948394,0.0154600025599891,0.016362783195744,0.0168384272005044,0.0181331843080668,0.0183260356368718,0.0166736238896182,0.0154863378076477,0.0125860545656292,0.0134620609233964,0.0140863947832372,0.0140286892582804,0.0147247681724786,0.0152147259226634,0.0150546601042771,0.0152930169742797,0.015280424669179,0.013540942344467,0.0131987165961455,0.0127967147877767,0.0121943522004763,0.0123709468912706,0.0149543987663177,0.0168214246671497,commercial,12,winter,0,9,47.09588026,423.86292234,0
12,2021-12-09,0.0194376869712752,0.0199913819998098,0.021015750896433,0.022191274961465,0.0226017763024218,0.0238806702904483,0.0204166888680287,0.019204110923119,0.010940471492354,0.0115771716311175,0.0120722277956207,0.0129930622384106,0.0137330849356766,0.0142051102669284,0.0146533068908384,0.0147139062310403,0.0142275380210701,0.0129058462158473,0.0123410466386213,0.0131293796454655,0.0145503634688109,0.0156851121376695,0.0184652145569765,0.0193260836271057,commercial,12,winter,0,9,47.09588026,423.86292234,0
12,2021-12-10,0.021199308902933,0.0204436928160779,0.021497585790736,0.0221053278675258,0.0225244006332053,0.0237272084359162,0.0200829552118224,0.0190448406024765,0.0117498811854211,0.0128875464639517,0.0139545051669545,0.0145948650447238,0.015424808168538,0.0147694655342045,0.0155143425168679,0.015712391763306,0.0152345022902503,0.014185156137101,0.0130989185223471,0.0132816718991231,0.0128580737675648,0.0127382163124329,0.0131507503046332,0.0138315342577946,commercial,12,winter,0,9,47.09588026,423.86292234,0
12,2021-12-11,0.0154056951714523,0.0160477617854723,0.0172134457506805,0.0176306190856148,0.0187814687475113,0.0191645012844284,0.0168823716066516,0.0162358730280312,0.0137071673290647,0.0125799798433066,0.0128024703652193,0.0132940343976374,0.0133944603050961,0.0137013027800923,0.013773628948371,0.0133105382945446,0.0132197239863548,0.013426074632922,0.0134492065877,0.0142002580147282,0.0157259065969639,0.0154854767688657,0.0163383568525806,0.0173942321286986,commercial,12,winter,1,9,47.09588026,423.86292234,0
12,2021-12-12,0.0176367858546461,0.0178721599636718,0.0184302138784535,0.0182381134820538,0.0184216266223904,0.0197665158602426,0.0188426895266666,0.0186045547625659,0.0186624281963534,0.0173533373698887,0.0171251133220808,0.0166294127607928,0.0151378508510274,0.014146155304846,0.0150859541292046,0.0151509159038069,0.0155227867661545,0.0161561812724662,0.016918632463175,0.01764237261078,0.0185023584640816,0.0178224049230084,0.0179359246470375,0.0186863302780355,commercial,12,winter,1,9,47.09588026,423.86292234,0
12,2021-12-13,0.0184003690271799,0.0184443160898908,0.0185981967298664,0.0184050614378314,0.0185833405027036,0.0189404267967733,0.0169711644219099,0.0160013276327387,0.0141370358597321,0.014790596758765,0.0143936189637595,0.0151360064837913,0.0156443699086024,0.0163603023589635,0.0163160828101826,0.0167279119155738,0.0171677218700555,0.0151663670243166,0.0146175591024105,0.0143956959519387,0.014292616740982,0.0137161672991998,0.0138771712850306,0.0154660067690571,commercial,12,winter,0,9,47.09588026,423.86292234,0
12,2021-12-14,0.0164965467132182,0.0178086111239037,0.0178895667968297,0.0174443368937618,0.0182156099222432,0.0183138272601473,0.0169305811436951,0.0158919184472888,0.0152319442025227,0.0162579329680798,0.0171245931558357,0.0176648324815937,0.0188796216563608,0.0183271308351423,0.0185498898063744,0.0198286112817756,0.0194285657890936,0.0175999754773382,0.0162773740764986,0.0160371705099743,0.0151852157307715,0.0150764116211885,0.0148612523816717,0.0149585662190266,commercial,12,winter,0,9,47.09588026,423.86292234,0
12,2021-12-15,0.0152162507897837,0.0143797165789561,0.0152732308162788,0.015116467204326,0.0162107256568173,0.0166957749703418,0.0154135291171526,0.0143674720178511,0.0159519752817104,0.016464460221915,0.0178512742305684,0.0180036733924668,0.0185772827246874,0.0187309816645482,0.0192406633472723,0.0198011585367655,0.0198541148418629,0.0178645043975337,0.0160771077177747,0.0149538899559637,0.0148300185930823,0.0137922458646705,0.0131390881725971,0.0133493836427237,commercial,12,winter,0,9,47.09588026,423.86292234,0
12,2021-12-16,0.0138063128792216,0.0155732230716772,0.0153998239546782,0.017907799210298,0.0186247942306371,0.0187135447110125,0.0169401423589343,0.0159254373389403,0.0122008468339756,0.0121311667110645,0.0126112914656923,0.012603273373019,0.01334918049068,0.0132440157420906,0.0127085959635756,0.0128047604802192,0.0123553314071656,0.0125291708766715,0.0166861347631122,0.0170269457108252,0.018559822927624,0.0196878565076794,0.0234126752107714,0.0242001118963008,commercial,12,winter,0,9,47.09588026,423.86292234,0
12,2021-12-17,0.0249124516286734,0.0269821495192972,0.0264265591087095,0.0276413214334524,0.0280558223686716,0.0283829288264666,0.0241493709900613,0.0235650343745972,0.0137501268163377,0.0126213262031785,0.0118872876578936,0.0109952725811692,0.0134540269119422,0.0111275168185395,0.0111962844056102,0.0115124756165371,0.0119391507674853,0.019953687589608,0.0230598070031393,0.0234980242657749,0.0246105559513903,0.0256484894292918,0.0305855854917209,0.0310735812235405,commercial,12,winter,0,9,47.09588026,423.86292234,0
12,2021-12-18,0.0345306749390043,0.0349673828146131,0.0354471860444922,0.0377487371640637,0.0381168271727058,0.0386514471163142,0.0331302423385341,0.0334894853770861,0.0265786385993687,0.0236294720308356,0.0203182924365193,0.0187204564469535,0.0197358413381081,0.0192167030194583,0.019953846873967,0.0199683057223625,0.0215111613287613,0.0239729623084769,0.0267402079882488,0.0284415705707394,0.028581259443759,0.0285938174458344,0.0288775254957269,0.0310905927887866,commercial,12,winter,1,9,47.09588026,423.86292234,0
12,2021-12-19,0.0321651672864265,0.0323056676546115,0.0344829773239927,0.0343775144334669,0.0346650328307557,0.0367161590936576,0.0361930608253268,0.0352672732028919,0.0327417413396041,0.0288678122903698,0.0265696292589328,0.0245892532514085,0.0218976611471156,0.0212879487089545,0.0221724312468142,0.0214953206160025,0.0228441119691876,0.0247649527840016,0.0250701504430705,0.0250758080577839,0.0259238525638877,0.0260133236770518,0.0261973933301435,0.0275838546081752,commercial,12,winter,1,9,47.09588026,423.86292234,0
12,2021-12-20,0.0267903363545551,0.028036293817448,0.0280936528996016,0.0293701694071104,0.0309200878669078,0.0293263629519239,0.0265609463089347,0.024718282044075,0.0135365823085031,0.011867881182047,0.0118621495185947,0.0123270365488674,0.0133204941951112,0.0138368869883725,0.0138075401098903,0.0147394397586726,0.0143962448557056,0.0138721994339014,0.0157722587647798,0.0171200002154538,0.017757115929822,0.0186897134354871,0.0219675283621841,0.020991964008063,commercial,12,winter,0,9,47.09588026,423.86292234,0
12,2021-12-21,0.0235841657317049,0.0245356060414423,0.0242980917825885,0.0264582769509556,0.0268195746350273,0.0265663127497254,0.0243311217950646,0.0227089239299393,0.012097458147953,0.0115209309388394,0.0123815475124216,0.0131885203587263,0.0139252384047619,0.0144907083734287,0.014690618799888,0.0146071611009872,0.014111300950157,0.0133458904034345,0.013723074462369,0.0154368670407084,0.0166698839440296,0.0173824055929181,0.0197764453203808,0.0203563755782817,commercial,12,winter,0,9,47.09588026,423.86292234,0
12,2021-12-22,0.0210281707454215,0.0215921593429349,0.0220692938606876,0.0222040712845588,0.0232951560306207,0.0234074926948087,0.020121743655684,0.01919285456322,0.0116710184623464,0.0128274240011601,0.0138696078973573,0.0140789851514227,0.0152054756138361,0.0155519556346817,0.015690587876257,0.0165331107380481,0.0156829001383114,0.0141437038400423,0.012748153046641,0.0124945011278392,0.0126557974077253,0.0138452100880898,0.0156048911616287,0.0169857246103731,commercial,12,winter,0,9,47.09588026,423.86292234,0
12,2021-12-23,0.0175002627175196,0.0178907281950251,0.0187421567940655,0.0193155253507642,0.0187399540547348,0.0190773725148344,0.0171415340991161,0.0161153655299228,0.0132687881717703,0.0138919544216749,0.0145070266053117,0.0152424447103227,0.0163743567763054,0.0159834339602501,0.0172858378042096,0.0164615782653991,0.0175688132086013,0.016002825395453,0.0143087678834203,0.0145531770053528,0.014379999319541,0.014251737789257,0.0133415654240219,0.0132169159624028,commercial,12,winter,0,9,47.09588026,423.86292234,0
12,2021-12-24,0.0133823840641527,0.0150240402350237,0.015050674257793,0.017403857614707,0.0182338876272818,0.0177936145962325,0.0165385683616972,0.0156495047306677,0.0135332086871274,0.0153848954724446,0.0168546209592465,0.0168066824299033,0.0175653757563991,0.0172841842222373,0.0172866453666338,0.018114112176206,0.0179846508513112,0.0153490890518946,0.01486578811071,0.0144437926591764,0.0136627710379077,0.0135104139850171,0.013351935581132,0.0129018873258382,commercial,12,winter,0,9,47.09588026,423.86292234,0
12,2021-12-25,0.0123912205375364,0.0131825974467367,0.0137815272228485,0.0159132941245857,0.0168818455428092,0.0171500958858189,0.0158458228975361,0.0161872649759556,0.0125335292117513,0.0119527804394805,0.0121847512468783,0.0126007327217319,0.0130286328696799,0.0134063333952854,0.0135676223531009,0.0137180785216185,0.0132855397360666,0.0128495326170751,0.013820663629219,0.0156932520192557,0.0166077779632675,0.018144558374568,0.0185150739118734,0.018245502327453,commercial,12,winter,1,9,47.09588026,423.86292234,0
12,2021-12-26,0.0192142169928759,0.0195211586241388,0.0192665616497929,0.0191964712076944,0.0194373275819369,0.0201776274846697,0.0199531708896778,0.0193700533825582,0.018132066422703,0.0173266569221675,0.0159152639566661,0.0137728088722661,0.0136170758752542,0.0141162103926242,0.0139699670551466,0.01347736435699,0.0130222544887625,0.0134085847598576,0.015206180997348,0.0161134082017077,0.0174375014127288,0.0182821495862598,0.018587276792462,0.0195939850773893,commercial,12,winter,1,9,47.09588026,423.86292234,0
12,2021-12-27,0.019575289484291,0.0197190619070093,0.0199011149451443,0.019991182817038,0.0201688056101652,0.0204437826587178,0.0182857599398819,0.0172164758071241,0.0130162448445425,0.0138974573112406,0.0152733535675957,0.0151807053293557,0.016736178684575,0.0167997125530835,0.0162847466977772,0.0172561427624031,0.0171528258195856,0.0149501308979884,0.0145449930834931,0.0138126942618374,0.013185061897798,0.0142626678419817,0.0141636131840312,0.0140218653118512,commercial,12,winter,0,9,47.09588026,423.86292234,0
12,2021-12-28,0.015073702656391,0.0155841498782513,0.0164289397062883,0.0164817329587817,0.0168758873542617,0.018063171251911,0.0160169597760103,0.0150444153738094,0.0139631033199358,0.0154456778436336,0.0158492539773813,0.0161287010884308,0.0172445822838588,0.016335131356975,0.0161007748042653,0.0167297996595636,0.0173892081322102,0.0155159667948604,0.015320704024558,0.0146543913124981,0.0133383354561005,0.013155437068285,0.0133929126289654,0.0129009287103706,commercial,12,winter,0,9,47.09588026,423.86292234,0
12,2021-12-29,0.0147409959457157,0.0153935270693708,0.0161353327884484,0.0164582757079755,0.0168747378673751,0.0172815183781822,0.0157733635257428,0.015130461542788,0.0141116931051857,0.0156194021869703,0.017061362421775,0.0171214454365615,0.0181979755503666,0.019133599578998,0.019609680146936,0.0198105386266959,0.0200027015674898,0.0170581178324267,0.0166013272952181,0.0162195627510612,0.0149027810913468,0.0145791620840269,0.0139534795522443,0.0135586781927882,commercial,12,winter,0,9,47.09588026,423.86292234,0
12,2021-12-30,0.0136371795713188,0.013762763532528,0.0149566596881676,0.0158305487845292,0.0165633030641614,0.0173369406896438,0.0152550865587021,0.0143514460946259,0.0148556286373448,0.0166698589505338,0.0169660771437114,0.0173391841790664,0.0189939759739588,0.0194735779687987,0.0192021849384087,0.0198589966643664,0.0202065667887803,0.0169998838667882,0.0162986473651243,0.0160601538507037,0.0148389604889692,0.0142507209758853,0.0134346082879473,0.0129545421058443,commercial,12,winter,0,9,47.09588026,423.86292234,0
12,2021-12-31,0.0125516193892109,0.0124769145341386,0.0128454469608338,0.0140569646220198,0.0157595836453156,0.0161353617260415,0.0146322788178598,0.0138445608770219,0.0126205148685643,0.0130934401525572,0.0137025037734104,0.0140619528233077,0.0147889856883658,0.0157895270457445,0.0157081522235254,0.0159225822008254,0.0158747855787966,0.0142427121868414,0.0134129503317368,0.0132513027713401,0.0127618724221462,0.0126956658566847,0.012543073251573,0.0138083275811566,commercial,12,winter,0,9,47.09588026,423.86292234,0
13,2021-01-01,0.0144973836597122,0.0152486461767881,0.0157212630926865,0.0165588056768145,0.0172082451768259,0.0172144470445188,0.0167542161447525,0.0112712459439134,0.0124358022576496,0.0136954874577583,0.0138310620567237,0.0135707848128832,0.0132834882334538,0.0140465216695617,0.0141187498056776,0.0138268399726718,0.0140346578346367,0.0136268894063406,0.0138566602602585,0.0135078791252845,0.012885493117704,0.0142111177847008,0.0146731481015498,0.0142469742825681,commercial,1,winter,0,5,71.56746355,357.83731775,0
13,2021-01-02,0.0145418656480342,0.0154452806253713,0.0159145922774756,0.016111739392376,0.0163978453832857,0.0170555073761567,0.0164914882772494,0.0131491826586884,0.0142986861949432,0.0150280064366709,0.0159370471289138,0.0152585708509701,0.0152486354120828,0.0152545247512976,0.0144519852376868,0.0147960116639123,0.0145897805169127,0.0134834065042019,0.0141759594391379,0.0134070791419222,0.0130183960411966,0.0133525647632002,0.013172616855472,0.0136075968934196,commercial,1,winter,1,5,71.56746355,357.83731775,0
13,2021-01-03,0.0139707713382964,0.0143809178187138,0.0151783261050606,0.0156136891268504,0.0164021299882533,0.016882711488242,0.0161420875628992,0.0151272442856373,0.0143340004419466,0.0146354564215565,0.0150696197448998,0.0149740742576807,0.0138564079738505,0.0136578881490698,0.0143731872276422,0.0142462812836832,0.0139625027232279,0.0138933926029827,0.013162462404477,0.0137668676887055,0.0140797570128478,0.0142338566836977,0.0146146584497435,0.0153128989307604,commercial,1,winter,1,5,71.56746355,357.83731775,0
13,2021-01-04,0.015271861742479,0.0161662134967844,0.0166495615460582,0.0166667879701642,0.0175138947187673,0.0179336388368749,0.0160288811072912,0.0132895729123387,0.012379686535467,0.0129770818107807,0.0139467719748877,0.0138395513059475,0.0145007065093834,0.0149459532986051,0.0150727933809873,0.0154707573583793,0.0154936776990816,0.0131843406060792,0.0121243494537269,0.0120908084068242,0.0115572879448878,0.0114465450546621,0.0129622327567042,0.0146944206581736,commercial,1,winter,0,5,71.56746355,357.83731775,0
13,2021-01-05,0.0161587027389108,0.017640070954061,0.0177460361478567,0.0192363224623471,0.0198031301545185,0.020115255093061,0.0172250083211184,0.0148567960807295,0.0111846946755993,0.0121822265207123,0.0127185534058679,0.0131297788719245,0.014095260884362,0.0144775333214727,0.0144805360589219,0.0149776484070085,0.0150196580328863,0.0128503898982018,0.0123554691229163,0.0118219649782432,0.0114748303573846,0.0115480551648093,0.0141210251902087,0.0156725280501597,commercial,1,winter,0,5,71.56746355,357.83731775,0
13,2021-01-06,0.0178433477151939,0.0183551270723639,0.0192208886475806,0.0200457326737707,0.0207822345273675,0.0216361165611754,0.0177851324243656,0.0145298734771865,0.0111400363038317,0.0121422685680589,0.0126206900803252,0.0124139841805834,0.0135001066572177,0.0138767775107437,0.0136084592674825,0.0139496369794379,0.0139654574562415,0.0117831845754623,0.0118469899665753,0.0126544065219744,0.0143479866563741,0.0152064695314614,0.018177951557747,0.0194451681753517,commercial,1,winter,0,5,71.56746355,357.83731775,0
13,2021-01-07,0.0205779199804024,0.0221415820700311,0.0225909293950976,0.0240410793362161,0.0243921209876289,0.0246781429239896,0.021103551853155,0.0132011239667364,0.0111020619070458,0.0115750194277527,0.0123940778013118,0.0123193805044695,0.0136210645661247,0.0135878914639437,0.0134017814573164,0.0140090177279954,0.0140596158199867,0.0119603007564861,0.0114826969779343,0.0119301318968426,0.0136693606391988,0.0142308259959413,0.0171204006767966,0.0186189064201085,commercial,1,winter,0,5,71.56746355,357.83731775,0
13,2021-01-08,0.0192976577718383,0.0207828952117971,0.0221012869385307,0.0226419125091091,0.0244565654313908,0.0246227332014018,0.0217264570047762,0.0121322530844854,0.0106670548012188,0.0111612147538683,0.0119824255435715,0.0121902986528182,0.0132916289673143,0.0135839331214582,0.0136102249419712,0.014048420965471,0.0140603037324999,0.0120655155265623,0.0112647141728566,0.011971529646677,0.0136229490565941,0.0142183280413344,0.0183065834414038,0.0182738098266769,commercial,1,winter,0,5,71.56746355,357.83731775,0
13,2021-01-09,0.0212424829011877,0.0218201017431277,0.0216607774287484,0.0217925496587061,0.0234960899337979,0.0241775767152867,0.0203121666200483,0.0118670793879033,0.009641380245398,0.0104706821232752,0.0112526016111184,0.0109965023851805,0.0112470129775658,0.0111740716373399,0.0112659156275485,0.0124705178419566,0.0135328526371056,0.0152693726418799,0.0167766795199539,0.0188157910848362,0.0188825755367266,0.0191510217884957,0.0193616782432059,0.0205841836510299,commercial,1,winter,1,5,71.56746355,357.83731775,0
13,2021-01-10,0.0203950424394763,0.021127406997322,0.0210291043595557,0.0215516184039693,0.0212501288000055,0.0211443306031243,0.0214923953126847,0.0167606202980484,0.0159184152818337,0.0143385883203945,0.0142095739958038,0.0155013166966182,0.0142050434117688,0.0145504101725707,0.0151438666513773,0.0155694354786507,0.0156233117995866,0.0164023821500501,0.0172659640288264,0.0178251645367099,0.0176856332289612,0.0179272263989828,0.0180160611126593,0.0183690791745324,commercial,1,winter,1,5,71.56746355,357.83731775,0
13,2021-01-11,0.0177548519909546,0.0183822405645747,0.0186320860405822,0.0185522956302598,0.0193039297972097,0.0192911482390829,0.0171602338684592,0.0136097833219106,0.0131699642160026,0.0138988203004499,0.0144185267442529,0.014329876134838,0.0149139186026396,0.014966834424543,0.0148347254094438,0.015021990837349,0.015030418666538,0.0132664910848194,0.0124271264775179,0.0123275962717635,0.0121361975908258,0.0121172887322473,0.0120077136776286,0.0117136815063524,commercial,1,winter,0,5,71.56746355,357.83731775,0
13,2021-01-12,0.0125378091666317,0.0130276680767515,0.0143260710675378,0.0144881348745705,0.0149066031656737,0.0154972517231479,0.0138924599742916,0.0115139014624264,0.0139026466303535,0.0149935808669103,0.0162375905344788,0.0161608323992971,0.0170095717589134,0.0166708974935053,0.0170698486973276,0.0169111337326599,0.0170459851905604,0.015380157871272,0.0132763990066357,0.0119819936897975,0.0117772187367088,0.0114689769813967,0.0114692826636715,0.0113428270467294,commercial,1,winter,0,5,71.56746355,357.83731775,0
13,2021-01-13,0.0131958909441698,0.0139555247861929,0.014836507808577,0.0155733291418701,0.0160799326421608,0.0170676317216804,0.0150656829619915,0.0106020246470173,0.0128827992427238,0.0134655573960753,0.0144064929260838,0.0148976464294826,0.0155588272393821,0.0160331865767349,0.0163425019183072,0.0157412297341728,0.0155818386637968,0.0147567058726106,0.0136018338316133,0.0126672510459541,0.0121748428341312,0.0123455313956732,0.0117159722333879,0.0117569513426096,commercial,1,winter,0,5,71.56746355,357.83731775,0
13,2021-01-14,0.0113073614002112,0.0124541872389522,0.0135551495294796,0.0148258149118781,0.015385333737364,0.0167584017749757,0.0144847362048745,0.0105821029106798,0.0128281046518875,0.0134130428149025,0.0138937161546807,0.0145023083429489,0.0152214757153656,0.0156113386838499,0.0158676130380181,0.0153910279503379,0.0165416226685244,0.0147038829402458,0.0131477616052984,0.012961653879724,0.0123359254361498,0.0122462378234658,0.0120498078265129,0.0117806753973574,commercial,1,winter,0,5,71.56746355,357.83731775,0
13,2021-01-15,0.0120191031403887,0.0124640974625042,0.0130581018755109,0.0133778911059384,0.0139550603628759,0.0150478935404399,0.0134356394437723,0.0114219277173859,0.0148307447020777,0.0156251190002457,0.016920699287183,0.0163048726493109,0.0186118549851993,0.0178876288298388,0.017260326539856,0.0185800143751331,0.01934967632277,0.0162131986825368,0.0146924143819738,0.0148249953293799,0.0143711645873956,0.0144209319143121,0.0141587542064356,0.0131077933920451,commercial,1,winter,0,5,71.56746355,357.83731775,0
13,2021-01-16,0.0136788427606853,0.0133521805172026,0.0126479235871491,0.0138194566632491,0.014407516949592,0.0145484509224738,0.0131909667364881,0.0125085078148337,0.0131839433684184,0.0137213351960364,0.0143066531452057,0.0145820796808904,0.0148744233936976,0.0145780628639932,0.0147600057006232,0.0151168589631127,0.0150305679225554,0.0146204272753685,0.0139385436722441,0.0135301644411685,0.0140406977262384,0.014544865776619,0.0146340181345776,0.0141967580994418,commercial,1,winter,1,5,71.56746355,357.83731775,0
13,2021-01-17,0.0146235344117079,0.0143395545641149,0.0144985559926621,0.0147146741088029,0.0148477033933956,0.0165543183402992,0.0155302992722511,0.0159009835026118,0.0161805372320824,0.0161202434141359,0.0164838495258374,0.0165520737344818,0.0160882854754151,0.0156258145710321,0.0169331832599903,0.0172377329956525,0.0172516012363274,0.0181222046902577,0.0191639429694169,0.0192197788883037,0.0200802626531219,0.0202921868631432,0.0203933526915376,0.0206259055448502,commercial,1,winter,1,5,71.56746355,357.83731775,0
13,2021-01-18,0.0204096286126487,0.0208177676995915,0.0214950928874019,0.0210193233578022,0.0214520109105983,0.0221204524401519,0.0191042537277199,0.0172749061366801,0.0113718555300668,0.0119939641745508,0.0125488224651165,0.0127667780855273,0.0136242589417162,0.0139179712775184,0.0138448402523483,0.0143781687864304,0.0144378108503691,0.0122001349259468,0.0116298990713697,0.0117702902003902,0.0128576257861528,0.0133244775717765,0.0152264516102985,0.0160608708733837,commercial,1,winter,0,5,71.56746355,357.83731775,0
13,2021-01-19,0.0167029990244047,0.0171615318758515,0.0178229851141265,0.0188564432500667,0.0190808300973098,0.0195826937252795,0.0169117854621945,0.0110824331198732,0.0126271428374912,0.0129151162593571,0.0134134537628245,0.0132662019757866,0.0137687903371951,0.0140548925816737,0.014378336574599,0.0149927588483609,0.0150397757008417,0.013446003315343,0.011988794358538,0.0118333108019944,0.0119222509579328,0.0118156334421726,0.0120944392990243,0.0135364171534874,commercial,1,winter,0,5,71.56746355,357.83731775,0
13,2021-01-20,0.0141094825724786,0.0151781143556835,0.0160412428384969,0.0161654112019687,0.0165807965158281,0.0175228768106453,0.0156604798272006,0.0105818270748587,0.0129232864977589,0.0133070809241904,0.0141180637175984,0.0155038149603225,0.0151771085511332,0.0139349108491988,0.0158317293150252,0.015080847987556,0.0151116010071107,0.0140794801049755,0.0120988295172165,0.0118401339774212,0.0119271898171699,0.0114157629993976,0.0125605784590827,0.0138340861773609,commercial,1,winter,0,5,71.56746355,357.83731775,0
13,2021-01-21,0.0145170283483145,0.0156861947592772,0.0157988589995614,0.0168571805505065,0.0171522418703033,0.0176730964939568,0.0157619078014591,0.0147648770163842,0.0123097912285639,0.012425617275679,0.0125364146636957,0.0136226169205447,0.0131153448429284,0.0125810730026787,0.0131959677860846,0.0124310361317849,0.0125654730742665,0.0120284243907477,0.0138266611195537,0.0139015978672378,0.0149673176408197,0.0155679208706904,0.0174337648120893,0.0181776315456054,commercial,1,winter,0,5,71.56746355,357.83731775,0
13,2021-01-22,0.0186761465195498,0.0197285442703056,0.0197278670370878,0.0203722309261877,0.0205809374192145,0.0206294056513005,0.0180057123421789,0.0143984489536449,0.0122118818341003,0.0122843357722922,0.0127861250142528,0.0133394005412882,0.013750348340269,0.0140341333704637,0.0149578085099148,0.0143092708628654,0.0144804124024516,0.0139728235746927,0.0122452166687639,0.0117447309686185,0.0120660679151436,0.0126003635192392,0.0149604939683396,0.0154856150662191,commercial,1,winter,0,5,71.56746355,357.83731775,0
13,2021-01-23,0.016980403964908,0.016759857921537,0.0179416662199177,0.01803492446241,0.018402468128587,0.0188283830170784,0.0160582712277966,0.015327650215418,0.0121757815897708,0.0117911380685439,0.0123563781287803,0.0118262649826219,0.0133774930635164,0.0136798222135289,0.0143761427813153,0.014316326445541,0.0146520965350866,0.0156388800046487,0.0171635056869508,0.0184510933933345,0.0192647207104304,0.019598990842998,0.0204894920156518,0.0215770481520939,commercial,1,winter,1,5,71.56746355,357.83731775,0
13,2021-01-24,0.0215486757828523,0.022706574369998,0.0233608992815754,0.0230123840664653,0.024488732242571,0.0250679519090393,0.0242491254751337,0.0186198781653002,0.0153343761395316,0.0133969890989608,0.0150381851971465,0.016194778262255,0.0158134204357967,0.0157166244838544,0.0155326131406442,0.0160625235840533,0.0169837652845817,0.0182500989305267,0.0198437399393594,0.020585860625601,0.0210245124229319,0.0210387300102789,0.0212063188908034,0.0224264821765482,commercial,1,winter,1,5,71.56746355,357.83731775,0
13,2021-01-25,0.0226756874115862,0.0231328048506424,0.0225708256272136,0.0234873652370009,0.0236394526544895,0.0242877152845754,0.0212465537082565,0.0142003241569837,0.0112978338539621,0.0119562307010617,0.0124040959313082,0.0134012674183735,0.0130258316747214,0.012793494911885,0.013205838030653,0.0136277252735383,0.0136486800323539,0.0121603248804393,0.0112761746420107,0.0127005626558367,0.0134815904898524,0.01424108079981,0.0169948122361209,0.0172619142444114,commercial,1,winter,0,5,71.56746355,357.83731775,0
13,2021-01-26,0.018492251676729,0.0196002599244798,0.0197359839339622,0.0212014724532245,0.021636559345137,0.0217774321573782,0.0194638730942896,0.0112486076344726,0.0115655841323743,0.0125262068713871,0.0129792417010998,0.0134399645996564,0.0142083567892581,0.0141419479125019,0.014344474871596,0.0146038143360755,0.0146390885594793,0.0127085900706546,0.0118398114702425,0.0118125830561207,0.0110997937979162,0.0122559482056657,0.0157499602846591,0.0181697124509962,commercial,1,winter,0,5,71.56746355,357.83731775,0
13,2021-01-27,0.0198121859090307,0.0215005554872472,0.022198459872078,0.0238687432581672,0.0247167092825865,0.0241332913289934,0.0209108474315236,0.0126416078135723,0.0111163635586052,0.0120968420810483,0.0125363462084037,0.013143171792841,0.0141786433698184,0.0145301920465531,0.0144742999994303,0.0149881308936659,0.0150394121884647,0.012769590517456,0.0121036281262972,0.0118314743364221,0.0114031474967857,0.0116281207894235,0.0149681701153762,0.0158679685536133,commercial,1,winter,0,5,71.56746355,357.83731775,0
13,2021-01-28,0.0173629208008014,0.0180494004317749,0.018584881409301,0.0191334328789396,0.0197058780377222,0.0201728878431154,0.0183384479911572,0.0101106950112806,0.0123101551247692,0.0130119199758327,0.013445212429708,0.0135587986480131,0.01459302951912,0.0145929684165256,0.0146330884666246,0.0150229131062383,0.0150755677923632,0.012743203854674,0.0121674420011882,0.0118903019021319,0.0112581161563628,0.0113815364914775,0.0130719868782917,0.0152214845256034,commercial,1,winter,0,5,71.56746355,357.83731775,0
13,2021-01-29,0.0169720298393523,0.0178447423900692,0.0187742465008612,0.019948315846306,0.0205466327129589,0.0217411252861482,0.0187927521753868,0.0093231678575075,0.0117131478675212,0.012711847396464,0.0135934322600462,0.0138822558644388,0.0150937942767291,0.0147508545401924,0.0151048897060665,0.0147588602680438,0.0147373812921806,0.0126551302726412,0.0114240698033262,0.0108377267864148,0.0108561337919088,0.010935541878411,0.0133713454142858,0.0156117836845812,commercial,1,winter,0,5,71.56746355,357.83731775,0
13,2021-01-30,0.0187434895855922,0.0219414466289076,0.0193113716510408,0.0229724595967756,0.0222889366791908,0.0217251858878769,0.0189245191291125,0.0102739624813303,0.0099119045482646,0.0110563382848541,0.0119954282807446,0.0124730852313665,0.0114950412515727,0.0116386676094488,0.0122573410983766,0.0119175798281401,0.0121013907320467,0.0118243727323472,0.0132633682118962,0.0151330061235431,0.0163898838764045,0.0161711836847804,0.017820012424526,0.0181916990374834,commercial,1,winter,1,5,71.56746355,357.83731775,0
13,2021-01-31,0.019732816127253,0.0192850666820706,0.0199076844209663,0.0206259427331558,0.020809980549741,0.0220325251213645,0.0223987234211734,0.0128253186395477,0.0098668980672679,0.0106675568647185,0.0113481440047277,0.011772476720764,0.0116092174067804,0.0118535112585913,0.0122916831736273,0.0122150841289856,0.011827724042561,0.0118611815888542,0.0142334076708142,0.0155077708130314,0.0160176307760813,0.0170284974804733,0.0179412626009697,0.0186325049473206,commercial,1,winter,1,5,71.56746355,357.83731775,0
13,2021-02-01,0.0184726539968528,0.0186058870148598,0.0191019664716177,0.0192585115010216,0.0196760497130743,0.0200735404141542,0.0169569577957777,0.014401649542293,0.0118966329275468,0.0121762413028143,0.0127554700444358,0.0128983710432292,0.0134597436174318,0.0136350474506392,0.0140236406509604,0.0141737301557425,0.0145869354280519,0.0125337816212192,0.0115141902355612,0.0112763655396733,0.0111524223354018,0.0121973019572328,0.0144310908344172,0.0158612529667107,commercial,2,winter,0,5,71.56746355,357.83731775,0
13,2021-02-02,0.0169026145984218,0.0180176538484625,0.017659243798341,0.0188446519655318,0.0186314848235637,0.0185293556979933,0.0165541584166013,0.012642043926065,0.0125111689848916,0.0126818036717394,0.0136332060346402,0.0141143996557534,0.0150367456669483,0.0154835724738124,0.0157666084026872,0.0151946091932413,0.0155345293169432,0.0134179729529521,0.0128571378026517,0.0123657736874585,0.0114938270287849,0.0113979017107446,0.0119579708907299,0.0134050319542388,commercial,2,winter,0,5,71.56746355,357.83731775,0
13,2021-02-03,0.014219106102565,0.0149071287831966,0.0159071635990649,0.0158664922223575,0.0163168912793705,0.0169871506622721,0.0148034261538208,0.011159687653671,0.0133724153998026,0.0146357060808447,0.0161069779255798,0.0163696568595447,0.016851971759685,0.0164942240475096,0.0179958453940154,0.0180030414174092,0.0178581064412464,0.015362473386899,0.0146233820316992,0.0140259627726128,0.0130909011581381,0.0130345592322833,0.0127766436939955,0.0124813220085298,commercial,2,winter,0,5,71.56746355,357.83731775,0
13,2021-02-04,0.0129531575587453,0.0127344912209653,0.014029589644985,0.0146823361423065,0.0148397191076075,0.0159379795603801,0.0134346639653462,0.011305938419393,0.0130380024475933,0.0140201228493122,0.0142087874394342,0.0142793101882346,0.01503449994872,0.0150178803764447,0.0149883935757515,0.0147954887064714,0.0147492302758177,0.0130025028777554,0.0114220384808999,0.0111057411357744,0.0109898597359729,0.0110755331523709,0.0132090237590541,0.0148187592789537,commercial,2,winter,0,5,71.56746355,357.83731775,0
13,2021-02-05,0.0163478870949417,0.0172256456021614,0.0182147129136137,0.0191198886086723,0.0197051871841262,0.0203525890753059,0.0173172729027552,0.0158827937927942,0.0111724578396694,0.0115278341089305,0.0112221236237318,0.0116642090788206,0.0123339140440444,0.0125504415545505,0.012483238348486,0.0134674652184734,0.0135220077720828,0.0119303029718099,0.0130612825468902,0.0141486031191977,0.0152060209783647,0.0161049593242495,0.0197335831594681,0.0200541059559675,commercial,2,winter,0,5,71.56746355,357.83731775,0
13,2021-02-06,0.0212788509155208,0.0217310209547821,0.0227721154012658,0.0233069233561527,0.0246755743814491,0.0242652741300815,0.0207255258740892,0.0141501993568954,0.0095555204891101,0.0098598493085726,0.0101830267032489,0.0107262682266863,0.0126730390276435,0.0126106241800617,0.0127777787927377,0.0138249332736963,0.0151037969782266,0.0163914620974533,0.0201083397017192,0.0207074641125714,0.0204075610347365,0.0209195836532678,0.0212863294818951,0.0209172902451996,commercial,2,winter,1,5,71.56746355,357.83731775,0
13,2021-02-07,0.0209310294725937,0.0216555563316423,0.021477862714115,0.0215653117502839,0.0225040882077751,0.022054904974348,0.022074782528432,0.0198141661933288,0.0194083983248828,0.018990299131525,0.0173425602467387,0.0163023754862532,0.016494466182602,0.0161325172766257,0.0147705797439187,0.0165862740682829,0.0172661865008748,0.017535567967263,0.0194334305426245,0.0194544630727816,0.0197019813479633,0.0204067104925531,0.0203771623198512,0.0201856679063977,commercial,2,winter,1,5,71.56746355,357.83731775,0
13,2021-02-08,0.0203193275896303,0.0203582837676456,0.0206241089484398,0.0211921753626519,0.0212069278194425,0.0216055623097749,0.0194085962091433,0.0127448597313567,0.0123166189057932,0.0128275100304035,0.0137714571423079,0.0139094847746338,0.0146015294543654,0.0145739462864905,0.0145472159589747,0.0154200043889693,0.0150773857966802,0.0128454296587719,0.011784956731711,0.0117781292051093,0.0112630945151144,0.0113483887945447,0.0134588965437952,0.0148442070474264,commercial,2,winter,0,5,71.56746355,357.83731775,0
13,2021-02-09,0.0163128672233064,0.0176700713861165,0.0179459593820594,0.0187765699576505,0.0199016451917494,0.0201406180250533,0.0174799360540247,0.0100341467721086,0.0120366704102661,0.0131563168884573,0.0136479143871412,0.0138670352936458,0.0144650374671262,0.0147308159517099,0.0146820068055119,0.0147705101418645,0.0143710866894463,0.0128988438872841,0.0120422525183226,0.0116897999770982,0.0109789525714996,0.0109237225163189,0.0123804436560902,0.0141588283218503,commercial,2,winter,0,5,71.56746355,357.83731775,0
13,2021-02-10,0.015856552436901,0.0168558663375331,0.017989247941479,0.0180784516013898,0.0194280812872408,0.0195975749809898,0.0174955300968241,0.0097742897028422,0.0121468548068184,0.0131811526488659,0.0137063464679889,0.01409222263978,0.0141503612066642,0.013952658905486,0.0149664977215821,0.0144111700121632,0.0143706541164633,0.0129848411288025,0.0117540961171622,0.0114248307363709,0.0110537620575118,0.0111401024463355,0.0121151132355301,0.0136789296635917,commercial,2,winter,0,5,71.56746355,357.83731775,0
13,2021-02-11,0.0151655207706379,0.0161654738666695,0.0172912656780283,0.017419555349596,0.0179480203343823,0.0190490749887777,0.0175993978304211,0.0106757178309603,0.0107059944555371,0.0116771958236004,0.0118303595248285,0.0122712147597165,0.01102460996063,0.0112287981820106,0.0115013051475737,0.0123015464163394,0.0133017132723656,0.0137169800953906,0.0151703500748802,0.0158380688256633,0.0164033985113573,0.0170393952435593,0.0179865256108982,0.0179007394815748,commercial,2,winter,0,5,71.56746355,357.83731775,0
13,2021-02-12,0.0183809892810364,0.0188136414988798,0.0193845753710504,0.0204538116209464,0.0208523261023676,0.0209940609825623,0.0210162271979612,0.0110751822809324,0.0109801410607511,0.0115883997974011,0.0119488565365812,0.012934660506583,0.0120697706203229,0.0119455188474072,0.0128760723123116,0.0126287285744357,0.0124894878834333,0.0121362591608018,0.0121958968676412,0.0133955615006204,0.0145552030190409,0.0157739259294095,0.0155779748458936,0.0170069678905099,commercial,2,winter,0,5,71.56746355,357.83731775,0
13,2021-02-13,0.0174375978541305,0.0172690229646223,0.0184631923480361,0.018460829292161,0.0193635300679071,0.0196762685658194,0.019189469357112,0.0104397789199035,0.0114615720780291,0.0121407353956627,0.0127656572207048,0.0132952701976035,0.0121990223960784,0.0124089077623812,0.0131396786480894,0.0127617734490194,0.012613549349089,0.0122049342554753,0.0114135401338833,0.0115305971321425,0.0119858808522322,0.0134192729194071,0.0130021908723092,0.0144055023859174,commercial,2,winter,1,5,71.56746355,357.83731775,0
13,2021-02-14,0.0144106148980585,0.0147567731567173,0.0158885631159466,0.0156018637243028,0.0164491534784311,0.0165591523378793,0.0165074511151966,0.0110284561370869,0.0123155106359222,0.0131339045811854,0.013492327779897,0.0141361391752207,0.0139801200155564,0.0144384856900768,0.0133842888719118,0.0129202154129881,0.0134021325861213,0.0124230123628691,0.0130351889803063,0.0129400795959529,0.0125024170783629,0.0135027784002836,0.0134062400749505,0.0127485636895966,commercial,2,winter,1,5,71.56746355,357.83731775,0
13,2021-02-15,0.0133344328025896,0.0133445478951679,0.0129820290230367,0.0142528548699803,0.0146463706717236,0.0147358947021917,0.0146171714721939,0.0125003102145983,0.0143203155986207,0.0133286325771283,0.0136053786674794,0.0146490516487793,0.0135296076100218,0.0141487775557684,0.0146622201976913,0.0146981059586186,0.0149421466588129,0.0147439164082929,0.0146874564901839,0.0151208487458432,0.0154516278191474,0.0158482818842648,0.0162728414560529,0.0168144191286465,commercial,2,winter,0,5,71.56746355,357.83731775,0
13,2021-02-16,0.0173152075694236,0.0176876984337242,0.0179434365009953,0.0181980748268031,0.0183903051068575,0.0185145063521234,0.0177215718764849,0.014530117171928,0.015515229836347,0.0161648297444157,0.0168314579183576,0.0171191970185079,0.0158498402052231,0.0162586127799802,0.016463575354001,0.0160824313551484,0.0159179284242337,0.015767262665427,0.0146533584788799,0.0144992528522872,0.0144540429614541,0.0140108401417536,0.0145784159647188,0.0148649328428806,commercial,2,winter,0,5,71.56746355,357.83731775,0
13,2021-02-17,0.0152589561557426,0.015618748709301,0.0161317354088642,0.0163468015233216,0.0175104803201545,0.0174966505867604,0.0164328123553565,0.0130073966880355,0.0144765952651145,0.0153787632161114,0.0161600688864383,0.0162841908876834,0.0163675724156681,0.0163876255779532,0.0157340457949477,0.0162630416249415,0.0165269142722296,0.0151531608205251,0.0148613172106301,0.0139210183659803,0.0130800563903922,0.0130412319055759,0.0126905141354857,0.0133949167456695,commercial,2,winter,0,5,71.56746355,357.83731775,0
13,2021-02-18,0.0138674149348884,0.0143672520464477,0.0147908776215511,0.0147671687136743,0.0149260201991726,0.0154186064136617,0.0142475134895636,0.0128486882463175,0.015115796915647,0.0167225168946039,0.0172008620534799,0.0179932475087845,0.0184449090431573,0.0183283602217418,0.0171330269038186,0.0185272530830467,0.0186483741812589,0.0158066260042397,0.0152799175842098,0.0149182855080448,0.0128300197326546,0.013065736246955,0.0127670777606676,0.0120924267482787,commercial,2,winter,0,5,71.56746355,357.83731775,0
13,2021-02-19,0.0120865425680087,0.0120534467331584,0.0117044674979108,0.0118720785288334,0.0118974348188386,0.0115900046968111,0.0116625157830387,0.0119161489809688,0.014205408192008,0.0157379668737675,0.0162178954161567,0.0162476614348286,0.0170440266095653,0.0170987942995137,0.0160050297979667,0.0169311378049351,0.0170178046665459,0.0143479143887352,0.0143529012215281,0.0137260578335559,0.0125164093599908,0.0129852502816386,0.0127910477530059,0.0125334199379917,commercial,2,winter,0,5,71.56746355,357.83731775,0
13,2021-02-20,0.0125402731050708,0.0125297919325072,0.0120883847857847,0.0122931719159755,0.0124777000408876,0.0132101299244281,0.0126941038241998,0.0122699802499752,0.0128781324125085,0.0140656583350246,0.0154843612557586,0.015050212130145,0.0153296071130503,0.0152090173374501,0.0151729035614326,0.0159333203278369,0.0155662765493083,0.0139124640457295,0.0146731160261902,0.0141999494302045,0.0134807601279663,0.0140374539919556,0.0141138722364406,0.0140742774829177,commercial,2,winter,1,5,71.56746355,357.83731775,0
13,2021-02-21,0.0146398662670893,0.0147564974540097,0.0153586996887522,0.0155261872674497,0.0157096831262128,0.0164286482565227,0.0161902573133405,0.0149690305147064,0.0143688861649996,0.0157381170312062,0.0167290363001153,0.0167405688729062,0.0164802110738535,0.0164394077466771,0.0170082959624601,0.0168551822826293,0.0167155700595008,0.0168551822826293,0.016642307574179,0.0163869457658511,0.0164947835527073,0.0163675828732423,0.0163148999015942,0.0159824649308343,commercial,2,winter,1,5,71.56746355,357.83731775,0
13,2021-02-22,0.0158367513179303,0.0155954220133016,0.0156121489720079,0.0158889396257703,0.0163036713196427,0.0162648547370347,0.0157665574320595,0.0166990384840006,0.0197226353767574,0.0198490097283338,0.0198523054683925,0.0198786713888626,0.0196257026924477,0.0199017415692739,0.0199224651581594,0.01983253102804,0.0198687841686863,0.0181138680756142,0.0175355190863157,0.0175157446459631,0.0171977898019908,0.0173547023695507,0.0172068430533732,0.0164318075345371,commercial,2,winter,0,5,71.56746355,357.83731775,0
13,2021-02-23,0.016935397356168,0.0168908845696439,0.0160433829906091,0.0166510024990526,0.0167203495521166,0.0157668577334808,0.016220658404872,0.0163864526169912,0.0188520850637649,0.0198489716906375,0.0198522664297043,0.0198786243422383,0.0196256456359034,0.0199016875157056,0.0198357927343705,0.0198324979953038,0.019868740125038,0.0181138420498221,0.0175354980654836,0.0175157296310831,0.0164474748242011,0.0169255771904963,0.0166967742349211,0.0158930433449316,commercial,2,winter,0,5,71.56746355,357.83731775,0
13,2021-02-24,0.0167145013526542,0.0162669781356414,0.0158420564134524,0.0160857130829748,0.0160330606272939,0.0156269736597926,0.0162114076584824,0.0164272792883677,0.0195332033054425,0.0198489324895283,0.0198522261969869,0.0198785758566558,0.0196255868342395,0.0199016318088661,0.0199076890092341,0.0198324639522352,0.01986869473428,0.0181138152280105,0.0175354764017127,0.017515714156961,0.0169692204653302,0.0172466096054918,0.0169081888738379,0.0163313009993284,commercial,2,winter,0,5,71.56746355,357.83731775,0
13,2021-02-25,0.0166142219673206,0.0166618128700504,0.0169549966674424,0.016974693512693,0.0169855435700038,0.0169536204876187,0.0172351535532123,0.0175288688103388,0.0198390141999956,0.0198488921366151,0.0198521847821549,0.0198785259464737,0.0199289621837149,0.0199015744652526,0.0198357215544557,0.0198324289089159,0.0198686480098542,0.0181137876181225,0.0175354541014185,0.0175156982281795,0.017384311423258,0.0173546776133994,0.0172068275807787,0.0171378415327781,commercial,2,winter,0,5,71.56746355,357.83731775,0
13,2021-02-26,0.0169117093914771,0.0169117093914771,0.0169644919070114,0.0169117093914771,0.0169117093914771,0.016960997126374,0.0172134052284539,0.0175288480639553,0.0198389759829733,0.019848850643848,0.020587884536361,0.0203372214287372,0.0196254640657191,0.0199299331189425,0.023848495311913,0.02103832311848,0.0198721103091095,0.0185329664176593,0.0175354311712052,0.0175156818494556,0.0173842928607043,0.01735466887808,0.0172068221212041,0.0171378360732035,commercial,2,winter,0,5,71.56746355,357.83731775,0
13,2021-02-27,0.0166809540108751,0.0166809540108751,0.0166809540108751,0.0166809540108751,0.0166809540108751,0.0166809540108751,0.0172133973773399,0.0171530136060209,0.0164172124751587,0.0178213337148656,0.0178147528507911,0.0166170229428322,0.017139236579489,0.0169384203612702,0.015605505056516,0.0166159361238267,0.0166634630763668,0.0150607567750226,0.0154749413516178,0.0152216513980931,0.0147475942976241,0.0150962482493827,0.0151102213215212,0.0146396102949897,commercial,2,winter,1,5,71.56746355,357.83731775,0
13,2021-02-28,0.0149560130691817,0.0149941966485446,0.0142603238040919,0.0148363079551571,0.0148686995831839,0.0139602423917116,0.0143922013430699,0.0142328482637131,0.0136795374826688,0.014607584901957,0.01602115989073,0.0148493656980816,0.016029176230741,0.0165134061332415,0.015721886065827,0.0167550162463689,0.0168474211818408,0.0155258235529899,0.0153791264733638,0.0152192039504288,0.0150648631464722,0.0139756280208726,0.0128730395790641,0.0141380743636399,commercial,2,winter,1,5,71.56746355,357.83731775,0
13,2021-03-01,0.014578986154493,0.0153033976106981,0.0157082464840555,0.0163271612129065,0.0165717828842632,0.016797526523652,0.0147903104669575,0.0125219189632187,0.0132061285817282,0.0146662389128655,0.0153735052886403,0.0152631120833276,0.0144998830451669,0.0139967244055549,0.0153209749941875,0.014230669135997,0.0148134298232434,0.0138163588890287,0.0119369519110634,0.0117640290723204,0.0124499301523441,0.0114074714305746,0.0143637463860904,0.0143893052308211,commercial,3,spring,0,5,71.56746355,357.83731775,0
13,2021-03-02,0.0156227948164742,0.016206187238368,0.0169567553249296,0.0168861654744996,0.0171881278815754,0.0179675493476716,0.0157162397104896,0.0124871033758702,0.0156801091062219,0.0155693108771855,0.0159257938832446,0.0188718552781109,0.0165729068334812,0.0162515524685823,0.0197592331800808,0.0173743588144815,0.0173608015434796,0.0171883564656555,0.014538155969774,0.0141870183601097,0.0152193597156498,0.0137004698966701,0.013401471810483,0.0147888087321717,commercial,3,spring,0,5,71.56746355,357.83731775,0
13,2021-03-03,0.0133396962949635,0.0135901171736487,0.0146987709278618,0.015357739883998,0.0155950757094997,0.0165267348472257,0.014898521694625,0.01305517089563,0.0195422064091534,0.01732701146233,0.0191146566982261,0.0200247176850163,0.0196251278857703,0.0199011970155795,0.0203229642370222,0.0198321982452268,0.0198683404582687,0.0183848497329535,0.0175353073154346,0.0173170858456979,0.017384192596509,0.015956513563114,0.0159924821597412,0.0171378065837343,commercial,3,spring,0,5,71.56746355,357.83731775,0
13,2021-03-04,0.0169350819984247,0.016506735974273,0.0170091802467894,0.0160604343905913,0.0153453037995877,0.0161722950354564,0.0146712022823159,0.0151854833019828,0.0189397732829147,0.0198295696242871,0.0197107028848494,0.0198781379799926,0.0196250557923288,0.0199011287165296,0.0198354408978523,0.0198321565069185,0.019868284807191,0.0180565627374651,0.0175352807546929,0.0175155744090897,0.0158306318395665,0.0162439605788796,0.015977397214138,0.0149803180920396,commercial,3,spring,0,5,71.56746355,357.83731775,0
13,2021-03-05,0.0154204069649663,0.0154500860818322,0.0148913233910733,0.0152611804635415,0.0153198796370612,0.0148438966758629,0.0154421373609019,0.0158424486250062,0.0186077912538309,0.0198485293523315,0.0198518124509165,0.0198780772395966,0.0196249821284443,0.0202044948085368,0.0198353969579914,0.0198321138594064,0.0198682279438415,0.0181135393972969,0.0173936528434819,0.017515555023857,0.0173841491250258,0.0171557299078343,0.0168074319956331,0.0170752048550512,commercial,3,spring,0,5,71.56746355,357.83731775,0
13,2021-03-06,0.0166319985119383,0.0165638901691799,0.0168272161643163,0.0166297310743577,0.0167471045141671,0.0167607788156731,0.0168539914541141,0.0172264639228192,0.0178014613280929,0.0179676722620508,0.0178145884443619,0.0179291668297547,0.0171820229339238,0.0174821770337017,0.0173427008884867,0.0173055707400074,0.0173088525190747,0.0169450630516078,0.0168584246615472,0.0166809540108751,0.0166809540108751,0.0166809540108751,0.0166809540108751,0.0166809540108751,commercial,3,spring,1,5,71.56746355,357.83731775,0
13,2021-03-07,0.0166809540108751,0.0166809540108751,0.0166809540108751,0.0166809540108751,0.0166809540108751,0.0166994453240058,0.0168619308166271,0.0168551171731618,0.0168551171731618,0.0171585530520069,0.0175016520579237,0.0172978110566626,0.0175082129234664,0.0175180542217804,0.0172306844454449,0.0173253872569657,0.0173253872569657,0.0172075838486477,0.0169843898897202,0.0168274742704295,0.0166809540108751,0.0168274742704295,0.0168274742704295,0.0166809540108751,commercial,3,spring,1,5,71.56746355,357.83731775,0
13,2021-03-08,0.0170582296510315,0.0170582296510315,0.0169117093914771,0.0170582296510315,0.0169117093914771,0.0169917093914778,0.0172133177737512,0.017528610686905,0.0198385387094595,0.0198483758897474,0.0198516549498434,0.019877887430611,0.0199281878134133,0.0202042767301279,0.0198352596493636,0.0198319805892676,0.0198680502503232,0.0181134343965815,0.0175351688070969,0.0175154944465212,0.0170587252300663,0.0172555491532246,0.0170629809286089,0.0162944422247752,commercial,3,spring,0,5,71.56746355,357.83731775,0
13,2021-03-09,0.0156508515787252,0.0152470943581258,0.0154600602315478,0.0151030020119288,0.014533145166772,0.0149733483642856,0.0142773342753727,0.0138431614093183,0.0184032163676302,0.0174658198192863,0.0178780968125808,0.0193448329828112,0.0182513224178867,0.0183693838584863,0.0195625587069657,0.0182070697810534,0.0182501241500198,0.0169912043627684,0.0151355289802331,0.0148760860219167,0.0148682358118346,0.0139095920661946,0.0134269891469765,0.0142278588068675,commercial,3,spring,0,5,71.56746355,357.83731775,0
13,2021-03-10,0.0129355683765236,0.0126016158212095,0.0134303737291996,0.0145658518947648,0.0152943245721683,0.0152220765902659,0.0134705673524423,0.0128186355830566,0.0124433630226705,0.0125687552931383,0.0126503304839155,0.013467043822365,0.0132896238808728,0.0127465052117992,0.01342784978919,0.0132008330090937,0.0128459702422948,0.0122574604012707,0.0112039348143893,0.0117012055889044,0.0130659385305689,0.0137702966008483,0.0174846157457033,0.0175440886228414,commercial,3,spring,0,5,71.56746355,357.83731775,0
13,2021-03-11,0.019348373204056,0.0207613397831997,0.0212456361230689,0.0225497978446324,0.022728188338374,0.0227423857878892,0.0195340792208399,0.0185968197299922,0.0110624737877376,0.0110873201610568,0.0115162838852833,0.0118351761279066,0.0122880789824753,0.0119879315829362,0.0122242100330978,0.0121444895183468,0.0125218407436806,0.0130476336117745,0.0162702833009143,0.015463804849907,0.0165669124467703,0.0164368816494073,0.018752270929478,0.0195046053902584,commercial,3,spring,0,5,71.56746355,357.83731775,0
13,2021-03-12,0.0206525403047165,0.0209297861384525,0.0213159034963612,0.0231681784490801,0.0236795271116598,0.0236251186694637,0.020087161929892,0.0194275399170196,0.0115821581920144,0.0111222490444303,0.0110803300619997,0.0110029805367583,0.0128036585999474,0.0111409756357981,0.0110406947124397,0.011203457682278,0.0111977753815243,0.0160816194727914,0.0188740992376344,0.0192178696124136,0.0196547023824953,0.019877385442288,0.0230665769202541,0.0233836852632182,commercial,3,spring,0,5,71.56746355,357.83731775,0
13,2021-03-13,0.0245530350082361,0.0250345166886167,0.0258788078701459,0.0253592685519329,0.0256295213236427,0.0263452764330907,0.0215365681821753,0.0214978150616596,0.0188468365775094,0.0178532406096444,0.0168290468705563,0.0170722639060344,0.0183117073544846,0.0185758086537695,0.0189606720871001,0.0196103424764794,0.0202661156648444,0.0212719995518527,0.0230387793858078,0.0246516796226237,0.0247705572450731,0.0237145779149708,0.0238831749718926,0.024725259947235,commercial,3,spring,1,5,71.56746355,357.83731775,0
13,2021-03-14,0.025086037735555,0.025292980112236,0.0248019970821537,0.0243606894922269,0.0243062296939683,0.0249606999774424,0.0236779199477743,0.023220472757212,0.0223512620780506,0.0201452502312261,0.0201613161871395,0.0196700009147808,0.0183564489700293,0.0186804635626826,0.0191276148280378,0.0197606611568194,0.0194418583149032,0.0205595864621458,0.0214787115908019,0.021501947785926,0.0217419075319641,0.0214653303493987,0.0214925426975774,0.0223476108875453,commercial,3,spring,1,5,71.56746355,357.83731775,0
13,2021-03-15,0.0209852787981708,0.0215533873415798,0.0220419365241489,0.0218813561342768,0.0218995571375401,0.0220947686181941,0.0193104362091661,0.0169720339888749,0.0130825055318118,0.0137999702074158,0.0145330409415402,0.0157096478656911,0.015860353018716,0.0162970256217003,0.0172582494127716,0.0172573556516625,0.0172954578264222,0.0155112402946209,0.0137871980657857,0.0133338348709358,0.0127739022619096,0.0128061778002236,0.0134422734474102,0.0152561564602582,commercial,3,spring,0,5,71.56746355,357.83731775,0
13,2021-03-16,0.0153085863128544,0.0157259633988114,0.0177336303710695,0.0165306782113319,0.0168438086113411,0.0182852998911829,0.0155996801596111,0.0125007835804067,0.0154962240273933,0.0174210627472813,0.0182260579417002,0.0183026041347317,0.0193142012084673,0.0194551486569154,0.019528802051346,0.0187689596223816,0.0194564000832515,0.0167532107710306,0.0153384242458029,0.0152272612891652,0.0150542543434584,0.0142893360076881,0.0139703714698129,0.0150740598733935,commercial,3,spring,0,5,71.56746355,357.83731775,0
13,2021-03-17,0.0143370653783621,0.0149403587737409,0.0155035911032946,0.0156310687315979,0.0157687835511539,0.0162132993975753,0.0153463265909849,0.0153649508102763,0.0198358937229124,0.0198478639689423,0.0198511295574381,0.0198772542654047,0.0196239840533605,0.0199001133848755,0.0204336633130453,0.0198315360264632,0.0198674574999172,0.0182444768077718,0.0175348859034941,0.0175152923725191,0.0173838514535096,0.0169624154438499,0.0162830470288938,0.017137706247558,commercial,3,spring,0,5,71.56746355,357.83731775,0
13,2021-03-18,0.0162876119440971,0.0160776117724594,0.0167511935386904,0.0162936558180707,0.0168074097395472,0.0168863091316123,0.0172573908356901,0.0175283240816957,0.019838010752495,0.0198478026793288,0.0198510666549401,0.0198771784598301,0.0197704123784947,0.0202569904173553,0.0219948001755806,0.020426833212056,0.0212070533821269,0.0184986855945839,0.0176813722924726,0.0175152681792507,0.017383824034472,0.0173544482539707,0.0172066842311357,0.0171376981831352,commercial,3,spring,0,5,71.56746355,357.83731775,0
13,2021-03-19,0.0169117093914771,0.0169117093914771,0.0169117093914771,0.0167072694451783,0.0164755459643561,0.017070661805934,0.016735635711084,0.0169938683942832,0.0198466995564176,0.0226514447301064,0.0245448188754632,0.0248666011285367,0.021559926753826,0.0256741874806483,0.0265512209534952,0.0266597214230815,0.0254090098121525,0.0188510479010326,0.01753481771072,0.0175152436633948,0.0173837962498354,0.0173544351788476,0.0172066760591838,0.0171376900111832,commercial,3,spring,0,5,71.56746355,357.83731775,0
13,2021-03-20,0.0166809540108751,0.0166809540108751,0.0166809540108751,0.0166809540108751,0.0166877007376773,0.0167156626762969,0.0172131891537401,0.0172262318969747,0.0178011449292141,0.0178207090440661,0.0178141876724487,0.0178272304156834,0.0174850369475971,0.0174817762617885,0.0172519360297693,0.0176290463518952,0.0176323070377039,0.016858277008737,0.0170047972682914,0.0168274742704295,0.0162930260843316,0.0166809540108751,0.0162752414232178,0.0162107887072197,commercial,3,spring,1,5,71.56746355,357.83731775,0
13,2021-03-21,0.0166123675068671,0.0166809540108751,0.0160857302770956,0.0162848550414014,0.016305743305033,0.0157423431226628,0.0162805936056786,0.016578377361322,0.0163908524117886,0.016855031481536,0.016855031481536,0.0168615495012657,0.0168615495012657,0.0170178467904147,0.0170233013104309,0.016855031481536,0.016855031481536,0.016855031481536,0.0166809540108751,0.016575790588185,0.0161868489279415,0.0160385839077539,0.0159885804003284,0.0159063850887597,commercial,3,spring,1,5,71.56746355,357.83731775,0
13,2021-03-22,0.0158797225962557,0.0158123450828971,0.0150840143409209,0.015283045086079,0.0147726451914933,0.0142760238232658,0.0141427870148231,0.014429592837099,0.0175038082750919,0.0185880827012376,0.019319199752066,0.0192420993276656,0.0193578227267684,0.0196218611745191,0.0198345202782186,0.0195060134509197,0.0194012854911806,0.0172604004437833,0.0165188565526758,0.0154862937952017,0.0138654664977356,0.0137103816982793,0.0140929857128009,0.0136331094370052,commercial,3,spring,0,5,71.56746355,357.83731775,0
13,2021-03-23,0.0137056798491064,0.0141049347805919,0.013128482263477,0.0138769422600131,0.0139883234947207,0.0138407863611361,0.0142215015278181,0.0148435710927269,0.0186084757110974,0.0198786877184179,0.0199837402074148,0.0207599658058781,0.0197699348759558,0.0199612962166407,0.022891957338358,0.0205349180536581,0.0209114423523721,0.0181847557413439,0.0175346761109302,0.0176616627802422,0.0173836816214341,0.0173543812360705,0.0172066423449481,0.0171376562969475,commercial,3,spring,0,5,71.56746355,357.83731775,0
13,2021-03-24,0.0169117093914771,0.0169117093914771,0.0169117093914771,0.0169117093914771,0.0169117093914771,0.0169917093914778,0.0172131413999361,0.0175281319579785,0.0199309540695397,0.0210348579634707,0.0223362618016679,0.0229134780271711,0.0207073999814042,0.0199976863303174,0.0199326586843085,0.0188080135113567,0.0170600047816809,0.016287808731431,0.0140850488845596,0.0128436916943433,0.0122490179254674,0.0121097008321498,0.0119480028471696,0.0114643781440872,commercial,3,spring,0,5,71.56746355,357.83731775,0
13,2021-03-25,0.0113267469391846,0.0112160107660166,0.0111478437919481,0.0112428362935891,0.0110506624188661,0.0122597608224886,0.0108409268409443,0.0107926589746367,0.0130239934115094,0.0142156149334304,0.0151719079981312,0.0151364080564077,0.0159156818425438,0.0160980142560925,0.0163044501900943,0.0167938388882973,0.016833386414624,0.0145915656398958,0.0138974836377555,0.0134508858254635,0.0126998894514046,0.0127352210780676,0.0122678818347869,0.0115980830019018,commercial,3,spring,0,5,71.56746355,357.83731775,0
13,2021-03-26,0.0113882042178162,0.0113529103136463,0.0112877961486639,0.0113720572233786,0.0113463422804462,0.0125138280918213,0.0112796004720007,0.0111180090982741,0.0139899479720474,0.0164227325766719,0.0185451068158223,0.0164972669844579,0.017313269473099,0.0186534860709723,0.0191518754463501,0.0176061579735628,0.0174221530797546,0.0149003439943507,0.013750103979527,0.0135769060613264,0.0126578777901545,0.0128492062878072,0.0126346508100323,0.0119977739065936,commercial,3,spring,0,5,71.56746355,357.83731775,0
13,2021-03-27,0.0117630920904155,0.0116658895460245,0.0112452313709472,0.0113395404488572,0.011113457264655,0.0111706468058458,0.010795985920158,0.0113172281628996,0.0128160727960094,0.0140254236949127,0.0147877341687998,0.0151005294951968,0.0140698031332159,0.0142748423102017,0.0150336927989791,0.0145157675931412,0.0144420630803222,0.0137040336401523,0.0138197985028943,0.0132650851716068,0.0122943257579037,0.0124052160459738,0.0124171801245132,0.0120284325650131,commercial,3,spring,1,5,71.56746355,357.83731775,0
13,2021-03-28,0.0122526601416591,0.0118115020238164,0.0115948917330748,0.011261590651364,0.0111102155212418,0.0113951563758886,0.0111730752418385,0.0115087871821306,0.0121823515546302,0.0132422262924578,0.0139722976445746,0.0140333775445911,0.0149573990699465,0.0146109813488913,0.014230476917647,0.0140522897081153,0.0139898409582738,0.0142865146594923,0.0145671102810426,0.0143448753378345,0.0132052606302038,0.0136319835951906,0.0133430334363477,0.0128366261963837,commercial,3,spring,1,5,71.56746355,357.83731775,0
13,2021-03-29,0.0130330292086133,0.0130477288648911,0.0126069739390104,0.0126755715444717,0.0121768742403384,0.0120178832670251,0.0120131666742847,0.0130219856764511,0.0184736757397792,0.0203799695363746,0.020263087689129,0.01994853459645,0.0193392210884574,0.0201736931834198,0.0204514909670626,0.0201565797409655,0.0201208603030274,0.0181058626100388,0.0171781411913576,0.0168755112705342,0.0150254065878276,0.0152120364385237,0.0154441877898317,0.0152843681669863,commercial,3,spring,0,5,71.56746355,357.83731775,0
13,2021-03-30,0.0151813775220303,0.0151573005453407,0.0145672152639928,0.0148565698857694,0.0146965637894955,0.0128727439407537,0.0134643513279217,0.0159402506013672,0.0199363706494905,0.0213842989697877,0.022774136051993,0.0224588363308579,0.0207157394660292,0.0222392327079377,0.02258878086628,0.0209778363199152,0.022096615287311,0.0182438917488603,0.0176809336154661,0.0175149548385317,0.0173834689149905,0.0173542811389206,0.0172065797842294,0.0171375937362288,commercial,3,spring,0,5,71.56746355,357.83731775,0
13,2021-03-31,0.0169117093914771,0.0169117093914771,0.0169117093914771,0.0169117093914771,0.0169117093914771,0.0169917093914778,0.0172130529854573,0.0175278919758216,0.0202082689629288,0.0229478108763036,0.0229324074840495,0.0225892373085892,0.020854082602733,0.0245035215545896,0.024547370667409,0.0237437293998307,0.0241898017528737,0.0182438435699981,0.0176210128322759,0.0176015654330949,0.0174118873282477,0.0173542663146553,0.0172065705190636,0.017137584471063,commercial,3,spring,0,5,71.56746355,357.83731775,0
13,2021-04-01,0.0169117093914771,0.0169117093914771,0.0169117093914771,0.0169117093914771,0.0169117093914771,0.0169917093914778,0.017213039910829,0.017527856487545,0.0198371493948489,0.0198468674910273,0.0198501068564201,0.0198760217795625,0.0196224893364881,0.0198986973373121,0.0198339100294561,0.0198306706640633,0.0198663036833841,0.0181124023342993,0.0175268612515378,0.0175148990259738,0.0168611201114037,0.0167863353230594,0.0165128045695719,0.016506912089571,commercial,4,spring,0,5,71.56746355,357.83731775,0
13,2021-04-02,0.0165236448341671,0.0164928406863492,0.0164918277425573,0.0163333489800304,0.0162759829519559,0.0160760563659482,0.0164000259192023,0.0163452154985259,0.0195264727371595,0.0198467959741997,0.0198500334575708,0.0198759333245389,0.0196223820612467,0.0198985957081361,0.0198338460407157,0.0198306085573446,0.0198662208744259,0.0181123534017331,0.0175342956958732,0.0175148707956471,0.0171816940890804,0.0173542363160488,0.0171322290010607,0.0168070001013756,commercial,4,spring,0,5,71.56746355,357.83731775,0
13,2021-04-03,0.0167619513612167,0.0167406000428504,0.0161563841697378,0.0160000286883215,0.0156834372679425,0.0154819391932782,0.0159430775624134,0.0161885340435346,0.0170719932574834,0.0171212231570414,0.0169266372271598,0.0170405410249438,0.0170654356756572,0.0171455076417784,0.0171358008787119,0.0171293297033342,0.0171293297033342,0.0168483945588318,0.0168724441702387,0.0167816005891719,0.0163530343848373,0.0166871765624745,0.0166320854975088,0.0160152510509197,commercial,4,spring,1,5,71.56746355,357.83731775,0
13,2021-04-04,0.0163481624878923,0.0163653760688204,0.0159079080205247,0.0163319379030745,0.0165336082073489,0.0166142856717167,0.0160762967797447,0.0165732206530835,0.0169458852003633,0.0177254389202758,0.0177651693577148,0.0177608620750925,0.0171357894260247,0.0171454904627477,0.0163654656873515,0.0167651254710067,0.0161383220107672,0.0142660209596768,0.0145928309939035,0.0139243704659059,0.0134755622474513,0.0136701751775125,0.0132221379641129,0.0128980798715828,commercial,4,spring,1,5,71.56746355,357.83731775,0
13,2021-04-05,0.0128204678490556,0.0127889439187304,0.0129700065224258,0.0126114820131755,0.0125812479000224,0.012911940066488,0.0124654937832394,0.0132521156469468,0.0149907820296958,0.016272439412345,0.0165582238396085,0.0161649244906678,0.0160672680270548,0.0160739329419596,0.0156589002702004,0.0168789725582242,0.0170209445004468,0.0169797719112411,0.0164386034313026,0.0161061304917554,0.0129641628754775,0.0134001245701644,0.0127862761716999,0.0136407310828418,commercial,4,spring,0,5,71.56746355,357.83731775,0
13,2021-04-06,0.0136887836090858,0.0137398638365521,0.0147379776212299,0.0143636493724111,0.0144007179636312,0.0152950278027449,0.0153227490126306,0.0157619972026549,0.0191982564416363,0.0197865800033478,0.0198497347543086,0.0198755733488128,0.0196219454949405,0.0195990489952127,0.0185213062862933,0.0192402006737399,0.0198658838758737,0.0175824009939987,0.0165624941071321,0.0165550789642512,0.0152898215150694,0.0153973329721213,0.0148456633388122,0.0145252911990365,commercial,4,spring,0,5,71.56746355,357.83731775,0
13,2021-04-07,0.0146373147324691,0.0145840029306212,0.0142376694961106,0.0143981567107837,0.0143698873359906,0.0142739743703498,0.0144520516243366,0.0148982064766365,0.0184799381757331,0.0198464310324618,0.0198496589121029,0.0198754819492315,0.0196218346486398,0.019898077106719,0.0198335195138975,0.0198302916342565,0.0198657983103083,0.0179398478072967,0.0175340940175444,0.0175147267396979,0.0163089900531337,0.0164120483798575,0.0160714517992046,0.01568539885741,commercial,4,spring,0,5,71.56746355,357.83731775,0
13,2021-04-08,0.0158564760468894,0.0158692856070606,0.0156294883570777,0.0162758678794055,0.0161158157526363,0.0156931295710778,0.0162852333746129,0.017106517450329,0.0198226310535717,0.0198463567239069,0.0198495826480597,0.0198753900412819,0.0196217231858074,0.0198979715103514,0.0198334530272957,0.0198302271031429,0.0198657122688236,0.018112052862059,0.0175340529522903,0.0175146974073736,0.017383177159678,0.0173541438423029,0.0172064939738434,0.0171375079258428,commercial,4,spring,0,5,71.56746355,357.83731775,0
13,2021-04-09,0.0169117093914771,0.0169117093914771,0.0169484139588613,0.0169117093914771,0.0169117093914771,0.0170583958646978,0.0172129320620702,0.0175275637551996,0.0198366101510548,0.0198462820263365,0.0198495059847638,0.0223670674916161,0.0197681313990063,0.0215695558319837,0.024463139979576,0.020966428115066,0.0206702863649085,0.0184316826801083,0.0175340116720541,0.0175146679214906,0.0173831437423439,0.0173541281164986,0.0172064841452157,0.0171374980972151,commercial,4,spring,0,5,71.56746355,357.83731775,0
13,2021-04-10,0.0166809540108751,0.0166809540108751,0.0166809540108751,0.0166809540108751,0.0166809540108751,0.0166809540108751,0.0172129182344056,0.017225806166592,0.0178005643877832,0.0178198962860628,0.0178134523199696,0.017826340252156,0.0174842628923559,0.0176478751142681,0.0173572420071855,0.0176285432159885,0.0176317651990351,0.0170197578985678,0.0171614419682478,0.0168274742704295,0.0162753869391328,0.0165522978403943,0.0162432253715399,0.0162820309055774,commercial,4,spring,1,5,71.56746355,357.83731775,0
13,2021-04-11,0.0166809540108751,0.0166809540108751,0.0166809540108751,0.0165182497268333,0.0166587073350118,0.016747741200513,0.0167469989164363,0.0168548754364598,0.0168548754364598,0.0170013956960142,0.0168548754364598,0.0171325592835101,0.0170078356932058,0.0170174956889933,0.0176365800097286,0.0170013956960142,0.0170013956960142,0.0171583113153049,0.0166809540108751,0.0166809540108751,0.0166809540108751,0.0168274742704295,0.0166809540108751,0.0166809540108751,commercial,4,spring,1,5,71.56746355,357.83731775,0
13,2021-04-12,0.0169117093914771,0.0169117093914771,0.0169117093914771,0.0169117093914771,0.0169117093914771,0.0169917093914778,0.0172128903927176,0.0175274506526711,0.0213964790928675,0.0258215069629447,0.0260410164178755,0.027843531482306,0.0230026164901715,0.0257921130087113,0.0302527252313186,0.0259621607649372,0.0241632382370075,0.0187191654993562,0.0175338866639963,0.0175145786300207,0.0174258791928282,0.0173540804943814,0.0172064543813924,0.0171374683333918,commercial,4,spring,0,5,71.56746355,357.83731775,0
13,2021-04-13,0.0169117093914771,0.0169117093914771,0.0169117093914771,0.0169117093914771,0.0169117093914771,0.0169917093914778,0.0172128763869392,0.0175274126369868,0.0253299589478049,0.0314252885197206,0.0320585364018988,0.0332646015529923,0.0280342681266954,0.0311729917051192,0.033656706546017,0.0297802735304344,0.0289701982691477,0.0206256894473812,0.0176803649062155,0.0176610688771928,0.0175295287908658,0.0175005847473319,0.017206444377265,0.0171659082440853,commercial,4,spring,0,5,71.56746355,357.83731775,0
13,2021-04-14,0.0169117093914771,0.0169117093914771,0.0169545460389606,0.0170582296510315,0.0169117093914771,0.0169917093914778,0.0172128623300626,0.0175273744826076,0.02184348570347,0.0250185723240458,0.0247122970337765,0.0221841009616943,0.0235188347957215,0.024243561930367,0.0220583192088422,0.0240983178207543,0.0232478911690603,0.0181117427485956,0.0176803227355858,0.0175145184957601,0.017166464175434,0.0173540484227757,0.0172064343366389,0.0171254279276499,commercial,4,spring,0,5,71.56746355,357.83731775,0
13,2021-04-15,0.0169117093914771,0.0169117093914771,0.016752126006704,0.016622299120721,0.0165427979071286,0.015631755671442,0.0162866327703085,0.0169168974391229,0.0196196293587902,0.0212920901310232,0.0221879663359194,0.0208483362995997,0.0200400215845671,0.0232606174380809,0.021617275620558,0.0237211532850958,0.0226661133112818,0.0181690209766905,0.0175337601645956,0.017514488273306,0.017382940141068,0.0173540323041335,0.0172064242624875,0.0171374382144869,commercial,4,spring,0,5,71.56746355,357.83731775,0
13,2021-04-16,0.0169117093914771,0.0169117093914771,0.0169117093914771,0.0169117093914771,0.0169117093914771,0.0169917093914778,0.0172128340796802,0.0175272978029981,0.0202980188067155,0.0232428469700942,0.0241050197048658,0.023250828581646,0.0215334786657182,0.0243347312505046,0.0249746352794462,0.0255275603473796,0.023876549520723,0.0182581580781581,0.0176802379844384,0.0176609782187807,0.017382905785111,0.0173540161366243,0.0172064141577943,0.0171374281097937,commercial,4,spring,0,5,71.56746355,357.83731775,0
13,2021-04-17,0.0166809540108751,0.0166809540108751,0.0166809540108751,0.0166809540108751,0.0166809540108751,0.0166809540108751,0.0172128198945404,0.0172256516325181,0.0178292554996294,0.0203598255370155,0.0202282395931307,0.0200074120714107,0.0174839819213124,0.017480773986818,0.0180980670681109,0.0174615263798515,0.0174647343143459,0.0175044426342993,0.0170044280090918,0.0168274742704295,0.0166951248893238,0.0166809540108751,0.0166809540108751,0.0166809540108751,commercial,4,spring,1,5,71.56746355,357.83731775,0
13,2021-04-18,0.0166809540108751,0.0166809540108751,0.0166809540108751,0.0166809540108751,0.0166809540108751,0.0166809540108751,0.0168548190546209,0.0168548190546209,0.0168548190546209,0.0168548190546209,0.0170194746860867,0.0182637052460895,0.0171646667397382,0.0171742844491465,0.0174361598516596,0.0173250891384247,0.017158254933466,0.0174297480453874,0.0168274742704295,0.0168274742704295,0.0166809540108751,0.0166809540108751,0.0166809540108751,0.0166809540108751,commercial,4,spring,1,5,71.56746355,357.83731775,0
13,2021-04-19,0.0169117093914771,0.0169117093914771,0.0169117093914771,0.0169117093914771,0.0169117093914771,0.0169917093914778,0.0172127914253664,0.0175271820270036,0.023953047293632,0.031488842355985,0.0295078463830919,0.0295160843542835,0.0252321091985527,0.0278781061144176,0.0311050155839461,0.0288067531058862,0.0271193428097947,0.0203103599337111,0.0176801100214971,0.0176608868166797,0.0175141948688571,0.0173539673888372,0.0172063836904273,0.0171515685208754,commercial,4,spring,0,5,71.56746355,357.83731775,0
13,2021-04-20,0.0169117093914771,0.0169117093914771,0.0169117093914771,0.0169117093914771,0.0169117093914771,0.0169917093914778,0.0172127771497631,0.0175271432789374,0.0206149817809151,0.0217510058237169,0.0248005720793387,0.0265184233326293,0.0238585375669846,0.0269461934372475,0.0294681716515965,0.0279741778660003,0.0262998002848984,0.0198439888571624,0.0178369828139779,0.0176608562261012,0.0175752924356487,0.0175004713334164,0.0173528937531222,0.0172093187951075,commercial,4,spring,0,5,71.56746355,357.83731775,0
13,2021-04-21,0.0169117093914771,0.0170582296510315,0.0169401593062979,0.0170582296510315,0.0170582296510315,0.0170058802699265,0.0173592831120042,0.0176736247314985,0.023669515344821,0.0290136395806515,0.0308116721152507,0.0271858454774601,0.0271525109704848,0.0285733084782871,0.027282718248854,0.0298366895158968,0.0276945616612151,0.0185610797510294,0.0178369399220379,0.0178177412082919,0.0173827328046943,0.0175004549936297,0.0173528835407555,0.0171373772332005,commercial,4,spring,0,5,71.56746355,357.83731775,0
13,2021-04-22,0.0169117093914771,0.0169117093914771,0.0169117093914771,0.0169117093914771,0.0170582296510315,0.0169917093914778,0.0172127485376605,0.0176735858770704,0.0214699073025521,0.0257062994090412,0.0267590682311364,0.0276005932870279,0.0259647762136368,0.0278474145462491,0.0268537552680041,0.0264290362202741,0.0258100413399801,0.0186007661589562,0.01783689697767,0.0176607949144527,0.0175140907129998,0.0175004386338705,0.017352873315906,0.0173298919172588,commercial,4,spring,0,5,71.56746355,357.83731775,0
13,2021-04-23,0.0170582296510315,0.0170582296510315,0.0170131606606009,0.0170582296510315,0.0170582296510315,0.0169917093914778,0.0172127342096344,0.0175270267271595,0.0198356208888757,0.0209265692400231,0.0235033722351062,0.0223798360479922,0.021357067534194,0.0231397034524421,0.0205094836779489,0.0221139921027782,0.0213535701068827,0.0181112668727192,0.0175334181147466,0.0175142439519852,0.0173826632435712,0.0173539019994291,0.0172063428220473,0.0171373567740467,commercial,4,spring,0,5,71.56746355,357.83731775,0
13,2021-04-24,0.0166809540108751,0.0166809540108751,0.0166809540108751,0.0166809540108751,0.0166809540108751,0.0166809540108751,0.0172127198726146,0.0172254944552061,0.0178001393268024,0.0178193012006897,0.0178129139093939,0.0178256884919854,0.0174836961443815,0.0173235868794429,0.017164292037297,0.0173044250055556,0.0173076186512035,0.0168578077276116,0.0168578077276116,0.0166809540108751,0.0166809540108751,0.0166809540108751,0.0166809540108751,0.0166809540108751,commercial,4,spring,1,5,71.56746355,357.83731775,0
13,2021-04-25,0.0166809540108751,0.0166809540108751,0.0166809540108751,0.0166809540108751,0.0166809540108751,0.0166809540108751,0.0168547618293722,0.0168547618293722,0.0168547618293722,0.0170012820889266,0.017325031913176,0.0170692105352407,0.0173314151068239,0.0173409898972956,0.0174716963002586,0.0185113429233054,0.0176424505306103,0.0171100596608332,0.0169843898897202,0.0169843898897202,0.0166809540108751,0.0168274742704295,0.0168274742704295,0.0166809540108751,commercial,4,spring,1,5,71.56746355,357.83731775,0
13,2021-04-26,0.0170582296510315,0.0170582296510315,0.0169117093914771,0.0169117093914771,0.0169117093914771,0.0169917093914778,0.0172126911885784,0.0175269099557219,0.019835405783596,0.0217130891886341,0.024328990213167,0.0231078591431917,0.0254510280654257,0.0252829519004251,0.0198322162356676,0.0198290266877391,0.0206798950811882,0.0181111070802257,0.0175332890515788,0.0175141517640082,0.0173825587638639,0.017353852832508,0.0172063120927216,0.017137326044721,commercial,4,spring,0,5,71.56746355,357.83731775,0
13,2021-04-27,0.0169117093914771,0.0169117093914771,0.0169117093914771,0.0169117093914771,0.0169117093914771,0.0169917093914778,0.0172126768500566,0.0175268710368769,0.0230161641483069,0.0296623211205749,0.0302378757746953,0.0294249621045289,0.025816350440331,0.0282366608664305,0.0292672151987982,0.0301368967853267,0.0281543506246778,0.0199523378225226,0.0180035161198171,0.0178175569174494,0.0177349906172253,0.0176572723244711,0.0175097377297654,0.0172687084757135,commercial,4,spring,0,5,71.56746355,357.83731775,0
13,2021-04-28,0.0170582296510315,0.0170582296510315,0.0169258802699258,0.0169117093914771,0.0169117093914771,0.0169917093914778,0.0172126625195276,0.0175268321397267,0.0227014276309515,0.0262563701893497,0.0290676096556717,0.0264845624731869,0.0244905542856398,0.0271960087074543,0.0275137405581942,0.0281239178930436,0.0270864633262845,0.0196687808664784,0.01800347312823,0.0179843604141316,0.0175138818118199,0.0175003403274329,0.0173528118743825,0.0171373055668275,commercial,4,spring,0,5,71.56746355,357.83731775,0
13,2021-04-29,0.0170582296510315,0.0170582296510315,0.0169117093914771,0.0169117093914771,0.0169117093914771,0.0169917093914778,0.0172126482012352,0.0175327059182356,0.0264202534037553,0.0318831421878526,0.031702659127565,0.0292845178451278,0.0256149771239827,0.0272787774970517,0.0265086840471092,0.0265110483054517,0.0253950201808254,0.018182878762491,0.0178365959683941,0.017660579907827,0.0173824543660302,0.0173538037041157,0.0172062813874764,0.0171372953394758,commercial,4,spring,0,5,71.56746355,357.83731775,0
13,2021-04-30,0.0169117093914771,0.0169117093914771,0.0169117093914771,0.0169117093914771,0.0169117093914771,0.0169917093914778,0.0172126338994197,0.0175267544565767,0.0210673558586628,0.0237663422676663,0.025740749366039,0.0249053851897654,0.0210857495277472,0.0224296533408854,0.0232792828821453,0.0226883254377211,0.02207275267288,0.0181108942919217,0.0175331171841025,0.0175140290015251,0.0173824196330497,0.0173537873591837,0.0172062711718939,0.0171372851238933,commercial,4,spring,0,5,71.56746355,357.83731775,0
13,2021-05-01,0.0166809540108751,0.0166809540108751,0.0164847275823525,0.0165308241600514,0.0164737309387384,0.0164465937664026,0.0172030816475006,0.0170594920083468,0.0177649519365054,0.0177649519365054,0.0179114721960597,0.0178286411973979,0.0174388991730556,0.0174484371438715,0.0171354632942105,0.0172756249065543,0.0172756249065543,0.0168481695024976,0.0168354522080764,0.0166809540108751,0.0166809540108751,0.0166809540108751,0.0166809540108751,0.0166993535780906,commercial,5,spring,1,5,71.56746355,357.83731775,0
13,2021-05-02,0.0166809540108751,0.0166809540108751,0.0167526510224483,0.0166945241805087,0.0166945269341515,0.0167643686564265,0.0172030735011224,0.0172030735011224,0.0177649437901272,0.0177649437901272,0.0179114640496816,0.0179638232730564,0.0172819713341976,0.0174484188145206,0.0174388869534884,0.0186116427411486,0.0178543966657269,0.0169946816156738,0.0173057222918803,0.0169843898897202,0.0166809540108751,0.0168274742704295,0.0168274742704295,0.0166809540108751,commercial,5,spring,1,5,71.56746355,357.83731775,0
13,2021-05-03,0.0168274742704295,0.0166809540108751,0.0166809540108751,0.0166809540108751,0.0168274742704295,0.0166809540108751,0.0173495856309633,0.0173495856309633,0.0179886438451601,0.0190708409073314,0.019817619844601,0.0217765754050552,0.0200970088003534,0.0212433739269873,0.0226249509212729,0.0203744319916081,0.0201901022388715,0.0201464894332875,0.0190014017793082,0.0182081840220649,0.0181928671169148,0.0182531773828314,0.018150797821043,0.0176986850407122,commercial,5,spring,0,5,71.56746355,357.83731775,0
13,2021-05-04,0.0180645125990262,0.018013209213715,0.0174325856941584,0.017939720945394,0.0174746432915787,0.0172813767051336,0.0183532702613201,0.0193222879681895,0.0223461729561095,0.0266143820576484,0.0260366483886875,0.0258546378160511,0.0229710072532592,0.0235129160022503,0.0254860785399758,0.0171647077250327,0.0171290802602671,0.0168481451157647,0.0168354522080764,0.0168274742704295,0.0166809540108751,0.0166809540108751,0.0166809540108751,0.0166809540108751,commercial,5,spring,0,5,71.56746355,357.83731775,0
13,2021-05-05,0.0166809540108751,0.0166809540108751,0.0166809540108751,0.0166809540108751,0.0166809540108751,0.0166809540108751,0.0172030491716007,0.0173495694311551,0.0177790903390542,0.0181025889054415,0.020477590448954,0.0213015764825465,0.0187182347191372,0.0205431874295812,0.0211457955078135,0.021500347361185,0.0208774398696717,0.0208502097490193,0.0197132256239704,0.0190232387686906,0.0183914554403174,0.0182961999428728,0.0187297159938623,0.0179150632384647,commercial,5,spring,0,5,71.56746355,357.83731775,0
13,2021-05-06,0.0189178888498895,0.0183890711797975,0.0181639443910967,0.0179283046482877,0.0177998142876488,0.017750978589056,0.017765392627209,0.0196889916575573,0.0342505890754888,0.0369754474522028,0.0385788538592966,0.0402914451063235,0.0317704169684326,0.037519654387632,0.0399502990657858,0.0370588211882336,0.0358784375248487,0.0254580709479983,0.0209211998201231,0.0195677494511913,0.0190401402851144,0.0183936816914972,0.0191294785973144,0.0187871103463448,commercial,5,spring,0,5,71.56746355,357.83731775,0
13,2021-05-07,0.0198961690304531,0.0200444580845722,0.0195083833984052,0.0200165364944687,0.0200259391738584,0.0192832216917255,0.0199828764115304,0.02180932085539,0.0385430264833952,0.0418328559987005,0.0424438307923383,0.0441420705345782,0.036779873886926,0.0402871762805357,0.0415804609443532,0.0382588394017495,0.0367442204539232,0.0256743937894963,0.0214313542966924,0.0202734170498525,0.0194053894275459,0.0173536738774501,0.0172062002458103,0.0171372141978098,commercial,5,spring,0,5,71.56746355,357.83731775,0
13,2021-05-08,0.0169843898897202,0.0174916688782056,0.0167675924009357,0.0174317723211185,0.0174090697353965,0.0176611563433605,0.0183732281922337,0.0193916015262134,0.0253359626583925,0.0271050575792385,0.0268747067205322,0.0268266881043312,0.0251013408092631,0.0244875824089432,0.0239198186246355,0.0233781350905222,0.0224820019522499,0.0203131053519238,0.0197722027218336,0.0195853374083188,0.0198312386346478,0.0206289110061475,0.0200258724105694,0.0198227146461244,commercial,5,spring,1,5,71.56746355,357.83731775,0
13,2021-05-09,0.0199176486168844,0.0198444917377942,0.0190508121114351,0.0197161383151409,0.0190308230832272,0.0180018056926305,0.0187883042770636,0.0197674977831583,0.0206248398083677,0.0230893336654804,0.0235616210364996,0.0252503035286958,0.0234611604627703,0.0236720115277732,0.0267487712889943,0.0246833255331966,0.0223606502175192,0.0210529443839372,0.0194765109435008,0.0201690728791959,0.0197133222643665,0.0204630662785732,0.0204250769434449,0.019540658981621,commercial,5,spring,1,5,71.56746355,357.83731775,0
13,2021-05-10,0.0201075912476192,0.0199390977546327,0.0191605994599125,0.0192325324376478,0.0191383427152111,0.0186426283156797,0.0190438940618455,0.0219828282221219,0.0365823603425612,0.043229169144505,0.0418365753169206,0.0415437924758438,0.0336318238831252,0.0395417996970468,0.0429295548179875,0.038603803222514,0.0367981951572852,0.0260962658684768,0.0214615276841435,0.0207496602105396,0.0195308206885769,0.0198715512647522,0.0194761445695379,0.0186658963433714,commercial,5,spring,0,5,71.56746355,357.83731775,0
13,2021-05-11,0.0198954228908664,0.0200780636339142,0.0196749389648166,0.0200849651203183,0.0200962085560487,0.0196650527247743,0.0173226578449105,0.0176728539280715,0.0214994779491759,0.0235688253706178,0.0223766294089049,0.0239906716469445,0.0227607094275301,0.0260865944683428,0.0267519744379842,0.0275112904549166,0.0269398877385106,0.0194866252864232,0.017908543524716,0.0178171326792706,0.0175437949476353,0.0175001304448183,0.0173526806977484,0.0173608825749398,commercial,5,spring,0,5,71.56746355,357.83731775,0
13,2021-05-12,0.0170582296510315,0.0169117093914771,0.0169117093914771,0.0169117093914771,0.0169117093914771,0.0169917093914778,0.0172124650958577,0.01752629627548,0.0226822156617844,0.0264893557101676,0.0287640222426607,0.0299418946171574,0.0257033497710846,0.0281096885050046,0.0333056505960356,0.0314687020382589,0.029798753869366,0.0206520004550655,0.0178360466522618,0.0178171031584519,0.0174686480716028,0.0176570303196724,0.0173526708574755,0.0171371645499205,commercial,5,spring,0,5,71.56746355,357.83731775,0
13,2021-05-13,0.0169117093914771,0.0169117093914771,0.0169117093914771,0.0169117093914771,0.0169117093914771,0.0169917093914778,0.0172124513901775,0.0175262590743479,0.0269165745797145,0.0333240121643458,0.0337056152725158,0.0323864621488723,0.0297838729535076,0.0330828151200619,0.0348757930632156,0.0314589888153533,0.0279256066721935,0.0206433211275566,0.017872489286854,0.017817073789137,0.0175437282054839,0.0178238488609965,0.0176764108919533,0.0172386060292727,commercial,5,spring,0,5,71.56746355,357.83731775,0
13,2021-05-14,0.0172151452703222,0.0172151452703222,0.0169836407410174,0.0170582296510315,0.0170582296510315,0.0170201593062986,0.0173589580188122,0.019180094641271,0.0290904108348167,0.0345439588329327,0.0345509431232441,0.0323188701791428,0.0310564520081405,0.034429344620384,0.0336796109837846,0.0333134202220685,0.0324542853468358,0.0213995254092687,0.0192903442438811,0.0181601435859402,0.0177179679798049,0.0178238332828026,0.0176764011555821,0.0173296699326854,commercial,5,spring,0,5,71.56746355,357.83731775,0
13,2021-05-15,0.017151224094679,0.0169843898897202,0.0168580408607743,0.0169843898897202,0.0169843898897202,0.0167675924009357,0.0175158600859806,0.0175284657168697,0.0181620432916475,0.0210758136761743,0.0223098090709007,0.0220849520469368,0.0221479503055436,0.0212060412271707,0.0213693614282961,0.0213673954731843,0.019361576116883,0.0175221729875224,0.0176892431385827,0.017730414311291,0.0170169786980233,0.017151224094679,0.017151224094679,0.0169046621956215,commercial,5,spring,1,5,71.56746355,357.83731775,0
13,2021-05-16,0.0169843898897202,0.0169843898897202,0.0168580408607743,0.0168274742704295,0.0169843898897202,0.0168274742704295,0.0170011136357705,0.0191308485233667,0.0205338112722971,0.0240644787171411,0.0247635967288088,0.0262653592929637,0.0231579278966979,0.0237664704290185,0.0277223664558277,0.0225349213252147,0.0218674587474826,0.0215316629945333,0.0192495122456405,0.0166809540108751,0.0166809540108751,0.0166809540108751,0.0166809540108751,0.0166809540108751,commercial,5,spring,1,5,71.56746355,357.83731775,0
13,2021-05-17,0.0169117093914771,0.0169117093914771,0.0169117093914771,0.0169117093914771,0.0169117093914771,0.0169917093914778,0.0172123973553114,0.0175261124082827,0.0211755090362209,0.0222172838206488,0.0227103284574382,0.0241277756702426,0.0231539444780134,0.0269917814328188,0.0293157135168487,0.0272220994874694,0.0268050320577264,0.0187581138825838,0.0181789424365394,0.0179837922050969,0.0176852810476318,0.0178237871068638,0.0175095380906617,0.0172237545538766,commercial,5,spring,0,5,71.56746355,357.83731775,0
13,2021-05-18,0.0172151452703222,0.0170582296510315,0.0169117093914771,0.0170582296510315,0.0170582296510315,0.0169917093914778,0.0172123840635616,0.0175260763306761,0.0199098527606856,0.0212459820220262,0.0230150794304917,0.0249853931063016,0.0223773212333053,0.0234707156942862,0.0242651754224069,0.0250660788137284,0.0242231898028501,0.0181528029776464,0.0178358035553732,0.0176600138985264,0.0173818128888229,0.0173535018324887,0.0172060927177095,0.0171371066697089,commercial,5,spring,0,5,71.56746355,357.83731775,0
13,2021-05-19,0.0169117093914771,0.0169117093914771,0.0169117093914771,0.0169117093914771,0.0169117093914771,0.0169917093914778,0.0172123708665105,0.017526040510109,0.0204543394678023,0.0234702827902291,0.0264680854658405,0.0274241181008997,0.0245628489355303,0.0279378024503574,0.0288235131641491,0.0292659041720683,0.0290434409604121,0.0183811611624035,0.0181788629701369,0.0179837354433808,0.0174684192289024,0.0176569226289898,0.0175095191700896,0.0171370972432439,commercial,5,spring,0,5,71.56746355,357.83731775,0
13,2021-05-20,0.0170582296510315,0.0170582296510315,0.0169258802699258,0.0170582296510315,0.0170582296510315,0.0169917093914778,0.0173588780276208,0.0176725252167436,0.0231067526514851,0.0262581567403032,0.0302264089428806,0.0308788944221428,0.0276766070826709,0.0318310935906254,0.0324948792223401,0.0330495221050495,0.0321528821782242,0.0216581293553916,0.0192599458405799,0.0181541084253618,0.017528269287889,0.0176569076593394,0.0175095098140581,0.0172684805600062,commercial,5,spring,0,5,71.56746355,357.83731775,0
13,2021-05-21,0.0172151452703222,0.0172151452703222,0.0170887962413763,0.0172151452703222,0.0172151452703222,0.0171231020642716,0.0175157806509533,0.0178294055612907,0.0225227581669725,0.0267808381157839,0.0288148128749941,0.0276570906933525,0.0267566596173909,0.0279479023017737,0.0248938012715352,0.0250647144098561,0.0261418171720225,0.0186779647301686,0.0176787700617225,0.017659929702555,0.0174390480804039,0.017499977187525,0.0173525849119401,0.0171370786043851,commercial,5,spring,0,5,71.56746355,357.83731775,0
13,2021-05-22,0.0168274742704295,0.0168274742704295,0.0166809540108751,0.0168274742704295,0.0168274742704295,0.0166809540108751,0.017358852142039,0.0173714050159847,0.0178712392689212,0.018215044772889,0.0187408600268495,0.0185885328992813,0.018326763039385,0.0186387735049356,0.01915910138611,0.0196986630226004,0.0185743879867392,0.0176982505883138,0.0176944819970348,0.017829836980366,0.0176039708546138,0.0174168728790785,0.0172788076912329,0.0168580408607743,commercial,5,spring,1,5,71.56746355,357.83731775,0
13,2021-05-23,0.0169843898897202,0.0169843898897202,0.0168427058200403,0.0168274742704295,0.0168274742704295,0.0167528853604154,0.0168545410134669,0.017157976892312,0.0171098388449279,0.0183923372723179,0.0200497944579356,0.0190211260003399,0.020086477570213,0.0217979714880192,0.0197147307542464,0.0205414514703463,0.0204103152237606,0.0179730319905746,0.0181269135538443,0.0176116757879158,0.0172382086081218,0.017327488895637,0.017327488895637,0.0170006349377883,commercial,5,spring,1,5,71.56746355,357.83731775,0
13,2021-05-24,0.0173819794752809,0.0173819794752809,0.0171042343003848,0.0172151452703222,0.0172151452703222,0.0170490400051598,0.0173588266970313,0.0178463133224783,0.0301777452911696,0.0350180373567283,0.0373818286272419,0.0370909279769885,0.0309158784420526,0.0363654676919148,0.038724573772732,0.038158710913452,0.0370928702750681,0.0248173068034738,0.0210779903020681,0.0193412131234741,0.0177672677629361,0.0185077082287594,0.0180608155280297,0.0174243412483922,commercial,5,spring,0,5,71.56746355,357.83731775,0
13,2021-05-25,0.0181572690948634,0.0186085795373037,0.0176725214227111,0.0187025547885857,0.0185549162077016,0.0176880944296152,0.018501968114543,0.0200889087071061,0.0333383147219835,0.0375787150956278,0.0396505002722778,0.0415313515076194,0.0334748526729028,0.0390830642736967,0.0418864195888652,0.0399106708406746,0.0350863350157525,0.0252378441675536,0.021086849125177,0.0203433657493553,0.0187115093262693,0.0187157382339135,0.0186268964068577,0.0180911644000985,commercial,5,spring,0,5,71.56746355,357.83731775,0
13,2021-05-26,0.0190480115602886,0.0195122293310497,0.0186301549265901,0.0193842554775502,0.0187365398265626,0.0181230697648929,0.0202960261495791,0.0236115840345093,0.0362921037540345,0.0413781167171173,0.0423604168501917,0.039273729190844,0.0344855174393351,0.0407486241114717,0.0447747529733132,0.0409940423130452,0.0398895030311756,0.026844069942129,0.0239300805192446,0.0206393788289801,0.0185964688327173,0.0187080885748797,0.0187697129760738,0.0176491783630943,commercial,5,spring,0,5,71.56746355,357.83731775,0
13,2021-05-27,0.0181595658945561,0.0185988552211072,0.0181958271785842,0.0186926276395415,0.0181125193907024,0.0178403775318907,0.0188931089308323,0.0225519671711997,0.0344555577841392,0.0438199201440482,0.0460856675645026,0.0402251610349503,0.0372626580075747,0.0403005257160758,0.0403685951880369,0.0440751682667195,0.0433502326420644,0.0273451500476476,0.0244594594935626,0.0221611893412191,0.0198823354504651,0.020094682118377,0.019805741682423,0.0189634323962328,commercial,5,spring,0,5,71.56746355,357.83731775,0
13,2021-05-28,0.0199464412457207,0.019632207061141,0.0196388599248856,0.0206183303614951,0.0201069423512523,0.019431777904458,0.0207632263143883,0.0220224763055178,0.0323500668523227,0.0385991327123891,0.0425057662565185,0.0432227488791975,0.0369179956482629,0.0435162527026314,0.0359335723648671,0.0353546239276901,0.0384576329930624,0.0248756168122804,0.0219242323400352,0.0212646778554715,0.0191114005483962,0.0203235470341339,0.0191430378503148,0.0187052197245801,commercial,5,spring,0,5,71.56746355,357.83731775,0
13,2021-05-29,0.0193472367011811,0.0199542899524865,0.0195469189137231,0.0183466124962519,0.0186426158222385,0.0192607496983327,0.0206273819807073,0.0196977523893804,0.0202819321378511,0.0202229342365099,0.0205252805055841,0.0273076780534181,0.0200862756188776,0.0185249321125576,0.0224909850042815,0.0178426977649018,0.0173066688037255,0.0169439711939332,0.0171607686827177,0.0169843898897202,0.0169314516574599,0.0173750871111239,0.017857813887294,0.0176017484343248,commercial,5,spring,1,5,71.56746355,357.83731775,0
13,2021-05-30,0.0185405953152627,0.0191232099728743,0.0181510634322025,0.0193085319014691,0.0198965958271348,0.0186160589202892,0.0202909064487768,0.0211748570466081,0.0218528832910252,0.0226231617393736,0.0243778557407399,0.0276736827113975,0.0279187414991383,0.0260833292594252,0.0291468348961526,0.0249820443736849,0.0244437349678406,0.0227192450238532,0.0214469088821125,0.0215225081285887,0.0214711449435592,0.0216027260116418,0.0215242855520108,0.0212043086785396,commercial,5,spring,1,5,71.56746355,357.83731775,0
13,2021-05-31,0.0217229994269365,0.0216745978189725,0.0209304375622936,0.0216612656359791,0.0215817230284103,0.0211427751746268,0.0214410412803646,0.0231922744103809,0.0393854357132978,0.0448142494297457,0.046875653794001,0.0426979368074828,0.0377742843727871,0.0431692057987446,0.0481490217361129,0.0429476847830027,0.0413759618514645,0.0296158506862248,0.0229567026195096,0.0221311829116206,0.0212957609084411,0.0210104250897663,0.0206764940340421,0.0199138364136739,commercial,5,spring,0,5,71.56746355,357.83731775,0
13,2021-06-01,0.0204953742656827,0.0206496369009102,0.0200629955736155,0.0205299210275652,0.0208968836906806,0.021087085405904,0.0246448640164318,0.0289263842135801,0.0411368717470428,0.051574639779427,0.0528382210023386,0.0435793610359303,0.0398537077940531,0.0515204468863723,0.046672661293572,0.0435841810014273,0.0443420227656562,0.0307322406251625,0.0246495228918556,0.0236923436384175,0.021466094968401,0.0215090295109312,0.0216500898069938,0.0209642718124397,commercial,6,summer,0,5,71.56746355,357.83731775,0
13,2021-06-02,0.0221789536886523,0.0226277376111388,0.0214879336037504,0.0227039557360188,0.0207540949302876,0.0200290963406074,0.0245004739046936,0.0247808574836134,0.0373217993816577,0.0480985142684391,0.0499497038140412,0.0475438219524866,0.0368720527104728,0.0413904973746191,0.0429359681108422,0.0374854931355541,0.0362489255073953,0.0258316326486555,0.0240549500537691,0.022841270258308,0.0209505899676722,0.0216898644949006,0.0213846988674873,0.0204089411721716,commercial,6,summer,0,5,71.56746355,357.83731775,0
13,2021-06-03,0.0219877475344101,0.021786622052909,0.0217579790544785,0.022085609781859,0.02274229653272,0.021299211610762,0.0244570277125171,0.0283360523155561,0.0412939847779613,0.0507668465339398,0.0530940487667238,0.0458980686879648,0.0431285280245207,0.0497718711382209,0.0475995384985013,0.0474244076793434,0.047207774692376,0.0301846096094123,0.0247335764516099,0.0243272334915486,0.022080373362007,0.0231180106476497,0.0213336622085027,0.020714990700087,commercial,6,summer,0,5,71.56746355,357.83731775,0
13,2021-06-04,0.0220900481944451,0.0226575089555465,0.0212228637596038,0.0220180397440033,0.0217664971321034,0.0213803013059898,0.0259189067473962,0.0294500025313239,0.0427232905963185,0.055369044558111,0.051725823225755,0.0463239327703689,0.0390855890156082,0.0453085045940169,0.0442597750929889,0.0444945023476554,0.0434173973254042,0.0291548863287479,0.0253990279222465,0.0244405049037181,0.0221109574686243,0.0232001637291818,0.0229962574962709,0.0213437399282967,commercial,6,summer,0,5,71.56746355,357.83731775,0
13,2021-06-05,0.0217689028162417,0.0217263805195549,0.0211248489748681,0.0217094901258704,0.0204420265439469,0.0203682676958666,0.0256386171392506,0.0285174415935073,0.0302995081343262,0.0359557666271993,0.0359722739838618,0.0323133891094232,0.029834428744673,0.0301122052552603,0.0289612342762579,0.0263196378788826,0.0251627212894449,0.0212170917831051,0.0198592633102777,0.0197637054850161,0.0206901580823997,0.022037801810085,0.0224409535205247,0.0208987180464148,commercial,6,summer,1,5,71.56746355,357.83731775,0
13,2021-06-06,0.0205929248069484,0.0214947146595011,0.0203882946138173,0.0204750378004457,0.0204139250675042,0.020240183611477,0.0240704024560278,0.0279130615825016,0.0276862480572983,0.0322159003145618,0.0347753897707877,0.0286950693882065,0.0320315874727046,0.0304777611766694,0.0283306187401567,0.0285822366708442,0.0247038496832068,0.0232350914617452,0.0239197754997428,0.0240079996998004,0.0218526118137971,0.022302936613216,0.0222582413670117,0.0216442561003834,commercial,6,summer,1,5,71.56746355,357.83731775,0
13,2021-06-07,0.0237695541291091,0.0226567826718717,0.0218076812099298,0.0219973525846423,0.0212235319029908,0.018214323640015,0.020676274515529,0.0231407862340108,0.0321050398385168,0.0407411844387511,0.0335405633250686,0.0336521684167727,0.0368660094277374,0.0398127347130339,0.0382739019207986,0.042908126533865,0.0396192143050845,0.0260707493731736,0.02367883079618,0.0230605232989466,0.0211502825819146,0.0178234965471546,0.0176761906958021,0.0175393117156472,commercial,6,summer,0,5,71.56746355,357.83731775,0
13,2021-06-08,0.0182536562086052,0.0210705424080112,0.020945589292626,0.0223031564439295,0.022588699766089,0.021990363553355,0.0233380762129886,0.0233374154033262,0.0306408048329667,0.0306580320586314,0.0259483538016265,0.0269847557977095,0.026682024571846,0.035040055299523,0.0351578973018752,0.0283653251172171,0.0299514218411999,0.0190175459724862,0.0183251659101276,0.0186275980397692,0.0177546514652522,0.018311022464653,0.0180596128682119,0.0178827106142391,commercial,6,summer,0,5,71.56746355,357.83731775,0
13,2021-06-09,0.0197036195212283,0.0195042423958992,0.0190640333139344,0.0213780146309889,0.0213951095338055,0.0209451429537066,0.0222135717559773,0.0221264067429351,0.0286624360460848,0.0352638114653497,0.0374836756002239,0.0379836411201545,0.0346179158471167,0.0386100844539305,0.0345596973646162,0.028142686803624,0.0269566128244831,0.0189834702221039,0.0178616303844987,0.0179832026487083,0.0176524208547384,0.0186902986915958,0.0201019709405033,0.0188385397596541,commercial,6,summer,0,5,71.56746355,357.83731775,0
13,2021-06-10,0.0218577872456416,0.0221637740645853,0.0203522928448522,0.0190850167097835,0.0177583526003584,0.0169917093914778,0.0175414208696748,0.0179566018425719,0.0212500568368686,0.024058979014854,0.0257913216627774,0.0242783672661298,0.0251433794865387,0.0284068215778233,0.0251156247774442,0.0257484426564935,0.0261997665882486,0.0187045407366084,0.0187589069768567,0.018665703729764,0.0177140844141381,0.0182772889843322,0.0180040026610965,0.0179117686934645,commercial,6,summer,0,5,71.56746355,357.83731775,0
13,2021-06-11,0.0185198532399357,0.0185536355466731,0.0180468396875272,0.0189722103591091,0.0188813096432273,0.0180929663489964,0.0188578650723136,0.0199738044254009,0.0312145226316473,0.0371132905029533,0.038691240949572,0.0383439137448971,0.0334077987396844,0.0394406079101758,0.0424028395146378,0.0406656796687101,0.0386911887663748,0.0251190671392312,0.0220753161778324,0.0208597264758511,0.0194902834121761,0.0205373398915747,0.0202628746821204,0.0192627518051385,commercial,6,summer,0,5,71.56746355,357.83731775,0
13,2021-06-12,0.0185122418839019,0.0185874408074629,0.0187666749977707,0.0189583257549685,0.0185663606756534,0.0182470739983842,0.0198977375297145,0.0227004704087642,0.0255167058337237,0.0279355088706687,0.0288734245816292,0.0248947610697716,0.0237833613402036,0.0270757374695127,0.0249122717642814,0.0237216456066319,0.0227060633385856,0.0208594961170533,0.02118363327409,0.0195303482467643,0.0178966403593187,0.0179501865262784,0.0177958628824491,0.0170763699349858,commercial,6,summer,1,5,71.56746355,357.83731775,0
13,2021-06-13,0.0185331187422085,0.0195969714027165,0.0192497435424933,0.0202168067197773,0.0203192157176486,0.0193506182577244,0.0206872890024091,0.0222738889553051,0.0256131117521902,0.0304253520817466,0.0307940261607825,0.0278856610632457,0.022784023797041,0.0255919058333395,0.0266009474185028,0.0251313764046723,0.0245610774793404,0.0226743383653758,0.0220146271587117,0.0184444449260563,0.0172852472360806,0.017835526297605,0.0177063828014876,0.0172137022461917,commercial,6,summer,1,5,71.56746355,357.83731775,0
13,2021-06-14,0.0185167372918159,0.0180983706249982,0.0172608748122675,0.0171689538116471,0.0173402649608339,0.0167528853604154,0.017349289598662,0.0178064778563601,0.0181704059517672,0.0199202911444045,0.0213979232864581,0.019764225475159,0.0195456896333141,0.0190961573823071,0.0185921654275229,0.0195979054180305,0.0189985546974912,0.0185756369154091,0.0170787632324028,0.0166809540108751,0.0167824052799989,0.0168274742704295,0.0168274742704295,0.0168274742704295,commercial,6,summer,0,5,71.56746355,357.83731775,0
13,2021-06-15,0.0172284006893988,0.0172467667663331,0.0170582296510315,0.0170582296510315,0.0170582296510315,0.0170931606606016,0.0173585840571139,0.0176717272967963,0.0239913692069461,0.0294272492426789,0.0319868920929384,0.0301447456163126,0.028934685145687,0.0353674453933705,0.034396679345317,0.0365419631985237,0.0330112585929316,0.0235187342374322,0.0196520287733961,0.0185781532268469,0.017825252176246,0.0183099551057072,0.0180713034718941,0.0179847386223658,commercial,6,summer,0,5,71.56746355,357.83731775,0
13,2021-06-16,0.0187286670393879,0.0191974033144799,0.0185872629063789,0.0185372556040483,0.0185156719992623,0.0181288783405434,0.0196477896622836,0.0217744637609348,0.0337370580508458,0.037237987821733,0.0387719022001372,0.0373523806025516,0.0350683301302533,0.0396738632599892,0.0431132778222221,0.0377679244283371,0.0349787011316103,0.0261668379951443,0.0213373190589692,0.0205902549717484,0.0191066282176669,0.0197246679433246,0.0188876585397549,0.0186168222943507,commercial,6,summer,0,5,71.56746355,357.83731775,0
13,2021-06-17,0.0191790763455999,0.0197755943213597,0.0189550163521304,0.0192404637180112,0.0197066062304641,0.0188787457599547,0.0194311483441745,0.0226773978101151,0.0358265999486756,0.0456513271564289,0.0421259864486324,0.0423829844682418,0.0333635785342117,0.0354984782672333,0.0339691240057734,0.0346995286524583,0.0347931371608965,0.0243528692548314,0.0213328398738758,0.0201550293578941,0.0189294930531596,0.0192561126400723,0.0188864968957871,0.0177611941841758,commercial,6,summer,0,5,71.56746355,357.83731775,0
13,2021-06-18,0.0182223086851069,0.0184000029608854,0.0178717902987496,0.0184885013776042,0.0184647269282259,0.017610590326382,0.0180702976326742,0.0196711671117541,0.0320309325501376,0.0389963357297052,0.0448485067306579,0.0445142030435622,0.0384673315918515,0.0426533857329326,0.045571700924111,0.0391015458835629,0.0432655231114162,0.0271732997511872,0.0228750494474947,0.0219201583861219,0.0197869251341261,0.0200300464577221,0.0191648195655253,0.0182292146205948,commercial,6,summer,0,5,71.56746355,357.83731775,0
13,2021-06-19,0.0191196773395836,0.0196829142970737,0.01887585349978,0.0187199557538397,0.0184819981283834,0.0180640347734449,0.0216744995683407,0.0235940188780408,0.0287701942827101,0.0342993307552597,0.0349158149954876,0.0327733681595939,0.0274592019014398,0.0280630710725732,0.0253721248588736,0.0263449500664316,0.0253585332558387,0.0240185504176394,0.021129930298607,0.0208139425087478,0.0196069013783791,0.0201313273616016,0.0203704568486657,0.0197527914406856,commercial,6,summer,1,5,71.56746355,357.83731775,0
13,2021-06-20,0.0206552009498256,0.0193745459715032,0.0190099319337323,0.0189625728480037,0.0184010528660284,0.0182564271396346,0.0194276030554899,0.0239459966441532,0.0277885232169836,0.0318676491775404,0.0304205883392344,0.0310888431417859,0.0295712490966763,0.0317222207066743,0.028519913563923,0.0286572222782788,0.0278065901175301,0.027217330607912,0.0227641585765191,0.0213946917262969,0.0198782915039283,0.0202867165623048,0.020404439564712,0.01968127030762,commercial,6,summer,1,5,71.56746355,357.83731775,0
13,2021-06-21,0.0208790541024206,0.0207235899590423,0.0196191068623512,0.0200958840594137,0.0199376915258979,0.0191190754857047,0.0218867960664154,0.02709300543608,0.0403384815130646,0.0452018501891198,0.0452109745323209,0.0467733549769477,0.0403641598212079,0.0477988895504432,0.0498195545863368,0.0460140925468902,0.0459232037906128,0.0311607048285099,0.0249573291597655,0.0238249850841043,0.0215283660113954,0.0216699998838264,0.0213318512934756,0.0200782420693805,commercial,6,summer,0,5,71.56746355,357.83731775,0
13,2021-06-22,0.0214032958625993,0.0212039419771143,0.0193456317923549,0.0199140927361235,0.0193812149482797,0.0195965124749073,0.0240994446286789,0.0287084851224854,0.0427849788585506,0.0476387803187661,0.0498060633209301,0.0485572862652876,0.0430280456187232,0.0474300811089051,0.0482670931240481,0.0477424822133463,0.0469245014895773,0.0315498575162819,0.0252787771473636,0.0241081593475054,0.0217357196981922,0.0218590875377881,0.0214912147547046,0.02048589590509,commercial,6,summer,0,5,71.56746355,357.83731775,0
13,2021-06-23,0.0215423032971315,0.0213445244660726,0.0197939630971344,0.0199974290736735,0.0211523440310039,0.0196613058863759,0.0257669259023956,0.0316330507442593,0.0440592634695511,0.0483635794812242,0.0514644094762125,0.0476775201192443,0.043155830833183,0.04930384877892,0.0491871312682345,0.0495062925276855,0.0479320908667721,0.0311871016255021,0.027087953037666,0.0243519926058952,0.0226088216226839,0.0235566345120781,0.0233736614459576,0.021730143202082,commercial,6,summer,0,5,71.56746355,357.83731775,0
13,2021-06-24,0.0230375953456373,0.0225082412082146,0.0210565729444953,0.0224614669768744,0.0223499166206935,0.021412434873314,0.026146368017109,0.0293016221012325,0.0444056837068714,0.0482222774010245,0.0510483829198744,0.0508707677799086,0.0424452283155752,0.0512346001043658,0.0484032544897583,0.0518397567189157,0.0479970028571309,0.0313016635807059,0.0271100552100327,0.0249119937120158,0.0227936920318794,0.0230266315313295,0.0233560377027401,0.0220546616796449,commercial,6,summer,0,5,71.56746355,357.83731775,0
13,2021-06-25,0.0229244575756746,0.0244321133506227,0.0217752145195821,0.022003041714938,0.0216949076398324,0.0214396671546818,0.0265213247193188,0.0285716420862953,0.0405098820097564,0.0501898595388509,0.0514620437496339,0.0491845517441516,0.0435428926199739,0.0499063611281529,0.050421630541005,0.0491893299109319,0.0463099408851589,0.0312047146754565,0.0264191679528963,0.0241063871411322,0.0223191706259386,0.0228100930353126,0.0226431262725933,0.0215782741056038,commercial,6,summer,0,5,71.56746355,357.83731775,0
13,2021-06-26,0.0214667146795507,0.0220145671077918,0.0202870899145871,0.020656699328249,0.0213151740758914,0.0193066772628474,0.0257979340923533,0.0270662921087244,0.0320466627506894,0.0341254361557675,0.0341722755142219,0.03470361244919,0.0295512410649035,0.030296756490679,0.0260209245888437,0.0280367498409736,0.0273170542959298,0.0245843278965445,0.0236963637046143,0.0224344929385215,0.0216153678586791,0.0228796479049277,0.0226724601897304,0.0201285181780943,commercial,6,summer,1,5,71.56746355,357.83731775,0
13,2021-06-27,0.021095879680811,0.0212259533046582,0.0203049098969128,0.0214266347380942,0.0213695842693526,0.0204111243713264,0.0238858879513969,0.0260699735137112,0.0300698452231268,0.0297706101664304,0.0256522792461679,0.0268204623463779,0.0291608430752323,0.0291760786584437,0.0293360719867015,0.0304420307180387,0.0270114057996431,0.0251217772590716,0.0232572499023291,0.0226863302109226,0.0192303514242133,0.0213147496526458,0.0200830803705201,0.0199923510584927,commercial,6,summer,1,5,71.56746355,357.83731775,0
13,2021-06-28,0.0179821878366721,0.0187053830990067,0.0179884245500544,0.0191299231692003,0.0191377838924034,0.0173274783735971,0.0181523288537365,0.0177181458517915,0.0287792288015756,0.0325333130879167,0.0343990121184072,0.0326162517970778,0.0293648162547964,0.032462188916326,0.0289134447682414,0.0312240630624687,0.0339816066812956,0.0217354095758207,0.019687768588147,0.0191826284354213,0.017817121873581,0.0184063812356731,0.0185048670331592,0.018102884537086,commercial,6,summer,0,5,71.56746355,357.83731775,0
13,2021-06-29,0.0193431678129077,0.0193527627891797,0.0187428472932717,0.019340181346005,0.0192089662162924,0.0176237716732967,0.0184050614687507,0.0176865609999321,0.0237419447715128,0.0317436743487007,0.0369465583161889,0.0335209737191039,0.0275234890250095,0.0342314985378968,0.0306656482419928,0.0319260987448715,0.0318005269426519,0.0221542885999576,0.0197774963156469,0.0188268241480109,0.0179551544858381,0.0178996623665481,0.0176760562629805,0.0175560073205008,commercial,6,summer,0,5,71.56746355,357.83731775,0
13,2021-06-30,0.0179658517513003,0.0184199058473621,0.017659267413938,0.0183639911309027,0.0182471533729002,0.017430541492128,0.0178291700678962,0.0196950703171759,0.0294082032376159,0.036190891793082,0.0360645497179452,0.0363537695753967,0.0256143089036903,0.0310810553981194,0.0306407457071881,0.0338389963057619,0.0331971504916783,0.0203078586295486,0.0185185551301736,0.018009521667696,0.0177167803311702,0.0179724405383565,0.0180646459093222,0.018507061313549,commercial,6,summer,0,5,71.56746355,357.83731775,0
13,2021-07-01,0.0194220229760525,0.020021871161371,0.0197764079394817,0.0199729810761976,0.0198448719144174,0.0197603343197922,0.0214737762957426,0.024273242090441,0.0371989887324068,0.0435001986260004,0.0425021886440516,0.0392620956679434,0.0378781478692336,0.043935115874458,0.0421993657482503,0.0438446989481406,0.0429678207991635,0.0287282865857852,0.0245985685976206,0.0227177970531916,0.0207235053569696,0.0216239638299274,0.0214905079061746,0.0197476375514169,commercial,7,summer,0,5,71.56746355,357.83731775,0
13,2021-07-02,0.0208623074585639,0.0204939778665001,0.0196667725376931,0.0205600218659953,0.0199738058381257,0.0198666288662759,0.0226322663657587,0.0255795197968812,0.0378682977624921,0.047761847606177,0.0497959653415575,0.041136575488701,0.0402217602132567,0.0456542222018846,0.0427911139680091,0.0462898552852903,0.0411027799002538,0.0272339786883351,0.02398930746677,0.0230755516217201,0.0208121317934715,0.0218508694438869,0.0217294380884712,0.0199666731406002,commercial,7,summer,0,5,71.56746355,357.83731775,0
13,2021-07-03,0.0201046785274115,0.0213543850020498,0.0188662500420381,0.0198964381353344,0.0199994248444132,0.0194918355986755,0.0223378285909452,0.0229630227339967,0.025279186705366,0.0283621475754875,0.0317380504976237,0.0265440820440203,0.0262042917966099,0.0265690179334386,0.0242438605130146,0.0243688691292126,0.0236030501650016,0.0194227026353465,0.0205748152297821,0.0203043336238193,0.0192152826062869,0.0211285257489161,0.0211053392154426,0.0195343657566188,commercial,7,summer,1,5,71.56746355,357.83731775,0
13,2021-07-04,0.0201237541062503,0.0201950513337998,0.0195776316735147,0.0202517539753372,0.0201961327762934,0.019012363055318,0.0202193437162999,0.0211562100028824,0.0200760439265501,0.0200089937414806,0.0204940387891062,0.0217324474482575,0.0203819526669911,0.0234451765401725,0.020917992346257,0.0238086240870029,0.0232581485959808,0.0188646933077322,0.0207745428811233,0.0202963704982999,0.0187556817085434,0.0179377077011779,0.0172433203705602,0.0166809540108751,commercial,7,summer,1,5,71.56746355,357.83731775,0
13,2021-07-05,0.0170582296510315,0.0169117093914771,0.0169117093914771,0.0170582296510315,0.0170582296510315,0.0169917093914778,0.0173584414648577,0.0178282558799632,0.0238758299237552,0.0316522670234276,0.0357995810723725,0.0328940553369268,0.0328179866305735,0.0349875436446449,0.032781673325599,0.0257168507470397,0.025984751480013,0.0188461666958632,0.0178344149805986,0.0176590220594017,0.0174380194181635,0.0178232429354261,0.0175091979835131,0.0172531455761563,commercial,7,summer,0,5,71.56746355,357.83731775,0
13,2021-07-06,0.0172151452703222,0.0170582296510315,0.0170431020642709,0.0172151452703222,0.0172151452703222,0.0169917093914778,0.0175153522688427,0.0188945693423203,0.0282299230181264,0.0351582158746897,0.0375811814094774,0.0373306491643767,0.0323244318813872,0.0405304653454979,0.0411765874844645,0.0413801694560128,0.0376001746479704,0.0253340406796069,0.0224079896984045,0.0217247706544617,0.0192368686510856,0.019398590859448,0.0196379785912878,0.0185161509409541,commercial,7,summer,0,5,71.56746355,357.83731775,0
13,2021-07-07,0.0197181336023533,0.0198876424092513,0.0194135866920723,0.0200053517800243,0.0198860345542931,0.0190947698256413,0.0217646931098204,0.0247817966387843,0.0368785799929791,0.0449218569271709,0.0479388913968644,0.0428417466831243,0.0392948065521976,0.0439181762635818,0.0452204604920967,0.0456969461024072,0.0428337208695739,0.0293289705610699,0.0251867420100975,0.0225949549493529,0.0209058788144307,0.0219277242346172,0.0206599327114334,0.0197050325230499,commercial,7,summer,0,5,71.56746355,357.83731775,0
13,2021-07-08,0.0205599022381983,0.0206651269010407,0.0190532978442831,0.019805722064492,0.0198874183226423,0.0189920484157069,0.0240053864286903,0.0280391023234508,0.0412788171061778,0.0497375563541743,0.0481850009670556,0.0433366574624325,0.0411981127635284,0.0465986416956624,0.044502263853469,0.045642677080825,0.043077897496588,0.02786482129664,0.0249386230012051,0.0234182960775716,0.0204183153741007,0.0211416796255963,0.0208226225297568,0.019479350156368,commercial,7,summer,0,5,71.56746355,357.83731775,0
13,2021-07-09,0.0205211769166996,0.0212541681680751,0.0190621535748073,0.0198334465312132,0.0198746834341163,0.0190551956234267,0.0237555970441044,0.0284426217907922,0.0412066688990067,0.0469667726799839,0.0498084118739796,0.0463721887186801,0.0402651096824925,0.0479909081813532,0.048697979810519,0.050531459276904,0.0479142330447435,0.0312505734033857,0.0259456885424079,0.0242749252867633,0.0220556972983901,0.023046425704786,0.0217440325008948,0.0205962002800591,commercial,7,summer,0,5,71.56746355,357.83731775,0
13,2021-07-10,0.0213999387400234,0.0207433279962619,0.0194040785677503,0.0202039888268009,0.019795271936382,0.0192779277115561,0.0239274350698168,0.0257080733067625,0.0314987486916064,0.0350123828076068,0.0343770156152665,0.0345953044307936,0.0310242947675514,0.0313777227711295,0.0310025441486553,0.0314802519434504,0.0302326271332823,0.0264419988251443,0.0266846891893871,0.0240772563718245,0.0230513670262851,0.0230918329856038,0.0246794813837043,0.0229277999919373,commercial,7,summer,1,5,71.56746355,357.83731775,0
13,2021-07-11,0.0260413885745148,0.0234807351231435,0.0183763535347339,0.018698746276966,0.0184931424576964,0.0181164145851376,0.0224979921756721,0.0274338127724164,0.0274359424027095,0.0320944757579216,0.0303587287952661,0.0264832425119698,0.0291715114344682,0.0300505944317286,0.0275687532145801,0.0312348428478825,0.0272849300841849,0.0191349556446004,0.0201874519711605,0.0198804457819316,0.0183295487128268,0.0197320907767296,0.0196268598302742,0.018563217867502,commercial,7,summer,1,5,71.56746355,357.83731775,0
13,2021-07-12,0.0190825029414978,0.018575395260454,0.0183889141077071,0.0189229240301231,0.0188685968820245,0.0182790195931836,0.021814676802944,0.0248550075341236,0.0382290377309025,0.0481766635922998,0.0492808177499033,0.0452223146797543,0.0369782280244233,0.0486820013376608,0.0459312573581189,0.0519346485501707,0.0459615022936774,0.0302033234134748,0.0268686222216723,0.0235458107629964,0.0209964581832213,0.0217211038638886,0.0210715780500595,0.019695632523874,commercial,7,summer,0,5,71.56746355,357.83731775,0
13,2021-07-13,0.0198087184376141,0.0200109417468451,0.0189050552565246,0.0195313554974109,0.0197823428811566,0.0190137718461028,0.0235725267304525,0.0287955563650106,0.0430980227794023,0.0481055111650948,0.0510444566303345,0.0480222543269229,0.0423614819808793,0.047729708091628,0.051615198343195,0.0513288845348903,0.0477770114443687,0.0315208341518847,0.0275213413212578,0.0250119331714214,0.0221624349796103,0.0228202513492801,0.0230333646840742,0.0211014285298733,commercial,7,summer,0,5,71.56746355,357.83731775,0
13,2021-07-14,0.0217628284062383,0.0219358202471892,0.0197440320706136,0.0201128047597256,0.0199507902088571,0.0196428982237428,0.023542673411033,0.0251483988525589,0.0408967971942629,0.048583916419847,0.0485244192756255,0.0432675714480154,0.0403407040462287,0.0449295879807023,0.042765034255842,0.0452227339217675,0.0416042776681334,0.0281262537817603,0.0243105453314452,0.0233370808415396,0.0214622532950705,0.0220824064567899,0.0219329292814798,0.0200342015548969,commercial,7,summer,0,5,71.56746355,357.83731775,0
13,2021-07-15,0.0208953754512691,0.0201643037184034,0.0190401846589541,0.0197491916168507,0.0196125604088751,0.0189628105134212,0.0217185180918131,0.0237579701397725,0.0347803092890348,0.0342553150300301,0.0410122423146482,0.0393104773333495,0.0403311895427363,0.0450647584063238,0.0434525612914289,0.0453259755611172,0.0452169140403158,0.0281728960369757,0.0263101064246675,0.024109316123577,0.0209608733350588,0.0223716910036442,0.0212616010515841,0.0201017058132413,commercial,7,summer,0,5,71.56746355,357.83731775,0
13,2021-07-16,0.0215338920987321,0.0206794227263941,0.0190660364229724,0.0198740247133169,0.0196647775532643,0.0190783184493725,0.024180227144932,0.0258463612598501,0.0402264527793199,0.0500691672533699,0.0505663906341006,0.0445776595206415,0.0430783298194251,0.0500873970368956,0.0455010479553043,0.045586098725151,0.0463574744621119,0.0291646509929268,0.0263877920069254,0.024084239857009,0.0210820069838256,0.0218028966531485,0.02153564746844,0.0201759096322778,commercial,7,summer,0,5,71.56746355,357.83731775,0
13,2021-07-17,0.0195116083020449,0.0197437971890263,0.0186937600819536,0.0188637820777379,0.0188883193750551,0.0185461642724899,0.0236947756923938,0.0272570832619822,0.0311968160415373,0.0377267268999795,0.0366988420839478,0.033761191075898,0.0306178154655909,0.0304240545999007,0.0294293100440065,0.0279617259144911,0.0270320485030462,0.0228723179642677,0.0245278161292514,0.0219648073822154,0.0205509846544125,0.0226898569369365,0.0215783977793584,0.0202529986040599,commercial,7,summer,1,5,71.56746355,357.83731775,0
13,2021-07-18,0.0227814410369543,0.0221897594509138,0.0202584720574019,0.0217167695208191,0.0213920834006999,0.019413953135828,0.0261177273963349,0.0306341082332025,0.0317810707105671,0.0377748966049901,0.0382516310491504,0.0331693243679525,0.0348593749019395,0.0366052012748475,0.0331671555711701,0.0341912083168852,0.031462813431447,0.0215088380667174,0.0202085344779173,0.0183661559013128,0.0174090283713853,0.0190180723683131,0.0198323336927672,0.0175188834459808,commercial,7,summer,1,5,71.56746355,357.83731775,0
13,2021-07-19,0.0189516362205421,0.0185920481549876,0.0171549679708752,0.0174868704474783,0.0174347694663031,0.0174190139679822,0.0193648267980837,0.0191711400248001,0.0243426819598885,0.026085408481348,0.0280523924931875,0.0280730350103006,0.0242685210289475,0.0312688459957434,0.0298662305126388,0.036723339191875,0.0361514269354013,0.0229740549697918,0.0206991191987525,0.0192486377779464,0.0177495840560893,0.0179994554280864,0.0176759994957857,0.0174892100394672,commercial,7,summer,0,5,71.56746355,357.83731775,0
13,2021-07-20,0.0177882011542717,0.0186988636762404,0.0175591839829409,0.0182686709152568,0.0188237017941284,0.0186429860533031,0.0191328791161298,0.0204578103528331,0.0359051323214397,0.0416939577298006,0.041981478753866,0.0401395381890753,0.03524406553042,0.0446673647685581,0.0426944959555708,0.0459747545398633,0.0425933889025395,0.0271244417368396,0.0249891950663686,0.0218643066400643,0.0200199946799257,0.0198842338404762,0.0206117760176481,0.0188840836789788,commercial,7,summer,0,5,71.56746355,357.83731775,0
13,2021-07-21,0.0191389050611638,0.0195161843071114,0.018961808526015,0.0191646423170332,0.0191328335357401,0.0187551914672832,0.0208527595522761,0.025069831255216,0.0403840440344612,0.0471336470647052,0.0462252949393087,0.0442525900927816,0.0408905272236106,0.0453567280024436,0.0454245873616067,0.0462411352189704,0.0446388754243671,0.0308596230276066,0.0254507999220893,0.0233997071091615,0.0209083226226418,0.0206091454251591,0.0202102448962148,0.0193701034983826,commercial,7,summer,0,5,71.56746355,357.83731775,0
13,2021-07-22,0.0196099389066741,0.0200268297840232,0.0186035137736664,0.0190483263408863,0.0190977294029344,0.0185185485376833,0.0227259599426073,0.0271657749296124,0.0394969189585552,0.0451441772573407,0.0470848699220625,0.0445307407357233,0.04115945407373,0.0443418902324529,0.0444703865586082,0.0459019407104601,0.0447421843386826,0.0304415046758686,0.0255203361277336,0.023496960055788,0.0204995653101032,0.0206534918274038,0.0203321247373954,0.0191585556035074,commercial,7,summer,0,5,71.56746355,357.83731775,0
13,2021-07-23,0.01969514859806,0.0191608680216171,0.0182192216571877,0.0190486773007285,0.0190326778879751,0.0186707912669964,0.0217258682085139,0.0252131559553965,0.0380871181087745,0.0442351402498614,0.0435269359552167,0.0414725452398818,0.0392982063006152,0.0435079676445782,0.0437283555712635,0.0440786902312501,0.041020889667625,0.0295703612076886,0.0259579767427101,0.0226934288751826,0.0206456837276931,0.0210022231825305,0.0206960741178575,0.0199891491731537,commercial,7,summer,0,5,71.56746355,357.83731775,0
13,2021-07-24,0.0199963228274257,0.0210707182276174,0.0194966435717144,0.020304538781413,0.0191223324271006,0.0195357261913221,0.0231914542842195,0.0238327522880704,0.0299942633813304,0.0312736513839143,0.0290654996557822,0.0290261151306068,0.0281462490267951,0.0282329910981671,0.0247073268548501,0.0249876421107263,0.0252430239381019,0.0208349972557333,0.0213545941587198,0.0215366989288666,0.0205993827676022,0.0211727963767845,0.0210866516848022,0.0206790325176772,commercial,7,summer,1,5,71.56746355,357.83731775,0
13,2021-07-25,0.0213794755643826,0.0214437936244857,0.0207154240439748,0.0213886711355287,0.0212989179289653,0.0201185757383463,0.0225529643974636,0.0258495480431956,0.0261241459005479,0.0311947084718244,0.0328874120642188,0.0291408913168501,0.0311726073755456,0.0309526467778407,0.030788616999335,0.0215220357005017,0.0222492881601609,0.0234640348868957,0.0235052448628001,0.022824850121333,0.0209225544836323,0.0212039656283767,0.0212910238787227,0.0207523344172799,commercial,7,summer,1,5,71.56746355,357.83731775,0
13,2021-07-26,0.0216568375275936,0.021622062199086,0.0208983658989751,0.0216232241711862,0.0209632882447572,0.0199539225371782,0.0221786727719469,0.0251618514845644,0.0368393231867458,0.0491753646997383,0.0498015563815143,0.0441782056988349,0.0411356106828607,0.0467803444386255,0.0479904056633733,0.0469190713794111,0.042867628726248,0.0271904751751371,0.0249263049972501,0.0230561952939198,0.0212239612622115,0.0219342174624875,0.0217584766184215,0.0207946817870376,commercial,7,summer,0,5,71.56746355,357.83731775,0
13,2021-07-27,0.022387414822989,0.0225863804664218,0.0202457028421305,0.0215312778869074,0.0215107745119886,0.020491150047787,0.0233265614427812,0.0248326294432012,0.0372056924162944,0.0439997627890341,0.0466725061681784,0.0446574636136564,0.0406237306168787,0.0447635929325397,0.0447574374763887,0.0447700401909842,0.0434831189665525,0.0284492472393734,0.0245033718893027,0.023021907327953,0.021020558102582,0.0218765823140563,0.0205850262503884,0.0198277310174565,commercial,7,summer,0,5,71.56746355,357.83731775,0
13,2021-07-28,0.020999564156714,0.0209916385717124,0.0198935575463721,0.020700803029293,0.0206536310006004,0.0184123166833546,0.0211539706918082,0.0219825597942708,0.0305413749437905,0.04077838812772,0.0387005985120735,0.0429525287156487,0.0383478698255362,0.0434248216601138,0.0435389882805173,0.0451533791848437,0.045365408755813,0.0288566918416946,0.0253436184178231,0.023209066945396,0.0212297177021134,0.0211870189782737,0.0215002664389365,0.0202389633194236,commercial,7,summer,0,5,71.56746355,357.83731775,0
13,2021-07-29,0.0202647582398286,0.020660242339232,0.0201396714991424,0.0206458134222442,0.0207232875788687,0.0199004207910779,0.0219949806756358,0.0244012322399537,0.0382266310217269,0.047831868178041,0.0504494703791731,0.0468209479022584,0.0422776149694169,0.0425405947842385,0.042895742224764,0.0430662495226616,0.0441007515741279,0.0291371524217843,0.0255811099228548,0.0229691119656417,0.0211474786012623,0.0218647568580085,0.0217292780986131,0.0200685773726393,commercial,7,summer,0,5,71.56746355,357.83731775,0
13,2021-07-30,0.0205545537042959,0.0206386622796109,0.019544866086248,0.020513397312686,0.0201132572474091,0.0198342766084075,0.0227357902182542,0.0249802071561844,0.0378159959446148,0.0468235047376997,0.0393358774681546,0.044294580470871,0.0401261371830277,0.0449596024065565,0.0403060650991924,0.0450752457211625,0.0401705424349779,0.0265177594408125,0.0248221643039605,0.0238872192147718,0.0203768097951603,0.0200505726693084,0.0205376069609719,0.019633515871226,commercial,7,summer,0,5,71.56746355,357.83731775,0
13,2021-07-31,0.0192213734183375,0.0200142228037925,0.0189970011616463,0.0196464102256758,0.0196930847824706,0.0189660222630948,0.0222397213886799,0.0230001210525719,0.0261995771795231,0.031348990931438,0.0363822828223814,0.0303842959211239,0.0285322455952631,0.0286441260602484,0.0262432261878073,0.0271334464745633,0.0257094621609665,0.0209427636380658,0.0212293619311317,0.0199258482780591,0.0197087063260961,0.0205630001892612,0.0211701317221715,0.0212534685561159,commercial,7,summer,1,5,71.56746355,357.83731775,0
13,2021-08-01,0.0222918497864182,0.0221235131834224,0.0214228692030892,0.0211290502937804,0.0211132093959531,0.0212038050419246,0.0250894419588745,0.0296612597109039,0.0329460752291921,0.0393982961429009,0.0409319470707112,0.0359184577975494,0.0334683092576017,0.0361334363559341,0.0372464324899323,0.0362790166783977,0.0350167194961197,0.0317952603511271,0.0280292325357466,0.0219673227269201,0.0179884700974058,0.0169843898897202,0.0175130371126452,0.0175500356049204,commercial,8,summer,1,5,71.56746355,357.83731775,0
13,2021-08-02,0.0191629333378785,0.0198664113143823,0.018514419150364,0.0193692880785478,0.0192837531089448,0.0185842443509184,0.0194672953348932,0.0212525639962021,0.0355838329727122,0.0453503577592055,0.0484603578513255,0.0476898194867087,0.040426497255953,0.0477128473359737,0.0497358781610714,0.0519520650199462,0.052248336332413,0.032915676165463,0.0285309336691123,0.0264086119200927,0.0236621207024676,0.0245963256470677,0.0182523729777371,0.0187184292863351,commercial,8,summer,0,5,71.56746355,357.83731775,0
13,2021-08-03,0.0189015686906526,0.0187564766370518,0.0181527085366832,0.0193892065343012,0.0199595412052536,0.0185506593546996,0.0216381086114631,0.0240751199094553,0.0376712987479875,0.0470087932226821,0.0494268630794933,0.0492919917278039,0.0415377096303638,0.0481643022361443,0.0443384456307254,0.0471362344924127,0.0461322896663262,0.0309765654372091,0.0259677638116559,0.0249485517131264,0.0230138009916376,0.023297535852867,0.0237142128891064,0.0220641308093364,commercial,8,summer,0,5,71.56746355,357.83731775,0
13,2021-08-04,0.0215920723311035,0.0231751464573353,0.0220806016031398,0.0207222077765287,0.0204905422791155,0.020243171726187,0.0228757635853307,0.0254888586139897,0.0411746487126938,0.0473463344834476,0.0494741752166144,0.0462414339303366,0.0441818956988532,0.0458599173019017,0.0455634927291668,0.0421053108744706,0.0438053283085373,0.0288978650156576,0.0258006587866688,0.0248803709599084,0.0223182676123703,0.0237488828227889,0.022482812871228,0.0214338904614354,commercial,8,summer,0,5,71.56746355,357.83731775,0
13,2021-08-05,0.0226139928207355,0.0231006851540214,0.0206849079871029,0.0216741739742715,0.0215838363185789,0.0208913482766487,0.0247563486201444,0.0290536275677209,0.0452074294072453,0.0528684890030669,0.0550412000706167,0.0474327641827259,0.0424149573629713,0.0456177234891175,0.0423409395775115,0.0468911615900175,0.0462901146040755,0.0315775333741858,0.0268218258896974,0.0252807479068113,0.0224134989619257,0.0228723163319665,0.0222417537254959,0.021362175064723,commercial,8,summer,0,5,71.56746355,357.83731775,0
13,2021-08-06,0.0225539981250627,0.0232436095335547,0.0211915135257902,0.0230974886532104,0.0206234551956797,0.0194222189622874,0.0233293710143542,0.024996146233436,0.0377880092570142,0.0508130320465494,0.0452267214315965,0.0394205326957503,0.0337019321212516,0.0372493213415753,0.0416603746262784,0.0432760848726589,0.0410081775454859,0.026946637181505,0.0239165890539453,0.0231144813409948,0.0207400119747522,0.0225981397476026,0.0225273629670377,0.0209996768085842,commercial,8,summer,0,5,71.56746355,357.83731775,0
13,2021-08-07,0.0227086192283841,0.0220537632625834,0.0210767593525761,0.0217128148381176,0.0222826599378884,0.0207444275607703,0.0223925776571045,0.0221023056767987,0.0227068441167552,0.0261122481586224,0.0276522649329648,0.028505293190784,0.0247658204799267,0.0259487887700554,0.0229765414071253,0.0235027810315828,0.0224930076425297,0.020145578198646,0.020659167319994,0.0203743069335117,0.0205078673163172,0.0217164164052554,0.0218676638616738,0.0210900155041964,commercial,8,summer,1,5,71.56746355,357.83731775,0
13,2021-08-08,0.0219503841804275,0.0220018937717693,0.0207793618325168,0.0213889651746608,0.0213879068306865,0.0207208797313711,0.0231298498639754,0.0262204988098789,0.0306211080484097,0.0361634222311886,0.034383793268195,0.0311595630742696,0.0305538218254994,0.0304704048334322,0.0300590258361114,0.0282724879902034,0.0280251058109196,0.0247793490390468,0.0250976720696634,0.0237675990760097,0.0208005859615639,0.022650629303747,0.0223619876744649,0.0202685285654471,commercial,8,summer,1,5,71.56746355,357.83731775,0
13,2021-08-09,0.0223009370679047,0.0223639782707199,0.0213202423446104,0.0216597773559583,0.02233605514952,0.021455638413387,0.0241174219049003,0.0272679046454917,0.0451461446703985,0.0492964044566739,0.048167305809573,0.0475151489003686,0.0402034952480013,0.0458775123601205,0.0444732376494323,0.0390528743666093,0.0382568055473071,0.0280036511371654,0.0249101754355555,0.0241117380124582,0.0212637951573118,0.0227960298773725,0.0227122936114092,0.021275993102575,commercial,8,summer,0,5,71.56746355,357.83731775,0
13,2021-08-10,0.0224403849112172,0.0226014695932444,0.0214876221359538,0.0218596393502956,0.0217916003353568,0.0219576095565263,0.0243267351800246,0.0265208247526968,0.0416177497786489,0.0505123425104155,0.0531418398070063,0.0429397253775904,0.038896249351348,0.0478822397552442,0.0469836736324689,0.0455580691490251,0.0443033594350516,0.0292743570667517,0.0269936293966005,0.0243581040343501,0.0220127699087701,0.0230765458610061,0.0229241756408999,0.021716417288474,commercial,8,summer,0,5,71.56746355,357.83731775,0
13,2021-08-11,0.0242674998650365,0.0251294292866276,0.0223403979036992,0.0236894176645399,0.0231649756791385,0.0213756628162271,0.0249867186417868,0.0282260005288384,0.0440862474895494,0.050587042962587,0.0557467356853567,0.0520147354500443,0.0460818440583327,0.0446251300025882,0.0442885993757704,0.0495961165496126,0.0448690893030114,0.0289229031545111,0.0264609786456807,0.0245004295127454,0.0220691228695591,0.0233054593062529,0.0237238402523976,0.0218974418578598,commercial,8,summer,0,5,71.56746355,357.83731775,0
13,2021-08-12,0.0237323779506401,0.0255288850560384,0.0221155642597714,0.0237087946875169,0.0236671984912583,0.0225815614910803,0.0272164631334473,0.0271164336118057,0.0385723624662712,0.0444784683927981,0.0489519718053377,0.045244870589687,0.0421591212034713,0.0452105437340885,0.0403205233590212,0.033657171337138,0.0346867942021206,0.0249277337176306,0.0225290469021856,0.0218305080075441,0.0199745023160226,0.0200940252296761,0.0211158270179316,0.0193656669170692,commercial,8,summer,0,5,71.56746355,357.83731775,0
13,2021-08-13,0.0224907303251736,0.0229203858750023,0.0225261344533298,0.0205786167520942,0.0188065849224068,0.0186522814825472,0.0192707815301197,0.0194475682698861,0.0265652078511683,0.0323978526398923,0.029760063766291,0.0294815187479151,0.0275664044875347,0.0296948545766221,0.0275571034304382,0.0292012559595819,0.0296791474918462,0.0197795386881079,0.0188018720025907,0.019158232090933,0.0176290456731542,0.0183204085013885,0.0180593296994136,0.0181053499486127,commercial,8,summer,0,5,71.56746355,357.83731775,0
13,2021-08-14,0.0184831322049511,0.0200413530893695,0.0184252350693779,0.0199403868833829,0.0199642387109268,0.0189445958382751,0.0205067687773519,0.0203396359489791,0.0217201980770477,0.0261341692679634,0.0285660287577604,0.0272125339607154,0.0232332059170129,0.0215408769653837,0.0211005383106983,0.0225865616173804,0.0212029284217994,0.0178920652571269,0.0203383106014347,0.019886339546638,0.0200926327928197,0.0215346949520722,0.0216912614196251,0.020449015092713,commercial,8,summer,1,5,71.56746355,357.83731775,0
13,2021-08-15,0.0214516671471314,0.0219618764249489,0.0195451844914674,0.0208821682086684,0.0196135103942519,0.0182743054274542,0.0189177724848961,0.022092902109113,0.0280244189697271,0.030752526078408,0.0322072668261397,0.0290122976338073,0.0290459646569363,0.0290432320280603,0.029140109051571,0.02875432093502,0.0275763263437166,0.025181020447054,0.0231678776070764,0.0234016266061976,0.0205767888281235,0.0231014368319418,0.0222359757233145,0.0210827103866491,commercial,8,summer,1,5,71.56746355,357.83731775,0
13,2021-08-16,0.0199472871454491,0.0202591179060298,0.020462745677429,0.0205537321052172,0.0207196913438828,0.0206386525770803,0.0227888231077999,0.026197952417934,0.0391214595726681,0.047677874462424,0.050554669386526,0.046799680155574,0.0421668065284484,0.0452502458161126,0.0475927049401159,0.0471202383307775,0.0444025053683748,0.02749496503469,0.0261781910793388,0.0248502961170765,0.0215680503335538,0.0220404725667051,0.0217966287263171,0.0201663782119243,commercial,8,summer,0,5,71.56746355,357.83731775,0
13,2021-08-17,0.0205757177887592,0.020677135592867,0.0192436725000086,0.0199142066582503,0.0198102143328253,0.0188438566622965,0.0220363127079928,0.026220265576637,0.0406511950140496,0.0492023026638711,0.0486910261663126,0.0448795929616783,0.0406542560908173,0.0450329995790732,0.0479343218352462,0.0488472277587361,0.0473860110546802,0.0311915445134309,0.0264956812647065,0.0245287073366305,0.0220643039499539,0.022640354497076,0.0224601351272377,0.0210794302458397,commercial,8,summer,0,5,71.56746355,357.83731775,0
13,2021-08-18,0.0227415482580023,0.0217126110992309,0.0202182869461978,0.0209619225913392,0.0213798363289739,0.0198892682756187,0.0240158621128558,0.0279413218941199,0.0401617289942332,0.0501360282141258,0.0510763720094014,0.0454238955440565,0.0412633324650828,0.0457241847678083,0.0474547381806948,0.045546414723845,0.0464308998040305,0.0307296564064275,0.0260193451964477,0.0245815569340927,0.0221546571881744,0.0233736538064116,0.0232461688942712,0.0215892930692867,commercial,8,summer,0,5,71.56746355,357.83731775,0
13,2021-08-19,0.0230138264040419,0.0241201267603118,0.0217663017428825,0.0233057343307545,0.0231060384007687,0.0214692591385071,0.0232505205207351,0.0239875101815836,0.0332409329576892,0.0450582206494523,0.0480559737806944,0.043280031316897,0.0417426079337345,0.0420696424206549,0.040631261401141,0.0333336904705882,0.0331228653345683,0.0228275567269418,0.0200932660956047,0.0195554817852863,0.0179722573610786,0.0187119379098711,0.0178056047366863,0.017298544142321,commercial,8,summer,0,5,71.56746355,357.83731775,0
13,2021-08-20,0.0176254722004949,0.0182809958173174,0.0177019121813597,0.0181369058165387,0.018529347924198,0.0177756731713481,0.018385013080173,0.0180182103424487,0.0213037353244053,0.0247483458193518,0.0259718171474581,0.0261643569542717,0.0254088219696604,0.0269819493343967,0.0276467321358682,0.0277664937268723,0.0271437511146246,0.0186460180987542,0.0176775857384221,0.0178159993766311,0.0174971282483011,0.0176564416360347,0.0175092185494927,0.0172681892954408,commercial,8,summer,0,5,71.56746355,357.83731775,0
13,2021-08-21,0.0171150110425114,0.0174184160925868,0.0167973235303641,0.0173878706410451,0.0172260129999045,0.0167973235303641,0.01735847648576,0.0179689838629295,0.0188726896208648,0.023305141945662,0.0248768571819642,0.0254499380060803,0.0221382287577707,0.0231088881450254,0.0227206216009171,0.0220211292182462,0.0210114457563561,0.0187591805804519,0.0186747907157042,0.0199337058585809,0.0191368184706688,0.0202939654833176,0.0197140368485591,0.0197484666418773,commercial,8,summer,1,5,71.56746355,357.83731775,0
13,2021-08-22,0.0196851040269821,0.0196129799485962,0.0195607233827491,0.0190177588856207,0.0189505812879999,0.0179433010269657,0.017375111726048,0.0197473086736329,0.0254649895997093,0.0270004489416273,0.0298288238463816,0.0242434064709524,0.024510193853013,0.0251816480537282,0.0279666030393348,0.0257639737846043,0.0248743208182721,0.0230887072171414,0.0208417714727627,0.0209782139821083,0.0212555961860722,0.0213957918341381,0.0214498290287803,0.0214875296695417,commercial,8,summer,1,5,71.56746355,357.83731775,0
13,2021-08-23,0.0205438989166172,0.020394976125835,0.0201701005868309,0.0200141963317856,0.0194344364720262,0.0186966542972271,0.0194771668294116,0.0227928833486714,0.0373823960866322,0.0432537671172072,0.0471056045228777,0.0450168913679342,0.0377961484477621,0.045075247058288,0.0442072961318298,0.0449398396841097,0.0403851525278278,0.0283834590274217,0.0239660916865697,0.022199315853419,0.0198934102816786,0.0210418997443818,0.0207816080556077,0.0191740966387595,commercial,8,summer,0,5,71.56746355,357.83731775,0
13,2021-08-24,0.0203057284974641,0.0203558535825502,0.0187889278560116,0.0196637213358955,0.0187053990367428,0.0184494395550276,0.0205868402972929,0.0248234993373186,0.0416510001993227,0.046776468962469,0.0489930656904993,0.0445780623219569,0.0383024731835878,0.0422902584155488,0.0436244585846006,0.0453409522794144,0.0430753608745168,0.0292433048875885,0.0239584649842384,0.0230829467714305,0.0204365187840807,0.020871957772257,0.0210431270947112,0.0192867636243862,commercial,8,summer,0,5,71.56746355,357.83731775,0
13,2021-08-25,0.019815501310869,0.0203387227943464,0.0183936766080602,0.0190143608044804,0.0185808353372006,0.0185029180469301,0.0205280811471184,0.0227348818500281,0.0421341031789342,0.0497077098567889,0.047770734410129,0.0465840410114955,0.0392690757290679,0.0462847774083181,0.049269703592483,0.0461524484737696,0.043640313804981,0.0311457495877236,0.0257310675626969,0.0242266324867966,0.0211448296456207,0.0219678249852897,0.0211847897048295,0.0200808424023515,commercial,8,summer,0,5,71.56746355,357.83731775,0
13,2021-08-26,0.0196875860967151,0.0200882319184783,0.0192669956857145,0.0196927947322319,0.0198759870927113,0.0195193217890413,0.0217614259862441,0.0250190109760553,0.0415821462573848,0.0533299965097599,0.055443842934871,0.0470605618656888,0.040778681597013,0.0446245128936738,0.0452687124687861,0.0482630776456159,0.0457812766663111,0.0300928632103769,0.0252760050790445,0.0243188673056646,0.0211840886602792,0.0214850670676813,0.0209098227741061,0.020022412748243,commercial,8,summer,0,5,71.56746355,357.83731775,0
13,2021-08-27,0.0199904378822708,0.0205383173236424,0.019894910251609,0.0204330765839329,0.0197928410223812,0.0192602559209951,0.0218716066002073,0.0229675813992756,0.0346838151692218,0.0414540144442579,0.0449376424045532,0.0410186274142132,0.0395560126332204,0.0432976570298096,0.0395450871410968,0.0425272041623846,0.0425765317404145,0.0276649685569283,0.025281025749471,0.0232590673059924,0.0208852070094801,0.0212032766018287,0.0210561711640601,0.0199300163704977,commercial,8,summer,0,5,71.56746355,357.83731775,0
13,2021-08-28,0.0195226908033962,0.0205164577807809,0.0199021561800943,0.0200950565323523,0.0199154743589691,0.0195798615916634,0.0204233738657011,0.0228431899862533,0.0278421533731068,0.0315795206863302,0.0311350467685327,0.0303065837756022,0.028965466128544,0.0262029055025852,0.0260539547497215,0.025865423197074,0.0261168933931455,0.0212606496335072,0.0224299796771388,0.0209119195905094,0.0196063815358481,0.0202447410030481,0.0195694730454312,0.0196675028009774,commercial,8,summer,1,5,71.56746355,357.83731775,0
13,2021-08-29,0.0201614695841304,0.0201765226938748,0.019226851650372,0.0196989777087824,0.0195891411554383,0.0188076697454564,0.0211891726084358,0.0249723861266207,0.0316418300161228,0.0364013956315907,0.0337699303931371,0.0307500795922326,0.0286410079978126,0.0287950587342347,0.0296364367046059,0.0303482129510412,0.0276411896279432,0.0259816476985235,0.0236601830464363,0.0225435309004931,0.020397390405494,0.0220406165108405,0.0205112567157062,0.0188910082338128,commercial,8,summer,1,5,71.56746355,357.83731775,0
13,2021-08-30,0.0211854943298398,0.0216907742658663,0.0192384782072214,0.0214418753045574,0.0206416717914481,0.0189896629898723,0.0212341001586181,0.0272419428728363,0.0417035057154554,0.0492238247030785,0.0500909592978654,0.0459693123413093,0.0409863755925754,0.0470010529436514,0.0459276967167359,0.045557011936283,0.0451715006735702,0.0294756603273619,0.0259201418829588,0.0240226747265025,0.0215008975746049,0.0212124666348209,0.0213293439343642,0.0200270581564902,commercial,8,summer,0,5,71.56746355,357.83731775,0
13,2021-08-31,0.0197526557945513,0.0200922027889176,0.0196764080081071,0.0196150162235807,0.0198065299852802,0.0196275949947738,0.0224671268570378,0.0273291867653485,0.044487735886323,0.049421402348629,0.0544016643589443,0.0465237892026785,0.0371068830028294,0.0372708078848107,0.0413035269956585,0.0377583033752012,0.0365538635038276,0.0267107908327315,0.0220945872601322,0.0211830207409997,0.0204288634865914,0.0197831212728318,0.0191172292957208,0.0188477261755756,commercial,8,summer,0,5,71.56746355,357.83731775,0
13,2021-09-01,0.0178919931209584,0.0176520418072008,0.0177243283844492,0.0175836552612837,0.0175402075587711,0.0176202075587718,0.0193131020636875,0.0206823952823137,0.0334637408062703,0.0395977585089204,0.0360015151712477,0.0358840282651569,0.0293321233220807,0.0320108028913657,0.0314700912993029,0.0331558451282871,0.0330603535246844,0.0231458119691293,0.0197186250807417,0.0198367807393068,0.0188582980627374,0.018157320802521,0.0180801515331988,0.0179651204875654,commercial,9,autumn,0,5,71.56746355,357.83731775,0
13,2021-09-02,0.0184715640396097,0.0188997301995766,0.0189222006277713,0.0187905449631275,0.0183098886806997,0.0188973223954832,0.019272869817592,0.0216006113862111,0.0372270668896292,0.0417117293318597,0.0411508185140082,0.0400329660792216,0.0352831224465439,0.0403102101410614,0.0398959089940499,0.0389139162686001,0.0393391025871802,0.0262218759115009,0.021285074018728,0.0205407545290961,0.0199867610719051,0.0195042794969599,0.0199767485190361,0.0191580277072926,commercial,9,autumn,0,5,71.56746355,357.83731775,0
13,2021-09-03,0.0191677447647246,0.0196040948121974,0.0192889242633911,0.0190983549991224,0.0191640352911439,0.0185372130332998,0.0197036082165161,0.0221321091205487,0.0346575699994269,0.0440592694250258,0.0336888686975072,0.0349567640278399,0.032046251362314,0.0341305644845285,0.0386072359600635,0.0433367950955815,0.040285368418537,0.0279292605855827,0.0222586374889324,0.0210318031150846,0.0197908796779394,0.0202278307488842,0.019499882155126,0.0187814943561912,commercial,9,autumn,0,5,71.56746355,357.83731775,0
13,2021-09-04,0.0186537599930486,0.0190304344582923,0.019307265834501,0.0191056948986666,0.0190790239934054,0.0190282969225424,0.0195350224747572,0.0223460520335558,0.0279568312871695,0.0331445132122205,0.0315086524159247,0.0298315940955079,0.0273729521939175,0.0280160102665065,0.0270266388080805,0.0256324096322014,0.0239865929787687,0.0177725222957497,0.0199080205954865,0.0195799574812601,0.0190047997592505,0.0188708901890898,0.0200346378115634,0.0197296081476188,commercial,9,autumn,1,5,71.56746355,357.83731775,0
13,2021-09-05,0.0203043338851272,0.0204352858386808,0.0201805878906648,0.0204027510292358,0.019327526684258,0.0198309246420007,0.019292162106414,0.0239996294807859,0.0310212114542834,0.0386577898590205,0.0325431001131779,0.02877019058968,0.0297553038264842,0.0297516898658153,0.0265385266436115,0.0300002157387803,0.0271221267802079,0.0233814787572622,0.0228023607345317,0.0221581557592763,0.0195942317918337,0.0190884789335554,0.0204535161398009,0.0193682889753959,commercial,9,autumn,1,5,71.56746355,357.83731775,0
13,2021-09-06,0.01972889787358,0.0193386355283242,0.0196525986133279,0.0192809204761473,0.0192812608851728,0.0197358057074686,0.0208106858295097,0.0259934896698508,0.0431687347524437,0.0520134732806668,0.0492649930946344,0.0356745002215821,0.0404907955779672,0.0435283910121081,0.0414839417175867,0.0424672779322063,0.0437295892661292,0.0275746406672395,0.0248072212449778,0.0229503391539244,0.0202777335926668,0.021220401864531,0.0196579830385144,0.0190158553484295,commercial,9,autumn,0,5,71.56746355,357.83731775,0
13,2021-09-07,0.0190646441933578,0.0181969861008276,0.0184956702759844,0.0189065110810298,0.0190731662053414,0.0193055405801515,0.0229617340327758,0.0279030533066806,0.0434195981604852,0.0508069625795002,0.0480801584088379,0.0436284981239981,0.0404764418927624,0.0458119317954456,0.0440466033460327,0.0468277911412805,0.0444358454890896,0.028157776249341,0.0247874672939951,0.0227981633055954,0.0207851146865687,0.0210224985132668,0.0208635370223766,0.019843596327077,commercial,9,autumn,0,5,71.56746355,357.83731775,0
13,2021-09-08,0.0193647258242462,0.0199290955029073,0.0189504988985832,0.0190987755596818,0.0192042555106099,0.0193512313804122,0.0227158139418255,0.0261166908805067,0.0430091848554909,0.0506471825637848,0.0485624463408978,0.0458721636314786,0.0421551601918893,0.0443568347444096,0.0445675791375389,0.0453268060810181,0.0373551655249457,0.0274352710520417,0.0228791633135695,0.0220575038565489,0.0208968372603986,0.020469193131173,0.0200783863207422,0.0198296731659978,commercial,9,autumn,0,5,71.56746355,357.83731775,0
13,2021-09-09,0.0196363057707425,0.0200514920275822,0.0188998489872839,0.0185944165471808,0.018518565052821,0.0184368446195641,0.0210929765909397,0.0248032132513843,0.0429484824634551,0.0528803253247438,0.0483459738710024,0.0441013354480496,0.0419321170711553,0.045237170677842,0.0441102515591771,0.0455663122013741,0.0453388927420772,0.0275519969583628,0.0242515711388898,0.0228770384035639,0.0214110359101496,0.0223781317622017,0.0207223109940721,0.0202922204977552,commercial,9,autumn,0,5,71.56746355,357.83731775,0
13,2021-09-10,0.0204963236227696,0.0205222245609527,0.0194732770336092,0.0198674272934155,0.0198273706626882,0.0188222723752734,0.0212968534279243,0.0257029538327639,0.039532466458413,0.0468765943379376,0.0481064321803445,0.0461277313073753,0.0419411405483009,0.0467807317534615,0.0420294523857363,0.0452726100963749,0.042963646144274,0.0274036611940824,0.0248599395461094,0.0221860487265749,0.0207572514630138,0.0208120156451789,0.0205618110236513,0.0200047946729525,commercial,9,autumn,0,5,71.56746355,357.83731775,0
13,2021-09-11,0.0184419810669443,0.0174569868435677,0.017687340682713,0.0173972390006552,0.017151224094679,0.0172031358193445,0.0193526171195293,0.022786151472672,0.0264358450928426,0.0301544326408282,0.0315436682978495,0.0278114300634284,0.0285681348672877,0.0279534084904012,0.0226949277579365,0.0235434250297377,0.0234321462090025,0.0198680467253575,0.020966702826507,0.019309472187769,0.0182372436637276,0.019553581908625,0.0195910583110293,0.0186992275801219,commercial,9,autumn,1,5,71.56746355,357.83731775,0
13,2021-09-12,0.019440752226924,0.0187251359133719,0.0186791262267948,0.0186439980057725,0.0181402450268795,0.0180152677291868,0.0192085720365962,0.0213305800794189,0.0246873206789428,0.0279451326489459,0.0298334903244184,0.0251635882829626,0.0276371845608926,0.0283443689728136,0.0284481859232191,0.028793373483033,0.0262929837926298,0.0218906710962541,0.0209234652614161,0.0195305825192476,0.0180642791277849,0.0187087643393816,0.0186747878012369,0.0185665933159817,commercial,9,autumn,1,5,71.56746355,357.83731775,0
13,2021-09-13,0.0189433362551078,0.0189496387001797,0.0188588768511783,0.018427614244689,0.0183922356275978,0.0180843960724832,0.0198430360184733,0.0244181830158956,0.0402463938082607,0.0483322577415361,0.0475892323448544,0.0409613162191514,0.0373592621583731,0.0429629322350144,0.0438226010380144,0.0433036840125969,0.040433974933523,0.0271397555456218,0.0233921054369426,0.0215593226899957,0.0202657296327474,0.0204529547122866,0.0202634076716494,0.0190444063457304,commercial,9,autumn,0,5,71.56746355,357.83731775,0
13,2021-09-14,0.018629193140887,0.0184476654448592,0.0177644915069743,0.0177050679304787,0.0177726124033894,0.0178082578050821,0.0200410915622403,0.0253064610664703,0.0438011851610294,0.0516128796058644,0.0495152875324024,0.043572368915389,0.038839908719096,0.0456478790382085,0.0421626860239314,0.0413736094691535,0.0410378509337512,0.0230058452320728,0.0218531365553268,0.0215029341370369,0.0200004580911849,0.0195856725096956,0.01922108672126,0.0186014904395347,commercial,9,autumn,0,5,71.56746355,357.83731775,0
13,2021-09-15,0.0185945923537339,0.0184639206291207,0.0181113672815201,0.0186702200467323,0.0187835314628402,0.0172587621914833,0.0200370773614194,0.0245815575841661,0.0381306889343328,0.0502925909033848,0.050883303388427,0.0439102043225769,0.0404847571033658,0.045393010409221,0.0406337312823313,0.0398819850336866,0.0401966471546191,0.0271773656964428,0.0245161953839532,0.0225176465948592,0.0202772953900424,0.0208674137433974,0.0197071719667855,0.0195300361769123,commercial,9,autumn,0,5,71.56746355,357.83731775,0
13,2021-09-16,0.0192244164346222,0.0199166804858826,0.0191115625424314,0.0191058488662993,0.019219715237176,0.0190770650724707,0.0209444067755892,0.0254697952816746,0.0426171009037271,0.0489168730519397,0.0496394855449632,0.0440959731073868,0.0400013773754791,0.0453751462968707,0.0347948843653551,0.0435532548514413,0.0420818093843967,0.0270350132572831,0.0239491621664397,0.0220492255402878,0.019702743135685,0.0199276288453168,0.0195747757881661,0.0189434034695374,commercial,9,autumn,0,5,71.56746355,357.83731775,0
13,2021-09-17,0.018196879313702,0.0189209410890716,0.018939174344276,0.0191772155183438,0.0192181714810899,0.0186847736783057,0.0202231524482575,0.024439136126833,0.0402828582257272,0.0439882019156077,0.0450358882776316,0.0406938166759294,0.0396763889136934,0.0453516828598158,0.0434526533051679,0.0448781589557777,0.0355820708010482,0.0280181111552885,0.0240880818916418,0.0233539902346413,0.0206139853588669,0.0212621881688166,0.0210416923428492,0.0198224270098222,commercial,9,autumn,0,5,71.56746355,357.83731775,0
13,2021-09-18,0.0188577283376519,0.018890883991198,0.0187650666578662,0.0188039027478087,0.0188433642189226,0.0187301383791452,0.0198142309975344,0.0235498577952072,0.0301296452946623,0.0343150509320622,0.0341574424570679,0.0298742105532395,0.0294676101750262,0.0297455044999324,0.0254166038803777,0.0257383468197173,0.0239705751452746,0.0194745910901149,0.0187387457016643,0.0177063022488748,0.0173456149362651,0.0181056846951087,0.0175126850873254,0.0175916348173541,commercial,9,autumn,1,5,71.56746355,357.83731775,0
13,2021-09-19,0.0177824666895355,0.0179847371859675,0.0180444861564066,0.0174957780218543,0.0178690799384668,0.0178873169915333,0.0191307508837736,0.0238302528031506,0.0286306445672728,0.0342407483131471,0.0317930123623893,0.0287763762272869,0.026708968275548,0.0279819908925987,0.027806138292835,0.0271753275828676,0.0246773693379363,0.0212458716995396,0.0169919748501449,0.0168274742704295,0.0170566349483007,0.0176674734948077,0.0177339246114713,0.0168734789197829,commercial,9,autumn,1,5,71.56746355,357.83731775,0
13,2021-09-20,0.0169843898897202,0.0169843898897202,0.0167675924009357,0.0168274742704295,0.0168274742704295,0.0167237906583586,0.0172028621595559,0.0172028621595559,0.0177647324485607,0.0177647324485607,0.0179112527081151,0.0177709813517989,0.0174385699411386,0.017447943295996,0.017177970709777,0.0175991552428591,0.0175991552428591,0.0170560155267736,0.0173057222918803,0.017151224094679,0.0168734789197829,0.0169843898897202,0.0169843898897202,0.0167973235303641,commercial,9,autumn,0,5,71.56746355,357.83731775,0
13,2021-09-21,0.0166809540108751,0.0166809540108751,0.0166809540108751,0.0162908179549336,0.0160904077088601,0.0159737326737447,0.0163921569223414,0.0166842712364264,0.0176523986861484,0.0177647392674341,0.0179112595269885,0.0180744274589541,0.0177816791753655,0.0177910576443778,0.0176748163275363,0.0179606230543789,0.0177754268626906,0.017387628870359,0.0174819870928383,0.017327488895637,0.0170833311625247,0.017327488895637,0.017151224094679,0.0169843898897202,commercial,9,autumn,0,5,71.56746355,357.83731775,0
13,2021-09-22,0.0170582296510315,0.0170582296510315,0.0168087855847033,0.0159241887473307,0.0157252670240145,0.0157694326344573,0.0152885866814773,0.0169114633342681,0.0220823607137646,0.0244504220113853,0.0264835947094125,0.0261235596121383,0.0243665606130852,0.026141800957317,0.0268451921605303,0.02917240303366,0.028301665705244,0.018649910746584,0.0183637251091729,0.0181597616353014,0.0177505168220065,0.0179998943767533,0.0178525386396606,0.0173923155383591,commercial,9,autumn,0,5,71.56746355,357.83731775,0
13,2021-09-23,0.0173819794752809,0.0172151452703222,0.0170431020642709,0.0170582296510315,0.0170582296510315,0.0170058802699265,0.0173565163091696,0.0176722916452031,0.021543090982302,0.024891639929598,0.0266023564225933,0.0243615486980498,0.0232923494774989,0.0270017816239727,0.023719759485887,0.0252936981398172,0.0255117556286459,0.0184292299638808,0.0181785655167861,0.0181597877776597,0.0176849759221172,0.0179999083193444,0.0175094483478632,0.0173141132709167,commercial,9,autumn,0,5,71.56746355,357.83731775,0
13,2021-09-24,0.0172151452703222,0.0170582296510315,0.0169545460389606,0.0170582296510315,0.0170582296510315,0.0170058802699265,0.0172122840431303,0.0175258048466485,0.02233737678174,0.0257383270410515,0.0235607273186788,0.0238320939626871,0.0222890496418515,0.0262553949731487,0.0244290507243724,0.0239312280869888,0.02331015461352,0.0181095948257042,0.0175320676152345,0.017659799569031,0.017468208372122,0.0176568234022696,0.0176762913583482,0.0173295601354515,commercial,9,autumn,0,5,71.56746355,357.83731775,0
13,2021-09-25,0.0169843898897202,0.0169843898897202,0.0167973235303641,0.0169843898897202,0.0169843898897202,0.0167528853604154,0.0173588167547404,0.0173713494073727,0.0178565627031374,0.018121466947249,0.0181152006209328,0.0180323629069407,0.0176493206995442,0.0176461875363861,0.017220715413632,0.0176273885574377,0.017463687515637,0.0170344712000822,0.0171608202290281,0.0169843898897202,0.0167237906583586,0.0168274742704295,0.0166809540108751,0.0166809540108751,commercial,9,autumn,1,5,71.56746355,357.83731775,0
13,2021-09-26,0.0166809540108751,0.0166809540108751,0.0166809540108751,0.0166809540108751,0.0166809540108751,0.0167675924009357,0.0168545352791013,0.0170010555386557,0.0170162870882665,0.0173248053629052,0.0175010701638632,0.0174713564748524,0.0178861534356135,0.0180970748083229,0.0183051576039297,0.0186725020729643,0.0182711915598075,0.018491432943535,0.0183922143332536,0.01787648443105,0.0171584973249904,0.0173835208822446,0.0173754550750384,0.0170499604176156,commercial,9,autumn,1,5,71.56746355,357.83731775,0
13,2021-09-27,0.0173819794752809,0.0172151452703222,0.0171670072229381,0.0172151452703222,0.0172151452703222,0.0172311618417492,0.017515757636313,0.0184591696121123,0.0319296134773728,0.036689822616336,0.0381351724757877,0.0357784820317787,0.0362037326148597,0.0365299181189839,0.0370338388252139,0.0380992728285591,0.0374094430687285,0.0239016028887985,0.0207302146723093,0.0197992609287931,0.0187059438177434,0.0187098839888132,0.0183229456660367,0.0175923040569934,commercial,9,autumn,0,5,71.56746355,357.83731775,0
13,2021-09-28,0.018300476916936,0.0188920922675274,0.0176956133055044,0.0184949777032129,0.0179836350793437,0.0176465357377206,0.0177562489417151,0.0224322811147339,0.0349082656054883,0.0414398606274216,0.0413406628586464,0.0368096983429956,0.0358032754020274,0.039284715817403,0.0384599815370079,0.039286665327806,0.0370996695053366,0.0263800100759409,0.0238849734801361,0.0225040263882704,0.0199239413704022,0.0214521103167366,0.0206088371756641,0.018162813293454,commercial,9,autumn,0,5,71.56746355,357.83731775,0
13,2021-09-29,0.0180985690969353,0.0189163615251915,0.0177090800582293,0.018999475721376,0.0190919637417233,0.0188288093303192,0.0180233283478279,0.0185885097876022,0.0253562884095125,0.0285492296225512,0.0295258633668225,0.0302673128072528,0.0287466421077276,0.0337555609003939,0.0303533361625484,0.0271638506371321,0.0295392783200252,0.0208527527937683,0.0181821711724882,0.0183627873785791,0.0180525350177399,0.0181851910903735,0.0181508429196139,0.0181025439264242,commercial,9,autumn,0,5,71.56746355,357.83731775,0
13,2021-09-30,0.0185293507225055,0.0183883222704409,0.0185644773756643,0.0183482017757016,0.0182535950878779,0.0185910873374803,0.0189289424694333,0.0194817239096641,0.0326806493213927,0.0378559394336917,0.0408119114135117,0.0367246283439053,0.0333774711222153,0.0365591849246185,0.0349625999516267,0.0332539997452618,0.0291787689672565,0.0229046623660843,0.0196187837652302,0.0191411734561774,0.0185905379216098,0.0185744582393036,0.0182621270782331,0.0181333508798038,commercial,9,autumn,0,5,71.56746355,357.83731775,0
13,2021-10-01,0.0177006280371819,0.017591308620119,0.0173456149362651,0.0173456149362651,0.0173094521781691,0.017327488895637,0.0181734930725344,0.0247947055455784,0.0314712440891287,0.0332005391711646,0.0317308383596799,0.0292135558075369,0.0272460736588308,0.029200352917071,0.028313633326723,0.0273888360824131,0.0255677168349495,0.0216133294097361,0.0210447595934162,0.0211103435944851,0.0189166752656781,0.0199117897049498,0.0200333912008888,0.0188967355187794,commercial,10,autumn,0,5,71.56746355,357.83731775,0
13,2021-10-02,0.0196782457756777,0.0200036111299436,0.0189926877924789,0.0195379733551567,0.0189756726872824,0.0191713189548766,0.0200018809480908,0.0268311000843359,0.034414817143688,0.0367030987980966,0.0348674138318631,0.0280295130405645,0.0280376256002905,0.0275068808836787,0.0276140009377068,0.0263224320087432,0.0248822473437859,0.0218880803267936,0.0215767762735755,0.0202838746651308,0.0192427304148314,0.019692021876302,0.0195812060827044,0.0186045979698272,commercial,10,autumn,1,5,71.56746355,357.83731775,0
13,2021-10-03,0.0199211005400407,0.0197165258208117,0.0194557463114531,0.0191156819263694,0.0189525335402805,0.0176397215709621,0.0184972622563432,0.0248571941690704,0.0309078304519439,0.0323338706497128,0.0315536888639867,0.0265661711790746,0.0265651607810698,0.0269971548727366,0.0261102670613956,0.0253081759109247,0.0239258009796934,0.0203736578448401,0.0194333398689825,0.0183358076861788,0.0172558830016417,0.0183383897978615,0.0184297402400468,0.0172302710129051,commercial,10,autumn,1,5,71.56746355,357.83731775,0
13,2021-10-04,0.0178763567415295,0.0178506614362402,0.0170006349377883,0.017659954815518,0.0176411947941363,0.0169362518423361,0.0182891959773584,0.0226122475375909,0.0291515937293509,0.0311731841354297,0.0291163466858524,0.028057502957311,0.0247034340272465,0.0243111072441268,0.0249910549092214,0.0240441619749993,0.0225775449877072,0.0197620470976217,0.0187900490889614,0.0184264558216102,0.0174904521753391,0.0184484721851716,0.0185300638920559,0.0173345662685035,commercial,10,autumn,0,5,71.56746355,357.83731775,0
13,2021-10-05,0.0179012564916283,0.0178682518822028,0.0169843898897202,0.0175879780239426,0.0171684356344048,0.0168734789197829,0.0181679168336028,0.0225426073547193,0.0303308105699814,0.0324495734679455,0.0308752322036375,0.0278801875070264,0.0255430532833016,0.0262385408156328,0.0260896587962745,0.0254879603120397,0.0234710666287521,0.0185199248871795,0.0195116289015937,0.018545115565154,0.0174749556764264,0.0179593939408441,0.0178669678902003,0.017327488895637,commercial,10,autumn,0,5,71.56746355,357.83731775,0
13,2021-10-06,0.0175126850873254,0.017327488895637,0.0172382086081218,0.017327488895637,0.017327488895637,0.0171684343469395,0.0189565158504953,0.0228032362311101,0.0270388162708439,0.0262978165461382,0.026267453994453,0.0228349613183986,0.0234849113495241,0.0226098491874699,0.020559687990134,0.0203456985859994,0.0179994262731797,0.0168480672029422,0.0171388880869216,0.0169843898897202,0.0167237906583586,0.0169843898897202,0.0169843898897202,0.0166809540108751,commercial,10,autumn,0,5,71.56746355,357.83731775,0
13,2021-10-07,0.0168274742704295,0.0166809540108751,0.0166809540108751,0.0166809540108751,0.0166809540108751,0.0166809540108751,0.0173495074056919,0.0173495074056919,0.0177933073499631,0.0193397022295235,0.020699241320823,0.0220301530806454,0.0231190944318,0.0221958759295681,0.0198560589203261,0.0213186845694115,0.0207391923035849,0.0178295404186556,0.0179258710795543,0.0177507656187511,0.017151224094679,0.0174858401972021,0.0175390232327577,0.0170665974054798,commercial,10,autumn,0,5,71.56746355,357.83731775,0
13,2021-10-08,0.0173819794752809,0.0173819794752809,0.0171989994173637,0.0174067801016222,0.0174134377800738,0.0171997749036985,0.0175159038405289,0.0192492189658715,0.0316472279831975,0.0360272653042515,0.0391784307903553,0.0337144395225705,0.033641411694121,0.0402186346966427,0.0358935362578828,0.0349411756264902,0.0339980801649933,0.0230819039421655,0.0204901446852912,0.0200505508107467,0.0180245455615474,0.0180971381808101,0.0178526875297016,0.0175563737862638,commercial,10,autumn,0,5,71.56746355,357.83731775,0
13,2021-10-09,0.0175313221842867,0.0177955544268107,0.0170499604176156,0.0172935049749084,0.0169843898897202,0.0169362518423361,0.0175159176311348,0.0183340051087383,0.0235795713886532,0.0268386926829911,0.0269079526985974,0.0248882917442873,0.0232288669083536,0.0224293738182344,0.020564592120933,0.0220247383251295,0.0200867497627155,0.0176328341833638,0.017689300683737,0.0175126850873254,0.0171341081576313,0.017327488895637,0.017151224094679,0.0170499604176156,commercial,10,autumn,1,5,71.56746355,357.83731775,0
13,2021-10-10,0.017151224094679,0.0171778777550051,0.0170006349377883,0.0169843898897202,0.017151224094679,0.0169682440367617,0.0171580777526846,0.0187601913628347,0.02193957719852,0.0241899247703535,0.024188327659392,0.0225797721023482,0.0225525113974505,0.0226011432561308,0.0232626322192571,0.021360605529723,0.0210150538662683,0.018569660286525,0.0189948920395274,0.0181216084773334,0.0175164000228431,0.0184395532189696,0.0184947127850251,0.0172959067105011,commercial,10,autumn,1,5,71.56746355,357.83731775,0
13,2021-10-11,0.0186149439517462,0.0182113001139815,0.0171889215409719,0.0181052490138706,0.017625646134472,0.0171687962413769,0.0177464357083934,0.0222505075353666,0.037448845735252,0.0395602799295929,0.0389602874838791,0.0364825631665888,0.0331777503374852,0.0382660027615036,0.0404909525486417,0.0400966031808162,0.0389388276830528,0.0247079964636856,0.0225347280176297,0.0219776368340442,0.0195835702920254,0.0201360295284988,0.0198607898984748,0.0187197731895721,commercial,10,autumn,0,5,71.56746355,357.83731775,0
13,2021-10-12,0.0194265646343615,0.0197774716627172,0.019068118997268,0.0193144421307293,0.0197591416587874,0.0181680192588819,0.0196886802068529,0.0244109502325924,0.0396533431958052,0.0432171199780257,0.0447624931609716,0.0394839718552605,0.0369382807031002,0.0412998596103936,0.0408322372776078,0.0428092175279762,0.0414373956121452,0.0265852644144737,0.0225469217638581,0.0218667919124825,0.0200227321138713,0.020465914764606,0.0201668960941078,0.019084780760054,commercial,10,autumn,0,5,71.56746355,357.83731775,0
13,2021-10-13,0.020221267472318,0.0203294537249769,0.0191524076822583,0.0169117093914771,0.0170582296510315,0.0169917093914778,0.0172125375312805,0.0182072851290425,0.0289632223850711,0.0309181365624408,0.0307224857891122,0.0300797960862271,0.0282424799546654,0.0321576194843081,0.0317172263103788,0.0314255915513699,0.031043976079275,0.0221237880103725,0.0189810698667562,0.0185241259038296,0.0177018665230535,0.0178239473079714,0.0176764724213126,0.0174568972164214,commercial,10,autumn,0,5,71.56746355,357.83731775,0
13,2021-10-14,0.0174097894789976,0.0173819794752809,0.0171197749036978,0.0172151452703222,0.0172151452703222,0.0169917093914778,0.0173590718690758,0.0176730513578356,0.0216222759832854,0.0239093404122623,0.0239067579621329,0.0251705539354835,0.0250992516057999,0.0288121744528893,0.0267237428023763,0.0283118302826263,0.0266117445040019,0.0187254938465462,0.0181794051991694,0.0179841227498326,0.017701900713067,0.0178239633973895,0.0176764824771989,0.0173609345301409,commercial,10,autumn,0,5,71.56746355,357.83731775,0
13,2021-10-15,0.0172151452703222,0.0172151452703222,0.0169836407410174,0.0170582296510315,0.0170582296510315,0.0169917093914778,0.0173590859923982,0.0176867633575258,0.025164880713638,0.0321610116319545,0.031745112051966,0.0280731516597978,0.0273710135988401,0.0299959371175643,0.0300894451043031,0.0303857759656265,0.0273492714916796,0.0193300350377274,0.0181794475691368,0.0181604178150531,0.0177182787727994,0.0178239795383295,0.0176764925652864,0.0172837566930364,commercial,10,autumn,0,5,71.56746355,357.83731775,0
13,2021-10-16,0.0169843898897202,0.0169843898897202,0.0168123466836689,0.0168274742704295,0.0168274742704295,0.0166809540108751,0.0172125798970654,0.0173638922059014,0.0199999116213012,0.0216900770352867,0.0211183727349575,0.0188340484649867,0.017995985267284,0.0181749264312991,0.0179091023811198,0.0181858346519916,0.017992549517001,0.017468219029301,0.0176893988285127,0.017327488895637,0.0169204064611465,0.017151224094679,0.0169843898897202,0.0167675924009357,commercial,10,autumn,1,5,71.56746355,357.83731775,0
13,2021-10-17,0.0168274742704295,0.0168274742704295,0.0166809540108751,0.0168274742704295,0.0166809540108751,0.0166809540108751,0.0168546981534548,0.0168546981534548,0.0168886780287333,0.017226841411175,0.017415850853524,0.0172135161846298,0.0176927805855943,0.017702307619128,0.0175622284626536,0.0178800463914545,0.0178800463914545,0.0174831963207489,0.017327488895637,0.017151224094679,0.0170169786980233,0.017151224094679,0.0169843898897202,0.0168427058200403,commercial,10,autumn,1,5,71.56746355,357.83731775,0
13,2021-10-18,0.0172151452703222,0.0170582296510315,0.0169836407410174,0.0170582296510315,0.0170582296510315,0.0170201593062986,0.016592612653465,0.0173925638110538,0.0232743493445678,0.0268672537060548,0.0288814299453185,0.0250022777750025,0.0256387837266948,0.0277155310263964,0.0263861463435738,0.0284463478625503,0.026693100160591,0.0188456654606114,0.0181795753648554,0.0179842442967512,0.0177348242148141,0.0178240282224127,0.017352773168589,0.017194597474716,commercial,10,autumn,0,5,71.56746355,357.83731775,0
13,2021-10-19,0.0172151452703222,0.0172151452703222,0.0169401593062979,0.0170582296510315,0.0169117093914771,0.0169319844770929,0.0167598499723589,0.0174227822621384,0.0228301244540104,0.0267470119973875,0.0281736901912577,0.0256508495205099,0.0262666271351466,0.0300598032387129,0.0285439969611071,0.0284693291699254,0.0275369049037935,0.0190043755796846,0.0181796181499828,0.0179842748575564,0.0176061003596538,0.0178240445215089,0.0175096989748148,0.0172387283170929,commercial,10,autumn,0,5,71.56746355,357.83731775,0
13,2021-10-20,0.0172151452703222,0.0170582296510315,0.0169401593062979,0.0170582296510315,0.0169117093914771,0.0169917093914778,0.0172126368788954,0.0175543823759499,0.0279177099044673,0.0317598904278649,0.0307854762960798,0.0268595798924265,0.027057012194055,0.0298153655585674,0.029316133324237,0.0282568025583989,0.0271974243323484,0.0189842168682185,0.0180033962063335,0.0179843054699198,0.0174543582184596,0.0175003110238533,0.0173527935596452,0.0171372872520903,commercial,10,autumn,0,5,71.56746355,357.83731775,0
13,2021-10-21,0.0169117093914771,0.0169117093914771,0.0169117093914771,0.0169117093914771,0.0169117093914771,0.0169917093914778,0.0172126511844949,0.0176922920289481,0.0272008435396617,0.0321252732580157,0.0307064618000418,0.0263649747600463,0.0265203131264804,0.0293376966935924,0.0283478697284693,0.0272831631232358,0.0262659419473924,0.0185073587706732,0.0178366049181732,0.0178175019198171,0.0174109115259104,0.0175003273731098,0.0173528037779306,0.0171372974703756,commercial,10,autumn,0,5,71.56746355,357.83731775,0
13,2021-10-22,0.0169117093914771,0.0169117093914771,0.0169117093914771,0.0169117093914771,0.0169117093914771,0.0169917093914778,0.0172126655056878,0.0175575178819192,0.0260812740250713,0.0297155976227774,0.0300667228261741,0.0271972903388593,0.0259028706107519,0.0279160569037371,0.025926274868999,0.0255051353960555,0.0258531829926971,0.0183504641369033,0.017836647881752,0.0176606169887969,0.0173824963911295,0.0175003437401874,0.0173528140073541,0.0171373076997991,commercial,10,autumn,0,5,71.56746355,357.83731775,0
13,2021-10-23,0.0166809540108751,0.0166809540108751,0.0166809540108751,0.0166809540108751,0.0166809540108751,0.0166809540108751,0.017212679838233,0.0172254315440351,0.0179938248422766,0.0187482799555376,0.0197865161683053,0.0183187429161815,0.017826680766351,0.0176472280389424,0.0179959373257868,0.0178043652811974,0.0178075532076479,0.0172769748825547,0.0173280377770339,0.0169843898897202,0.0167824052799989,0.0169843898897202,0.0169843898897202,0.0167382846245571,commercial,10,autumn,1,5,71.56746355,357.83731775,0
13,2021-10-24,0.0168274742704295,0.0168274742704295,0.0166951248893238,0.0168274742704295,0.0168274742704295,0.0166951248893238,0.0170012756015204,0.0170012756015204,0.0168832052567869,0.0171581912208112,0.0173250254257699,0.0173314053757147,0.0176928663683611,0.0177024362932783,0.0175076701766727,0.0178801035799657,0.0178801035799657,0.0173079094887223,0.017327488895637,0.017151224094679,0.0168580408607743,0.017151224094679,0.0169843898897202,0.0168427058200403,commercial,10,autumn,1,5,71.56746355,357.83731775,0
13,2021-10-25,0.0170582296510315,0.0170582296510315,0.0169117093914771,0.0169117093914771,0.0169117093914771,0.0169917093914778,0.0172127085204006,0.0175269569992393,0.0232831698336303,0.0262172493490597,0.0280316816171938,0.0267944543353616,0.0249724485171292,0.0282554118733903,0.02710378461455,0.0275588181976836,0.0274293262318173,0.0185643256023215,0.0181798759318073,0.0179844589874311,0.0174989703749211,0.01765730851915,0.0175097603514397,0.017194669038276,commercial,10,autumn,0,5,71.56746355,357.83731775,0
13,2021-10-26,0.0170582296510315,0.0170582296510315,0.0169545460389606,0.0170582296510315,0.0169836407410174,0.0169917093914778,0.0172846542110693,0.0176735161847137,0.0264830975191708,0.0315448222724413,0.031647702695454,0.0277919187260204,0.0265845304593752,0.0286980315908755,0.0278486415594964,0.027098090465171,0.0275757008642802,0.0184579241366555,0.0180036541542344,0.0179844897184205,0.0175140283566806,0.0175004092897203,0.0173528549758121,0.0171373486682571,commercial,10,autumn,0,5,71.56746355,357.83731775,0
13,2021-10-27,0.0169117093914771,0.0169117093914771,0.0169117093914771,0.0169117093914771,0.0169117093914771,0.0169917093914778,0.0172127371970244,0.0175270348357895,0.022989067709431,0.0261055280831865,0.0273783116956259,0.0250276375396566,0.0247543962186331,0.0266595653748096,0.027939207705835,0.0273192092179007,0.0265204902798941,0.0185691083899645,0.0180036971607205,0.0178176862323804,0.0176221229489326,0.0176573412924343,0.0175097808347424,0.0172239972979573,commercial,10,autumn,0,5,71.56746355,357.83731775,0
13,2021-10-28,0.0172151452703222,0.0170582296510315,0.0169117093914771,0.0170582296510315,0.0170582296510315,0.0169917093914778,0.0173592717821958,0.0176735939791614,0.0237226551683441,0.0277658564181161,0.0287112845041778,0.0280876473102602,0.0242783901974167,0.024932814181498,0.0258538689952562,0.0222507417648302,0.0201770949984981,0.0181113311781737,0.0175334700537676,0.0175142810512859,0.0173827052894453,0.0169335325515989,0.0165586730270764,0.016143748728549,commercial,10,autumn,0,5,71.56746355,357.83731775,0
13,2021-10-29,0.0154037251448136,0.0143263490083621,0.0139414425359493,0.0138530461640571,0.0134108154787736,0.0132768041830027,0.0130995223387746,0.0139199134918109,0.0187698709510016,0.0195271963665646,0.0199166593098265,0.0199372743137212,0.0199236934479884,0.0206112509370799,0.0199157902112683,0.0204838293243737,0.0202697287250102,0.0180543097101058,0.0172728493577345,0.0169945518475794,0.0164886630451298,0.0162715967833297,0.0160817926840056,0.0147205952999398,commercial,10,autumn,0,5,71.56746355,357.83731775,0
13,2021-10-30,0.0136380610686031,0.01323040438114,0.012832175755301,0.0127493055744785,0.0127053836378186,0.0125465201428144,0.0127585174133273,0.0134851474249657,0.0144126728340499,0.0149031869345685,0.0152864472861993,0.0155384058276226,0.0162069567580256,0.0166778252115539,0.0168074357516194,0.0170371114430666,0.0164853888798182,0.0155749468211045,0.015216663904337,0.0144899520363723,0.0142790323119433,0.0138928826123891,0.0136706850098958,0.0137403020152397,commercial,10,autumn,1,5,71.56746355,357.83731775,0
13,2021-10-31,0.0139748710307723,0.0140085190537705,0.0133509897872063,0.0131071248070733,0.0130943374459163,0.0129450962589111,0.01316128448576,0.013265519215301,0.0131070140147092,0.0137877676963124,0.0147446585699234,0.0144449516771193,0.0160228211058783,0.0162217855417038,0.0162937709576859,0.0176865436869501,0.0175013474952617,0.0169331629832428,0.015834782481933,0.0156112438283493,0.0153961236785309,0.0156304685650749,0.0161561727331736,0.0166560996117429,commercial,10,autumn,1,5,71.56746355,357.83731775,0
13,2021-11-01,0.0169117093914771,0.0169117093914771,0.0169117093914771,0.0169117093914771,0.0169117093914771,0.0169917093914778,0.0172128086415479,0.0175272287566389,0.0198679463975785,0.0222472332523443,0.0217748341463319,0.0210115471153003,0.0203412089667464,0.0251313464679159,0.0237594697743211,0.0231658349999543,0.0226726810051163,0.0184149792129573,0.0176801616700415,0.0178178393277878,0.0174547753563299,0.0176574229433182,0.0173529162472542,0.01716585985452,commercial,11,autumn,0,5,71.56746355,357.83731775,0
13,2021-11-02,0.0170582296510315,0.0170582296510315,0.0169117093914771,0.0170582296510315,0.0169117093914771,0.0169917093914778,0.0172128228542395,0.0175272673339448,0.0223343291031533,0.0273415750939559,0.0261176004521011,0.0241684194251895,0.0235373316275034,0.0260283878215543,0.0260659229506146,0.0254653895976375,0.0253733325125547,0.0184150320029547,0.0180039541323658,0.0179847039885143,0.0174548098728667,0.0176574391863944,0.0173529263991767,0.0171374200916217,commercial,11,autumn,0,5,71.56746355,357.83731775,0
13,2021-11-03,0.0169117093914771,0.0169117093914771,0.0169117093914771,0.0169117093914771,0.0169117093914771,0.0169917093914778,0.0172128370316862,0.0175273058155857,0.0207770805807295,0.0243545970700348,0.0261350049999234,0.0268959175324028,0.0252639265829604,0.0263811222983177,0.024691846257571,0.0247753222170666,0.0243657539153626,0.0183511012334686,0.0178371624597471,0.0176609845445077,0.0173829129542683,0.0175005397698998,0.0173529365259244,0.0171374302183694,commercial,11,autumn,0,5,71.56746355,357.83731775,0
13,2021-11-04,0.0170582296510315,0.0169117093914771,0.0169117093914771,0.0169117093914771,0.0169117093914771,0.0169917093914778,0.0172128511696894,0.0175273441901659,0.0226386664679729,0.0265080413961044,0.0269913806455934,0.0259966686094684,0.0240449588064943,0.026867021522687,0.0286846997005422,0.0277853416138206,0.0268161987890029,0.0189691874385242,0.0178372048737567,0.0178179304595196,0.0174695856794796,0.0176574715469085,0.0173529466244981,0.0171658902317639,commercial,11,autumn,0,5,71.56746355,357.83731775,0
13,2021-11-05,0.0170582296510315,0.0170582296510315,0.0169836407410174,0.0170582296510315,0.0170582296510315,0.0169917093914778,0.0172128652640623,0.0175273824463209,0.0241462782681898,0.0291775103897534,0.0283296898059342,0.0303105683645355,0.0265819911242324,0.0306284463748049,0.0307297564469914,0.0287906260898328,0.0278751991782627,0.0197451799239046,0.0180040813618341,0.0178179606617473,0.0175295017781647,0.0175005720354725,0.017509872311198,0.017151621262801,commercial,11,autumn,0,5,71.56746355,357.83731775,0
13,2021-11-06,0.0166809540108751,0.0168274742704295,0.0166809540108751,0.0166809540108751,0.0166809540108751,0.0166809540108751,0.017212879310631,0.0172257450006604,0.0178289308945155,0.0198058385495679,0.0191615984521836,0.0191008184716294,0.0179420121757563,0.0178240342649806,0.0181310433983769,0.0179899319216248,0.0178079521524438,0.0175226280910179,0.0173282372494318,0.017151224094679,0.0169843898897202,0.0169843898897202,0.0169843898897202,0.0168274742704295,commercial,11,autumn,1,5,71.56746355,357.83731775,0
13,2021-11-07,0.0169843898897202,0.0169843898897202,0.0167528853604154,0.0168274742704295,0.0168274742704295,0.0166809540108751,0.0170013893885773,0.0170013893885773,0.0170013893885773,0.0178450204222159,0.0184523801775421,0.018271548267422,0.0183072397860122,0.0177315511854777,0.0182266422071266,0.0181253231914376,0.0186347444643365,0.0173251392128268,0.017151224094679,0.017151224094679,0.0168274742704295,0.0169843898897202,0.0168274742704295,0.0167528853604154,commercial,11,autumn,1,5,71.56746355,357.83731775,0
13,2021-11-08,0.0169117093914771,0.0161647388204736,0.0163464729277048,0.0140384594942187,0.0135791817399465,0.0127111955560041,0.0126665016362762,0.0124316865700454,0.0145782597559683,0.0152180657019852,0.0159850436054145,0.0164324150784596,0.0165033877689775,0.0159955540290789,0.0155170508733383,0.0159959037811574,0.0164048360760165,0.0137719697641128,0.0132988079368839,0.0128627203990385,0.0123261876172164,0.0124409616125414,0.01204761264915,0.0117136228451241,commercial,11,autumn,0,5,71.56746355,357.83731775,0
13,2021-11-09,0.0114316079481224,0.0114123812856787,0.0114374067614833,0.0114449276564378,0.0114268061281098,0.0114574033567988,0.0111099099083238,0.0109148655159873,0.0131852749807489,0.0143395101986959,0.0148311629386211,0.0149054414578815,0.0159641175250064,0.016526434901577,0.0164466021476143,0.0169921276731448,0.0166241307444957,0.0140841332151493,0.0133085934905245,0.0131649812337362,0.0125234554373365,0.0125121751986439,0.0123575386018533,0.0118894707677642,commercial,11,autumn,0,5,71.56746355,357.83731775,0
13,2021-11-10,0.0117073151193903,0.011679994250096,0.0115526561539852,0.0116234508232141,0.0116682706826229,0.0119718989198209,0.0116952323112074,0.0115623653638689,0.0139296044551998,0.0151691975986347,0.0156549332620863,0.0157357257480687,0.0166507242687584,0.0169447782382294,0.0167182401227407,0.0174168433294059,0.0174759393196249,0.0146269437720851,0.0139713952505599,0.0135551397948865,0.0128550816919042,0.0128834196926761,0.0124411164736702,0.0122589318275546,commercial,11,autumn,0,5,71.56746355,357.83731775,0
13,2021-11-11,0.0120396147624696,0.0119711545659608,0.0116708150377169,0.011694876367935,0.0118529192224356,0.0117149618568892,0.0117208725818832,0.0122236472765661,0.0147005457067827,0.0154633982635076,0.0165479655742745,0.017054508065695,0.0169555087476657,0.0174808597071505,0.0175815989089747,0.0176103153724376,0.0176096929924603,0.0152337784981123,0.0142309745568237,0.0137942626470719,0.0135606465595382,0.0137070500607983,0.0129548353221201,0.012720048177845,commercial,11,autumn,0,5,71.56746355,357.83731775,0
13,2021-11-12,0.012487697963327,0.0124156565619016,0.0121868728298635,0.0122786488810415,0.0122731083087863,0.0122038012985791,0.0121339712001708,0.0126074597498939,0.0152602195397103,0.0163529922922816,0.0174388456141179,0.0176930797123262,0.0174126623172367,0.0184695032778581,0.0187071305964732,0.0183171898428037,0.0177143981787252,0.0153631723857229,0.0146614567181312,0.0145642254543431,0.0139563503588972,0.0139005891606757,0.0137156180814579,0.0131151930438474,commercial,11,autumn,0,5,71.56746355,357.83731775,0
13,2021-11-13,0.0126572401176293,0.0126070272317623,0.0121790960704096,0.0119701938354813,0.0118968283814872,0.011784695311016,0.0124398763905297,0.0125324651515965,0.0135171267271758,0.0143275458123151,0.0146345320019912,0.0148971764428445,0.0145036301420903,0.0149164447830249,0.0146781066882202,0.0148564530435957,0.0147642584137553,0.013422167823664,0.0134311795451353,0.0128866067125617,0.0122912274197763,0.0124011593303551,0.0121503215650078,0.0121921826519001,commercial,11,autumn,1,5,71.56746355,357.83731775,0
13,2021-11-14,0.0120749010847791,0.0120174472783734,0.0117785702745637,0.0118829017365241,0.0116567103746061,0.0115957639326482,0.0115623246149562,0.0116136633480319,0.0121968925686948,0.0129528844832994,0.0132721044146394,0.0132735292144125,0.0137592955804655,0.0142770774988071,0.0139492313021301,0.0147025171163902,0.0142151500729587,0.0134690863699646,0.0130363904719116,0.0129160407574934,0.0121697127156503,0.0124390546224906,0.0122649783499648,0.0119921501637227,commercial,11,autumn,1,5,71.56746355,357.83731775,0
13,2021-11-15,0.0121076015096099,0.0126640535270352,0.0128070752399052,0.0130693352003402,0.0130818065967264,0.0126986333561621,0.0125206958305827,0.0130822867784805,0.0165171902314893,0.0169038750367937,0.0176415428987021,0.01804464479774,0.0182360574232548,0.0178817866976859,0.0187869144151981,0.0192451918753748,0.0188887661184878,0.016440198680796,0.0153879597442624,0.0144115542557262,0.0139155715766472,0.0134529394924693,0.013228202667906,0.0129673940645264,commercial,11,autumn,0,5,71.56746355,357.83731775,0
13,2021-11-16,0.0127450742816196,0.0124621029592414,0.0123342194204696,0.0121025279378899,0.012261718985277,0.0125284388739428,0.0124022521807074,0.0130625289095726,0.016572248538617,0.0173151784595704,0.0190309107926056,0.0198758628503704,0.0199257324714193,0.0202019506166599,0.0203409340285324,0.0201339949543267,0.0203364249824123,0.0181842457655631,0.0174443010142502,0.0168751550202019,0.0169320667850531,0.0165981221119371,0.0160839583860969,0.0158345427031834,commercial,11,autumn,0,5,71.56746355,357.83731775,0
13,2021-11-17,0.0150110938406433,0.014824662446044,0.0143804270745962,0.0147326787005037,0.0142848797850339,0.0143759943645155,0.0148866394146437,0.0158469451767198,0.0195907031297543,0.019978477344028,0.0199576353012111,0.0199560741207142,0.0199258403656369,0.020683906945527,0.0200838080763362,0.0202398702409689,0.0202260282392981,0.0181265345093778,0.0173713432257834,0.0167368289705823,0.0163458436800221,0.0160515065559741,0.0154787656586259,0.0148545063737846,commercial,11,autumn,0,5,71.56746355,357.83731775,0
13,2021-11-18,0.01412564776219,0.0139014810747264,0.013888081888499,0.0137446957022677,0.0137202425220937,0.013428346559835,0.0135296001610277,0.0142671621900586,0.0177209890741469,0.0192817572413046,0.0184389670696142,0.0196570734752166,0.0196225115957255,0.0200499813385218,0.0199696584939626,0.0198306835509903,0.0198663208659533,0.0181124124876357,0.0169866198775166,0.0162115244384273,0.0169505555001333,0.0165825681520658,0.016430962820008,0.0163779020428751,commercial,11,autumn,0,5,71.56746355,357.83731775,0
13,2021-11-19,0.0152127932435059,0.0146024657736307,0.0148917008931801,0.0146905118371326,0.0139451119927845,0.0141293932391672,0.0138885957067562,0.0145053898129901,0.0188727700472342,0.019902264024687,0.0198501948124824,0.0199480591274342,0.0197691381472103,0.0202250664552895,0.0199059180586404,0.0199772653479781,0.020012923175419,0.0181124609716741,0.0175343825792871,0.0175149328552285,0.0173834440005802,0.0172572149025051,0.0168738913176131,0.0171375864084611,commercial,11,autumn,0,5,71.56746355,357.83731775,0
13,2021-11-20,0.0166120737417328,0.0165963663039585,0.0166809540108751,0.016616501442769,0.0166809540108751,0.0167353543845913,0.0172130686470102,0.0172260425292563,0.0178008867005072,0.0178203475238764,0.0181172964615985,0.0180505426497458,0.0178277916485714,0.0180097443696982,0.0175842466003265,0.0174619883487239,0.0174652318192854,0.0169300878515474,0.0170046767615616,0.0168274742704295,0.0166809540108751,0.0166809540108751,0.0166809540108751,0.0166809540108751,commercial,11,autumn,1,5,71.56746355,357.83731775,0
13,2021-11-21,0.0166809540108751,0.0166809540108751,0.0166809540108751,0.0166809540108751,0.0166809540108751,0.016728579066164,0.0168549766621292,0.0168035066526658,0.0168549766621292,0.0170014969216836,0.0171584125409743,0.0170232190813207,0.0170079875317099,0.0170177234467494,0.0171167651036165,0.0170014969216836,0.0170014969216836,0.0170786848468755,0.0166809540108751,0.0166809540108751,0.0166809540108751,0.0166809540108751,0.0166809540108751,0.0166809540108751,commercial,11,autumn,1,5,71.56746355,357.83731775,0
13,2021-11-22,0.0169117093914771,0.0169117093914771,0.0169117093914771,0.0169117093914771,0.0169423381753755,0.0170296448333057,0.0158381782963403,0.0156238448011169,0.016967140277501,0.0175101064390395,0.0170107835097994,0.0163522712494516,0.0160984246436639,0.0151008548025153,0.0150141635152433,0.0148398051102644,0.0148724742475796,0.0132082165506575,0.0122462311243082,0.0121779876813982,0.0117268204841074,0.011627394203973,0.0116424398128455,0.0112129517716473,commercial,11,autumn,0,5,71.56746355,357.83731775,0
13,2021-11-23,0.0115122842934308,0.0133813671167657,0.0135796915537735,0.0151361412705496,0.0159035814474716,0.016167362749953,0.0142720907840863,0.0134375774865353,0.0120444615863759,0.0129065545601031,0.0130169912661163,0.0128315225184249,0.0132569543872985,0.0135168330783429,0.0131160566209033,0.0135937297542167,0.0136025561171604,0.0117312231702575,0.0115881930015138,0.0116150245046172,0.0116114144498945,0.0123338098683374,0.0142086902676328,0.0148243120755661,commercial,11,autumn,0,5,71.56746355,357.83731775,0
13,2021-11-24,0.0158523985619336,0.0163185949090249,0.0170027171975614,0.017046822911792,0.0173568437960993,0.0179999788050173,0.0160639742191467,0.0109045646809783,0.0131579271677343,0.0137270390007862,0.0142563730251604,0.0148238006973873,0.0157662959167625,0.0159424125348364,0.0160601029496435,0.0160489624735626,0.0164310177019064,0.0139242613270347,0.0130052116114123,0.0122867811678423,0.0122195914997447,0.0120252558975967,0.0118807109829294,0.011576968492145,commercial,11,autumn,0,5,71.56746355,357.83731775,0
13,2021-11-25,0.0114925263656875,0.012366053484622,0.013488048286617,0.0143212893797184,0.0148913694679771,0.0148536828801469,0.0134905619938781,0.0116282136782949,0.0141432211400409,0.0158516429704767,0.0165385254106354,0.0165814207239777,0.0171754291597293,0.0180860800653595,0.0174338905329926,0.0178505824083147,0.0181305523454341,0.0151805522521465,0.0143633127204073,0.0136631258428776,0.0133042867739537,0.0127098685651457,0.0127146866428481,0.0123618144445104,commercial,11,autumn,0,5,71.56746355,357.83731775,0
13,2021-11-26,0.0121115347658792,0.0115898026427095,0.0117061475734653,0.0115219028697799,0.0116474363756964,0.0116400504145833,0.0114966613403991,0.0120638293892635,0.015280531608847,0.0166129320220724,0.0171403229869326,0.0172861978347914,0.0174239195731127,0.018306861721492,0.0186449482290971,0.0190070712807801,0.01901437980163,0.0155707548327801,0.0149500804944959,0.0142436904919922,0.0137708934587903,0.013842814705127,0.0130229337855797,0.012757098973892,commercial,11,autumn,0,5,71.56746355,357.83731775,0
13,2021-11-27,0.0121304542653905,0.0119897463026267,0.0119880147443475,0.0119016081779511,0.0115917099029756,0.0115104613026475,0.0117878389388661,0.0118497396863567,0.0132217259741867,0.0139733628348433,0.0142451418208409,0.0143078443091141,0.0143637611263452,0.014807597961144,0.0143459445346909,0.0152147886137121,0.0147020342271958,0.0134829024453478,0.0133646205083753,0.0128139031370418,0.012332441282175,0.011896442649516,0.0120223040295946,0.0117906925992846,commercial,11,autumn,1,5,71.56746355,357.83731775,0
13,2021-11-28,0.0117225098178436,0.0116887915537666,0.0118636660091654,0.0116474942495576,0.0115267649811746,0.0117390675371403,0.0116410644709595,0.0111342151105254,0.0118681000806523,0.0128544958321123,0.0132539850083251,0.0132693984327662,0.0141404831969607,0.0142159731126344,0.0139763676917689,0.0146342805951406,0.0146355602211081,0.0137409381039363,0.0133013873885504,0.0129283823943703,0.0127301706860065,0.0129466420619426,0.0127197510595877,0.0125502176775129,commercial,11,autumn,1,5,71.56746355,357.83731775,0
13,2021-11-29,0.0123701735905909,0.0123166119598976,0.012396859387186,0.011915127759687,0.0117854249907685,0.0118218754010428,0.0116771275365336,0.0122981612515977,0.0164501191843985,0.0178070672488013,0.0184741779820385,0.01987696156675,0.0197701493379507,0.0202032129716493,0.0201380257543518,0.0203016005984457,0.0203374535679593,0.0178628913732256,0.0157699732165234,0.0151452963487685,0.0149696085311263,0.0149465724999466,0.0151010361198442,0.0142172059294112,commercial,11,autumn,0,5,71.56746355,357.83731775,0
13,2021-11-30,0.0138041578892176,0.0136587787952962,0.013291599193707,0.0132877498329434,0.0132297079431428,0.0126255675775958,0.012711370355252,0.0135500375154151,0.0172971483881262,0.0191754286730864,0.0183919424757725,0.0188564489963796,0.0191718372336754,0.0198415460829901,0.0196363359905066,0.0189540845277627,0.0176167664879611,0.0159919699450558,0.0137505048782838,0.0133000703375958,0.012715596177207,0.0128299228258166,0.0127613826232083,0.0133424586964066,commercial,11,autumn,0,5,71.56746355,357.83731775,0
13,2021-12-01,0.0146312277827421,0.0147005106005441,0.0146646058458664,0.0141669347317679,0.0137652695192336,0.013443070779366,0.0134184257635172,0.0137753518095813,0.0166062149740233,0.0178878386159007,0.0180987162432435,0.0191243256295376,0.0195463671814364,0.0198999565226901,0.0198347028498794,0.0196352229278236,0.0198673296862848,0.0173630302720823,0.0156535972850647,0.0152282869833018,0.0144894936515338,0.0141642229449708,0.0137149563494975,0.0128080680571762,commercial,12,winter,0,5,71.56746355,357.83731775,0
13,2021-12-02,0.0121424425394049,0.0119470383088168,0.0119019464616037,0.0116089978268927,0.0115419728301847,0.0115881267334534,0.0113331237973466,0.0113915079505656,0.0137485615067279,0.0146245550350077,0.0151639860672466,0.0162366187389659,0.0173804737156273,0.0178731442710215,0.0183809100011946,0.0194829635716408,0.0190336387247719,0.0166255466169201,0.0161931408527792,0.0153246848675092,0.0142182619907513,0.0138707515873567,0.0134521194251083,0.0138821821813185,commercial,12,winter,0,5,71.56746355,357.83731775,0
13,2021-12-03,0.0131752764885317,0.0127467479889934,0.0125878058571315,0.0125177206374056,0.011922374298661,0.0117881533989978,0.0115746285766322,0.0117917112525629,0.0145767075384513,0.0159870993053723,0.0168188107879212,0.018274934726397,0.0184375962275219,0.0193857590657615,0.0198348129517066,0.0197841374538159,0.019820745638021,0.0174215110927681,0.0169392796881176,0.0156922999787599,0.014825068368605,0.014756598359352,0.0144891596205862,0.0140830883371074,commercial,12,winter,0,5,71.56746355,357.83731775,0
13,2021-12-04,0.0134690246986355,0.0130929631592268,0.0132844055533921,0.0129752427693218,0.0129111453500148,0.0126835702171786,0.0124713240258701,0.0116105137191874,0.012536777539568,0.0133563731528753,0.0138146707643289,0.0141722578794483,0.0137474038208063,0.0136453097916969,0.013851749022568,0.0138742614153369,0.0134220656519185,0.0126377243558334,0.0124008144910135,0.0119796616366029,0.0117740076065001,0.0116160522559664,0.0115035518647889,0.011475076956125,commercial,12,winter,1,5,71.56746355,357.83731775,0
13,2021-12-05,0.0119549190026256,0.0126028347957963,0.0132348109240488,0.014163893540671,0.0152677203981081,0.0148816252039365,0.0147916507214825,0.0120918204207465,0.0109292389252504,0.0110813975331793,0.0114936139253669,0.0113944998546258,0.0118080636645839,0.0121048166815941,0.0119419115083332,0.0121339121283103,0.0118458197450192,0.0120187514928394,0.0131408487763211,0.0139937268806966,0.0152803917856682,0.0160879921866225,0.0164316107031338,0.0166416083264962,commercial,12,winter,1,5,71.56746355,357.83731775,0
13,2021-12-06,0.0165996919715219,0.0162075082454333,0.0169980482100378,0.0172009902865907,0.0174133910645078,0.0176114525051407,0.0156562919513873,0.0111560420154365,0.0134046710293532,0.0142627706720428,0.014764240789834,0.0155327710178039,0.0162200829993377,0.016662568545139,0.0171600519679186,0.017666340042433,0.0175580594597122,0.0159024471702135,0.0145571574074261,0.0138831127569375,0.0130911933653771,0.0129832082459783,0.0126711667976057,0.0122628731817718,commercial,12,winter,0,5,71.56746355,357.83731775,0
13,2021-12-07,0.0120342923322145,0.0119867199570465,0.0126050181857426,0.0132278569444411,0.0138632081139969,0.0144636169136844,0.0131540422202847,0.0120567478314793,0.0147153716912369,0.0153580068526243,0.0161435383592745,0.0158440818880382,0.0167241035313201,0.0163881984888391,0.0164687881622019,0.0165353373210811,0.0165509117820787,0.0145715441047669,0.0131760344580792,0.0132815795546809,0.0124884110854898,0.0121990920195123,0.0117769995322,0.0119080778584208,commercial,12,winter,0,5,71.56746355,357.83731775,0
13,2021-12-08,0.0117397510607718,0.0115698366815196,0.0115161310867971,0.0122702506858246,0.0135327733229249,0.0141910540532111,0.0130073897839549,0.0112975766099985,0.0135782718922115,0.0144302464219194,0.0148312860451033,0.0146475235899237,0.015183667778384,0.0155729428400181,0.0153814006476322,0.0156775769318884,0.0156683663397176,0.0133727415932352,0.0128101893391612,0.0123855627706462,0.011830144092367,0.0115716960023071,0.011520396847422,0.0112981916130633,commercial,12,winter,0,5,71.56746355,357.83731775,0
13,2021-12-09,0.0129905990487737,0.014186329706869,0.0154319142656317,0.0168189427451564,0.0175640336779608,0.0189370045526638,0.0162041045952764,0.0100516309079493,0.0117955856272659,0.0125801415793514,0.0130628771184048,0.0136649096151256,0.014290895792152,0.0146193922303309,0.0150078116527177,0.0151252074927882,0.0147094962414049,0.0128166438313226,0.0119818971929419,0.0116968529231723,0.0113604549558736,0.0112345459220112,0.0120084486773842,0.0133824022166569,commercial,12,winter,0,5,71.56746355,357.83731775,0
13,2021-12-10,0.0153715602792765,0.0154859694678853,0.0166098046730189,0.0173967572109252,0.0179529353597351,0.0190243881415085,0.0161803569596967,0.0102678983678007,0.0127721537782437,0.0140026504581851,0.0148857991703752,0.0154533286607995,0.0159244834141742,0.0152394208744756,0.0158289406804555,0.0160415660187196,0.0156584674712872,0.0140342412868446,0.0127827930864966,0.0129124049447017,0.0124580504552674,0.0123642066016485,0.0122101499710792,0.0120620228031616,commercial,12,winter,0,5,71.56746355,357.83731775,0
13,2021-12-11,0.0116585974115251,0.011622916817622,0.011947637117268,0.0127190610789016,0.0139454033697299,0.0147215538073214,0.0131541566144439,0.011315062944342,0.0119025676028353,0.012462107234441,0.0130500043360173,0.0131963356245655,0.0129503858676092,0.0131615680274943,0.0131865372155467,0.0128211071836393,0.0126811983362808,0.0121815476985106,0.0122396832804188,0.0120786525970788,0.0115658911495966,0.0116568420128324,0.0115471472195159,0.0128434887988134,commercial,12,winter,1,5,71.56746355,357.83731775,0
13,2021-12-12,0.0133266969957861,0.0138696053939347,0.0145521078563127,0.0145594537694054,0.014897169597836,0.0160790515666475,0.0154343302920923,0.0141881642877137,0.0147602941649089,0.0136536078767018,0.0135630974548297,0.0131700361539158,0.0121394198436904,0.0118425906522879,0.0123936916673117,0.0127699753337041,0.0131640736698249,0.0136990269694948,0.01443868366717,0.0150153485221582,0.0157143818242963,0.0152849386630142,0.015446447130216,0.016049833800554,commercial,12,winter,1,5,71.56746355,357.83731775,0
13,2021-12-13,0.0158686447503717,0.0159037993172731,0.0160244306768192,0.0160920117191188,0.0160690745636991,0.0164565474925259,0.0147767314106834,0.0138979849573441,0.014447372289458,0.0150875419619915,0.0147309626049856,0.0153611339852747,0.015875274505288,0.0165447102020521,0.0165029435758641,0.0169090854027609,0.0174282747358513,0.0148052601669563,0.0140960356200171,0.0138846015062752,0.0136492282424201,0.0128996319350158,0.012649515250865,0.0132790149108078,commercial,12,winter,0,5,71.56746355,357.83731775,0
13,2021-12-14,0.0134391814959178,0.0143210971761497,0.0145190203858232,0.0143568948400953,0.0150659483930822,0.0153270050088606,0.0142255549351254,0.0127757274995402,0.0156775329075599,0.0167999275901303,0.0173127353508295,0.0178346365987898,0.0189929591709426,0.0184352623676431,0.0186564310474791,0.0198320794649005,0.0195625664984928,0.0172148224351789,0.0157493020064302,0.0155133942992516,0.0146040852191827,0.0144475788262559,0.0141650256213591,0.0141684229765387,commercial,12,winter,0,5,71.56746355,357.83731775,0
13,2021-12-15,0.0142354263783336,0.0133495407016349,0.0138353868687346,0.0131578520489993,0.0128864090569899,0.0135668277112441,0.0129001614426223,0.0130545228118592,0.0165534335013409,0.0171095674689062,0.0185118632821258,0.0184735853768863,0.0189964349726652,0.0189803605544097,0.019359841614601,0.0198321228231615,0.0198682398955151,0.0175312238505138,0.0156203857207389,0.0145210859345457,0.0145046942323558,0.0132469667887558,0.0125431889440265,0.0127425186770171,commercial,12,winter,0,5,71.56746355,357.83731775,0
13,2021-12-16,0.0117593301646652,0.0113451872460793,0.0115451153042843,0.012396758154766,0.0135871115419853,0.0139946758729696,0.0128586278985342,0.0108615059021805,0.0129829968368509,0.0129194824750782,0.0133698007270563,0.0131662336498773,0.0138603688716992,0.0137306256119554,0.0132430128542292,0.0133366746997869,0.01290947772964,0.0112760686443835,0.0109884098139509,0.01104325582333,0.0120816559328196,0.0137635324671437,0.0172822245745922,0.018295299044449,commercial,12,winter,0,5,71.56746355,357.83731775,0
13,2021-12-17,0.0192197757293413,0.0207808432485969,0.0204892562670493,0.0216037159518745,0.0220282053505855,0.0224328555419681,0.019077993366578,0.0168456521250132,0.0108749625078809,0.0111566250562374,0.0112486558587052,0.011656738680604,0.0119794357572517,0.0116891234535817,0.0118016923987348,0.0117126545372469,0.0116585805198845,0.0137714274037855,0.0176609854725382,0.0174467937068357,0.0186135853605493,0.0196170744782643,0.0236737648442475,0.0242513087939876,commercial,12,winter,0,5,71.56746355,357.83731775,0
13,2021-12-18,0.027114183388828,0.027511940662768,0.0280733776549958,0.0296279857102964,0.0300606998684212,0.0306868773508546,0.0260777957176292,0.0194518468160406,0.0107834634791508,0.0106297133068059,0.0123622605326972,0.0133334913612179,0.0148972132774655,0.0150092920077121,0.0155106690095626,0.015813236135347,0.0171584690855002,0.0190136201368108,0.0213804656321384,0.022782711747675,0.0230908943711086,0.0231581381792143,0.0235052270579683,0.0251974626333099,commercial,12,winter,1,5,71.56746355,357.83731775,0
13,2021-12-19,0.0261118974071251,0.0263450739820649,0.0281529164790449,0.0281349359139841,0.0284148626540763,0.0301612059601706,0.0296701781448236,0.0209358857329181,0.0147671708018673,0.0147766145455367,0.0178168743097878,0.0181283455923875,0.0168946059145512,0.0168695813715511,0.0174743283535029,0.0172195597974869,0.0182454180569592,0.0197735013594849,0.0201855283723683,0.0202636930829749,0.0209801708961365,0.0210873149746126,0.0213095069698788,0.0224074755916821,commercial,12,winter,1,5,71.56746355,357.83731775,0
13,2021-12-20,0.0218683065309201,0.0228121720604094,0.0229253197859967,0.0238400783604763,0.0251093322728348,0.0239744892360965,0.0217101827170815,0.0131342447052356,0.0114403929292094,0.0122869532010807,0.012758806223075,0.0130286291427752,0.0139323627214164,0.0143567218220337,0.0142383682959209,0.0152088822164576,0.0148966101787397,0.0124905647791918,0.0116489102057473,0.0120589190048442,0.01303179182348,0.0140090056335081,0.0170263128362226,0.0166856409495522,commercial,12,winter,0,5,71.56746355,357.83731775,0
13,2021-12-21,0.018758083565288,0.019668053729895,0.019737673121133,0.0213114051118058,0.0217271321185505,0.0217292373515066,0.0196784541792449,0.0113988328446102,0.0119589427842766,0.0124769580963917,0.0133311322571107,0.0138729750920182,0.0145024968252421,0.0149476791805496,0.015057261365882,0.0150235188409426,0.0146062650052176,0.0126443349142337,0.0118239510392485,0.0115418931657057,0.0110500320710887,0.0116804072557656,0.0139726923963766,0.0150437912401499,commercial,12,winter,0,5,71.56746355,357.83731775,0
13,2021-12-22,0.015999920718332,0.016875332263862,0.0173763544024095,0.0176924783269322,0.018582212130188,0.0188574271316541,0.0163066307033511,0.0118130532362797,0.012399016523546,0.0137401485251573,0.0146261075675283,0.0146727346478479,0.0156841214927838,0.0159042347658958,0.0159061648942763,0.0167801324002991,0.0160349440135187,0.0139714616742405,0.012326097502747,0.0119799934335906,0.0118808799429235,0.0114546432161594,0.0116350719164046,0.0114660369685309,commercial,12,winter,0,5,71.56746355,357.83731775,0
13,2021-12-23,0.0123579986723542,0.0130190910884169,0.0140267004382797,0.0147438339895784,0.0146193828320786,0.0150917622044727,0.0136657379462261,0.0115235728682177,0.0137983871630488,0.0145172872902565,0.0149988512926953,0.0154888532583306,0.0163484951752389,0.0162527826275988,0.0175015747958634,0.0166840503794072,0.017845209513691,0.0157625967157271,0.0139355731306071,0.0140905608159375,0.0139552873338142,0.0138744969264562,0.0128314716938655,0.0126093020149954,commercial,12,winter,0,5,71.56746355,357.83731775,0
13,2021-12-24,0.0121178933879142,0.0125677424724039,0.0120470775330553,0.0126008199906175,0.0136599345088381,0.0135335814092629,0.0127965539076623,0.0117177479988761,0.0146425330896901,0.0164757423513426,0.0176716313905194,0.0176674598834742,0.0182158343893838,0.0174585216467369,0.0172361179017269,0.0181079460732865,0.0181612452517744,0.0150817374913654,0.014382123094213,0.0139584120061375,0.013138233690542,0.0129779819333233,0.0127332524283274,0.0123027574481258,commercial,12,winter,0,5,71.56746355,357.83731775,0
13,2021-12-25,0.0116302321997252,0.01133747470821,0.0113489130652625,0.0112046908262362,0.0116388830380933,0.0124082124841949,0.0115961166285622,0.0104257288489038,0.0117838546310962,0.0121808186861477,0.012443431650856,0.0125598872546628,0.0126357607894512,0.0128693558431142,0.0129673704527681,0.0131468634865207,0.0127712877708177,0.0120964043997203,0.011769914219617,0.0113476594379097,0.0112493620954631,0.0125611338454101,0.0131776365120262,0.0133783313463695,commercial,12,winter,1,5,71.56746355,357.83731775,0
13,2021-12-26,0.0144839795002304,0.0150199283010947,0.0151541590777289,0.0153148178993782,0.0156597216434674,0.0163768093847338,0.016315054259923,0.0124051067565544,0.0105756369203625,0.010816251056539,0.0111429251973035,0.0115104704968083,0.012662200418985,0.0130921560499287,0.0130112763781632,0.0125649193107442,0.0121257158507508,0.0121619635078028,0.0120633641491638,0.012977810168851,0.0141505914901015,0.0149770638626341,0.0153783629572029,0.0163203456991985,commercial,12,winter,1,5,71.56746355,357.83731775,0
13,2021-12-27,0.0163738877143096,0.0166101687699857,0.0169262234302414,0.0170496509702595,0.0172640546153406,0.0176190368264088,0.0158051844767294,0.0109143720225254,0.0140308531821019,0.01501875742408,0.0162771154410997,0.0160610908345576,0.0173200598921651,0.0170595016150049,0.0163365496894728,0.0173774306671368,0.0174403879162235,0.0147706365589452,0.0142037532656538,0.0135015016790034,0.0127830111909613,0.0138710276656393,0.0136671792021357,0.0124740831666643,commercial,12,winter,0,5,71.56746355,357.83731775,0
13,2021-12-28,0.0123761928665135,0.0122938399703285,0.0120785641464788,0.0121617632784592,0.012244502968756,0.0134124765658727,0.0120735608024441,0.0123697502270773,0.0143750384739641,0.0158241399262825,0.0160187125981389,0.0163180397262639,0.0174455154208338,0.0166310795835944,0.0163169959972497,0.0169288496576363,0.0176274495828253,0.0152232497813574,0.0146183808719204,0.0140128955736072,0.0127220883533499,0.0126368455880849,0.0127438772659823,0.0121398308706077,commercial,12,winter,0,5,71.56746355,357.83731775,0
13,2021-12-29,0.0122363236707231,0.012233397314056,0.0122484666254187,0.0126225998982526,0.0131344023816538,0.0137483903947473,0.0127534301772189,0.0121717479254106,0.0151251637498603,0.0166445315886481,0.0178663005194812,0.0181367451790912,0.0188065121624502,0.0192009301131936,0.0191702805287407,0.0196549697044708,0.0198689162350548,0.0167939204229665,0.0158998431404829,0.0156052931432543,0.0142947893163565,0.0140283920349887,0.0133868322860013,0.0129810244874964,commercial,12,winter,0,5,71.56746355,357.83731775,0
13,2021-12-30,0.0129287525110968,0.0128186338707135,0.0125748917126854,0.0125591011651348,0.0125619030102624,0.0123444689989087,0.0126855617565954,0.0129088698808969,0.0153978975578884,0.0172078697693674,0.0174238683847836,0.0176591588465294,0.0194832052614395,0.0195969152251251,0.019247980021033,0.0198569136547795,0.0200154747308259,0.0167149471584835,0.0157901154430483,0.0155526192937057,0.0142840092096044,0.013686153163211,0.0127357451437731,0.0122714867647422,commercial,12,winter,0,5,71.56746355,357.83731775,0
13,2021-12-31,0.0118358954778151,0.0117264798292339,0.0116122929354031,0.0115510195168333,0.0113899381258741,0.0115969484095868,0.0112680646758812,0.0113365931280626,0.013488204750247,0.014044197052385,0.0145461430052275,0.0147089194852559,0.015262856568057,0.0160835981537633,0.0159868572923706,0.0161708905248781,0.0161992154138756,0.0140108189539894,0.0129788460207236,0.0128211277793934,0.0122506474559495,0.0122180118416336,0.0115764712916721,0.0114403001282441,commercial,12,winter,0,5,71.56746355,357.83731775,0
14,2021-01-01,0.0125419766538881,0.0133383045923464,0.0138269498088234,0.0146445887516652,0.0152274872592958,0.0153375569769674,0.0151721036800595,0.0112614102862386,0.0126798479613495,0.0137846932015782,0.0138911748784684,0.0138362285313436,0.0132337620006274,0.0142426909597876,0.0141613218203164,0.0137060356428274,0.0139675718388402,0.0133474901811183,0.0135882210862341,0.0132017682341727,0.0125858695028015,0.0136729351487632,0.012772195902732,0.0130315835368047,commercial,1,winter,0,3,103.6620464,310.9861392,0
14,2021-01-02,0.0126342199259217,0.0137530595617607,0.0141534827100162,0.0144740337477434,0.0147739788068075,0.0153964263631091,0.0152293383199641,0.0129833858418546,0.014470159905964,0.0150076096133732,0.0158932230784841,0.0153914561978932,0.0149798559877949,0.0150697008319874,0.0142971421102259,0.0146438893060452,0.0144434096128039,0.0131297605173492,0.0138911951425843,0.0130616051708157,0.0127365439681804,0.0131167242759413,0.0129325739828551,0.0128934434955093,commercial,1,winter,1,3,103.6620464,310.9861392,0
14,2021-01-03,0.0129049926705584,0.0129548346113537,0.0136313147460372,0.0140738670434558,0.0147711440617833,0.0152691427219087,0.014936586504282,0.0140901313695915,0.0144701262758451,0.0149400954953264,0.0153674398303305,0.0152569469091337,0.0137319003865354,0.0135913563226511,0.0143446523601158,0.0141692956776684,0.0138149736940552,0.0136011935939127,0.0127895131931997,0.0125497886907822,0.0127174439319768,0.0128139839023401,0.0131079581646744,0.0137460705946273,commercial,1,winter,1,3,103.6620464,310.9861392,0
14,2021-01-04,0.0138844932108275,0.0146294638719516,0.0150661183469268,0.0152050128140786,0.0158893309574965,0.0163422496337586,0.0146964334035413,0.0125265033575484,0.0141503304827547,0.0147433497254342,0.0156500563915504,0.0155538311046985,0.0161457073327753,0.0168146108592828,0.0169572827270968,0.0171775313101215,0.0171964331841202,0.0138155739151672,0.0124572352802368,0.0123467442186414,0.0117502678206742,0.0115633883621387,0.0115785515199413,0.0117537457547597,commercial,1,winter,0,3,103.6620464,310.9861392,0
14,2021-01-05,0.0134387702240225,0.0147998419604244,0.0151625199268817,0.0164595140084012,0.0171240816316219,0.0176224909125309,0.0152682408964046,0.0133820307251238,0.012986117260751,0.013905617711822,0.0144645569948745,0.0148818922296815,0.0157037543217492,0.016511376055772,0.016404468019645,0.0167474385867023,0.0167861739059106,0.0136068065574745,0.0127648366874839,0.0121142505174703,0.0117005780374904,0.0115762581993388,0.0116145318199128,0.0122668011502233,commercial,1,winter,0,3,103.6620464,310.9861392,0
14,2021-01-06,0.0143451182644035,0.0151036591972617,0.0160965263618238,0.0170867472173915,0.017891925092368,0.0188372605962015,0.0156125260907764,0.0132152941997278,0.0129487507339313,0.0138906653571242,0.0143651060795873,0.0142197101402799,0.0152237756238694,0.0158028115362747,0.0154974755668378,0.0157372425416968,0.0157472743840802,0.0124804775810417,0.011720763753622,0.0116567109781731,0.0113699160547215,0.0123991903592459,0.0150493329456538,0.0164501340592111,commercial,1,winter,0,3,103.6620464,310.9861392,0
14,2021-01-07,0.0176732134235402,0.0190718979337094,0.0195260617124832,0.0207381208989266,0.0211525756905612,0.0215770213988823,0.0185242669894949,0.0124232667270085,0.0128279075095796,0.0132149654435654,0.014065421971947,0.014057809614459,0.015276633743511,0.015590897770503,0.0152489713127991,0.0157935502267116,0.015838297577681,0.0127236886156092,0.0117524158843002,0.0115887916435651,0.0112899151844918,0.0115803916538041,0.014069106598799,0.0155907789641648,commercial,1,winter,0,3,103.6620464,310.9861392,0
14,2021-01-08,0.0164854408740816,0.017904690514675,0.0191446704774347,0.0196572921506664,0.0211514382796439,0.0214587898548546,0.0189696917592058,0.011469901449434,0.012399100782976,0.0128104623724594,0.0136622523309032,0.0139336825604764,0.0149545870663514,0.0156508484205929,0.015540193314734,0.0158193203355407,0.0158517230513568,0.0128442628587655,0.0115354123844757,0.0115604150570986,0.0112629143561927,0.0114204533872567,0.0148223394775435,0.0152525337183804,commercial,1,winter,0,3,103.6620464,310.9861392,0
14,2021-01-09,0.0178861487814232,0.0185643435626221,0.018667442952807,0.0188802224081159,0.0202981859440375,0.0209364148589462,0.0178479224183646,0.0111370538805173,0.0100573429292777,0.0107532456692442,0.0113810352364361,0.0113537414061579,0.0109359687593604,0.011487020792591,0.0115537401850758,0.0111315630956565,0.0113983186850017,0.0128997239794568,0.0145992752127054,0.0163754014810226,0.0166505328527665,0.0169924026345759,0.0172683953245353,0.0182262700820498,commercial,1,winter,1,3,103.6620464,310.9861392,0
14,2021-01-10,0.0181501991567545,0.0187259620742648,0.0187020049170889,0.0190701832570393,0.0187954092229864,0.0187610636133134,0.0190586381338948,0.0153092105029066,0.0145116671655363,0.0134897924265472,0.0128905120137149,0.0138139363158793,0.0121369966574332,0.0117343509261069,0.0134413883491988,0.0140101976800046,0.0142250026335764,0.0149664025905643,0.0157106475339712,0.0162058311761316,0.0161183930654605,0.0163219233706186,0.0164308837075979,0.0167135768075054,commercial,1,winter,1,3,103.6620464,310.9861392,0
14,2021-01-11,0.0163762729298736,0.0168043396679654,0.0169717178888865,0.0169324857349735,0.0175290953464101,0.0175773895844762,0.0157843271003952,0.0131511337783298,0.0149033217236632,0.0155866041546262,0.0160950070886674,0.0160397224350479,0.0164881236210913,0.0168745057301312,0.0166148029005864,0.0167246852517509,0.0167555360731627,0.0139380092896826,0.0127826725864098,0.0126656528656421,0.0125175837289362,0.0122908425934543,0.0121320206253724,0.0117258055231987,commercial,1,winter,0,3,103.6620464,310.9861392,0
14,2021-01-12,0.0114606002509462,0.0115430257895168,0.0118769857720737,0.0121384625747997,0.0126124139471957,0.0133923336881201,0.0121846006046267,0.0116571762130209,0.015614955275449,0.0165619074241709,0.0177613551611808,0.017696437422643,0.0185723477006629,0.0184576412855333,0.0188488990043997,0.0185982458770487,0.0186274918017409,0.0159310275622279,0.0134036992117958,0.0122682285379484,0.011884095139014,0.0117021302712511,0.0115620625732893,0.0113414245658251,commercial,1,winter,0,3,103.6620464,310.9861392,0
14,2021-01-13,0.0112794150530795,0.0113282161371168,0.0119679453101139,0.0128358754112814,0.0135499774578335,0.0146427983561889,0.0130939734875205,0.0108274542791357,0.0145820063104038,0.0150505209718263,0.0159821321420327,0.0164244000820593,0.0171329610683989,0.0193433918630263,0.0182168049966996,0.01741256778974,0.0169902082885314,0.0152137756689476,0.0138742548191792,0.012949592612162,0.0124084736724229,0.012512427168627,0.0118952811314759,0.0121043211084769,commercial,1,winter,0,3,103.6620464,310.9861392,0
14,2021-01-14,0.0112709023378789,0.0114157008215173,0.0114643780579666,0.0119013235197972,0.0126190995703061,0.0139279932536096,0.012314368724474,0.0108123740670199,0.0145268710447395,0.015027479182204,0.0155123049331706,0.0161471254911229,0.01675794613235,0.0182623627999742,0.017751448808314,0.0170576761397534,0.0180866207087564,0.0152083112417947,0.013461487801033,0.0132680442273622,0.0125252774347587,0.0124990158622337,0.0122383443227901,0.0118685640013629,commercial,1,winter,0,3,103.6620464,310.9861392,0
14,2021-01-15,0.0117633475373787,0.0113637690812292,0.011733606852186,0.0116230375444278,0.0116733356178667,0.01242660610854,0.0120359439303512,0.0116850436622678,0.0165101623138211,0.0172162551046917,0.0184694981112102,0.0178627106905533,0.0200921540816426,0.0195901448300979,0.0188250087340344,0.0201231365735135,0.0209130602729181,0.0168045206803762,0.0150096699951515,0.0151427121991856,0.0145997205252815,0.0145754086635052,0.0142491085728377,0.0131019866694202,commercial,1,winter,0,3,103.6620464,310.9861392,0
14,2021-01-16,0.0134054941206902,0.012988941173051,0.0123595152742709,0.0134995038463797,0.0130835705161603,0.0124106565660841,0.0131510598280252,0.0126305183878898,0.0136702501567243,0.0141117615996275,0.014633959319484,0.0149213725627415,0.0149137862908534,0.0147371830557191,0.0150093481989808,0.0151449958079437,0.0150834120728168,0.0144625865597201,0.0137824787131376,0.0132892232137306,0.0137581507534372,0.014244849191596,0.0143316671813937,0.0138695652739654,commercial,1,winter,1,3,103.6620464,310.9861392,0
14,2021-01-17,0.0142974924409139,0.0140344979459734,0.0138084314911794,0.0137816301582541,0.0132364058929043,0.0142727181509689,0.0135337155221072,0.0138154554197056,0.0141369542707999,0.0141836654276329,0.0144336306445888,0.0146226824083498,0.0141499697559798,0.0138898436091285,0.015056426999689,0.0152788377194052,0.015386327498259,0.0161681302322788,0.0170870387723261,0.0172468309928297,0.0179759550709938,0.0181406720804466,0.0182189293517564,0.0183992508973323,commercial,1,winter,1,3,103.6620464,310.9861392,0
14,2021-01-18,0.0183536253870236,0.0186978965434693,0.0192268643512528,0.0188754526432872,0.0192111331106876,0.0198252532600893,0.0172473348255055,0.0157763772791451,0.0131913106000599,0.0138226463600976,0.0143193977498046,0.0145458442350828,0.0152811440425656,0.0158273839990245,0.0156264344563225,0.0161316034895341,0.0161957497024031,0.0129451523196284,0.0119456576037137,0.0119483642332281,0.0115508543262901,0.0115886104556021,0.0125778544042759,0.0135129075994,commercial,1,winter,0,3,103.6620464,310.9861392,0
14,2021-01-19,0.0142378894968583,0.0149326906038527,0.0155651432658169,0.0164955066279632,0.0168004813793293,0.017403368564221,0.0151924508390971,0.01091796803505,0.0143113074584944,0.0145272141834436,0.014977090731659,0.0149692211018402,0.0154277388942345,0.0159752962489649,0.0163136051111648,0.016745273686073,0.016759607127553,0.0140385809336935,0.0122462378041391,0.012077873674214,0.0122000346867548,0.0120747647321374,0.0117978358069985,0.0116388723101398,commercial,1,winter,0,3,103.6620464,310.9861392,0
14,2021-01-20,0.0116152962844917,0.0126236787118084,0.0134909287121079,0.0138499545964054,0.0144010336135189,0.0153315383763583,0.0138445240127853,0.01083197523992,0.0146161803772408,0.0149636420342956,0.0156686547851271,0.0170543900945039,0.0167583718518511,0.0156479351155894,0.0174996132930505,0.0167062489790383,0.0167720531100703,0.0147808403919023,0.0123675026056254,0.012208186194295,0.0122105413147722,0.011580070509987,0.0116512817205998,0.0115446959029968,commercial,1,winter,0,3,103.6620464,310.9861392,0
14,2021-01-21,0.0118368802986868,0.0129357650733957,0.0132655831807779,0.0143369831536331,0.0147945342054514,0.0153792076565537,0.0138599702601957,0.0131316223638062,0.0141662121031543,0.0142573700744761,0.0143247924713655,0.0152525295973603,0.014745598790319,0.0144730861110006,0.014932261684394,0.0141579716780836,0.0144191011359976,0.0122388659576664,0.0114775845526535,0.0116091466128353,0.0121449374476613,0.0130252643007653,0.0147897918434903,0.0155572231962844,commercial,1,winter,0,3,103.6620464,310.9861392,0
14,2021-01-22,0.0161480161322507,0.0171141714218965,0.0172407213899667,0.0178365756117616,0.0180409146737046,0.018211610447658,0.0160278969005669,0.0133665931138285,0.013978985789733,0.0139990482230369,0.0144900472438885,0.0150767720853138,0.0154709342455096,0.0159336919361634,0.016876342758358,0.0161049282552486,0.0162164144249479,0.0147529393553577,0.0125797997260457,0.0121451049106718,0.0123529526164172,0.0113795688254131,0.0119900103435755,0.0126827099273752,commercial,1,winter,0,3,103.6620464,310.9861392,0
14,2021-01-23,0.0138999056863047,0.0141093094893398,0.0152925303128414,0.0155359601234628,0.0159668727810985,0.0164357525933847,0.0143255813352899,0.0137062732795594,0.0114029932259268,0.011493178328137,0.0115386025880658,0.0114173038652156,0.0111611697307083,0.0115362099154047,0.0123184999298117,0.0126829229482999,0.0130920681320583,0.0139675399515709,0.0154035661581182,0.016501070632079,0.0172220666540011,0.0175733540360498,0.0182874200616563,0.0191828250969787,commercial,1,winter,1,3,103.6620464,310.9861392,0
14,2021-01-24,0.0191746256474556,0.0201351878396392,0.0206709371833274,0.0203622616006439,0.0215895471113237,0.0220839345902323,0.0214608579024994,0.0169774279403928,0.0140016701389048,0.0132875712484026,0.0138078561377987,0.0144540034382216,0.0124850140840326,0.0100356003895826,0.0131553835607296,0.0144073556947062,0.0149524226539965,0.0162607677205075,0.0176366752092895,0.0182916796864979,0.0186657166738376,0.0187212308558536,0.0188832912521183,0.0198679219147144,commercial,1,winter,1,3,103.6620464,310.9861392,0
14,2021-01-25,0.0201688642031596,0.0205613021046652,0.0201678956971647,0.0208807063738542,0.0210409622995575,0.0216166584292122,0.0189311881787161,0.0133673024972551,0.0130633970403961,0.0136008536514578,0.0140761556262551,0.0151193111739107,0.0147468672891645,0.0148158057355342,0.0151329417754011,0.0154092208915631,0.0154537886832277,0.012926341688342,0.0114496963565899,0.0112840635958744,0.011249697565428,0.0115412398902665,0.0139952657413909,0.014539785655727,commercial,1,winter,0,3,103.6620464,310.9861392,0
14,2021-01-26,0.0158063805558316,0.0169181481317002,0.0172222233767519,0.0185128293431388,0.018904152752047,0.0191757231008636,0.0171404337478898,0.0108463455369725,0.0132472411157087,0.0141386946884347,0.0146148961930485,0.0151343106869205,0.0158569738428914,0.0162675763319424,0.0162631408580833,0.0163547994057918,0.0163854112866515,0.0134440728616197,0.0121580226565205,0.0121420886750571,0.0113863192517902,0.0111411323779572,0.0121049446369122,0.0145232880437666,commercial,1,winter,0,3,103.6620464,310.9861392,0
14,2021-01-27,0.016030849020273,0.0178317218273368,0.0187366304053541,0.0203323802839093,0.0211409003079381,0.0208235298018914,0.0180350510293538,0.0117400500631027,0.0128390891641649,0.0137112184796978,0.0141801280004205,0.0148499515399894,0.0158156024587031,0.0166054466814236,0.0163739974841072,0.0167461583533294,0.0167909217686103,0.0135079166175229,0.0124403671494348,0.0121586741922081,0.0117144365941178,0.0116104815569555,0.011793812343487,0.0127833589941612,commercial,1,winter,0,3,103.6620464,310.9861392,0
14,2021-01-28,0.0141284880511831,0.0151222313451167,0.0159324262263988,0.0166554905349677,0.0173241430781917,0.0178923260299311,0.0163483746941487,0.0099620549234996,0.013964541134767,0.0145716054272298,0.0150415354656157,0.0152210476899009,0.0161735744509724,0.0166818639296748,0.016517188637923,0.0167774389155539,0.016796394544771,0.0134323920596773,0.0125202039078256,0.0121646787616553,0.0115609806751643,0.0116121285897629,0.0116634095756927,0.0119294226731724,commercial,1,winter,0,3,103.6620464,310.9861392,0
14,2021-01-29,0.0139396185593155,0.0148921370516416,0.0160329860545768,0.0172166524266666,0.017953253872898,0.0191891206255921,0.016712564551714,0.0096412142543219,0.0133420076968795,0.014241109188734,0.0151574211229306,0.0154106802364749,0.0167214616367042,0.0176572938312333,0.0169840481621899,0.0164675981070851,0.0164666968692711,0.0133419741081608,0.0116758416132392,0.011192254966321,0.0111707520783784,0.0111707073130845,0.0114979923798431,0.0122263090648518,commercial,1,winter,0,3,103.6620464,310.9861392,0
14,2021-01-30,0.0151435563677484,0.0179380880559117,0.0163640275766867,0.0195273255268458,0.0192269606573637,0.0189882440329791,0.0166621378909796,0.0098528252490624,0.0102573312820972,0.0112876075680094,0.0122515603538299,0.0128457652685055,0.0116147136879423,0.0120378744493335,0.0125968228384236,0.0119859315859107,0.0121811302465741,0.0117382814779619,0.0113191799980584,0.0125560858566715,0.0139221010566162,0.0140036423611517,0.0155352521697303,0.0160377157839411,commercial,1,winter,1,3,103.6620464,310.9861392,0
14,2021-01-31,0.0173796192795374,0.017219222856021,0.0178571205750332,0.0185113271071748,0.0186809723131648,0.0196564878552887,0.0200595640516829,0.0122627408470832,0.0095445785192179,0.0102880194804,0.0109406193615283,0.0114501527499564,0.0113582618476266,0.0119366129433264,0.0122850132131455,0.0119866029414161,0.0116147768902419,0.0117081400870197,0.012381563061355,0.0138703843657068,0.0142666537286491,0.0152405689252142,0.0161121087320604,0.0167238696272111,commercial,1,winter,1,3,103.6620464,310.9861392,0
14,2021-02-01,0.0166176986492971,0.0168111531246253,0.0173033135768964,0.0175613107654233,0.0179288651139863,0.0183216690009597,0.0156616678694957,0.0137076591932632,0.013660000887328,0.0139366220312474,0.014476348363589,0.0146212643546081,0.0151243267512503,0.0156032689654579,0.0158649819619964,0.0158890361431045,0.0163098985838118,0.0132360385951548,0.0117807513598754,0.0115655557886554,0.0113375169357382,0.0113629288921428,0.0118785677278021,0.013050600296983,commercial,2,winter,0,3,103.6620464,310.9861392,0
14,2021-02-02,0.0141337795109937,0.0152758572229761,0.0152419293835115,0.0163307926021043,0.0163529202707569,0.0164056344533466,0.0148106858880981,0.0116688039362444,0.0142501358235985,0.0144207656541773,0.0153156092487231,0.0157988199425467,0.0165483754423637,0.017500660769589,0.0175744735624597,0.0168655218783437,0.0172356890017601,0.0140334622753539,0.0133700047624416,0.0127154619404061,0.0118773436249569,0.0118881681875588,0.0115954578386475,0.0114809302082869,commercial,2,winter,0,3,103.6620464,310.9861392,0
14,2021-02-03,0.0114801485241172,0.0121990324361981,0.0131491453599139,0.0134654614466398,0.0140203455434735,0.0147994268531078,0.0130863926902231,0.0113953894947737,0.0151135433537805,0.0160228698244901,0.0175186815296719,0.0176490584349132,0.0181298299629067,0.0194204887742122,0.0195877284917563,0.019538123400182,0.0193712738902786,0.0159284579297153,0.0149467921215286,0.014346583538974,0.0132763237561822,0.013250850085622,0.0129491457164245,0.0125483349528833,commercial,2,winter,0,3,103.6620464,310.9861392,0
14,2021-02-04,0.0128399831878076,0.0124499298530889,0.0120320659855783,0.0123619993565938,0.0121150269337734,0.013235685755154,0.0115514164729213,0.0114882778969437,0.0148436230418099,0.0157225277831567,0.0158709556811815,0.0159611404778916,0.0166198291181813,0.0168880227451717,0.0167867674610592,0.0164441331827803,0.016448276039885,0.0136586864149523,0.0117247925066485,0.011441857552902,0.0112698087828629,0.0111721680712601,0.0115099078957196,0.0114797534809326,commercial,2,winter,0,3,103.6620464,310.9861392,0
14,2021-02-05,0.0131358115308329,0.0140865895303139,0.0151809538298845,0.0161184481992859,0.0168912220805156,0.0176644355327536,0.0152294555625473,0.0140990468116401,0.0129928207019093,0.013372320158041,0.0130437716004512,0.0135107964270893,0.0141751895779295,0.0145204268812288,0.0143590898033492,0.0152759433967747,0.0153358633892532,0.0122563212483341,0.0114074169623733,0.011644912720708,0.0122825575701333,0.0133964113112075,0.0165873868418422,0.0170680289363985,commercial,2,winter,0,3,103.6620464,310.9861392,0
14,2021-02-06,0.018185470902438,0.0186549446235005,0.019515036811835,0.0200286724552237,0.0211807229212555,0.0209492958137705,0.0180459105802904,0.013010151730352,0.0099783150294075,0.0103102372946167,0.0106444352854257,0.0105232340417686,0.0105664809695814,0.0102531413767179,0.0108880618824542,0.0120692916822667,0.0129333348633742,0.0143045207523248,0.0175605951345692,0.0181370993810719,0.017952968889825,0.0184351944600387,0.0187541088128271,0.0185049293093855,commercial,2,winter,1,3,103.6620464,310.9861392,0
14,2021-02-07,0.0185403282704229,0.019089572653504,0.0189684763308346,0.0191531053774454,0.0198904662612733,0.0195966727489345,0.0196188109641297,0.0177687546622116,0.0173419906490091,0.0168432632907476,0.0156100041124022,0.0146633213470142,0.0147497474258418,0.0136192455914224,0.0133361609871607,0.0149662467383595,0.0156171211138488,0.0159440874705911,0.0174476933884925,0.0174573597522494,0.0176853833023867,0.0182590591304162,0.0182816357701854,0.0181463148589574,commercial,2,winter,1,3,103.6620464,310.9861392,0
14,2021-02-08,0.0183492039372676,0.0183913208750235,0.0186372886981252,0.0190229190757368,0.0190770368319718,0.0194724865997469,0.0175469368688241,0.0124066405456466,0.0139872257214617,0.0144994435592275,0.0153936185041155,0.0155465415580467,0.0161990589672832,0.016544417148672,0.0163824421581556,0.0171299848337275,0.0167886900143502,0.0134980894063015,0.0121593592159989,0.0120472623752262,0.0115324591535035,0.0115312579412884,0.0115439834191188,0.0122177598316839,commercial,2,winter,0,3,103.6620464,310.9861392,0
14,2021-02-09,0.0136432211367184,0.0149746408343354,0.0154722026718222,0.0163610129863481,0.0174657044735575,0.01786569972721,0.015666266722248,0.0102619302610889,0.0136470717883546,0.0147076914280394,0.015185889004463,0.0154202816894595,0.016029889925631,0.0176360166740239,0.0165346245079011,0.0164702001073716,0.016087448711171,0.0135401205341708,0.0123487590291319,0.0119696599703847,0.0112728556083442,0.0112006179802403,0.0113778362391719,0.0112975768048417,commercial,2,winter,0,3,103.6620464,310.9861392,0
14,2021-02-10,0.0127821110453097,0.0139101350298645,0.0151399707856465,0.015508470451226,0.0167960375051098,0.0171484272610252,0.0154500693351132,0.0099918999557672,0.0137512363063734,0.0147373421718511,0.0152348777012416,0.0156084831453384,0.0157473728221723,0.0160530741407943,0.0167809366387755,0.0160857717852708,0.0160869485978015,0.0136379028647182,0.0120548931225254,0.0117136290499018,0.0113314909482834,0.0114313524609463,0.0113862644778785,0.0112701622390047,commercial,2,winter,0,3,103.6620464,310.9861392,0
14,2021-02-11,0.0121013346770701,0.0132194024574897,0.0143456951886728,0.0147274849384132,0.0153565460680091,0.0164682590987294,0.015668997177901,0.0106260760570292,0.01112349956033,0.0120344129433658,0.0122022373243931,0.0126719388645182,0.0110449565880667,0.0111910123391005,0.0116196243899815,0.0113691187058038,0.0114654470980697,0.0118573151575504,0.0131446811907172,0.0138537050219213,0.0144770067773482,0.0151154949088733,0.0160071072082692,0.0160041519501296,commercial,2,winter,0,3,103.6620464,310.9861392,0
14,2021-02-12,0.0165414302834281,0.0170330330495076,0.0175562099878104,0.0183692074674947,0.0187226994293797,0.0189243754497466,0.0191121939214187,0.0110941123330203,0.0112723323179511,0.0118845245164686,0.0122154796393978,0.0132151058213591,0.0120426134054573,0.0121428520354926,0.0130643799281406,0.0125947218707996,0.0124761980705937,0.0119180291607234,0.0112605489661813,0.0117607104770581,0.0128717389891475,0.0139512047197424,0.0140143014334575,0.0152532176495193,commercial,2,winter,0,3,103.6620464,310.9861392,0
14,2021-02-13,0.0157631800818555,0.015715536797577,0.0167397116152589,0.0168448893356925,0.017637818398625,0.0179540022575493,0.017725822850715,0.0105402669313064,0.0117405757984266,0.0123510269835498,0.0129632751344649,0.013518003552528,0.0121706221463795,0.0125546831413461,0.0132726291574502,0.0126855222942018,0.0125823452526981,0.0119618135415498,0.0112885727244861,0.0110320272010831,0.0110967239757863,0.0119483794268078,0.0117688014374475,0.012923972154683,commercial,2,winter,1,3,103.6620464,310.9861392,0
14,2021-02-14,0.0131018052498552,0.0134967267866869,0.0144121801270577,0.0142016665873098,0.0149348772861934,0.0151018307370669,0.0152549296478102,0.0109511464708354,0.0125232672419215,0.0132783955327009,0.0136260069425212,0.0143071816114868,0.0137928959350207,0.0144534576364445,0.0132825254007925,0.0128270021523905,0.0133446765012857,0.0121673402506518,0.012613670266294,0.0124640739042899,0.0121177271477921,0.0131476232774965,0.0130529537566715,0.0124137166329093,commercial,2,winter,1,3,103.6620464,310.9861392,0
14,2021-02-15,0.0130341120914048,0.0130501707171626,0.0126322052003083,0.0128608644545612,0.0133361059508012,0.0134210259802494,0.01344099997653,0.0124077589897493,0.0145470449131113,0.0135743052229992,0.0138690247883499,0.0149207585856515,0.013473201384206,0.0141345442062502,0.0146364754733536,0.0145883055331639,0.0147716300264482,0.014436113134634,0.0144069803507019,0.0141678183992665,0.0142868729698728,0.0142371252199608,0.0147257717951491,0.0151925826989665,commercial,2,winter,0,3,103.6620464,310.9861392,0
14,2021-02-16,0.0157104366630378,0.0161301802802162,0.0164971065522098,0.0166805266513408,0.0168674548886632,0.0169733342263667,0.0166001331730054,0.0143567758604362,0.015718626962559,0.0163154982507789,0.0168781207467924,0.0171987364109459,0.0156288580730297,0.0160231791624353,0.0163206409406366,0.015844265997081,0.0157114510230383,0.0153692749009883,0.0142698353960505,0.0141182914431964,0.0140905913272192,0.0136708626523463,0.0136035248383528,0.0138200796247048,commercial,2,winter,0,3,103.6620464,310.9861392,0
14,2021-02-17,0.0136545366806513,0.0140733445843686,0.0145226966869348,0.0147464914612781,0.0158451898842679,0.0158979674818887,0.0151451139926484,0.0128902726130705,0.0146858908460387,0.0155112185514162,0.0162045709853426,0.016373740042008,0.0161009052105136,0.0162962355226087,0.0155979768547951,0.0160282212233675,0.0163168704510686,0.0147322402956956,0.0144665663607629,0.013526199093836,0.0127471128476536,0.012732441047027,0.0124472390197173,0.0124805770007966,commercial,2,winter,0,3,103.6620464,310.9861392,0
14,2021-02-18,0.0129636877748448,0.0131273316136939,0.0133054438619109,0.0133123900849217,0.0136510015643653,0.0139565751479561,0.0131336144961679,0.0129213741831945,0.0165004328366024,0.0180455689097965,0.0185158836310121,0.0193635071684531,0.0200463942180007,0.0212745297847583,0.0184468604502179,0.0199280260347444,0.020021213457797,0.0162232986388936,0.0154140536499609,0.0150674507783728,0.0129326296765633,0.0131682273497382,0.0127738769718599,0.0120741118070105,commercial,2,winter,0,3,103.6620464,310.9861392,0
14,2021-02-19,0.0119662388827225,0.0119381603267019,0.0116568503005569,0.0118323601471772,0.0118585620224887,0.0115620259603538,0.0118144965938167,0.0122165861340187,0.0158515010921061,0.0172388156411681,0.0176198217255384,0.0176803187483216,0.0183697797811975,0.0191734671585612,0.0175345709256339,0.0184493669182003,0.0185054706686242,0.0148892395547255,0.014604085688722,0.0139898664843526,0.0127121662970484,0.0132066157606416,0.0129527218180303,0.0125909683181634,commercial,2,winter,0,3,103.6620464,310.9861392,0
14,2021-02-20,0.0123645236055613,0.0123364495465254,0.0118030363481999,0.0120630325832181,0.012252477793288,0.0118551779699888,0.0126444330323862,0.0123289973222107,0.0133282780638297,0.0144592462242688,0.0158171003185824,0.015375497999938,0.0153344751823679,0.0153068834389116,0.0153649084846169,0.0159500545567584,0.0156103255104135,0.0137524313865472,0.0145123404656983,0.0138801646759087,0.0132078325798854,0.0137741696636391,0.0138372272026909,0.0137137992207046,commercial,2,winter,1,3,103.6620464,310.9861392,0
14,2021-02-21,0.0142909331770503,0.0143642335340842,0.0140515477248659,0.0144717192865028,0.0144938201337792,0.0141457007931193,0.0145254222821157,0.0146345869428702,0.0140515552114757,0.0153177701477759,0.0162313005759078,0.0162254923491749,0.016036613926103,0.016111091310012,0.0166929176624108,0.0165435011564159,0.0163202734118154,0.0165435011564159,0.0161306083238651,0.0158929356635205,0.0160020839285983,0.0158960002666839,0.0158675409517756,0.0155348644721238,commercial,2,winter,1,3,103.6620464,310.9861392,0
14,2021-02-22,0.015549593939748,0.015285208579709,0.0153358012691167,0.0151993448885486,0.0152489500678929,0.0153422803688761,0.0155693646112676,0.0168445583401682,0.0213804250897458,0.0215332135663229,0.0215387064664212,0.0215826496672082,0.0211610351731496,0.0216210999678967,0.0215930950377711,0.021505749065831,0.0215661709669131,0.0186413108115588,0.0176773958293174,0.0176444384287271,0.0173728456012239,0.0173760346346849,0.0171296024410361,0.0163536772922124,commercial,2,winter,0,3,103.6620464,310.9861392,0
14,2021-02-23,0.0166377130045031,0.0165828864981552,0.0157130876256846,0.0163439933083576,0.0164082745570747,0.0155255191182043,0.0161030809834783,0.016532168989217,0.0204457785252463,0.0215331501701625,0.0215386414019409,0.0215825712561677,0.0211609400789091,0.0216210098786162,0.0215111852430491,0.0215056940112707,0.0215660975608327,0.0186412674352386,0.0176773607945972,0.017644413403927,0.0163851999827587,0.0169148568023162,0.0165109856664031,0.0156730251041094,commercial,2,winter,0,3,103.6620464,310.9861392,0
14,2021-02-24,0.0163745280746496,0.0159887410524129,0.0155428406690627,0.0158130679180729,0.0157621803422436,0.0154239430647622,0.0161143358337591,0.0165841862935322,0.0211085580111957,0.0215330848349805,0.0215385743474119,0.0215824904468636,0.021160842076136,0.0218051384622634,0.0215790851339436,0.0215056372728231,0.0215660219095692,0.0186412227322193,0.0176773246883123,0.0176443876137236,0.0168512551466079,0.0171418551766968,0.0167647830944998,0.0161268482767081,commercial,2,winter,0,3,103.6620464,310.9861392,0
14,2021-02-25,0.0162530174358234,0.0162553804349252,0.0166740113763477,0.0166977810039525,0.0167215930817046,0.0166386150411752,0.0170416435660477,0.0176663120360217,0.0215165543524246,0.0215330175801251,0.0216226424650461,0.0215824072632267,0.0217595902250268,0.0250679766573957,0.0215744258624129,0.0218014716026899,0.0217989929350028,0.0186411767157393,0.0176772875211554,0.0176443610657543,0.0174253830575343,0.0173759933744327,0.0171295766533785,0.0169425079820207,commercial,2,winter,0,3,103.6620464,310.9861392,0
14,2021-02-26,0.0166377130045031,0.0166377130045031,0.0165408368027965,0.0166377130045031,0.0166377130045031,0.016581600174159,0.0171405393995047,0.0176662774587159,0.0215164906573874,0.0215329484255133,0.0224278019921148,0.0229500932542706,0.0211836460156156,0.0252093339313941,0.0265594145921464,0.0237377454704482,0.0225500237399664,0.019037182421191,0.0176772493041331,0.0176443337678813,0.0174253521199449,0.0173759788155671,0.0171295675540874,0.0170145908074106,commercial,2,winter,0,3,103.6620464,310.9861392,0
14,2021-02-27,0.016253120703469,0.016253120703469,0.016253120703469,0.016253120703469,0.016253120703469,0.016253120703469,0.0171405263143147,0.0169123308155727,0.0166305425234038,0.0181537535436053,0.0181427854368137,0.0168105854790087,0.0170405370909787,0.016874699086393,0.0154983261020594,0.0165223809239363,0.0165486556527125,0.0147724771097815,0.0151828515678615,0.014752477773703,0.0142955560679332,0.0146687081470459,0.0146933609076861,0.0142614650299089,commercial,2,winter,1,3,103.6620464,310.9861392,0
14,2021-02-28,0.0145826095149211,0.0146140373213716,0.0137970446064868,0.0144220555704998,0.0144755416148232,0.0135687180959905,0.0141058172805581,0.0139721852655085,0.0133824079869966,0.0142525320259568,0.0156175726607248,0.0143974276005406,0.0157126372033909,0.016335592843527,0.0153120182788008,0.0163728013925312,0.0164758829987034,0.0151740187885238,0.0149111116612128,0.0147667884570425,0.0146537556505194,0.0136042978521949,0.0124105840882867,0.0117298814869329,commercial,2,winter,1,3,103.6620464,310.9861392,0
14,2021-03-01,0.0122599137840605,0.0129448357110084,0.0134548846033121,0.0141138788368415,0.0144509832593343,0.0148139498019742,0.0131121026912581,0.0113499097789568,0.0149422737654994,0.0161385419104033,0.0168303187119899,0.0167704253406322,0.0161284826078254,0.0157302840522814,0.0169880264414418,0.0158192376036518,0.0164735859163888,0.0145147464952613,0.0121777232393739,0.0120706064406583,0.0126855504639341,0.0115021999705211,0.0121116427123279,0.0123367039943965,commercial,3,spring,0,3,103.6620464,310.9861392,0
14,2021-03-02,0.012562782820583,0.013394632313942,0.0143344873493433,0.0143336225247192,0.0147725115728235,0.0157515570843859,0.0138218110611771,0.0118002709525215,0.0173196945856266,0.0170880935007302,0.0173852411832034,0.0201925571986732,0.0179127133990402,0.0178742863538319,0.0213789558874,0.0188727444016006,0.0189202511965202,0.0177765365571774,0.0148441880337924,0.0144733471700636,0.0155665625002328,0.0138821747644455,0.0135005667227952,0.0148361433197708,commercial,3,spring,0,3,103.6620464,310.9861392,0
14,2021-03-03,0.0131867664063372,0.0130416742125075,0.0144706780709792,0.0131340045221109,0.0131802965351571,0.0146942665031527,0.0132418727225427,0.0132463910440643,0.0211759267023079,0.018827592194274,0.0205581855691882,0.0217202872004071,0.0211600771620206,0.0216201923784061,0.0225914963083041,0.021505194427809,0.0215654314495503,0.0188971359996459,0.0176770428778488,0.0174479995399553,0.0174251850129528,0.0159844251312064,0.0159333608060241,0.0170145416582953,commercial,3,spring,0,3,103.6620464,310.9861392,0
14,2021-03-04,0.0166377130045031,0.0160884088993145,0.0167512560487,0.0157204631569812,0.0150497877329146,0.0159731467101011,0.0145699286170616,0.0153379121322364,0.0205066273574545,0.0214677531109595,0.0211075235026933,0.0215817606524248,0.0211599570062847,0.0216200785466562,0.021510598848852,0.0215051248639618,0.0215653386977541,0.0185889109073322,0.0176769986099461,0.0176441547006048,0.0159232363226997,0.0163259501202445,0.0159424830305029,0.0148337503859291,commercial,3,spring,0,3,103.6620464,310.9861392,0
14,2021-03-05,0.015143161580746,0.0151677085542953,0.0146608360719181,0.0150320193905693,0.0150809752579168,0.0147070394901495,0.0153976520792791,0.0159907109782178,0.0201185459835221,0.0215324129396523,0.0215378847706278,0.0215816594184314,0.0211598342331438,0.0220523879888214,0.0215105256157505,0.021505053784775,0.0215652439255051,0.0186407630143632,0.0175883116509618,0.0176441223918835,0.0174251125604807,0.0171944467648463,0.0167131455968376,0.0168784973017418,commercial,3,spring,0,3,103.6620464,310.9861392,0
14,2021-03-06,0.0159846515031963,0.0159512404043464,0.0163165883785492,0.0160811968913008,0.0163471414297283,0.0162742959807685,0.0166483556662725,0.0171623038901153,0.0181206328989816,0.0182918781618568,0.0181425114260983,0.0182602377409477,0.0170882355752837,0.0173694420783345,0.0172281931873847,0.0171883756250295,0.0171938452568086,0.0166307581931212,0.0165489051212795,0.016253120703469,0.016253120703469,0.016253120703469,0.016253120703469,0.016253120703469,commercial,3,spring,1,3,103.6620464,310.9861392,0
14,2021-03-07,0.016253120703469,0.016253120703469,0.016253120703469,0.016253120703469,0.016253120703469,0.016297438829176,0.0165669483878535,0.0165433926406368,0.0165433926406368,0.0168300687754668,0.0171542173147054,0.0169663713987364,0.0171651520906107,0.0171815542544686,0.0169029524071479,0.0169876881882304,0.0169876881882304,0.0168763914427864,0.016539796838299,0.0163915481756691,0.016253120703469,0.0163915481756691,0.0163915481756691,0.016253120703469,commercial,3,spring,1,3,103.6620464,310.9861392,0
14,2021-03-08,0.0167761404767032,0.0167761404767032,0.0166377130045031,0.0167761404767032,0.0166377130045031,0.0167710463378482,0.0171403936416668,0.0176658818302986,0.0215157618681978,0.0215321571686789,0.0215376222688393,0.0215813430701222,0.0214461267115137,0.022374879903022,0.0215102967680374,0.021504831667877,0.0215649477696411,0.0186405880131708,0.0176768120306194,0.0176440214296572,0.01678865528043,0.0170670272848648,0.0167257191849604,0.0159498836995613,commercial,3,spring,0,3,103.6620464,310.9861392,0
14,2021-03-09,0.0151819194111034,0.014866717892435,0.0151150906484513,0.0147809862401918,0.0142393016545795,0.0147857873321246,0.0141953729448781,0.0139634423434703,0.0199873920559921,0.0190474141649886,0.0192663704909251,0.0208602417823641,0.0196464394845964,0.0199135086920694,0.0210733764527001,0.0197288056403096,0.019793547619943,0.0175677228116435,0.0154205335694225,0.0150738824301648,0.0151144347616482,0.014019867548762,0.0134773115127662,0.0142442805847864,commercial,3,spring,0,3,103.6620464,310.9861392,0
14,2021-03-10,0.0127271704303696,0.0125046461281198,0.0126071923029323,0.0120455877185798,0.0121334376518499,0.0124364465476015,0.0112538381587174,0.0114080178773866,0.0142784380880321,0.0143830033747951,0.0144461925549157,0.0152128997607364,0.0151170818386533,0.0145373799329494,0.0151284320740473,0.0149604795934291,0.0146423805858712,0.013003409862764,0.0113434254307049,0.0115058975392428,0.0111764283722748,0.0112586706396267,0.0139021907310637,0.0143237629609481,commercial,3,spring,0,3,103.6620464,310.9861392,0
14,2021-03-11,0.0160078481447486,0.0174869345884915,0.0180688176032226,0.0192481713269362,0.01944926852655,0.0195933785945952,0.0168704350062817,0.0161638852814884,0.012786580512841,0.0129139474473986,0.0133994941718844,0.0137271012048645,0.0140189251321889,0.013922553578765,0.014081260748932,0.0139860932321056,0.0144021559701898,0.0119197214282366,0.0125540421695309,0.012914263957487,0.0138938294859794,0.0140741639690754,0.0161261556787081,0.0168087864103192,commercial,3,spring,0,3,103.6620464,310.9861392,0
14,2021-03-12,0.0178411505112754,0.0181434470275675,0.0185252981516036,0.0200306729425799,0.0204894547761827,0.020587847954546,0.0175243183092677,0.0170315115563684,0.0126295100983862,0.0128499685136342,0.0129175656202376,0.0128832482864573,0.0132647548761867,0.01298408962956,0.0129178481099809,0.0129918894990066,0.0130189252000126,0.0133143093733565,0.0163115629798057,0.0161746044675623,0.0167012155827587,0.0170254504418727,0.0197651148075191,0.0200303746199867,commercial,3,spring,0,3,103.6620464,310.9861392,0
14,2021-03-13,0.0209557034867061,0.0213307885325579,0.0220649358629933,0.021706114500709,0.0220290586125508,0.0226423306921572,0.018777858800198,0.0186418896413317,0.0164839415839021,0.015662936989977,0.0147091632764712,0.014909210069019,0.0158791781182353,0.0161235545123762,0.0164163383165056,0.0170391304372453,0.0177025542178747,0.0185020891097826,0.0201793126440602,0.0214960914062756,0.0216161507972803,0.0208273623480665,0.0209883052204684,0.0216635046923943,commercial,3,spring,1,3,103.6620464,310.9861392,0
14,2021-03-14,0.0219782196765306,0.0221494395928904,0.0217957445704113,0.0214910150597881,0.0214970736343489,0.0219693865327499,0.0210212238204264,0.0205276395234239,0.0196237977993551,0.0178301402841149,0.017637108656518,0.0171964359402171,0.0160993982223179,0.0163730972540104,0.0168879844161787,0.0174458835772157,0.0173350777680027,0.0182993096026034,0.0190968530407025,0.0191268590860195,0.0193520508476394,0.0191622751304558,0.0192128920059479,0.0198555666682213,commercial,3,spring,1,3,103.6620464,310.9861392,0
14,2021-03-15,0.0189190356217536,0.019358524719826,0.0197225466349711,0.0196157246704528,0.019663024557113,0.0199037856212985,0.0175169333169814,0.0154672435928172,0.0148415354314149,0.0155497013133019,0.0163057528014687,0.0174744505027657,0.0175763911182734,0.0180218212759831,0.0188699700641288,0.018828619595418,0.0188879964676183,0.0161229203808807,0.0139612901865676,0.013397819672717,0.0130242953771651,0.0131792829029567,0.013002830566548,0.0130170116978495,commercial,3,spring,0,3,103.6620464,310.9861392,0
14,2021-03-16,0.0131839145153221,0.013524682518261,0.0152690477152803,0.014517141253977,0.014886558237911,0.0162599193185667,0.0140951365030213,0.0126706151874664,0.0171785543331501,0.0189717833891765,0.0197049787932384,0.0197623473230698,0.0208087643579464,0.0211320937109087,0.021080851505535,0.0202469315852826,0.0209726149020906,0.0173132540895615,0.0156107585125813,0.0154988482308263,0.0152360856564195,0.0144166124749075,0.0140091198796752,0.0150604727554118,commercial,3,spring,0,3,103.6620464,310.9861392,0
14,2021-03-17,0.0141728446227641,0.0147853431143822,0.0153529838992467,0.0154177539257251,0.015507735772564,0.0159573315776643,0.0152293350357715,0.0155257768552918,0.0215120394552311,0.0215313039673369,0.0215367466148304,0.0215802877947782,0.0211581707746707,0.0216183863272325,0.0229897277690156,0.0215040907298696,0.0215639598522978,0.0187641396747664,0.0176763405246146,0.0176436846396538,0.017424616441287,0.0169628543985348,0.0161727369178473,0.0170143744313348,commercial,3,spring,0,3,103.6620464,310.9861392,0
14,2021-03-18,0.0158782064492086,0.0157169125071983,0.01640956623291,0.0159285770144179,0.0164551575832266,0.0165969364168906,0.0171750582610355,0.0176619850916944,0.0215148819399235,0.0215312018179811,0.0215366417773337,0.0215801614521539,0.0212964450228371,0.0230138657871392,0.0244606759165648,0.0230536771450865,0.0236859894453756,0.0190042774160419,0.0178147115458549,0.0176436443175396,0.017424570742891,0.0173756111087182,0.0171293377373069,0.01701436099063,commercial,3,spring,0,3,103.6620464,310.9861392,0
14,2021-03-19,0.0166377130045031,0.0166377130045031,0.0166377130045031,0.0162803737139284,0.0161233082696325,0.0168793909350153,0.0164801829145081,0.016935712810621,0.0215584615247659,0.0238942355200305,0.0263794559513314,0.0270399629631047,0.0240334868242602,0.0284238982351683,0.0286024515987151,0.028656747363421,0.0274858921450474,0.019355650927063,0.0176762268699911,0.0176436034577798,0.0174245244351632,0.0173755893168463,0.017129324117387,0.0170143473707101,commercial,3,spring,0,3,103.6620464,310.9861392,0
14,2021-03-20,0.016253120703469,0.016253120703469,0.016253120703469,0.016253120703469,0.0162823265617585,0.0163199208719951,0.0171401792749816,0.0171619171803744,0.0181201055675168,0.018152712425606,0.0181418434729096,0.0181635813783024,0.017374208601494,0.0173687741251458,0.0171422131567647,0.0174937866798202,0.0174992211561684,0.0165486590332626,0.0166870865054627,0.0163915481756691,0.0155983322125802,0.016253120703469,0.0156071700091828,0.0155884622385179,commercial,3,spring,1,3,103.6620464,310.9861392,0
14,2021-03-21,0.0159726089006123,0.016036733463927,0.0155131225557608,0.015716679730383,0.0157394797698819,0.0152265586041342,0.0158519097527969,0.0160488310074037,0.0157944526572873,0.0165432498212603,0.0165432498212603,0.0165541131874774,0.0165541131874774,0.0167088357090032,0.0167069309215889,0.0165432498212603,0.0165432498212603,0.0165432498212603,0.0162283642106617,0.0159001506041748,0.0155284635186526,0.0154264801559415,0.0154118012326022,0.0153391080657982,commercial,3,spring,1,3,103.6620464,310.9861392,0
14,2021-03-22,0.015444283627448,0.0153988037236234,0.014743520234302,0.014958983823935,0.0144585498987885,0.0140574360006298,0.0140590797778781,0.0145141215863723,0.0189113249736443,0.019999648870743,0.0209564224379287,0.020586819486773,0.0206722541113277,0.02156238149767,0.0215090644827956,0.0215036356263188,0.0213519133705372,0.0174625874419979,0.0164046632043286,0.0154723576307023,0.0138487555511236,0.0137980520015942,0.0140911982260375,0.0134706628903012,commercial,3,spring,0,3,103.6620464,310.9861392,0
14,2021-03-23,0.0133906787102631,0.0138493710107982,0.0129155294147736,0.0136785635648524,0.0137621738811897,0.0136746918523681,0.014144986355229,0.0149367334930269,0.0199975463073026,0.0215501710148443,0.0217254165235065,0.0230714150829263,0.0213536238094097,0.022495524329184,0.0249672223148302,0.0227981383830126,0.0231964819721262,0.01870752968723,0.0176759908703414,0.0177818623588016,0.0174243333878278,0.0173754994122179,0.0171292679269942,0.0170142911803173,commercial,3,spring,0,3,103.6620464,310.9861392,0
14,2021-03-24,0.0166377130045031,0.0166377130045031,0.0166377130045031,0.0166377130045031,0.0166377130045031,0.0167710463378482,0.0171400996853084,0.0176650839487545,0.0216014214133453,0.0228286495903544,0.0242790578030204,0.025142899616168,0.0230400218578846,0.0219113904778866,0.0217737543700826,0.0215593523769994,0.0200622918669203,0.0164924103401386,0.0138691134854042,0.0129087738656547,0.0123142139036972,0.0121279767406211,0.0118861439723321,0.0114854718203459,commercial,3,spring,0,3,103.6620464,310.9861392,0
14,2021-03-25,0.0112805987617214,0.0112115703914915,0.0110261017928313,0.0111725772703997,0.0111664368519562,0.011292150698848,0.0109625986092899,0.0110781587666002,0.01462070619591,0.015730547021897,0.0166804061966275,0.0166469974550194,0.0173513915720909,0.0182472729712976,0.0182200839136781,0.0184732009006991,0.0184799220538901,0.0150469211231291,0.0139797569707221,0.0135643596986454,0.0127648043304803,0.0127954211108344,0.0122597854991014,0.0116377330486498,commercial,3,spring,0,3,103.6620464,310.9861392,0
14,2021-03-26,0.0113636234479537,0.0113019563816949,0.0112898842884884,0.0114662833724915,0.0115381232129645,0.0116926761601476,0.0114993480243915,0.0113876030093718,0.0155470522042496,0.0178893576175081,0.0200023953262406,0.0180052367083109,0.0187630998238628,0.0214641552484991,0.0212725969296771,0.0199679137610885,0.0197505563747918,0.0153059043575027,0.013790851819916,0.0136378656960075,0.0126734767385738,0.0128631829823426,0.01255734158976,0.0119797244119441,commercial,3,spring,0,3,103.6620464,310.9861392,0
14,2021-03-27,0.0114849618691756,0.0114408615915371,0.0110663731267936,0.0111582143103943,0.011126061920383,0.0112594638445415,0.0110447828323668,0.0112589794742956,0.0129163856881386,0.0140457655222171,0.0147845385544428,0.0151619142571936,0.0138341049389303,0.0140460035256411,0.0148277621948626,0.0142695195756558,0.0141862683448332,0.0132773089550711,0.01341577993225,0.0127624987832309,0.0118652800122775,0.0120119779315246,0.0120338016044511,0.0117035058699047,commercial,3,spring,1,3,103.6620464,310.9861392,0
14,2021-03-28,0.0119322607813104,0.0115419219977685,0.0113704710134603,0.0111222698176252,0.0111194628800058,0.0113415069754574,0.0112441037006351,0.0112058201049773,0.0117255758855864,0.0127109609544024,0.0133923847312456,0.0135197892884285,0.0145250912196363,0.0141915096062593,0.0137786881656567,0.0135964922350276,0.0135231198698851,0.0142246192455589,0.014081394047313,0.0137647467287711,0.0126465749329144,0.0131135358251675,0.0128241003128995,0.0124059741433363,commercial,3,spring,1,3,103.6620464,310.9861392,0
14,2021-03-29,0.0127439769729136,0.0127690859241004,0.012373852074802,0.0124645669820807,0.0120065488111243,0.0119233410111378,0.0120171995590426,0.0130418949182719,0.01897742580344,0.0215645171495403,0.0218946794259051,0.0216763047794057,0.021064766571092,0.0220069690953764,0.0221330758261926,0.0218694841547314,0.0218674391183196,0.018473670252803,0.0169421170489654,0.016678250518813,0.0148344847903813,0.0150508125521802,0.0151961981136489,0.0149844799188085,commercial,3,spring,0,3,103.6620464,310.9861392,0
14,2021-03-30,0.0147145803736183,0.0146826097916635,0.0141172783116029,0.0144349879388502,0.0142724206568438,0.0126262303866529,0.0134819252213534,0.0158576039886158,0.021372208652154,0.0222555026060213,0.0237552709127791,0.0240247518268146,0.0225272663804564,0.0245537753221091,0.0242740766996837,0.0229188712994601,0.0239322813908206,0.0187631645765804,0.0178139804175106,0.017643122083008,0.0174239788770885,0.0173753325836346,0.0170904864974182,0.0170141869124528,commercial,3,spring,0,3,103.6620464,310.9861392,0
14,2021-03-31,0.0166377130045031,0.016333303209331,0.0165236166458183,0.0166377130045031,0.0166377130045031,0.0167196288148883,0.0168889828898572,0.017660095607202,0.0218093192746805,0.0242200495780254,0.0245092575096077,0.0245690142393439,0.0230069042083131,0.0270094256589951,0.0265041780188918,0.025771136560181,0.0262141768351373,0.0187630842784768,0.0177573411609917,0.0177249288290207,0.0174508049085835,0.0173753078765258,0.0171291482171867,0.0170141714705098,commercial,3,spring,0,3,103.6620464,310.9861392,0
14,2021-04-01,0.0166377130045031,0.0166377130045031,0.0166377130045031,0.0166377130045031,0.0166377130045031,0.0167710463378482,0.0171399305367966,0.0176646248313651,0.0215134463438466,0.0215296431708119,0.0215350421131336,0.0215782336517077,0.0211556795798832,0.0216187215545628,0.0215080474015248,0.0215026484592031,0.0215620368247425,0.0186388679093671,0.0176383606456637,0.0175408111247033,0.0169054236078751,0.0168912079724181,0.0165290585965157,0.0163172598742048,commercial,4,spring,0,3,103.6620464,310.9861392,0
14,2021-04-02,0.016076481208372,0.0160647770145778,0.0160857102412091,0.0159537295196883,0.0159158139012881,0.0157955360760425,0.016209111923514,0.0164305663343295,0.0210842104332584,0.0215295239760992,0.021534919781718,0.0215780862266684,0.0211555007878142,0.021615856866,0.021507940753624,0.0215025449480052,0.021561898809812,0.01863878635509,0.0176753568452464,0.0176429820115336,0.0173324478555522,0.0173752578788483,0.0171291169686382,0.0167033831276177,commercial,4,spring,0,3,103.6620464,310.9861392,0
14,2021-04-03,0.0163289286423207,0.0163072243522561,0.0157167221815346,0.015587914398103,0.0152997919392786,0.0151032014928083,0.0158666167279015,0.0160523248137748,0.017350169381564,0.0172817314149236,0.017094943311464,0.0172167501141273,0.0168543043100507,0.0169480593276286,0.017011198816591,0.017000413524294,0.017000413524294,0.0165321882834192,0.016538064955733,0.0163781466108065,0.015862364699588,0.0162150237458156,0.0161778578710832,0.0155815556665391,commercial,4,spring,1,3,103.6620464,310.9861392,0
14,2021-04-04,0.015896496995011,0.0159143972331488,0.0155087637991896,0.0159462974281937,0.0159783580041895,0.0154457359602459,0.0159431711824326,0.0163768956314951,0.0170364136072101,0.0177637012723206,0.0178738138137621,0.0178721845330107,0.0170111797287791,0.0169230310153523,0.0160404608861466,0.0164759099249268,0.0158487602705564,0.0138440733715018,0.0142019546744705,0.0134464390638284,0.0130385207078998,0.0132668488970954,0.0128131573682696,0.0125933246134995,commercial,4,spring,1,3,103.6620464,310.9861392,0
14,2021-04-05,0.0125384275460244,0.012494193277012,0.012671314340747,0.01236853226495,0.0124010794823416,0.0125882159544648,0.0124535114767408,0.0131925074487067,0.0151846470204528,0.0163019664605095,0.0164766769338758,0.0161166941078136,0.0157164730525733,0.0157245988379153,0.0153327051879699,0.016399128839531,0.0165048571402625,0.0166562981803798,0.0157168434671968,0.0153516847736122,0.0123994986153827,0.0129153838175857,0.0123474547177884,0.0132057146961049,commercial,4,spring,0,3,103.6620464,310.9861392,0
14,2021-04-06,0.0133518914958232,0.013409321053015,0.0144437880083736,0.0140335906586891,0.0140680504364751,0.0150486563000759,0.0151516343308867,0.0158254224722254,0.0206668327033799,0.0213214551170168,0.0213736238441508,0.0214533908404678,0.0211547731773038,0.021040438484927,0.0199453307529163,0.0206449973515599,0.0214337743892295,0.0180603160944451,0.0164845410050384,0.0164920691581587,0.015249153413198,0.0154175176632215,0.0147641277771682,0.0143597213310927,commercial,4,spring,0,3,103.6620464,310.9861392,0
14,2021-04-07,0.0143368055352921,0.0142952774451724,0.0140013155855649,0.0141865663891984,0.0141750848480367,0.0141088091211408,0.0143746888840289,0.015058990285272,0.0199752393180831,0.0214937794405012,0.0215342955392715,0.0215773339344893,0.0211545884334693,0.0216149925303049,0.0215073965422604,0.0215020167428582,0.0215611945362826,0.0184201656890448,0.0176735650428822,0.0175884905327546,0.0164249838187552,0.0165847029557564,0.0161134710903344,0.0156038586382118,commercial,4,spring,0,3,103.6620464,310.9861392,0
14,2021-04-08,0.015582758249874,0.0155693973976027,0.0153175230352154,0.0159427583610148,0.0157806739048539,0.015415126338326,0.0161640750559733,0.0171461827700664,0.021472554284529,0.0215287918922777,0.0215341684325328,0.0215771807545734,0.0211544026620819,0.0216176023036941,0.0215258598481294,0.0215234076267603,0.0215610511338082,0.0186382854556332,0.0176749522726082,0.0176426930310777,0.0174234926182342,0.0173751037559385,0.0171290206418196,0.0170140438951428,commercial,4,spring,0,3,103.6620464,310.9861392,0
14,2021-04-09,0.0166377130045031,0.0166377130045031,0.0166681124808096,0.0166377130045031,0.0166377130045031,0.0168484898860365,0.0171397507888652,0.0176641369441227,0.0215125476041896,0.0215286673963271,0.0216255546307792,0.0249926738794332,0.0221217726791002,0.0240311874431706,0.0266961933140358,0.023450530979855,0.023147012218798,0.0189402241905975,0.0176748834722144,0.0176426438879394,0.0174234369226773,0.0173750775462647,0.0171290042607735,0.0170140275140966,commercial,4,spring,0,3,103.6620464,310.9861392,0
14,2021-04-10,0.016253120703469,0.016253120703469,0.016253120703469,0.016253120703469,0.016253120703469,0.0162572719707303,0.0171397277427576,0.0171612076297366,0.0181191379984653,0.0181513578289338,0.0181406178854443,0.0181620977724234,0.0173729185094252,0.0175251679504441,0.0172412836519962,0.0174929481199755,0.0174983180917203,0.01670102523515,0.0168348836358685,0.0163915481756691,0.0155848019786964,0.0158879208396879,0.0155800093528608,0.0156299326197627,commercial,4,spring,1,3,103.6620464,310.9861392,0
14,2021-04-11,0.0160270813130188,0.0160799161305488,0.0161061420990656,0.0158955384195296,0.0160390634202483,0.0162257741714507,0.0162239504329717,0.0165429897461333,0.0165429897461333,0.0166814172183334,0.0165429897461333,0.0168099852504066,0.016692150546987,0.0167082505399674,0.0172861672833831,0.0166814172183334,0.0166814172183334,0.0168296658809633,0.016253120703469,0.016253120703469,0.016253120703469,0.0163915481756691,0.016253120703469,0.016253120703469,commercial,4,spring,1,3,103.6620464,310.9861392,0
14,2021-04-12,0.0166377130045031,0.0166377130045031,0.0166377130045031,0.0166377130045031,0.0166377130045031,0.0167710463378482,0.0171396813399442,0.0176639484399086,0.0235285246945757,0.0273414103789503,0.027387395863002,0.0291751951378136,0.0250681553536795,0.0277270539419522,0.0315666157820202,0.0278426988445882,0.0262333966912992,0.0194025246243642,0.0176746751254515,0.017642495068823,0.0174637389020463,0.0173749981760693,0.0171289546544013,0.0170139779077245,commercial,4,spring,0,3,103.6620464,310.9861392,0
14,2021-04-13,0.0166377130045031,0.0166377130045031,0.0166377130045031,0.0166377130045031,0.0166377130045031,0.0167710463378482,0.0171396579969802,0.0176638850804349,0.0276677066844588,0.0323445474919341,0.0330714471299635,0.0343344297129483,0.0299095344267501,0.0328077881230147,0.0349483827823743,0.0314700623233986,0.0307566714692464,0.0213535270710628,0.0178130325687595,0.0177808725203858,0.0175616390431567,0.0175133989705962,0.0171289379808556,0.01704083976828,commercial,4,spring,0,3,103.6620464,310.9861392,0
14,2021-04-14,0.0166377130045031,0.0166377130045031,0.0166781836455373,0.0167761404767032,0.0166377130045031,0.0167710463378482,0.0171396345688525,0.0176638214898028,0.0241513997731609,0.0272601097719825,0.0269307335274377,0.0246047353596602,0.0257337594908886,0.0265399722546597,0.0243964253742404,0.0263708363145467,0.0254869138158654,0.0186377685998607,0.0178129622843767,0.0176423948450552,0.0169811310458711,0.0173749447233931,0.0170888607049202,0.0167530386546015,commercial,4,spring,0,3,103.6620464,310.9861392,0
14,2021-04-15,0.0166145709312142,0.0166377130045031,0.0162071180029738,0.0161015167734004,0.0160371168975195,0.0152078409125827,0.016040333253866,0.0168724063500293,0.0216149676354204,0.0232023279073266,0.0238667781588091,0.0228915773405636,0.0217519693161404,0.0253592895757182,0.0237173957196212,0.0257663243804407,0.024833510187264,0.0186918453491973,0.0176744642931171,0.0176423444742984,0.0174230975872176,0.0173749178589895,0.0171289044562265,0.0170139277095496,commercial,4,spring,0,3,103.6620464,310.9861392,0
14,2021-04-16,0.0166377130045031,0.0166377130045031,0.0166377130045031,0.0166377130045031,0.0166377130045031,0.0167710463378482,0.0171395874848818,0.0176636936904536,0.0227552214012698,0.0253344038151699,0.0259577318973413,0.0253102829577506,0.02386821363587,0.0266152258293494,0.0269913013325982,0.0275331884103181,0.0260254195885422,0.0187760211887409,0.0178128210324645,0.0177807214230323,0.0174230403272892,0.0173748909131409,0.0171288876150711,0.0170139108683942,commercial,4,spring,0,3,103.6620464,310.9861392,0
14,2021-04-17,0.016253120703469,0.016253120703469,0.016253120703469,0.016253120703469,0.016253120703469,0.016253120703469,0.0171395638429822,0.0171609500729467,0.0182290049022956,0.0204586631288418,0.0201908944013478,0.0199994468497364,0.0173724502243526,0.0173671036668615,0.0179353307854772,0.0173350243219147,0.0173403708794058,0.0171588682753317,0.0166864710734632,0.0163915481756691,0.0162665088785137,0.016253120703469,0.016253120703469,0.016253120703469,commercial,4,spring,1,3,103.6620464,310.9861392,0
14,2021-04-18,0.016253120703469,0.016253120703469,0.016253120703469,0.016253120703469,0.016253120703469,0.016253120703469,0.0165428957764019,0.0165428957764019,0.0165428957764019,0.0165428957764019,0.016681323248602,0.0174193349853213,0.0168402582550197,0.0168562877707015,0.0170967559251529,0.0169871913239955,0.0168295719112319,0.017086069581365,0.0163915481756691,0.0163915481756691,0.016253120703469,0.016253120703469,0.016253120703469,0.016253120703469,commercial,4,spring,1,3,103.6620464,310.9861392,0
14,2021-04-19,0.0166377130045031,0.0166377130045031,0.0166377130045031,0.0166377130045031,0.0166377130045031,0.0167710463378482,0.0171395163943589,0.0176635007304628,0.0258495132761454,0.0322408877779127,0.0306859170772065,0.0308054809199858,0.0271938934017559,0.029727021183508,0.0325262358563817,0.0305215273274302,0.0290003774820868,0.0209744062229545,0.0178126077608956,0.0177805690861973,0.0175470031098111,0.0173748096668289,0.0171288368361261,0.0170272482644939,commercial,4,spring,0,3,103.6620464,310.9861392,0
14,2021-04-20,0.0166377130045031,0.0166377130045031,0.0166377130045031,0.0166377130045031,0.0166377130045031,0.0167710463378482,0.0171394926016867,0.0176634361503525,0.0229181896262859,0.0240934762903729,0.0266351112890744,0.0281951456581391,0.0258152076628517,0.0288471030912914,0.0312443858828312,0.0298127544020908,0.0283982975992608,0.0206664778938211,0.0179607850455089,0.0177805181018998,0.0176047010327972,0.0175132099474036,0.0172672473135603,0.0170818014433724,commercial,4,spring,0,3,103.6620464,310.9861392,0
14,2021-04-21,0.0166377130045031,0.0167761404767032,0.0166645915386044,0.0167761404767032,0.0167761404767032,0.0167844345128929,0.0172778962450312,0.0178017989442304,0.0260263031022311,0.0305230472197334,0.032105696901702,0.0288246363967719,0.029126072069838,0.0305296911017037,0.029175128465527,0.0315779025877985,0.0296017831987254,0.0194518370104537,0.0179607135589423,0.0179287157026964,0.0174227520265947,0.0175131827144259,0.0172672302929492,0.0170138260740723,commercial,4,spring,0,3,103.6620464,310.9861392,0
14,2021-04-22,0.0166377130045031,0.0166377130045031,0.0166377130045031,0.0166377130045031,0.0167761404767032,0.0167710463378482,0.0171394449148489,0.0178017341868502,0.0238489640846896,0.0279175316401929,0.028810858180917,0.0295710234915118,0.0282222177267443,0.0301853531743265,0.0291628812695007,0.0288138765106156,0.0281681781116599,0.0195589472726193,0.0179606419849958,0.017780415915819,0.0175468295167156,0.0175131554481605,0.0172672132515334,0.0171957001687813,commercial,4,spring,0,3,103.6620464,310.9861392,0
14,2021-04-23,0.0167761404767032,0.0167761404767032,0.0167335607922357,0.0167761404767032,0.0167761404767032,0.0167710463378482,0.0171394210348054,0.0176632418973892,0.0215637440640507,0.0232420930280678,0.0256440376866232,0.024637592705653,0.023632033824809,0.0255177894658734,0.0228798791217642,0.0244875252106535,0.0237347018575242,0.0186369754734,0.0176738942100353,0.0176419372720971,0.0174226360913894,0.0173747006844822,0.0171287687221594,0.0170137919754825,commercial,4,spring,0,3,103.6620464,310.9861392,0
14,2021-04-24,0.016253120703469,0.016253120703469,0.016253120703469,0.016253120703469,0.016253120703469,0.016253120703469,0.0171393971397725,0.01716068811076,0.0181184295634972,0.0181503660199785,0.0181397205344847,0.0181610115054723,0.0173719739294677,0.017218402524091,0.0170586840809033,0.0171864660676096,0.0171917888103565,0.0165478768980534,0.0165478768980534,0.016253120703469,0.016253120703469,0.016253120703469,0.016253120703469,0.016253120703469,commercial,4,spring,1,3,103.6620464,310.9861392,0
14,2021-04-25,0.016253120703469,0.016253120703469,0.016253120703469,0.016253120703469,0.016253120703469,0.016253120703469,0.0165428004009873,0.0165428004009873,0.0165428004009873,0.0166812278731874,0.016987095948581,0.0167500124387717,0.0169977346046616,0.0170136925887824,0.0171302676145227,0.0177078638252968,0.016987095948581,0.0167839973083282,0.016539796838299,0.016539796838299,0.016253120703469,0.0163915481756691,0.0163915481756691,0.016253120703469,commercial,4,spring,1,3,103.6620464,310.9861392,0
14,2021-04-26,0.0167761404767032,0.0167761404767032,0.0166377130045031,0.0166377130045031,0.0166377130045031,0.0167710463378482,0.0171393493330455,0.0176630472783266,0.0215709338184582,0.024054464316366,0.0260883231920171,0.0252577637986763,0.0272404567904709,0.0273334732508297,0.0218818558095611,0.0220128253011134,0.0230660379069635,0.0186367091525775,0.0176736791047556,0.0176417836254687,0.017422461958544,0.0173746187396137,0.0171287175066166,0.0170137407599397,commercial,4,spring,0,3,103.6620464,310.9861392,0
14,2021-04-27,0.0166377130045031,0.0166377130045031,0.0166377130045031,0.0166377130045031,0.0166377130045031,0.0167710463378482,0.0171393254355091,0.0176629824135849,0.025384628096279,0.0311564817842544,0.0314724235055784,0.0308921825865206,0.0279765869505072,0.0303836574421898,0.0313133478474258,0.0321707704495898,0.0302864425640561,0.0207877940380835,0.01811790295974,0.0179284085512921,0.0177554027238195,0.0176612675629735,0.0174153765717777,0.0171378591212057,commercial,4,spring,0,3,103.6620464,310.9861392,0
14,2021-04-28,0.0167761404767032,0.0167761404767032,0.0166511011795478,0.0166377130045031,0.0166377130045031,0.0167710463378482,0.0171393015512941,0.0176719117791704,0.0251908695015433,0.0276483526002877,0.0300453441711228,0.0278420274915829,0.026351668123126,0.0289019493966358,0.0290139219586139,0.0297444861654763,0.0287945949577136,0.0202969355046268,0.0181178313070948,0.0180859767835949,0.0175464813480823,0.0175129916040978,0.0172671108489942,0.0170137066301173,commercial,4,spring,0,3,103.6620464,310.9861392,0
14,2021-04-29,0.0167761404767032,0.0167761404767032,0.0166377130045031,0.0166377130045031,0.0166377130045031,0.0167710463378482,0.0171392776874734,0.0177386070512639,0.0286435449822496,0.0326328156099247,0.0324783222346781,0.0304565316341098,0.0274877244033942,0.0291632177580371,0.0283612641311263,0.0284769801486728,0.0274167354757017,0.0187629048445299,0.0179601403028692,0.0177800575714428,0.0174222879621545,0.0173745368589599,0.0171286663312079,0.0170136895845311,commercial,4,spring,0,3,103.6620464,310.9861392,0
14,2021-04-30,0.0166377130045031,0.0166377130045031,0.0166377130045031,0.0166377130045031,0.0166377130045031,0.0167710463378482,0.0171392538511143,0.0176627881130845,0.0235238412584893,0.0258648927883829,0.0275775925784294,0.0269825853892081,0.0234084917935091,0.0248723238942881,0.0256262843900249,0.0250511868096409,0.0244363898410343,0.0186363545054042,0.0176733926589617,0.0176415790213302,0.0174222300738537,0.0173745096174065,0.0171286493052371,0.0170136725585603,commercial,4,spring,0,3,103.6620464,310.9861392,0
14,2021-05-01,0.016237188114584,0.0161096691061345,0.0158214358863815,0.0158828647645819,0.0158237818005872,0.0157990212274755,0.0170763069886088,0.016736859197454,0.0179543719778274,0.0180597839129974,0.0181982113851975,0.0181245457169976,0.0172973123105853,0.017313208928613,0.0170106361757553,0.0171384659026036,0.0171384659026036,0.0165318131895287,0.0165106176988252,0.016253120703469,0.016253120703469,0.016253120703469,0.016253120703469,0.0162795108739309,commercial,5,spring,1,3,103.6620464,310.9861392,0
14,2021-05-02,0.016253120703469,0.016253120703469,0.0163608479867185,0.0162823331305721,0.0162837382694535,0.016381253986182,0.0171233198539508,0.0171233198539508,0.0180597703357004,0.0180597703357004,0.0181981978079005,0.0182522524285285,0.01714904328201,0.0173131783796948,0.0172972919446399,0.0181011069612353,0.01741777852016,0.0166702270844319,0.0169549132464188,0.016539796838299,0.016253120703469,0.0163915481756691,0.0163915481756691,0.016253120703469,commercial,5,spring,1,3,103.6620464,310.9861392,0
14,2021-05-03,0.0163915481756691,0.016253120703469,0.016253120703469,0.016253120703469,0.0163915481756691,0.016253120703469,0.0172617337766285,0.0172617337766285,0.0182711088450611,0.0189906420083189,0.0199199115607805,0.0213679432078684,0.0194235331091643,0.0201675974394619,0.0206044473304914,0.019670960708004,0.0196596599950736,0.0192523083690124,0.0182339636813262,0.0173461155473878,0.0172527592160806,0.0173354199381614,0.017204570945525,0.0167384531408467,commercial,5,spring,0,3,103.6620464,310.9861392,0
14,2021-05-04,0.0171169497848487,0.0170475888797008,0.0164968845426377,0.0169917817203081,0.0165786669025277,0.0164793474212212,0.0180007965879398,0.0187118982818518,0.0224423349973191,0.0259932145671181,0.0253124994974627,0.0246022025091188,0.0221004900208404,0.0224168340804824,0.0234925459756177,0.0169999977858488,0.0169999977858488,0.016531772544974,0.0165106176988252,0.0163915481756691,0.016253120703469,0.016253120703469,0.016253120703469,0.016253120703469,commercial,5,spring,0,3,103.6620464,310.9861392,0
14,2021-05-05,0.016253120703469,0.016253120703469,0.016253120703469,0.016253120703469,0.016253120703469,0.016253120703469,0.017123279304748,0.0172617067769481,0.0180731179615423,0.0184923771919985,0.0205927356159744,0.020531675691423,0.0182609692441005,0.0195644943905368,0.0197350044677948,0.0205848198007509,0.0201703562618576,0.0197416582164847,0.0187711595382918,0.0180277688980185,0.017453694921291,0.0173749501469514,0.0177751778343245,0.0169542023463019,commercial,5,spring,0,3,103.6620464,310.9861392,0
14,2021-05-06,0.0181228967007224,0.0175850883822251,0.0173687736104754,0.0171338942800506,0.0170096734539653,0.0170674161521098,0.017546150249982,0.0199820064776621,0.0358294303002581,0.0381855033956501,0.0392717048748488,0.0402185323221531,0.0324334420965647,0.0376014518458996,0.0385139509408384,0.0375733630264254,0.0368955895763686,0.0256513304259702,0.0210476229477707,0.0197684300481547,0.0191513142264198,0.0185448500759749,0.019074712486673,0.0184124849278695,commercial,5,spring,0,3,103.6620464,310.9861392,0
14,2021-05-07,0.0189731971488051,0.0190995456164161,0.0185905702498283,0.0190965467682829,0.0191151944400727,0.0184578390915606,0.0196956544503515,0.021998043603649,0.0400952654714813,0.0430835379548623,0.0430504526389815,0.0438560087243757,0.0369052731270075,0.0401010421316524,0.0399872074850231,0.0386064749736345,0.0377609562602265,0.0259072985355335,0.0215346011545998,0.020376719516995,0.0194488955652643,0.0173743204811837,0.0171285310950978,0.017013554348421,commercial,5,spring,0,3,103.6620464,310.9861392,0
14,2021-05-08,0.016539796838299,0.0165811813826389,0.0163349737753108,0.016539796838299,0.0165646442235143,0.0167426111591773,0.0180001991620051,0.0194924756264444,0.0258455394801688,0.027442281404423,0.0269098154883416,0.0264753681807911,0.0245864707661168,0.0235085561249445,0.022025882123418,0.0225594808564509,0.0218701330054292,0.019604672641954,0.0192162134516681,0.0185425208807754,0.0186852436257334,0.0194448574347553,0.0189018266009814,0.0187001143031338,commercial,5,spring,1,3,103.6620464,310.9861392,0
14,2021-05-09,0.0188182650251021,0.0187574017234466,0.0179872845122684,0.0186340137533839,0.0180268175203966,0.0170296714127649,0.018011203554755,0.0190071227300578,0.0198719271337984,0.0221257413955729,0.0224376403639724,0.0239101658334395,0.0227006809180162,0.0222844837723399,0.02386471247498,0.0233894769690238,0.0213223487695018,0.0199928591567994,0.0185904847688907,0.0191712697345697,0.0186518495249079,0.0193471150553717,0.0193078630214399,0.018438184498042,commercial,5,spring,1,3,103.6620464,310.9861392,0
14,2021-05-10,0.019144768037057,0.019017967936123,0.0183005370587467,0.0183890641681158,0.0183119242181541,0.0178752724373067,0.018503796602429,0.0221226875773822,0.0380650532971263,0.0439798386248806,0.0423830889735707,0.0410089334507226,0.0342827407861597,0.0394698154047964,0.0405992760735886,0.0387407852911467,0.0376356585018182,0.0260236976392364,0.0214837922430696,0.0207993024630798,0.0195059821974379,0.0198378128062166,0.0193269692664617,0.0183803584575917,commercial,5,spring,0,3,103.6620464,310.9861392,0
14,2021-05-11,0.0189678247750715,0.0191230865941127,0.0187312194873732,0.0191487295094481,0.0191689708442243,0.0188038758800373,0.0171389954724812,0.017800514271852,0.0236303186080221,0.0255472905525338,0.024238381915001,0.0258368449712254,0.0244680186676746,0.0281714135352728,0.0282451457194353,0.0290206864607764,0.0285204568801798,0.0203459420824228,0.0179962448654219,0.0179277014876608,0.0175744203169991,0.0175126417997402,0.0172668922212707,0.0172248400612769,commercial,5,spring,0,3,103.6620464,310.9861392,0
14,2021-05-12,0.0167761404767032,0.0166377130045031,0.0166377130045031,0.0166377130045031,0.0166377130045031,0.0167710463378482,0.0171389725118444,0.0176620244779234,0.0254834943659915,0.0291670064870237,0.0308284850848411,0.0311033042172073,0.0271909707078469,0.0292496643823205,0.0326257239817201,0.0326128073628788,0.0312155421302646,0.021106628873864,0.017959224775982,0.0179276522862962,0.0175033998931828,0.0176608642216423,0.0172668758208158,0.0170134716019389,commercial,5,spring,0,3,103.6620464,310.9861392,0
14,2021-05-13,0.0166377130045031,0.0166377130045031,0.0166377130045031,0.0166377130045031,0.0166377130045031,0.0167710463378482,0.0171389496690439,0.0177985814315092,0.0296567481111683,0.0357222942448631,0.0354304116952239,0.0337201330708014,0.031391113190303,0.0342302662340103,0.0347327299506351,0.0331269033748404,0.0299750505975058,0.0213150373972768,0.0182336643086375,0.017927603337438,0.01757430908008,0.0178184575283484,0.0175727275799234,0.0171093030733855,commercial,5,spring,0,3,103.6620464,310.9861392,0
14,2021-05-14,0.0169243891393331,0.0169243891393331,0.0167056713531921,0.0167761404767032,0.0167761404767032,0.0167979248719495,0.0172773544230445,0.0199098027805251,0.0320108127214106,0.0370917216417057,0.0364231510682623,0.0339416784992611,0.0327028329528957,0.035911113255809,0.034595888099816,0.03510111455681,0.0342445586785957,0.022120557086979,0.0196012626068425,0.0182517031948207,0.0177389011311518,0.0178184315646919,0.0175727113526381,0.0171953301944923,commercial,5,spring,0,3,103.6620464,310.9861392,0
14,2021-05-15,0.0166974162510627,0.016539796838299,0.016420426474466,0.016539796838299,0.016539796838299,0.0163349737753108,0.0174255804988038,0.0174465898836207,0.0187902134117566,0.0217888540581291,0.0227063651695694,0.022369267142328,0.0218288046896109,0.0205967758255599,0.0201118377159831,0.0208134883328324,0.0191637118210428,0.0171753336771608,0.0173331760039605,0.0170815678761886,0.0165705856614224,0.0166974162510627,0.0166974162510627,0.0164644727623521,commercial,5,spring,1,3,103.6620464,310.9861392,0
14,2021-05-16,0.016539796838299,0.016539796838299,0.016420426474466,0.0163915481756691,0.016539796838299,0.0163915481756691,0.0166809471179272,0.0188976949208349,0.0200314283437667,0.0228852238929396,0.0229273673949253,0.0236492040045753,0.0215878699255459,0.0217469912270349,0.0235453103872126,0.0209582341745819,0.0204939986477293,0.0202268785764717,0.018329049395014,0.016253120703469,0.016253120703469,0.016253120703469,0.016253120703469,0.016253120703469,commercial,5,spring,1,3,103.6620464,310.9861392,0
14,2021-05-17,0.0166377130045031,0.0166377130045031,0.0166377130045031,0.0166377130045031,0.0166377130045031,0.0167710463378482,0.016972854385139,0.0176145645352616,0.0234848937496182,0.0247055983531471,0.0247991406094191,0.0257231799390097,0.0245935964676554,0.0278248684669402,0.0288147358993392,0.0283803838127884,0.0281383830888287,0.0192682212437553,0.0182830346124886,0.018085029768537,0.0177079487682452,0.0178183546047938,0.0174150438399381,0.017095244030273,commercial,5,spring,0,3,103.6620464,310.9861392,0
14,2021-05-18,0.0169243891393331,0.0167761404767032,0.0166377130045031,0.0167761404767032,0.0167761404767032,0.0167710463378482,0.0171388374580173,0.0176616579032501,0.021712245274424,0.0236282296898804,0.0253964976696248,0.027260514601072,0.0245007707243301,0.025742813516836,0.0262018783973004,0.027121464502456,0.0263675817472103,0.018675278543507,0.017958819614501,0.0177791142226084,0.0174212188334755,0.0173740337395815,0.0171283518815965,0.0170133751349196,commercial,5,spring,0,3,103.6620464,310.9861392,0
14,2021-05-19,0.0166377130045031,0.0166377130045031,0.0166377130045031,0.0166377130045031,0.0166377130045031,0.0167710463378482,0.0171388154629323,0.0176615982023049,0.0228848701416171,0.0263783952828039,0.0287668582358507,0.0292862782748575,0.02643694326038,0.0294216414661191,0.0292822787680455,0.0309024543822277,0.0308765144056759,0.0189506419753495,0.0182829021684843,0.0180849351656768,0.017503018488682,0.0176606847371714,0.0174150123056514,0.0170133594241445,commercial,5,spring,0,3,103.6620464,310.9861392,0
14,2021-05-20,0.0167761404767032,0.0167761404767032,0.0166511011795478,0.0167761404767032,0.0167761404767032,0.0167710463378482,0.0172772211043922,0.0177999664196387,0.025765812352785,0.0287438147093282,0.0323874999110526,0.0324319097351178,0.029388687425572,0.0331133222832008,0.032619254977929,0.0343113265229692,0.0337164482635293,0.0222951696559218,0.0195350482918837,0.0185025006344025,0.0175595398715285,0.017660659787754,0.0174149967122655,0.0171374792616935,commercial,5,spring,0,3,103.6620464,310.9861392,0
14,2021-05-21,0.0169243891393331,0.0169243891393331,0.0168050187755,0.0169243891393331,0.0169243891393331,0.016895181768783,0.0174254481070918,0.0179481562910292,0.0248327183817958,0.028675430394758,0.0304650349069172,0.0294004503711382,0.028218774887086,0.0297579829609165,0.0270608871151012,0.0271282674997503,0.0279462824878923,0.0196303874483604,0.0178103744946043,0.0177789738959893,0.0174752238552889,0.0175123863709181,0.0172667325782568,0.0170133283593799,commercial,5,spring,0,3,103.6620464,310.9861392,0
14,2021-05-22,0.0163915481756691,0.0163915481756691,0.016253120703469,0.0163915481756691,0.0163915481756691,0.016253120703469,0.0172771779617558,0.0172980994183337,0.0181850022331502,0.0186069052232362,0.0190516143565578,0.0189163627866873,0.0181953457015175,0.0185034818328907,0.0189428820119155,0.0193497484740146,0.0183276926077165,0.0173084001852209,0.0172874322311662,0.0172001737409259,0.0167739762597011,0.0166974162510627,0.0166974162510627,0.016420426474466,commercial,5,spring,1,3,103.6620464,310.9861392,0
14,2021-05-23,0.016539796838299,0.016539796838299,0.0164059384375805,0.0163915481756691,0.0163915481756691,0.016321079052158,0.0165424323744784,0.0168291085093084,0.0167836292818193,0.0182367237750242,0.0194843892144072,0.0183375118684893,0.0192718372499575,0.0202534783461577,0.0182565851898834,0.0194972477233883,0.0195163881883318,0.0174110262160742,0.0173042272360128,0.0170389125851748,0.0167795963287739,0.0168639453775376,0.0168639453775376,0.0165551446198732,commercial,5,spring,1,3,103.6620464,310.9861392,0
14,2021-05-24,0.0170820085520968,0.0170820085520968,0.0168196041406279,0.0169243891393331,0.0169243891393331,0.0168252103964966,0.0172771355534096,0.0179856421835816,0.0324812994216904,0.0370586220279405,0.0385923609188021,0.0379103530175297,0.0319686481063437,0.0366490472160621,0.0373316136603184,0.0386793590980185,0.0380148892870572,0.024856726207486,0.020935583367277,0.0194667491807362,0.0177852476965313,0.0185920315271825,0.0180537733067006,0.017284704792413,commercial,5,spring,0,3,103.6620464,310.9861392,0
14,2021-05-25,0.0173780789100242,0.0177732744858399,0.01686771448653,0.0179096484384295,0.0177879957799168,0.0169795861412095,0.0181649412256256,0.0204250157410837,0.0357553805368113,0.0393034942623392,0.0406150029420647,0.0416281857946994,0.0344571974965028,0.0391623155303803,0.0401705575249574,0.0398740399122477,0.0362823466372356,0.0253803155522775,0.0211533327138211,0.0204507859722525,0.0187705907551505,0.0187872050200453,0.0186141034912547,0.0177318671813177,commercial,5,spring,0,3,103.6620464,310.9861392,0
14,2021-05-26,0.0180751216339918,0.0185981649630577,0.0177845258278888,0.018535624935673,0.0179514226278063,0.0174097389321726,0.0202076416759868,0.0240987697699625,0.0394923498679407,0.0441968639528998,0.0435753164092782,0.0398515127342681,0.0352927607919425,0.0401706331566654,0.0422822168329241,0.0405741318028045,0.0403030202009576,0.0265801192461766,0.0235246327556632,0.0205275660431856,0.0185654271816656,0.0186341790914515,0.0185874756185793,0.0174936739292539,commercial,5,spring,0,3,103.6620464,310.9861392,0
14,2021-05-27,0.0173817611134842,0.0177141150450118,0.0173584288287005,0.0178808816847898,0.0172935481401703,0.0171266324657072,0.0187626952117347,0.0226179841917783,0.0364747616087019,0.0446016101517974,0.0460709050738755,0.0404538355859836,0.0378806029221227,0.0403374634775289,0.0394463966639378,0.0436020569237425,0.043413468735792,0.0271788317713573,0.024102670223568,0.0219708822095413,0.0198230438911741,0.0199521125745841,0.0195169717740232,0.0186763103697549,commercial,5,spring,0,3,103.6620464,310.9861392,0
14,2021-05-28,0.019220365124343,0.0187009423260171,0.0187071627296342,0.0196230805941408,0.0191615001787849,0.0187552206170689,0.0200627451400126,0.0218008187645145,0.0340032577013015,0.0395513496631986,0.0427498173413701,0.0431822319405505,0.0370731571016849,0.0427793098258565,0.0361259728513541,0.0365468521815479,0.0392045274422012,0.0251646602092435,0.0219439489368748,0.0213002293335708,0.0192105132964794,0.0202379748174722,0.0190290850608089,0.0182054843031103,commercial,5,spring,0,3,103.6620464,310.9861392,0
14,2021-05-29,0.0183344338013663,0.0188255679930491,0.018421720433442,0.0173799136267642,0.0176808278149426,0.0182745681595579,0.0199874082028094,0.0192384548538055,0.0205273797017419,0.0204236559588781,0.021115213566426,0.0269117068379691,0.0199342133784534,0.018284761205372,0.021916974851115,0.0178901096013601,0.0171902057312265,0.0166289384303301,0.0168337614933184,0.016539796838299,0.0163630627583971,0.0165639343717422,0.0169094968929634,0.0167069515949205,commercial,5,spring,1,3,103.6620464,310.9861392,0
14,2021-05-30,0.0175526214502419,0.0181536516882403,0.0172094107568546,0.0183438169353299,0.018920441213795,0.0176569116715767,0.0194029894107888,0.0201898877094313,0.0207923397719893,0.0215007290687824,0.0234130988043892,0.0261699612915795,0.0264692526102003,0.0243328881404359,0.0262452195643739,0.0239186280624656,0.0230900736911603,0.0214907649383038,0.0202482347758878,0.0202881261216591,0.0201985448301349,0.0203399217883343,0.0202767556869734,0.0199545912181931,commercial,5,spring,1,3,103.6620464,310.9861392,0
14,2021-05-31,0.0206258786778986,0.0205902435576305,0.0198786345094792,0.0205806543004256,0.0205193882373584,0.0201514213240397,0.0208142360056416,0.0229477141263123,0.0407186326112301,0.0461995499890501,0.0477610636747972,0.0434703363780291,0.0382727098889378,0.0433184819571,0.0470014951499251,0.0436875845351448,0.0424835208664088,0.0291881631687593,0.0229662241422529,0.0221865395944189,0.0212435776128589,0.0209371019883521,0.0204594011585948,0.0196240504480046,commercial,5,spring,0,3,103.6620464,310.9861392,0
14,2021-06-01,0.0194953506070878,0.0196384910182291,0.0190913640060017,0.0195505832805713,0.0199031848580862,0.0201269763041997,0.023812612249492,0.0283109117913742,0.0423649287254597,0.052685747024561,0.0534684532226672,0.044231462408323,0.0400757567437456,0.0500996139012964,0.0444299350607177,0.0429640057667399,0.04462784135965,0.0301080902300495,0.0243169669567392,0.0234311632762475,0.0212575939783181,0.0213109379811394,0.0213077773851219,0.0204164441425981,commercial,6,summer,0,3,103.6620464,310.9861392,0
14,2021-06-02,0.0209623782820981,0.021433377808156,0.0204058711820334,0.0215335581986538,0.0196659664855436,0.0190595565216004,0.0235336098943492,0.0245106559185032,0.0392739535571819,0.0488635540021972,0.0506234048322778,0.0478013757966877,0.0371958271690494,0.0408002221256102,0.0417691576927449,0.0381064775589469,0.0372634684280333,0.0259833623853151,0.0238628133075622,0.022803025220874,0.0208402091601642,0.0215832269268597,0.0211096334786542,0.0200003364548578,commercial,6,summer,0,3,103.6620464,310.9861392,0
14,2021-06-03,0.0208828293265672,0.0207638208212417,0.0205862286721144,0.0209007321177998,0.0215273342067326,0.0202155642094669,0.0235894336128067,0.0275132010998437,0.0436035361427698,0.0524355279014096,0.0540892910303604,0.0466671338782211,0.0427656987357992,0.0483456036181072,0.0450345977185183,0.046834715591403,0.0473026345299313,0.029638895271084,0.024370705212686,0.0240541917940891,0.0218108150877382,0.0227907269554125,0.0209646050479958,0.0202203334407297,commercial,6,summer,0,3,103.6620464,310.9861392,0
14,2021-06-04,0.020851727981857,0.0214531168608958,0.0201652556445618,0.020874724724471,0.0206452146658918,0.020343142150726,0.0247429778905386,0.0278985454065009,0.0430226037204244,0.0549683762760953,0.051490575629469,0.0464229401406152,0.039520062120726,0.0441415107392105,0.0429067246978309,0.044106995067769,0.0434692865711354,0.0286874577255435,0.0249995835234775,0.0241335913199722,0.0218185837753801,0.0228501072693328,0.0224623608269055,0.0203687535247775,commercial,6,summer,0,3,103.6620464,310.9861392,0
14,2021-06-05,0.0205164009758479,0.0204270479957392,0.0198518788782289,0.0203911930050219,0.0192226664678375,0.019187483882796,0.0245858879176263,0.0271845702805364,0.030318610857563,0.0356077552802017,0.0353166418882324,0.0315190896103203,0.0284252218876344,0.0278997277795563,0.0262320203338225,0.0250258864961098,0.0241281046323288,0.0202616299046028,0.0190726900192655,0.018734102363645,0.0193201484890246,0.0204926914577154,0.0208982056638527,0.0196624533974867,commercial,6,summer,1,3,103.6620464,310.9861392,0
14,2021-06-06,0.0194653549552629,0.0200464933900734,0.0192520093255647,0.0193265237240159,0.0192556495694231,0.0190966864706867,0.0224717469276092,0.0257387025596184,0.0260425771710722,0.0301148070311483,0.0323211354345342,0.0265268307892318,0.0290101744435716,0.0271940587776979,0.0255324435932175,0.0264112473076381,0.0232978708087611,0.0219046919882698,0.0223706287636378,0.0223812231681983,0.0204516383105865,0.0209854894243458,0.0209894048318187,0.0203360456457314,commercial,6,summer,1,3,103.6620464,310.9861392,0
14,2021-06-07,0.0222957887878064,0.0214235998696343,0.0206501582583277,0.0208408003117544,0.0201435789331173,0.0174275190371407,0.0200420429050574,0.0229792077149314,0.0335871944844339,0.0419446795074141,0.034704839497878,0.0351194897492967,0.0376493861235991,0.0404407678919931,0.0388331312445842,0.0437727002889784,0.0408376515619887,0.0263649967900408,0.0237111172129676,0.0230943502477558,0.0211596146448257,0.0178178703386118,0.017572360586338,0.0173932408535175,commercial,6,summer,0,3,103.6620464,310.9861392,0
14,2021-06-08,0.0177436563189456,0.0201785526662226,0.019969162011268,0.0211741778441788,0.0214144750103946,0.0208910854755225,0.0223400431787809,0.0221943308795177,0.0323719235859108,0.0324751537246597,0.0276879861180728,0.0287332424022954,0.0280677677139334,0.0366576278672803,0.0366835224136973,0.0299955990030329,0.0315124228243751,0.0198898859367554,0.0187230805042519,0.0187707590595349,0.0177472481079715,0.0182747002663935,0.0179272710542581,0.017606633102363,commercial,6,summer,0,3,103.6620464,310.9861392,0
14,2021-06-09,0.0188158250701934,0.0186657795993574,0.0182203381767831,0.0204830207236061,0.0203979344115936,0.0199782963866105,0.0213647695879176,0.0217919365781252,0.0303104444696756,0.0368805090600259,0.0389954523855677,0.0394814504899658,0.0359732473647816,0.0400599963827216,0.0359917531641808,0.0301927909957575,0.0291013161691535,0.0199375940777062,0.0181753881358198,0.018084047174556,0.017676421202523,0.0186478593174019,0.0198002175114848,0.0179137772236636,commercial,6,summer,0,3,103.6620464,310.9861392,0
14,2021-06-10,0.0202035104691711,0.0205783605140199,0.0191367623356612,0.0181486845414571,0.0172038523238355,0.0167710463378482,0.0172768115618418,0.018059091948897,0.0234814652525767,0.0262282173354259,0.0278652450427845,0.0262140432283173,0.0267752678896049,0.0308922377975364,0.0268444855358232,0.027433221846726,0.027824418209031,0.0196785010713864,0.018805706708738,0.0187157118823426,0.0177221471614879,0.0182639674063497,0.0178966350350829,0.0176597000163063,commercial,6,summer,0,3,103.6620464,310.9861392,0
14,2021-06-11,0.0178750427421363,0.0177788342550159,0.017302540134176,0.0182451896105938,0.0181369221395313,0.0173813129116122,0.0186107062046159,0.0205854849991999,0.034005851082395,0.039275866285044,0.0403411214824006,0.0393831480638139,0.0342088313508003,0.0389160234288312,0.0410686086898113,0.0406906611612926,0.0394654748452205,0.0253306122832489,0.0221686430083773,0.0209927284089483,0.019578575939389,0.0205152655255332,0.0200885571582313,0.0191065808451376,commercial,6,summer,0,3,103.6620464,310.9861392,0
14,2021-06-12,0.0174948138365116,0.0176169628440452,0.017777273465285,0.0179654286150748,0.0175748236692671,0.0172942321448055,0.0195155140106919,0.0220115824021843,0.0250079598480903,0.0271261406657911,0.027907888224335,0.0242433392733193,0.0226443008502237,0.0249167305358067,0.0230258620108059,0.022855653864772,0.0217236700918622,0.0198730198007279,0.020238456443177,0.0184178480617529,0.0169453000087703,0.0170579904809954,0.0168870741908704,0.016420426474466,commercial,6,summer,1,3,103.6620464,310.9861392,0
14,2021-06-13,0.017599802556134,0.0186033273765199,0.0182636552093211,0.0191326250362407,0.0192210008039593,0.0183103777572045,0.0199981605757143,0.0217311754486093,0.0250577446966235,0.0298074137421126,0.0299916950426284,0.0272281639342065,0.0221940537764494,0.0242514028744903,0.0247212555321093,0.0242271012024737,0.0234487943790372,0.0214194670925961,0.0210021428765072,0.0174292442002826,0.0164241651461246,0.0169662761668581,0.0167825657533348,0.0164496940851728,commercial,6,summer,1,3,103.6620464,310.9861392,0
14,2021-06-14,0.0175821153807135,0.0170997119664919,0.0165093828790886,0.016539796838299,0.016539796838299,0.016321079052158,0.0172612403894596,0.0175203552827967,0.0182105198824408,0.019709333772105,0.0212298605299305,0.0195604478504849,0.018953969331619,0.0185228723508921,0.0180241296155152,0.0189886116603582,0.0184419839272119,0.017839318344821,0.0166490451710253,0.016253120703469,0.0163489684912017,0.0163915481756691,0.0163915481756691,0.0163915481756691,commercial,6,summer,0,3,103.6620464,310.9861392,0
14,2021-06-15,0.0169243891393331,0.0169243891393331,0.0167761404767032,0.0167761404767032,0.0167761404767032,0.0168668941255809,0.0172767311535472,0.0177986365530597,0.0264547378328569,0.0316527110918258,0.0337177020490762,0.0316532252123536,0.030228932558328,0.0357726758952938,0.0347103500501948,0.0373576891681727,0.0342312970780665,0.023911479586357,0.0199016935048005,0.0187909790813534,0.0178319665008993,0.0182774027819168,0.017933706642083,0.0176938272542819,commercial,6,summer,0,3,103.6620464,310.9861392,0
14,2021-06-16,0.0179142454355585,0.0183724416889306,0.0177935065109955,0.0177779251230279,0.0177847223493118,0.0174385335842642,0.0196087362353574,0.0220022526893077,0.0353824548634271,0.0388037347150907,0.0400560290867793,0.038486278147518,0.0358265089372031,0.0398183071770327,0.0423121396421107,0.0385488253582759,0.0362346599956455,0.0263697892044595,0.0215068116192834,0.0207547367013048,0.0192144493471293,0.0198043407295776,0.0188416633369398,0.0184361728812726,commercial,6,summer,0,3,103.6620464,310.9861392,0
14,2021-06-17,0.0183052721654974,0.0188702259053132,0.0181010666410242,0.0184052492315184,0.0188711477441415,0.0181092527934365,0.0190260110710239,0.0226636137648172,0.0371491250001733,0.0465374128434396,0.0427280556440931,0.0429412551790392,0.0346455735631975,0.0367501188260549,0.0356809302858156,0.0361597702688882,0.0361732994238201,0.0249097130009247,0.0216222177684498,0.0203838004047452,0.019086701445776,0.0193728998096063,0.0188755478680651,0.0173615974388339,commercial,6,summer,0,3,103.6620464,310.9861392,0
14,2021-06-18,0.0174481975611648,0.0177607267071214,0.0172813812286317,0.0178424462580324,0.0177253228023235,0.0170424684073472,0.0180658170569902,0.0200161556364811,0.0339799144561083,0.0402796175156436,0.0456982901013299,0.0448155211937587,0.03851690893039,0.0420895012758851,0.0442683736823868,0.0394927284788017,0.0437425898490415,0.027030171763379,0.0227920730626857,0.0219280149129244,0.0197427042036556,0.0200135903675296,0.0190230698388505,0.0180763514342998,commercial,6,summer,0,3,103.6620464,310.9861392,0
14,2021-06-19,0.0182987799432481,0.0184646344581136,0.0176315066491416,0.0175451144032755,0.0174541189891543,0.0171310474358963,0.0213316416920169,0.0232798496177224,0.0294965248215153,0.0342242556378373,0.0346574907333801,0.0321364794984076,0.0263808977950492,0.0260272504268652,0.0230742887587879,0.0250262566663004,0.024313724640547,0.0227985726003936,0.0203247431221051,0.0195699216703715,0.0183760243063928,0.0190822368193378,0.0192721590090831,0.0185921173242229,commercial,6,summer,1,3,103.6620464,310.9861392,0
14,2021-06-20,0.0194430201259996,0.0182766095842961,0.0179689847299768,0.017945076094412,0.0174062235822987,0.0172898784834553,0.0185818043663308,0.0226636490541422,0.0261010067187178,0.0297740842857145,0.0280940287852882,0.0280990667363289,0.0266693956542374,0.0275765268060507,0.0246437696298224,0.0259705912905971,0.0254308365026469,0.0247046306795082,0.0211247164140264,0.0200595767558177,0.0186984026123701,0.0190526243741591,0.019320402752437,0.0185097034062663,commercial,6,summer,1,3,103.6620464,310.9861392,0
14,2021-06-21,0.0198245954172077,0.0196997309928283,0.0186608888280429,0.0191299765749843,0.0190045232949986,0.0182850347637758,0.0211122885162781,0.0264598072363582,0.0419582938289179,0.0461900356077685,0.0456538189386339,0.0466901674944204,0.0402635260794724,0.0460160950605497,0.047032833868663,0.0450491865981224,0.0456006229573849,0.0303267009465625,0.0244549967493975,0.0234671950524148,0.0212252027285012,0.0213825605256599,0.0209015091706309,0.0195576344329176,commercial,6,summer,0,3,103.6620464,310.9861392,0
14,2021-06-22,0.020127722667879,0.0200144757949639,0.0185386566075231,0.0191155697952569,0.0185383690789967,0.0187690624555454,0.0231937825687351,0.0279681904114567,0.0443070546687128,0.0484772194334688,0.0501487835959902,0.048458765222014,0.0426395809853079,0.0460748465942806,0.0462303992107358,0.0469300484215274,0.0464416203698921,0.0306315400818829,0.0247523402909747,0.0237366323625704,0.0213977129707969,0.0215620128235488,0.0210505208352509,0.019942797750749,commercial,6,summer,0,3,103.6620464,310.9861392,0
14,2021-06-23,0.020255547430836,0.0201270335099286,0.0188958364447925,0.0190920099626745,0.0201629985041464,0.0187766621188692,0.0245055860298962,0.0305129519312365,0.0451473378717789,0.0492418615381509,0.0519147068556026,0.0478995826856518,0.0426184038404026,0.0473307240775612,0.0468894543208741,0.0491194785784553,0.048046826110406,0.030654348279711,0.0265118622187534,0.0239812308092328,0.0222340554664057,0.0231569800405831,0.0227902208642564,0.0210946997211654,commercial,6,summer,0,3,103.6620464,310.9861392,0
14,2021-06-24,0.0218054030526943,0.0212403848672722,0.0199329675528269,0.0212970426955657,0.0212119439398974,0.0203646560170809,0.0244778005711552,0.0284891034462328,0.0451067905279103,0.0491381716304453,0.0516860087972807,0.0507263219238935,0.0422746593001954,0.0492075956705731,0.0463121234685466,0.051107776522796,0.0479429980218824,0.0306273585550958,0.0264920217496312,0.024532369865733,0.0224203206771313,0.0226134428922738,0.0227773006353715,0.0213724541937332,commercial,6,summer,0,3,103.6620464,310.9861392,0
14,2021-06-25,0.0217045411529465,0.022910262964419,0.0205255043578138,0.0208134002840701,0.0205971069250974,0.0204493512432472,0.0252109679398562,0.0273585144958442,0.0407273326910388,0.0506841976295546,0.0518733163426749,0.0490882347291044,0.0429911265218583,0.0483172810974271,0.0473781755974863,0.0487392956616578,0.0461844195014237,0.0305030301036904,0.0258038135803016,0.0237472509102787,0.0219481173946126,0.0224213982271702,0.0220798498676638,0.0209744863189221,commercial,6,summer,0,3,103.6620464,310.9861392,0
14,2021-06-26,0.0201893318950491,0.020697955614072,0.0191491720906511,0.019438992137949,0.0200740567909909,0.0182173909368238,0.0245074019483602,0.0261233214976303,0.0318184598258349,0.033884935631928,0.0337368905417147,0.0337186234378581,0.0282333977413563,0.0280193170529566,0.0238685161376196,0.0266063639984627,0.0260926417441882,0.0231792252097304,0.0225107699403292,0.0208398523047238,0.020156307739542,0.0213010618983003,0.021126636898503,0.0190777815915941,commercial,6,summer,1,3,103.6620464,310.9861392,0
14,2021-06-27,0.0199055835104489,0.0200038714972472,0.0191064839092004,0.0201438009858008,0.0201049096920875,0.01919767581156,0.0223301067629133,0.0243621959820605,0.0281874465776201,0.027977317253235,0.0240134565785542,0.0249095333364661,0.0268709358075813,0.0262518897492922,0.0254458851148573,0.0276283440742073,0.0249769050816702,0.0231102520253344,0.0215149238021493,0.0210947242467001,0.0182130896405311,0.0199354448590798,0.0190440028431061,0.0189188206797415,commercial,6,summer,1,3,103.6620464,310.9861392,0
14,2021-06-28,0.0171856917633475,0.0179139235032361,0.0172236542572995,0.0183132253695625,0.0183080346733491,0.01685289940969,0.0176215022779109,0.0177981729349331,0.0307196042331926,0.034167409554829,0.0357680696917297,0.0340570718186327,0.0308231251742214,0.0336804376370563,0.0308519154288749,0.0331571981640355,0.0352684079660316,0.0224779874025131,0.0199638502747415,0.0194431311444257,0.018063813061321,0.0185702172860549,0.0185426940846261,0.0177482236622395,commercial,6,summer,0,3,103.6620464,310.9861392,0
14,2021-06-29,0.0183663208221159,0.018481335009306,0.0179121120841791,0.01851623999712,0.018414707888467,0.01698181979925,0.0178760234823288,0.0177981439647417,0.0259390719905573,0.0338481963055862,0.0384251042915756,0.0350341104316576,0.0288113300614165,0.0349650886633504,0.0318500656025208,0.0332791867256377,0.0332429602430188,0.0228384094298074,0.0200817004773008,0.0191210666187125,0.0179944666475633,0.0178416643696014,0.0175721365316353,0.0174089172591298,commercial,6,summer,0,3,103.6620464,310.9861392,0
14,2021-06-30,0.0174099848723085,0.0175929952540157,0.0169397369209073,0.0176084424061745,0.0174550302311396,0.0169972730556004,0.0176471905474397,0.0200936512443209,0.0317770686839667,0.0376900636347848,0.0371811495705816,0.0374081218164943,0.0275970618804177,0.0329179159544625,0.0321699598779761,0.0351048826892103,0.0344999268133367,0.021176394568434,0.0189102507937373,0.0184122327224724,0.0177369217167606,0.0179821768424074,0.0179017324553224,0.0182051847166171,commercial,6,summer,0,3,103.6620464,310.9861392,0
14,2021-07-01,0.0185456197880718,0.0191307470234801,0.0188847960207429,0.019093634310675,0.018992409226656,0.0189655018334264,0.0211040069568171,0.0245309307316927,0.0402649310419849,0.0459928350697585,0.0439915956386473,0.0406065736902636,0.0384822356248356,0.0431161101925838,0.0411786709569927,0.0434687335072679,0.0430660485599585,0.0283543329439792,0.024216145334639,0.0225786365723682,0.0206192686430346,0.0213941277927661,0.021058274083112,0.0193098402475612,commercial,7,summer,0,3,103.6620464,310.9861392,0
14,2021-07-02,0.0197502611007529,0.0194379637411892,0.0187319363509982,0.0195708458081251,0.0190191847537866,0.0190033499014626,0.0218324754845208,0.0248361686570245,0.0394102436825584,0.0478559375436487,0.0491840395252178,0.041660747294268,0.0404956839811501,0.0445636005362697,0.0418457827253889,0.045998219366926,0.0415418782341511,0.0271984177719555,0.023729060808559,0.0228515282867603,0.0206466733584747,0.0215728201428437,0.0212697260399212,0.0195253870172596,commercial,7,summer,0,3,103.6620464,310.9861392,0
14,2021-07-03,0.0189440009409065,0.0199693240164452,0.0178644845776047,0.0188447245105692,0.0189208555996489,0.0184062400760262,0.0214888125438409,0.0220084968681728,0.0249007354898124,0.0283097372012661,0.0311576231539908,0.026360498698773,0.0252395116606797,0.0248745114601947,0.0227095169492324,0.0234439947332522,0.0228664383499709,0.018875505715969,0.0199015889610397,0.0194033026186208,0.0181905705139283,0.0197739109226129,0.0197743509085597,0.0185020338764025,commercial,7,summer,1,3,103.6620464,310.9861392,0
14,2021-07-04,0.0190276256231293,0.0190730040175487,0.0184741046446899,0.0191157401139992,0.0190762954257349,0.0179878722827198,0.0192627153188887,0.0201214918642205,0.0190558592956022,0.0193146709487261,0.0197653053080348,0.0208550809329953,0.0195817439919961,0.021967358272917,0.0196482163566495,0.0224920084185466,0.0220470365793628,0.0180118773920614,0.0196247897768125,0.019348601767639,0.0177931587096845,0.0170437526394587,0.0164895134896869,0.016253120703469,commercial,7,summer,1,3,103.6620464,310.9861392,0
14,2021-07-05,0.0167761404767032,0.0166377130045031,0.0166377130045031,0.0167761404767032,0.0167761404767032,0.0167710463378482,0.017276493499787,0.0179768748253416,0.0262395260844435,0.0331957453694301,0.0370007080698071,0.0343053874905914,0.0336465481224959,0.0356657367364695,0.0343749870413035,0.0279964583773391,0.02826476851545,0.0198016771529679,0.0179748621593199,0.0177774611574003,0.0174735094182214,0.0178174476523975,0.0174144769946904,0.0171227661681116,commercial,7,summer,0,3,103.6620464,310.9861392,0
14,2021-07-06,0.0169243891393331,0.0167761404767032,0.0167618484354379,0.0169243891393331,0.0169243891393331,0.0167710463378482,0.0174247341369072,0.0194365272478449,0.0308573414564689,0.0368335906263163,0.0388967819785237,0.0386152231051735,0.0339313192974347,0.0405369532397534,0.0405863324260742,0.0418201760708119,0.0388456326779827,0.0257085459327116,0.0225173969585884,0.0218292769874715,0.0193309544154578,0.0194266901508677,0.0195166257316845,0.0183686592640247,commercial,7,summer,0,3,103.6620464,310.9861392,0
14,2021-07-07,0.0188555502824739,0.0189100546175841,0.0184694479189561,0.0190820805964454,0.0190017920955507,0.0183071432219698,0.0212479239860211,0.0246972094622784,0.0391697560567198,0.046892667161161,0.0487915366612055,0.0437976220324593,0.0397297424986889,0.0432596127697696,0.0432139928428987,0.0450638625753588,0.0431513525462572,0.0287512954815303,0.024687087239111,0.0223485342750571,0.0207298016437235,0.0216076988314875,0.0202903766793669,0.0192059162261749,commercial,7,summer,0,3,103.6620464,310.9861392,0
14,2021-07-08,0.0195259508425824,0.0197868154047915,0.0183251194530615,0.0189910090244887,0.0190213677821586,0.018201763486476,0.0230927513783227,0.027525475967241,0.0431040176751467,0.0504292652272263,0.0484147890244527,0.0440184998923097,0.0413039309305647,0.0455698786140776,0.0425073578833099,0.0452726230085657,0.0432149117782095,0.0271642755319174,0.024325562851163,0.0230553802264982,0.0201523953354908,0.0208588160173422,0.0203975904601091,0.0190214172702082,commercial,7,summer,0,3,103.6620464,310.9861392,0
14,2021-07-09,0.019457694038124,0.0200850246114215,0.0182057301162308,0.0189328538444523,0.018959089854805,0.0182222163579373,0.0228776643883643,0.0277727545951247,0.0429793977809741,0.0484317745999535,0.0498667554775409,0.0468069196614293,0.0402733080516162,0.0465066504680613,0.0460929542169155,0.0492975680016166,0.0470670654785331,0.0303308454621107,0.0252348288177164,0.0238359338782642,0.0216854778753494,0.0225602277379223,0.021239305274355,0.0200110545604808,commercial,7,summer,0,3,103.6620464,310.9861392,0
14,2021-07-10,0.0200795919464796,0.0194283304551409,0.0183576948611671,0.0190985827156197,0.0186942989334219,0.0181896135176412,0.0228575704976213,0.0249409203133852,0.0314712357277329,0.0347880976327189,0.0336925954533203,0.0333455304096708,0.0292198470216246,0.028678276384903,0.0274511355957445,0.0290664086253374,0.0280784085312484,0.0244716887478886,0.0248146912337928,0.0224308679513545,0.0213495199679597,0.0213680948046059,0.0226696268924331,0.0212183332404574,commercial,7,summer,1,3,103.6620464,310.9861392,0
14,2021-07-11,0.023812838524657,0.0216535294802838,0.0171979282312264,0.0176870243318855,0.0175231613770333,0.0171021691232727,0.0211780966183814,0.0254599743390133,0.0261725842261196,0.0300664942088912,0.0285646296242126,0.0248447730838314,0.026939225577693,0.0269667457943285,0.0244460671707736,0.0283007619316789,0.0251343269749995,0.0183403107214785,0.0189222657014652,0.0186327602803737,0.0173912934745582,0.0185656950217224,0.0184677975071846,0.0176430881046874,commercial,7,summer,1,3,103.6620464,310.9861392,0
14,2021-07-12,0.0182634516403084,0.0176935814522571,0.0175140258498923,0.018023654952455,0.0179570937054797,0.0174336732005482,0.0210771049187867,0.0243315858792314,0.0399108063217073,0.0490112718932404,0.0490049179270119,0.045596863465073,0.0374018363263622,0.0469065537294128,0.0436753787172422,0.0502883514354471,0.0454905450070194,0.0293178995519235,0.0260375676762098,0.0231713255237366,0.0206562248887182,0.0212649966263848,0.0204428150478175,0.0191972634742168,commercial,7,summer,0,3,103.6620464,310.9861392,0
14,2021-07-13,0.0190484490930392,0.0188860244960526,0.0179921967418983,0.0186637681434297,0.0188866340792128,0.0181722527898254,0.0226152702377852,0.0281922616467701,0.0446804272920767,0.049666840333991,0.0511292999768477,0.0481041651933298,0.0420804793823022,0.0463468108336638,0.0485261580800106,0.0500121723336274,0.0472642314255219,0.0305511873922049,0.0266038743653868,0.0244292185062069,0.0217477657384374,0.0223117851560766,0.0223540090442812,0.0203566679369716,commercial,7,summer,0,3,103.6620464,310.9861392,0
14,2021-07-14,0.0208899071990613,0.020924849408297,0.0188250643136786,0.0191086404957902,0.0189989985005968,0.0187857980624261,0.0222861962947943,0.0244123595585133,0.0414343223299633,0.0484490985142875,0.049111056026284,0.0442560612452348,0.0409594176261872,0.0452215139811932,0.0432522462006789,0.0457233631451649,0.0423409184013025,0.0281613632524777,0.0241294069529136,0.0231866207169281,0.0213347216970944,0.0218567686521095,0.0215211090891133,0.0196431559714094,commercial,7,summer,0,3,103.6620464,310.9861392,0
14,2021-07-15,0.0200526010124095,0.0190593822210505,0.0182360903275266,0.0188454871845636,0.018719538937047,0.0181660108315125,0.020873907897268,0.0235025574066302,0.0363329199123652,0.036016474794676,0.0419548766222419,0.0400868167278982,0.0403512248721676,0.0442348959057228,0.0420046546335464,0.0450026580638574,0.0453179907564983,0.0277510122430826,0.0255615288375882,0.0236457518310131,0.0207853413501729,0.0219407370520276,0.0207816422506888,0.019653147532487,commercial,7,summer,0,3,103.6620464,310.9861392,0
14,2021-07-16,0.0204540405400563,0.0195115200844316,0.0182941956042085,0.0189327331536682,0.0187564121022172,0.0182847178266144,0.0232910504242066,0.0254347177064719,0.0418939109808693,0.0506999752357666,0.0506053841792565,0.0451910998416771,0.0431207554250429,0.0491542953530424,0.0437301842300144,0.0453191702275278,0.0462612537397197,0.0286526597395544,0.0256488358670386,0.0236377616594857,0.0208336913192956,0.0214215593833181,0.0210047839939295,0.01962115243966,commercial,7,summer,0,3,103.6620464,310.9861392,0
14,2021-07-17,0.0184876543073645,0.0182870439779579,0.0174952647758487,0.0177010240883678,0.0178100732757733,0.0175177432102405,0.0229658104282594,0.0265720689669719,0.0313704613272527,0.0373264292460203,0.0358954054240485,0.0326148477833514,0.0289752763563763,0.0279095472109999,0.0264250170265024,0.0259895668145467,0.0253505909165962,0.0215200006231054,0.0230291220389222,0.020637540086927,0.019332042679724,0.0208270818085129,0.0199565398670554,0.0187789898686746,commercial,7,summer,1,3,103.6620464,310.9861392,0
14,2021-07-18,0.021271672284649,0.0206629682813041,0.0191279557506393,0.020179354184437,0.0200160498485992,0.0185411135936478,0.0242833377248816,0.0280176075032528,0.0295125844968045,0.0348901908523843,0.034809432796032,0.0307154355089668,0.0319275895268917,0.0329744789337032,0.0299051356140145,0.0313982746688492,0.0290413319063746,0.0204879867748323,0.019239819472465,0.0175079649261702,0.0166491737252341,0.0178975874850866,0.0185512196704404,0.0166651646856633,commercial,7,summer,1,3,103.6620464,310.9861392,0
14,2021-07-19,0.0180998197874834,0.0177408512670434,0.0167335607922357,0.0167761404767032,0.0167761404767032,0.0169676197195521,0.0187506081545151,0.0188836062488566,0.0262113280833097,0.0277776833394823,0.0295097521962469,0.0298140729265504,0.026001751464136,0.0324884235048247,0.0311718012819757,0.0373869088693913,0.0367008265201578,0.0232630688232095,0.0207396930508583,0.0193384972280895,0.0177677850916245,0.0179838895983763,0.017572041919644,0.0173457684275232,commercial,7,summer,0,3,103.6620464,310.9861392,0
14,2021-07-20,0.0172973496249187,0.0178276628857968,0.0168527022089775,0.0174924111339906,0.0179960298768193,0.0178983388461257,0.0188057079913561,0.0206747507194095,0.0371114817456094,0.0424617946216965,0.0424571268404941,0.0404223552666544,0.0361343219303687,0.0439722941284088,0.0413281116224629,0.045198082945833,0.0426919204670252,0.0268600498912465,0.0244893315439401,0.0217074471349982,0.0199621877225168,0.01975686724937,0.0202282858915807,0.0185712380100564,commercial,7,summer,0,3,103.6620464,310.9861392,0
14,2021-07-21,0.0185677837054267,0.0185578471900983,0.0180825144260532,0.0183049973517949,0.018279073680094,0.017985733710325,0.0204129550647137,0.0250868168670746,0.0434497961011694,0.0491087598951952,0.0475641085100984,0.044878099551457,0.0410086726162754,0.0445687232768364,0.0434741234838237,0.045414109367451,0.0444466676548685,0.0300871539024717,0.0248703968527986,0.0230976755845382,0.0206642084083186,0.0203636703363391,0.0198235171337768,0.0189587762954876,commercial,7,summer,0,3,103.6620464,310.9861392,0
14,2021-07-22,0.0189116537270718,0.0188626473066561,0.0177935150057366,0.0182287735078095,0.0182609273403038,0.0177719678862723,0.022076974880581,0.0266727772879768,0.0413979994641968,0.046720676143698,0.0476566400066734,0.0451452403623516,0.0412589900907244,0.0436426580187762,0.0430149833267913,0.0453316193989888,0.0444316613665459,0.0296220414401142,0.0249444847311849,0.023154774584704,0.0202898340358027,0.0203950857333806,0.0199450135502645,0.0187814355141339,commercial,7,summer,0,3,103.6620464,310.9861392,0
14,2021-07-23,0.0189929540054604,0.0181966177122064,0.0173585535471929,0.0182058803837682,0.0181702152191042,0.0179184459806464,0.0210677473670178,0.0251714499299258,0.0410480399521988,0.0469446597419511,0.0450401687241001,0.0424727015876933,0.03942725557183,0.0429231602914601,0.0421779455683405,0.0437653899835153,0.0414039968502256,0.0290820184131137,0.0254353483789038,0.0224302862073759,0.0205181780117189,0.0207985336824762,0.020336860174636,0.0195877530307298,commercial,7,summer,0,3,103.6620464,310.9861392,0
14,2021-07-24,0.0189332829600538,0.0198837698534691,0.0184066178961561,0.0191768365432799,0.0180946150627556,0.0184691670417286,0.0223670292576716,0.0229437836852383,0.0296435072093141,0.0312144611180386,0.0290618817610258,0.0288304183022354,0.0271218827227021,0.0265221266386726,0.0233741042572522,0.0242197772688935,0.0245111493572367,0.0202119314716519,0.0208824213396327,0.0211761843138397,0.0196814290755188,0.0203379650035215,0.0201611918698112,0.0197037956852472,commercial,7,summer,1,3,103.6620464,310.9861392,0
14,2021-07-25,0.0201977341069705,0.0201782724458553,0.0194799818063963,0.0201301665482774,0.020063812111242,0.018962601462038,0.0212741071212591,0.0244335730073497,0.0249306940338708,0.029398675476114,0.0304717775891972,0.026843897751719,0.0281899617491578,0.0274116937646729,0.0264223349088089,0.0202285333256882,0.0208847352254954,0.0218731603021085,0.022011972704364,0.0212731481332602,0.0197566917459123,0.0200696687714112,0.0201151713700182,0.0195490040810058,commercial,7,summer,1,3,103.6620464,310.9861392,0
14,2021-07-26,0.0205453914541676,0.0205158525954347,0.0198214147301117,0.0205203836495891,0.0199243604584873,0.0190060549032591,0.0214147886615092,0.0250243629877133,0.0387854615849589,0.0499987019364971,0.050120504693565,0.0443009146490461,0.0407310796181724,0.0458692877508486,0.0465262224177402,0.0468058029277274,0.0433351145843204,0.0271508286420023,0.0245366229861005,0.0229011610353741,0.0211275063529986,0.021672420990642,0.0213010992882667,0.020371088006958,commercial,7,summer,0,3,103.6620464,310.9861392,0
14,2021-07-27,0.0211091152098579,0.0212500902880763,0.0194006480313199,0.0204987067401771,0.0204617992328578,0.019500165693647,0.022457363571619,0.0244022120753573,0.0387407703746242,0.0451083213977273,0.047491502827679,0.0453421780576897,0.0406066400116676,0.0439542624119718,0.043198007626662,0.0446191367281342,0.0438790770004254,0.0281969569046057,0.02423912580386,0.0228352342065198,0.0209137779851496,0.0216160200821801,0.0202815827741492,0.0194678869245393,commercial,7,summer,0,3,103.6620464,310.9861392,0
14,2021-07-28,0.019953065097515,0.0199237198928758,0.0189321728870949,0.0197738952198363,0.0196575405107741,0.0176488449641387,0.0205299578188415,0.0219464076560175,0.0325886133402862,0.0417201506803716,0.03964662102732,0.0435430460233275,0.0384758594017302,0.0431894453297731,0.0421717268317256,0.0452173332311917,0.0455716201085495,0.0285095713845936,0.0249603169042543,0.023036544034086,0.0211093683426291,0.021056976533008,0.0210819592651057,0.0198196665173591,commercial,7,summer,0,3,103.6620464,310.9861392,0
14,2021-07-29,0.019633325482486,0.0195880456560387,0.0190232401770902,0.0194762639214523,0.0196479817744442,0.0190168926123088,0.0212916603758131,0.0239851963849251,0.0396466837427405,0.0487165543550143,0.0508679962896045,0.047057425580165,0.0419620321307414,0.0419310223034875,0.0420198619626297,0.0427399629900653,0.0440999520377419,0.0286986926255156,0.0250093119170806,0.0227862425230515,0.0210023512093777,0.0215874468614236,0.0212475087533823,0.0195906997824546,commercial,7,summer,0,3,103.6620464,310.9861392,0
14,2021-07-30,0.0194920482564496,0.0195462152157992,0.0186638185301753,0.0195615163910816,0.0191419008261003,0.0189490542794531,0.0220645754896162,0.0249976833487519,0.0399117694472509,0.0470083544465503,0.0396901482139923,0.0441292499364666,0.040002717814851,0.0448817297718476,0.0409146913870982,0.0451521547468656,0.0406259279033732,0.026614473575444,0.0244535240381393,0.0236081705253608,0.0203528934052192,0.0199917521068601,0.0202358745800186,0.0192599792252627,commercial,7,summer,0,3,103.6620464,310.9861392,0
14,2021-07-31,0.0184271641052871,0.0187586445917429,0.0177541236948356,0.0184620558177739,0.0185630955552163,0.0179252891434368,0.0215888373804562,0.0228277951735406,0.0264486297071062,0.0308359074451497,0.0346084113677897,0.0293445851344419,0.0268768172979377,0.0271314599907657,0.0247650725823177,0.0256069944556664,0.0244162492443931,0.0200498015930464,0.0203013047409966,0.0189607687527259,0.0184993237292137,0.0191444875249692,0.0197630469306934,0.0199124933072711,commercial,7,summer,1,3,103.6620464,310.9861392,0
14,2021-08-01,0.020819036997583,0.0206188536177076,0.0201923808179745,0.0199514453801867,0.0199003831454397,0.0199813241900065,0.0234458499292215,0.0276935442372801,0.0306493198635106,0.035792664971496,0.0358816802012986,0.0318758924220801,0.02977179080838,0.0322958867363168,0.032933874138928,0.032726867518547,0.0317131864971042,0.0292590563338114,0.0253818735393028,0.0203923039527267,0.0172019237353589,0.016539796838299,0.0166168825304921,0.0166072962961512,commercial,8,summer,1,3,103.6620464,310.9861392,0
14,2021-08-02,0.0183153537850631,0.0189471457415177,0.0176928374460149,0.0184794503245799,0.0184135491281689,0.017995039160547,0.0189120667719557,0.0213445305752788,0.0369877745929438,0.045314392870635,0.0472631915789171,0.0472420021852283,0.0399836775997867,0.0470018149102193,0.0487685933774486,0.0513113658989191,0.0518433024370366,0.0322319453107765,0.0278777764490934,0.0259656382263532,0.023270585920271,0.0240796960432239,0.0180471233005186,0.0182395225278387,commercial,8,summer,0,3,103.6620464,310.9861392,0
14,2021-08-03,0.0180194139541895,0.0178947797586621,0.0173590795363156,0.018521700518787,0.0190505576068289,0.0179099016402195,0.0212104313781353,0.0242470768076112,0.0394915626985897,0.0475318404651118,0.0484756929995165,0.0488780577855187,0.0409539944657346,0.0476067176862178,0.0442784040951986,0.0466783509161273,0.0460823093620245,0.0306202308627016,0.025534503828144,0.0246268999272434,0.0227875951591816,0.0230059186862964,0.0232121830487681,0.0214944493313373,commercial,8,summer,0,3,103.6620464,310.9861392,0
14,2021-08-04,0.020286214995105,0.0217657243099575,0.0210410685238353,0.0197617712156568,0.0194626326746393,0.0193018610945602,0.022159460439575,0.0249882060874821,0.0424811495872591,0.0474051768678784,0.0484959902501231,0.0456800598646329,0.0431953618927106,0.0454776627101863,0.0455325760157984,0.0424721210981841,0.0438198200815594,0.0286312613855574,0.0253861533571596,0.024543086376696,0.0220473463171434,0.0233115000128853,0.0219817653180768,0.0208940250830073,commercial,8,summer,0,3,103.6620464,310.9861392,0
14,2021-08-05,0.021199625949433,0.0217672187485163,0.019717976951614,0.0205968317931582,0.0205130890310779,0.0199196431766843,0.0235128218335179,0.0282916873647702,0.0459586156809511,0.0512584341366379,0.0527006333316383,0.0471822926563659,0.0424163176852186,0.046139359973149,0.0431711742990196,0.0468186686773894,0.0464754245844993,0.031242879313232,0.0264348983116961,0.0249299338978842,0.0221835534057411,0.0225844532299881,0.0217763184365548,0.0208868533343446,commercial,8,summer,0,3,103.6620464,310.9861392,0
14,2021-08-06,0.0213301877702441,0.0218761823573866,0.0201227119479893,0.0218150693200154,0.0197144510492448,0.0185628525628111,0.0225138076501875,0.024076854930725,0.0381792528364933,0.0506806227201281,0.0454027415142099,0.0406694002326682,0.0350930349057046,0.0384409147376915,0.042569124339467,0.0441877804445812,0.0418308041369381,0.0272023009587159,0.0239095368631177,0.0231112039045315,0.0207969698341287,0.0224982028317765,0.0222203795221699,0.0206779210019166,commercial,8,summer,0,3,103.6620464,310.9861392,0
14,2021-08-07,0.0213324843580936,0.0208458465179669,0.0197977501026086,0.0203928090861268,0.020968579280458,0.0195345932165327,0.0216891967124364,0.0216470809368393,0.0232040884226535,0.0261243753800095,0.0272666366835773,0.0279957132542774,0.024185990049184,0.0252516415715877,0.0224502181035684,0.0229326692476132,0.0220700912386721,0.019732480292467,0.0201043126814482,0.0195914860367419,0.019391809268923,0.0204477130319525,0.0205634323183497,0.0198690290605494,commercial,8,summer,1,3,103.6620464,310.9861392,0
14,2021-08-08,0.0206426728795548,0.0206836761286331,0.0195935678771219,0.0201307371797967,0.020128461395484,0.0195357843596699,0.0219779814529671,0.0250677580828389,0.0290373135589437,0.0331145840125422,0.0308362864401781,0.0281338039993497,0.0275187968472451,0.0275568673721571,0.0270543880453956,0.0259883539943996,0.0259564061537225,0.0232053106735852,0.0234549165424876,0.0222142556311073,0.0194932421263443,0.0211571153350896,0.0209138510513007,0.0191686487678658,commercial,8,summer,1,3,103.6620464,310.9861392,0
14,2021-08-09,0.0209999609305148,0.0210746331715426,0.0203220677781227,0.0205894994492277,0.0211710983614893,0.0204094331883892,0.0227660880676658,0.0265862501531342,0.046186930695686,0.0492655129481528,0.0475106940691432,0.0473636564574751,0.0397868262016856,0.0455599945943769,0.0441191333089437,0.0395248313629296,0.0389096461134332,0.0280165407430137,0.0246977798994952,0.023930612812293,0.0210497096289066,0.0225703901995364,0.0222940031419313,0.0207402766217167,commercial,8,summer,0,3,103.6620464,310.9861392,0
14,2021-08-10,0.0213600116811021,0.0214510121096175,0.0204215515799413,0.0207386699924131,0.0206383972144302,0.0208763847751844,0.0233899117929858,0.0260235865179354,0.0428437880885304,0.05059611028356,0.0517449580535793,0.0429435866431307,0.0391306176661372,0.0476872336420353,0.0468597522241935,0.0459240187486992,0.0449400905210712,0.0291760005952324,0.0266532975476626,0.0241876443080403,0.0218538825704025,0.0228408667711069,0.0224878983274648,0.0212059518849308,commercial,8,summer,0,3,103.6620464,310.9861392,0
14,2021-08-11,0.0228955976016508,0.0236513136877029,0.0211267451744739,0.0222564638482222,0.0218323264527478,0.0204154163999269,0.0240439854437463,0.0278037741281143,0.0450537644977687,0.0509604490927725,0.0545831705705347,0.0513560909797585,0.0455566064925808,0.0447817709394695,0.045122712961932,0.0500606321827682,0.0455760291208744,0.0289267728768803,0.0261205258882292,0.0243594981383922,0.0219413721389695,0.0230677058605291,0.0232827727776032,0.0213613641811863,commercial,8,summer,0,3,103.6620464,310.9861392,0
14,2021-08-12,0.0225484207264603,0.0239847907865412,0.0209363092291155,0.0224460821397872,0.0224297428979745,0.0213707879429597,0.0259856014188305,0.0266819837745529,0.039572412347767,0.045266224541445,0.0492551646196749,0.04609049917304,0.0427577684144419,0.0461943803410063,0.0411767762171022,0.0350965440561472,0.0358712028328449,0.0254178301817259,0.0226758649845424,0.0219740159392756,0.0200883255356316,0.0201631475246111,0.0209518283028985,0.0188765804731821,commercial,8,summer,0,3,103.6620464,310.9861392,0
14,2021-08-13,0.0215425662510388,0.0218571663363764,0.0212172535495638,0.0194404235032587,0.0179575290550532,0.017943856210548,0.018696382174658,0.0191524619139332,0.0286819728909071,0.0340544858849851,0.0312861929726265,0.0310373299352911,0.0289058028655676,0.0312967627321088,0.0292777340244847,0.0308949957198436,0.0312415542628822,0.0206582089827359,0.0191069421792109,0.0191813049236437,0.0176455378278506,0.0182825081959247,0.01793093010203,0.0178386491480376,commercial,8,summer,0,3,103.6620464,310.9861392,0
14,2021-08-14,0.0178082389107259,0.0188397224309868,0.0172711913532036,0.0188163451248959,0.0189064403949503,0.0180379205066264,0.0200004260525956,0.0199349874428156,0.0224113952448502,0.0262606275997837,0.027736682787982,0.0268544178435141,0.0228685143359697,0.0214561812203529,0.0209477277212517,0.022343166352465,0.0210494498260726,0.0175767136484552,0.0199885082761816,0.0191483184451942,0.0189405844157984,0.0203386427411368,0.0204722428090039,0.0192469313534578,commercial,8,summer,1,3,103.6620464,310.9861392,0
14,2021-08-15,0.0201837225115203,0.0207181245696463,0.0184394790838957,0.0197602705353344,0.0185443766048049,0.0173438108810649,0.0182096244020868,0.02135646246755,0.0267729655619052,0.0284237570229276,0.0285790960434322,0.0260431067337341,0.0264535023146483,0.026534904564746,0.0262332350583491,0.0265241855939499,0.0255753827122002,0.0234699420211302,0.0217708808060064,0.021892192599105,0.0193712932482561,0.0215727845358492,0.0207725540940672,0.0200317350898472,commercial,8,summer,1,3,103.6620464,310.9861392,0
14,2021-08-16,0.0190500174037549,0.0193290261069627,0.0195302172990779,0.0196042449153165,0.0197194597847421,0.0196710613192297,0.0220083930621714,0.0260332469323274,0.0407165302958785,0.0475291688873725,0.0489293641879286,0.0458785798424703,0.0412699938308073,0.0450728064621918,0.0470380395160203,0.0467441743989508,0.0446750541864015,0.0273781673598549,0.0257859777729975,0.0244986663243183,0.0213858578037844,0.0217459924660835,0.0213219429837899,0.019685881702808,commercial,8,summer,0,3,103.6620464,310.9861392,0
14,2021-08-17,0.0194954683536427,0.0195793462352321,0.0183485604765992,0.0190044800481544,0.0188861785077773,0.0182258642458431,0.0213379353015476,0.0259069124809228,0.0423320077791275,0.0485537418211148,0.0468053785988015,0.0445212080965485,0.0407772543453855,0.0449436423406498,0.0474458986618423,0.0486553381290544,0.047452705546901,0.0307678721171098,0.0260810867005015,0.0243040827580623,0.0218440313746793,0.0223402287691896,0.0219686218515077,0.0203408440656615,commercial,8,summer,0,3,103.6620464,310.9861392,0
14,2021-08-18,0.0212939303237032,0.020577993786089,0.0193313715049454,0.0199021420791023,0.0203264011160711,0.0189735767944171,0.0232560848185906,0.027086698456604,0.0415363034411832,0.0486202143163094,0.0485457063552816,0.0449644533468344,0.0409540422598339,0.0452818066327337,0.0468416419107562,0.0450999168814336,0.0460441159035918,0.0301875687619438,0.025530657908719,0.0242934539172479,0.0218696961714427,0.0230075306303925,0.0226896515113602,0.0209593717308992,commercial,8,summer,0,3,103.6620464,310.9861392,0
14,2021-08-19,0.0214966806887218,0.0226967915818941,0.0206329728427002,0.0219658736498245,0.0218279577562936,0.020565134899455,0.0223367878267887,0.0235220441967745,0.0351988013678397,0.0457571321168275,0.0473867007792997,0.043406973959396,0.0413883510303698,0.0425195864004913,0.0412597344652276,0.0349533120285587,0.0345466328431672,0.0233672578637135,0.020369255584312,0.0197751653039416,0.0181553857428554,0.0188238002994638,0.0178253777606595,0.0171656689747758,commercial,8,summer,0,3,103.6620464,310.9861392,0
14,2021-08-20,0.0169913038687479,0.0174768480250008,0.0168936865200684,0.0173545217751019,0.0177468752508767,0.0170772017123796,0.0178332045680617,0.0177981217440573,0.0235317942094789,0.0267597925109382,0.0276317686437376,0.0277745828881672,0.0268678921947738,0.0288096462792249,0.0294823609175136,0.0296234332447378,0.0289020589321324,0.0195727376895194,0.0178084006224369,0.0179258126499282,0.017529403955052,0.0176598830822461,0.0174145112713231,0.017136993820751,commercial,8,summer,0,3,103.6620464,310.9861392,0
14,2021-08-21,0.016539796838299,0.0165478437658396,0.0163630627583971,0.016539796838299,0.016539796838299,0.0163630627583971,0.0172765518679574,0.0180783421613578,0.0197885373312438,0.0238033115412548,0.0248888323274701,0.0255258760837315,0.0219582677495655,0.0227463788625424,0.022114678156351,0.0216382229462501,0.0206968067955355,0.0183940498206287,0.0182287915467304,0.0188837890721278,0.0180604471209407,0.0192026654214906,0.01866043217208,0.0186864923146232,commercial,8,summer,1,3,103.6620464,310.9861392,0
14,2021-08-22,0.018634716251651,0.0185734597319511,0.0185277986620744,0.0180251874702791,0.0179699501869159,0.0169908270216911,0.0167426293548312,0.0194584328157863,0.0245544519314179,0.0250044270905063,0.0263157793345472,0.0222541513787081,0.0226286935770674,0.0232404286824211,0.0255493133976924,0.023777207459341,0.0231881471724937,0.0216906904056383,0.0197245275557878,0.019839089352558,0.02004293901532,0.0201390834504004,0.0201784323276509,0.0202084063130813,commercial,8,summer,1,3,103.6620464,310.9861392,0
14,2021-08-23,0.0194923838455862,0.0193800203183354,0.0192103517197794,0.0190842648172146,0.0185502561349372,0.0179119364608158,0.0190751176647483,0.0228568450746384,0.038822298967239,0.0434955386375007,0.0457988416514668,0.0447655407356419,0.037646126971821,0.0449051817813735,0.0439953052749272,0.04500654064604,0.0406541602937715,0.0282366776915578,0.0237622215780431,0.0221118351284735,0.0198276885414928,0.0209003783126522,0.0204924725277723,0.018625237579187,commercial,8,summer,0,3,103.6620464,310.9861392,0
14,2021-08-24,0.0192473611863195,0.0193978246794171,0.0179293897909027,0.0187975482436949,0.0178573541425781,0.0176922824168067,0.0204146780649062,0.024686951223547,0.0422761736486646,0.0457326220082982,0.0468043994971436,0.0443003391771363,0.0382754365503242,0.0425503460334543,0.0435366748637755,0.0448080857143441,0.042985365900712,0.0287732218371297,0.0236576536061586,0.0228259217787493,0.0202589991907333,0.0206710964204841,0.0206957688132364,0.0187511403706609,commercial,8,summer,0,3,103.6620464,310.9861392,0
14,2021-08-25,0.0189343699575457,0.0196543628996079,0.0177342143750615,0.0182811986827571,0.0178113913108971,0.0177839120905255,0.0203568887193513,0.0229229346309238,0.0437136415669228,0.0489777940885261,0.0462988815656369,0.0459740161202949,0.0391905994502871,0.0459153606710304,0.0483978521787264,0.0454917387688665,0.0435288823914437,0.0305732979350895,0.0252814220681602,0.0238482480056898,0.0208766440372767,0.0216576881038179,0.0206908765178937,0.0196213628183812,commercial,8,summer,0,3,103.6620464,310.9861392,0
14,2021-08-26,0.0189850311577076,0.0187822014339847,0.0181903609302306,0.0186030200569692,0.0188983669513469,0.0186503390695079,0.0211389226371139,0.0245183589023956,0.0417336657696582,0.0518268960716032,0.0530165257778853,0.0462357522007312,0.0405409706104413,0.0445758530589938,0.0450559307719264,0.0480645556864052,0.0455405531645296,0.0295042854858204,0.0246921046441301,0.023799050236376,0.020850514144626,0.0211520309969229,0.0204066127149508,0.0195659367789359,commercial,8,summer,0,3,103.6620464,310.9861392,0
14,2021-08-27,0.0190182102930361,0.0193649348244023,0.0188330708450382,0.0194028813000645,0.0189034749428215,0.0184177186513972,0.0212586506432403,0.0228098887787939,0.0361026706575679,0.0422305234596555,0.0442546215452161,0.0417110341473256,0.0400889110973364,0.0440499353271476,0.0404324695259706,0.0431998454458512,0.0429344084427461,0.0275923730100337,0.0248634361977158,0.0229986339297255,0.0207674872756348,0.0209786466655948,0.0206508376927158,0.0195619818017215,commercial,8,summer,0,3,103.6620464,310.9861392,0
14,2021-08-28,0.0185593635879953,0.019329710056555,0.0187046753998382,0.018924093137072,0.0188082083196153,0.0185006907572659,0.019984103998337,0.0227811908233235,0.0282253320960956,0.0310368663757827,0.0298452088623981,0.0293085182759219,0.0273394259164057,0.0249939019823479,0.0248602657922681,0.0248046339156829,0.0249995372667859,0.020416524445393,0.0214365255765084,0.0199834170383286,0.0183554334244326,0.0190900297439835,0.0184430347379405,0.0186081810168333,commercial,8,summer,1,3,103.6620464,310.9861392,0
14,2021-08-29,0.0190774376584568,0.0190689595347102,0.0181411853793853,0.0186084475939,0.0185254262491101,0.0177782313502255,0.0202311268123162,0.0232620939576574,0.027488399594336,0.0315254379139189,0.0300830537274391,0.0281223172013208,0.0276506414465419,0.026608109960955,0.026881054448906,0.0273790346405869,0.0253019688329071,0.0238240912664254,0.0218816934120931,0.0210313002154026,0.0187563463457663,0.0206021801222571,0.0193244094029101,0.017726050930241,commercial,8,summer,1,3,103.6620464,310.9861392,0
14,2021-08-30,0.0201329240191619,0.0207151968466331,0.0182599819601467,0.020358501041496,0.0196622209801881,0.018108021122243,0.0206538791748297,0.0267236892051892,0.0410908491490154,0.0480171624282546,0.0491608692470967,0.0456603765882362,0.0422233241438577,0.0465537157042811,0.0453210886785215,0.0448972205495887,0.0448470798403533,0.0288979011901984,0.0254224301091171,0.0237022063674708,0.0211784369686847,0.0208443235790849,0.0208045603129778,0.0195410514100911,commercial,8,summer,0,3,103.6620464,310.9861392,0
14,2021-08-31,0.0190473278454579,0.0188579820096305,0.0185100448101166,0.018540486195041,0.0187811034291129,0.0187694226829617,0.0219316922820914,0.0260887621804977,0.0432452815943041,0.0470834018533985,0.0522400037446039,0.0464404433404413,0.0386184210711796,0.0382899086044744,0.0418462948440352,0.0384436966013393,0.0373660272345134,0.0268010222874648,0.0220537201294584,0.0212006371577607,0.0203742139408146,0.0197047503483584,0.0188739196728129,0.0184936838527284,commercial,8,summer,0,3,103.6620464,310.9861392,0
14,2021-09-01,0.0173974983999671,0.0172828713523395,0.0172314971872877,0.0172314971872877,0.0172314971872877,0.0173648305206328,0.0191942341090111,0.0207536392947391,0.0343312287470562,0.0397445203844003,0.0369282855044012,0.0370657374156765,0.0311996147576274,0.0336578906565288,0.0331391686133684,0.0346314155330167,0.0344126070905018,0.0237348562775792,0.0199209704716114,0.0200253748214436,0.0190033163299851,0.0182758124567471,0.0180886586112215,0.0176492107622059,commercial,9,autumn,0,3,103.6620464,310.9861392,0
14,2021-09-02,0.017610770177317,0.0180522654546232,0.0181422551352996,0.0179886062254092,0.0175390325241499,0.0182050934175812,0.019130058646578,0.021642372787015,0.0372423847165716,0.0414478143083248,0.0413195702343264,0.0406980256001027,0.0371583346782065,0.0412281784683246,0.0408086475335982,0.040127968743076,0.0399958660458393,0.0265655005544249,0.0213977853614959,0.0206727534421597,0.0200467370880641,0.0195589838588184,0.0198047268799967,0.0189838783097268,commercial,9,autumn,0,3,103.6620464,310.9861392,0
14,2021-09-03,0.0182751235600445,0.0186863945388603,0.0184585374452277,0.0182352729373079,0.0183145636058357,0.0178481572806718,0.0194291408612653,0.0219143958216694,0.034599550368525,0.0427617711171517,0.0349337760160547,0.0364909222669201,0.0340173957397417,0.0355130733773058,0.039335861167337,0.0433365417216095,0.040602286523107,0.0280106033472495,0.0222406707262782,0.0211213817732634,0.0198458379205627,0.0201836302370338,0.0193098603497426,0.0185324791308543,commercial,9,autumn,0,3,103.6620464,310.9861392,0
14,2021-09-04,0.0175934548510106,0.0179773280794317,0.018280978518404,0.0180730407071929,0.0180791414588491,0.0180455341632431,0.0191665801534866,0.0219495157807512,0.0268995163092128,0.0313620262446594,0.0303328950703946,0.029034526583561,0.0271380460796397,0.0265552114308538,0.0258028882790561,0.0245586713859157,0.0232008605919855,0.017460913303717,0.0192750447292425,0.018740663411458,0.0180350079006708,0.0177665747876604,0.0189258680342723,0.0186630363555108,commercial,9,autumn,1,3,103.6620464,310.9861392,0
14,2021-09-05,0.0191530290612294,0.0192623397917255,0.019054869495904,0.0192455316896752,0.0182316842156715,0.0187652340765675,0.0185284558393387,0.0225089003478935,0.0274784859250023,0.033478056561662,0.0293159672315339,0.0261882613862682,0.0282020892853823,0.0269488219214478,0.024265212138344,0.0273278071582273,0.0247450209157018,0.0218122524092527,0.0211206381446533,0.0204757596897048,0.018566499877569,0.0179746893916258,0.0190848329283655,0.0185018476699353,commercial,9,autumn,1,3,103.6620464,310.9861392,0
14,2021-09-06,0.0187810135046319,0.0184056487749069,0.0187478746980746,0.0183893864180442,0.0183912868410149,0.0189240095396826,0.0203591931892136,0.025194014248242,0.043222853351662,0.0496618461308455,0.048192980006355,0.0366036561728389,0.0418385103288558,0.0437265798704154,0.0419214591647474,0.0428521284771683,0.0434965466078061,0.0274611385445079,0.0243002880916013,0.022603227331442,0.0201388486859517,0.020926283157313,0.019319693792481,0.0186773279864796,commercial,9,autumn,0,3,103.6620464,310.9861392,0
14,2021-09-07,0.0184119095380912,0.0174170437838363,0.0176251156537901,0.0179993371451301,0.0181797822398926,0.0185152995017572,0.0224519020778723,0.0269595919378656,0.0425116818239731,0.0487916489675006,0.0470652262931532,0.0437813766526811,0.0419099873782398,0.045777710242432,0.044131504554798,0.0466651541834989,0.0443548384656922,0.0279047571059339,0.0242255280066806,0.0224129351327171,0.020570186636095,0.020688750336288,0.0203601508969032,0.0194203501468752,commercial,9,autumn,0,3,103.6620464,310.9861392,0
14,2021-09-08,0.0186595564959912,0.0187752300788496,0.018033429683304,0.0181241837046236,0.0183447511454806,0.0185876624142033,0.0221204012014191,0.0253837466909055,0.0421665698344029,0.0480625475062193,0.0473401618101339,0.0455159666846453,0.043597431529558,0.0446657308441534,0.0447634264785747,0.0455017210048243,0.0382632557170647,0.0273267318126298,0.022612013769177,0.021840059633101,0.0207445088526545,0.0202853735079394,0.0197559364527116,0.0194323807832209,commercial,9,autumn,0,3,103.6620464,310.9861392,0
14,2021-09-09,0.0189692426410896,0.0189372132797476,0.0180299597823022,0.0177399496087387,0.0176782180276434,0.0176770667877028,0.0208687506820802,0.0242994982602281,0.0419165554060041,0.0502743565825378,0.0474321734472381,0.0440043124750688,0.0430551879625917,0.0449804873219937,0.0438995457666588,0.0450099020228225,0.0450131226852246,0.0272299668596553,0.0236654057637209,0.02245216830584,0.0211179543059941,0.0218561698681861,0.0201592985054233,0.0197886959455877,commercial,9,autumn,0,3,103.6620464,310.9861392,0
14,2021-09-10,0.0196034956563742,0.0193558120841771,0.0185237487370964,0.0187751579781218,0.0188014017056061,0.018007711407723,0.0207407862043547,0.024587413929147,0.0387889023728521,0.0447367003323008,0.0471926904453833,0.0459270584079849,0.0430015424091338,0.0462340447890794,0.0419650067339652,0.0448208117491277,0.0426473702225037,0.0271606082450986,0.0242544964361254,0.0217389824916081,0.0205068116800775,0.0204309421946538,0.0200211174870517,0.019510901100184,commercial,9,autumn,0,3,103.6620464,310.9861392,0
14,2021-09-11,0.0175790934544289,0.0168639453775376,0.0168169401155024,0.0168639453775376,0.0166974162510627,0.0167464607234439,0.0191891101066583,0.0220050008071893,0.0252547972867606,0.0283334598657559,0.0299783342092999,0.0268980683776519,0.0278657116614103,0.0262787401015605,0.0219221599580772,0.0225851231475329,0.0224506963170503,0.0191222746495595,0.0199483201861183,0.0182859166399238,0.0174298376905411,0.0183086039048272,0.0181963087602792,0.0176814175936824,commercial,9,autumn,1,3,103.6620464,310.9861392,0
14,2021-09-12,0.0180640995518882,0.0176625553521938,0.0176752098813256,0.0175686343069238,0.0170838971449919,0.0169968777219276,0.0186576924244148,0.0202413182327509,0.0224432216530855,0.0249790918781208,0.027064474900939,0.0233179240536798,0.0265455015935429,0.0260121934766842,0.0260350676508635,0.0263554789794502,0.0243741749166241,0.0206738273662763,0.0197667216283713,0.0183846592144243,0.0172984024081281,0.0174737581626501,0.0174575892819492,0.017541044497518,commercial,9,autumn,1,3,103.6620464,310.9861392,0
14,2021-09-13,0.0180331424265682,0.0180311091711421,0.017998803293582,0.0175254747729394,0.0174983165637985,0.0172874621039291,0.0196095213357129,0.0239597446344647,0.0394641721874796,0.046485430993453,0.0465692379101846,0.0409942902447283,0.0387146823430834,0.0431001681071199,0.0435072347667539,0.0432749246651755,0.0408172059624401,0.0266735849932994,0.022931235151715,0.021316443192168,0.0200869510763489,0.0201194162446764,0.0197507975926981,0.0186362420063503,commercial,9,autumn,0,3,103.6620464,310.9861392,0
14,2021-09-14,0.0179624887042145,0.0177382666167495,0.0171674865555159,0.0172485376785717,0.0172485376785717,0.0172153418854419,0.0198744837150037,0.0248242150257407,0.0426627553968352,0.0494693443328386,0.0483517821851395,0.0434795359946362,0.0402340328198108,0.0455532451790559,0.0423383684558738,0.0415137160820275,0.0414057637920283,0.0232155014576954,0.0215684618058499,0.0213100596798889,0.0198617756910667,0.0193941648217762,0.0188756356480078,0.0182458295998594,commercial,9,autumn,0,3,103.6620464,310.9861392,0
14,2021-09-15,0.0179658819722917,0.0178091360166554,0.0173723387106302,0.017834121446631,0.0178464032361314,0.0169972730556004,0.0198769389454428,0.0240040526868634,0.0385106263997337,0.0483281528319229,0.0493711908341783,0.0440643695418618,0.0418870377081855,0.045315528032111,0.0410926186983851,0.0405683772842964,0.0408202647508667,0.0270616518939342,0.0240028100598326,0.02218201447839,0.0201564825721665,0.0205795091392778,0.0193741993360781,0.0191911890622028,commercial,9,autumn,0,3,103.6620464,310.9861392,0
14,2021-09-16,0.018559499558502,0.0187961787661797,0.0182576456913518,0.0182353008092821,0.0183572253740604,0.0182850207013796,0.0204405768637295,0.0248372998198118,0.0416828714758196,0.0470624053778311,0.0484970820651424,0.0441891535805718,0.0414490843692318,0.0453362387897007,0.0359583236886515,0.0439045269354402,0.0423379279806452,0.0270587150455803,0.0235539322590381,0.0218729996572621,0.0196910433279784,0.0197693070451046,0.0192546608765279,0.0186566285879277,commercial,9,autumn,0,3,103.6620464,310.9861392,0
14,2021-09-17,0.0176826738627952,0.0178825926283317,0.0177851832854142,0.0180233413650753,0.0182475502675262,0.0179059470888536,0.0198468813262299,0.0239509920602641,0.0395359471060914,0.0426375689657999,0.0446393912747692,0.0412288994164463,0.0412323532267753,0.0455125416404238,0.0437390110358196,0.0449158750957722,0.0366176498708222,0.0278179811468743,0.0237373868278673,0.0230338723600336,0.0204772215711231,0.0209919765651924,0.0205977219572091,0.0194382367300006,commercial,9,autumn,0,3,103.6620464,310.9861392,0
14,2021-09-18,0.0177928281849044,0.017775383418581,0.0177671673773377,0.0177894552439344,0.0178231225851,0.0177477631851743,0.0195789890362349,0.0227452510062389,0.0289166891138386,0.0317506596064663,0.0324398080071319,0.0286995297061551,0.0288170436758952,0.0275862386618082,0.0239107074474543,0.0240884778498673,0.0224996209280542,0.0186893276881077,0.0178364958757119,0.0172218356452987,0.016881070258375,0.0172218356452987,0.0170389125851748,0.0169736222956564,commercial,9,autumn,1,3,103.6620464,310.9861392,0
14,2021-09-19,0.0170389125851748,0.0170389125851748,0.0170182926467818,0.0168639453775376,0.0168749549750413,0.0169330350021079,0.0187919095377345,0.0226058166031257,0.0268244310105368,0.0311754666304854,0.0297991336859411,0.0274117234232943,0.0258541932521836,0.0259104972626043,0.0259195561844387,0.0253609137611969,0.0233165854182061,0.0202103529326662,0.0166490451710253,0.0163915481756691,0.0163349737753108,0.0166974162510627,0.0167140660789215,0.0164350118395938,commercial,9,autumn,1,3,103.6620464,310.9861392,0
14,2021-09-20,0.016539796838299,0.016539796838299,0.0163349737753108,0.0163915481756691,0.0163915481756691,0.0162935913445032,0.0171229676180067,0.0171229676180067,0.0180594180997563,0.0180594180997563,0.0181998361063202,0.0180698329384875,0.0172967635907236,0.0173123858488204,0.0170505580969278,0.0174439681647561,0.0174439681647561,0.0167280207579914,0.0169549132464188,0.0166974162510627,0.0164350118395938,0.016539796838299,0.016539796838299,0.0163630627583971,commercial,9,autumn,0,3,103.6620464,310.9861392,0
14,2021-09-21,0.016253120703469,0.016253120703469,0.0162064227612552,0.0155603576755843,0.0154020655515059,0.0153121823840727,0.0160826888748892,0.0163240226534062,0.0176084910035167,0.0180594294645452,0.0181978569367453,0.0183565261205009,0.0176209291771456,0.0176365599588342,0.0175199687096849,0.0177854758636571,0.01761050865602,0.0170413229476844,0.0171214423728938,0.0168639453775376,0.016633273264919,0.0168639453775376,0.0166974162510627,0.016539796838299,commercial,9,autumn,0,3,103.6620464,310.9861392,0
14,2021-09-22,0.0167761404767032,0.0167627034832437,0.0162399126540803,0.0153922053865808,0.0152380545179241,0.015337921348086,0.0150213082834402,0.0168211994053016,0.0232850961064027,0.0254024997424233,0.0276532597153198,0.0275779043863599,0.0266845880370551,0.0277276709864818,0.0283412111802254,0.0305025768448746,0.0297457595498478,0.0192336848053156,0.0184573126217008,0.0182510666104227,0.0177693397014866,0.0179846211794878,0.0177390282843136,0.0172544237709091,commercial,9,autumn,0,3,103.6620464,310.9861392,0
14,2021-09-23,0.0170820085520968,0.0169243891393331,0.0167618484354379,0.0167761404767032,0.0167761404767032,0.0167844345128929,0.01708644762452,0.0177586400770245,0.0231999063188583,0.026260071067163,0.0281218054877114,0.0263200616976716,0.025617209108927,0.0289810915354681,0.0259031174635194,0.0272826772378056,0.0274571031054688,0.0190413089841214,0.0182824064128996,0.0182511101810198,0.0177074402257207,0.0179846444171396,0.0174148942686074,0.0171805471580975,commercial,9,autumn,0,3,103.6620464,310.9861392,0
14,2021-09-24,0.0169243891393331,0.0167761404767032,0.0166781836455373,0.0167761404767032,0.0167761404767032,0.0167844345128929,0.0171386707572987,0.0176612054298708,0.023874981240705,0.0269644933341011,0.0253995314953541,0.0259903606433204,0.0244220587623149,0.0282688787896054,0.0265575845010445,0.0260772440432704,0.0254979739082786,0.0186341887283748,0.0176716433775149,0.0177787570067826,0.0175026670607147,0.0176605193593044,0.0175725283572482,0.0171951471991025,commercial,9,autumn,0,3,103.6620464,310.9861392,0
14,2021-09-25,0.016539796838299,0.016539796838299,0.0163630627583971,0.016539796838299,0.016539796838299,0.016321079052158,0.0172771189829248,0.0172980067373137,0.0181710815599004,0.0184349252676653,0.0184244813904709,0.0183552663917336,0.0175275772592379,0.0175223553206407,0.0171113360773066,0.0174910236890574,0.017338626214891,0.0167144770400026,0.0168338474038357,0.016539796838299,0.0162935913445032,0.0163915481756691,0.016253120703469,0.016253120703469,commercial,9,autumn,1,3,103.6620464,310.9861392,0
14,2021-09-26,0.016253120703469,0.016253120703469,0.016253120703469,0.016253120703469,0.016253120703469,0.0163349737753108,0.0165424228172026,0.0166808502894026,0.016695240551314,0.0169867183647962,0.0171532474912711,0.0171297012388456,0.0175215876232204,0.0177276485073114,0.0177112832434016,0.0180510516020827,0.0177015238468409,0.0179499440186618,0.0176552554968296,0.0172429926985904,0.0166974162510627,0.0168639453775376,0.0168639453775376,0.0166017456940749,commercial,9,autumn,1,3,103.6620464,310.9861392,0
14,2021-09-27,0.0170820085520968,0.0169243891393331,0.016878909911844,0.0169243891393331,0.0169243891393331,0.0169972730556004,0.0174254097493579,0.0184777733532726,0.0320518812208897,0.0361968270526223,0.0382683516771212,0.0364531864817021,0.0381111241444042,0.0373610556891527,0.0379789368479373,0.038903447680053,0.038076397372284,0.024148743947696,0.02079455178485,0.0198805178433909,0.0187762383039506,0.0187277912343819,0.0182126846290952,0.0174414259400508,commercial,9,autumn,0,3,103.6620464,310.9861392,0
14,2021-09-28,0.0174783679542002,0.0180253961941831,0.0169397369209073,0.01766439153957,0.0171739955363566,0.0170273085134679,0.01758305050003,0.0209450743448112,0.0340686631449274,0.0408745415071306,0.0407324222958549,0.037790148173288,0.0386009539689993,0.0401365882406261,0.0393321799028525,0.0399946713923947,0.0380714007822559,0.0263660884266741,0.0234204426758601,0.0221972511612722,0.0198452435202665,0.0210505228121467,0.0201057884365168,0.0180152800238048,commercial,9,autumn,0,3,103.6620464,310.9861392,0
14,2021-09-29,0.0174772783767637,0.0181682471406354,0.017099115893955,0.0179215554410979,0.0181228675038355,0.0179970312405302,0.017583072020203,0.0182760490515677,0.0271749819694596,0.0300135372632516,0.0308178402032296,0.0318854149512525,0.031080065928274,0.0350802688925345,0.0323013962066014,0.0292715190789504,0.0314523064660324,0.0216851874823481,0.0185542536805095,0.0187034947814881,0.0182945257710908,0.0181985036122781,0.0181635241683354,0.0178254552658512,commercial,9,autumn,0,3,103.6620464,310.9861392,0
14,2021-09-30,0.0178294446781772,0.0175198857660667,0.0177753432759804,0.0175204538805696,0.0174293167595998,0.0178812821059389,0.0184066313711389,0.0194363682363379,0.0333479799814249,0.0382242759493094,0.0406645977080072,0.0379425684733349,0.0363056662863378,0.038106770582545,0.0364416229308695,0.0349137245563974,0.0311442774712802,0.0235988264556517,0.0198958568746257,0.0194344551934825,0.0188044253448892,0.0187172979462889,0.0182259617272728,0.0180017478380171,commercial,9,autumn,0,3,103.6620464,310.9861392,0
14,2021-10-01,0.0170748763468101,0.0169855649120652,0.016881070258375,0.016881070258375,0.0168469048862536,0.0168639453775376,0.0177954616417881,0.0222014785166151,0.0278680435833259,0.0302141203221357,0.0290722081712729,0.0276384670763503,0.0284406198713158,0.0273279531606803,0.0261038230929147,0.0255556704583248,0.0244103205085884,0.0203769515144336,0.0201446682318063,0.0197024645351974,0.0177528014324186,0.0188502018858572,0.0189805898687244,0.0178311976028576,commercial,10,autumn,0,3,103.6620464,310.9861392,0
14,2021-10-02,0.0185998842515543,0.0189225995496434,0.0179508140447616,0.018435683590837,0.0179389098726065,0.0181671670317408,0.0188627403889929,0.0235380147679428,0.0301683598438836,0.0326144110179591,0.0315210840210654,0.0267643249747137,0.0290359185240721,0.0257188319539335,0.0252145649705803,0.0246662552091242,0.0236873297778119,0.0206713431838858,0.0202999321122765,0.01897807425885,0.0182445089407748,0.018522586476293,0.0185034944120708,0.0176279184943439,commercial,10,autumn,1,3,103.6620464,310.9861392,0
14,2021-10-03,0.0188546581110483,0.0186336459737334,0.0183575727766854,0.0180454952360669,0.0179205497266294,0.0166656004942488,0.0178268095355533,0.0221375344512008,0.0274319398794355,0.0292902045418292,0.0290114766197587,0.02542326410627,0.0276197391312625,0.0252963522997977,0.0241232881230412,0.0238858743868608,0.0227327037752131,0.0193190670275032,0.0185510003233893,0.0175088371599113,0.0167962945084322,0.0173129173439758,0.0173867832017209,0.0166174637673438,commercial,10,autumn,1,3,103.6620464,310.9861392,0
14,2021-10-04,0.0168849073923016,0.0169028159932862,0.0165551446198732,0.0168639453775376,0.0168639453775376,0.0164943176108099,0.0177368085615157,0.0205128355411784,0.0256813971060023,0.028419348270474,0.0268748524210872,0.0266301782049313,0.0257407015097525,0.0229359004859553,0.0232283863046935,0.0225946929711067,0.0215461222967439,0.0188441265257757,0.0180475147216338,0.0174222280955182,0.0167629849100768,0.0173806903746991,0.01742897131684,0.016633273264919,commercial,10,autumn,0,3,103.6620464,310.9861392,0
14,2021-10-05,0.0168952620060971,0.0169071819492566,0.016539796838299,0.0168639453775376,0.0166974162510627,0.0164350118395938,0.017670093791621,0.0204684027190579,0.0264382500755284,0.0293363479892357,0.0282844827469249,0.0265706277047489,0.026187191776066,0.0245679621697021,0.0241981106652931,0.0236846152563504,0.022035665778511,0.0176896982774431,0.0185818753747819,0.0176543864712913,0.0170032670915466,0.0171933936040606,0.0172218356452987,0.0168639453775376,commercial,10,autumn,0,3,103.6620464,310.9861392,0
14,2021-10-06,0.0170389125851748,0.0168639453775376,0.0167795963287739,0.0168639453775376,0.0168639453775376,0.0167136759254831,0.0181764203459163,0.0205693849513382,0.0246261207761226,0.0247022267221578,0.0249672254262201,0.0224829880888963,0.0233540409649997,0.0216659777415841,0.0198855552003465,0.0196527142112392,0.0176146953989319,0.0165316426902699,0.0167972938336552,0.016539796838299,0.0162935913445032,0.016539796838299,0.016539796838299,0.016253120703469,commercial,10,autumn,0,3,103.6620464,310.9861392,0
14,2021-10-07,0.0163915481756691,0.016253120703469,0.016253120703469,0.016253120703469,0.016253120703469,0.016253120703469,0.0172616034011761,0.0172616034011761,0.0180865049448269,0.0190280060816507,0.020033094944301,0.0215345275252339,0.0228551017598629,0.0209943650967995,0.0192951806788404,0.0203789764952097,0.0198664670084921,0.0172996858119912,0.0172964095805309,0.0170389125851748,0.0166974162510627,0.0168639453775376,0.0168639453775376,0.0166174637673438,commercial,10,autumn,0,3,103.6620464,310.9861392,0
14,2021-10-08,0.0170820085520968,0.0170820085520968,0.016909135074002,0.0170820085520968,0.0170820085520968,0.0169676197195521,0.0174256534230511,0.0187491773191461,0.031397888229888,0.0361811893380997,0.0383612870089154,0.0348918318983321,0.037345564769326,0.040881198461135,0.0366793274388167,0.0361400650657263,0.035390315186737,0.0234001991551719,0.020582968981044,0.0201195995067413,0.0181279085704121,0.0181609196115905,0.017739276434382,0.0174095280354016,commercial,10,autumn,0,3,103.6620464,310.9861392,0
14,2021-10-09,0.0168775459016497,0.0168859879939774,0.0166017456940749,0.0166974162510627,0.016539796838299,0.0164943176108099,0.0174256764073942,0.0177338676706298,0.0223748854836387,0.025837876005633,0.0256786233012803,0.0246062356101022,0.0246582126745486,0.0217253302568494,0.0198953381983373,0.021297320374323,0.0197284966988766,0.0172799242394413,0.0173332719125509,0.0170389125851748,0.0166812456825212,0.0168639453775376,0.0166974162510627,0.0166017456940749,commercial,10,autumn,1,3,103.6620464,310.9861392,0
14,2021-10-10,0.0166974162510627,0.0166974162510627,0.0165551446198732,0.016539796838299,0.0166974162510627,0.016524542772968,0.0168292766099295,0.0174171107681673,0.0194788489076494,0.0220633167905507,0.0217905592206461,0.0214511922264383,0.023361450618781,0.0214847508365112,0.0217540346954284,0.0202924528669388,0.0199454756708968,0.0177475865492126,0.0179929431333854,0.017113485735463,0.0166651646856633,0.017417517160497,0.0174382968970303,0.0165861195056187,commercial,10,autumn,1,3,103.6620464,310.9861392,0
14,2021-10-11,0.0177470794531729,0.0173870265626988,0.0168490650633862,0.0172963200282359,0.0170820085520968,0.0169383521088452,0.017583342110851,0.0208432398093106,0.0353315145732052,0.0385116453385843,0.0383741714884321,0.0372800428495895,0.0368272699421281,0.0391596396393689,0.0408087575570916,0.0404945178475503,0.0393924354841884,0.0248334156182402,0.0224168388869464,0.0218703782335127,0.0195425952523635,0.0200194308455194,0.0195982056226513,0.0182752391510187,commercial,10,autumn,0,3,103.6620464,310.9861392,0
14,2021-10-12,0.0184363893330931,0.0188482863154101,0.0182530680498198,0.0185347055469985,0.0189651311095515,0.0174881613928854,0.018962568953138,0.022859527988734,0.0377661283955168,0.0418896057743503,0.0431923939989606,0.039883802345112,0.040818847142819,0.04197687767409,0.0413146808466034,0.0427421076918435,0.0416830087630215,0.026707911526561,0.0224269358348218,0.0217685428077546,0.0200129234978068,0.0203635811274644,0.0199016415527381,0.0186790357997558,commercial,10,autumn,0,3,103.6620464,310.9861392,0
14,2021-10-13,0.019151586619472,0.0193693742384592,0.0182699250710818,0.0166377130045031,0.0167761404767032,0.0167710463378482,0.0171390932375489,0.0179604492156625,0.0295687119665817,0.0321184055830118,0.0321145776451587,0.0319638990967039,0.0313065610249478,0.0338331502711972,0.0333396660656147,0.0331063119200003,0.0327174077658227,0.0227370832395392,0.0192633179848282,0.0188168187645116,0.0177238639287421,0.0178186216066398,0.0175728301288555,0.0173155817509892,commercial,10,autumn,0,3,103.6620464,310.9861392,0
14,2021-10-14,0.0170820085520968,0.0170820085520968,0.0168342863862069,0.0169243891393331,0.0169243891393331,0.0167710463378482,0.0172775441734838,0.0178008433214588,0.0237287946710624,0.0259642174110059,0.0259984216946131,0.0274456028069508,0.0279220831478554,0.0307350848181632,0.0287372696354924,0.0302321210186567,0.0286469159108992,0.0195580472384186,0.0182838058835386,0.0180855806764299,0.0177239209120979,0.0178186484223367,0.0175728468886661,0.0172249266532787,commercial,10,autumn,0,3,103.6620464,310.9861392,0
14,2021-10-15,0.0169243891393331,0.0169243891393331,0.0167056713531921,0.0167761404767032,0.0167761404767032,0.0167710463378482,0.0172775677123546,0.017802051329348,0.0258887254049002,0.0328374882222371,0.032096957814029,0.0297254754772696,0.0309849984396487,0.0317370788106178,0.0314242568736167,0.0318508155421629,0.0291717906250322,0.0200300971392684,0.018283876500151,0.0182521602433422,0.0177394191194762,0.0178186753239033,0.0175728637021452,0.0171520188800748,commercial,10,autumn,0,3,103.6620464,310.9861392,0
14,2021-10-16,0.016539796838299,0.016539796838299,0.0163772561344038,0.0163915481756691,0.0163915481756691,0.016253120703469,0.0171391638471905,0.0171837318660976,0.0187658148917756,0.0208906492282368,0.020261120428204,0.018917903618483,0.0189257831791628,0.0180376656472481,0.0177736235456372,0.0180310550672183,0.0178386866346982,0.0171244721629263,0.0173334354871772,0.0168639453775376,0.0164793474212212,0.0166974162510627,0.016539796838299,0.0163349737753108,commercial,10,autumn,1,3,103.6620464,310.9861392,0
14,2021-10-17,0.0163915481756691,0.0163915481756691,0.016253120703469,0.0163915481756691,0.016253120703469,0.016253120703469,0.0165426942744584,0.0165426942744584,0.0165426942744584,0.0168328218798275,0.016986989822052,0.0168862786694242,0.0176318370574505,0.0173549501382044,0.0172157304416143,0.017511409216288,0.017511409216288,0.017136478457243,0.0168639453775376,0.0166974162510627,0.0165705856614224,0.0166974162510627,0.016539796838299,0.0164059384375805,commercial,10,autumn,1,3,103.6620464,310.9861392,0
14,2021-10-18,0.0169243891393331,0.0167761404767032,0.0167056713531921,0.0167761404767032,0.0165057379692766,0.0167979248719495,0.0162018601606242,0.0171417436923197,0.0235161543098756,0.0273646031624266,0.0288686629609185,0.0263166760466945,0.0291947289043523,0.0290981723094684,0.0275520012797428,0.0296085550431325,0.0281555113917377,0.019362729948188,0.0182840894930153,0.0180857832546275,0.0177551253864674,0.0178187564640421,0.0172670463393384,0.0170678061791098,commercial,10,autumn,0,3,103.6620464,310.9861392,0
14,2021-10-19,0.0169243891393331,0.0169243891393331,0.0166645915386044,0.0167761404767032,0.0165393783976495,0.0163750508651099,0.0163499772258972,0.0174188299789802,0.0234546802384025,0.0276039005908856,0.0287009154223587,0.0271634734435659,0.030059552667012,0.0314797694099648,0.0297139437971096,0.0298692465549978,0.0291125983979982,0.0195353433074355,0.0182841608015609,0.0180858341893029,0.0176335363691663,0.0178187836292023,0.0174153119801934,0.0171095068864192,commercial,10,autumn,0,3,103.6620464,310.9861392,0
14,2021-10-20,0.0169243891393331,0.0167761404767032,0.0166645915386044,0.0167761404767032,0.0166377130045031,0.0167710463378482,0.0171392588169071,0.0176628015916652,0.0278615418688277,0.0322067363475508,0.0309282514731118,0.028318854674797,0.0309202040001188,0.0311145826222737,0.030484208952284,0.0296129192676623,0.0287373901240284,0.0196644740559736,0.018117703103934,0.0180858852099086,0.0174902004823254,0.0175129427647985,0.0172670803244321,0.0170136761055552,commercial,10,autumn,0,3,103.6620464,310.9861392,0
14,2021-10-21,0.0166377130045031,0.0166377130045031,0.0166377130045031,0.0166377130045031,0.0166377130045031,0.0167710463378482,0.0171392826595729,0.0176705789303441,0.0269095395399328,0.0323773382832831,0.0308874400866663,0.0278745708764922,0.0304570993634961,0.0309747525804016,0.0294214169074073,0.0287670688124931,0.0279261564252189,0.0191255095205654,0.0179601552191677,0.0179283168885717,0.0174491785713546,0.0175129700135594,0.0172670973549077,0.0170136931360307,commercial,10,autumn,0,3,103.6620464,310.9861392,0
14,2021-10-22,0.0166377130045031,0.0166377130045031,0.0166377130045031,0.0166377130045031,0.0166377130045031,0.0167710463378482,0.0171393065282278,0.0176629310938213,0.0259763832997525,0.030259887286704,0.0302702800708031,0.0285926449391031,0.029685129968103,0.0295440896946174,0.0273526043890979,0.0270596552144156,0.0275725733034504,0.018884370754509,0.0179602268251323,0.0177801193730593,0.0172212885782655,0.0175129972920221,0.0172671144039469,0.0170137101850699,commercial,10,autumn,0,3,103.6620464,310.9861392,0
14,2021-10-23,0.016253120703469,0.016253120703469,0.016253120703469,0.016253120703469,0.016253120703469,0.016253120703469,0.0171393304158032,0.0171605832588083,0.0181674690234047,0.0185178893506477,0.0191368402160733,0.0186372763979187,0.0188284734881365,0.017524089491568,0.0178443329826749,0.0176587393535352,0.0176640525642865,0.0169438631958492,0.0169921057216778,0.016539796838299,0.0163489684912017,0.016539796838299,0.016539796838299,0.0163072847621174,commercial,10,autumn,1,3,103.6620464,310.9861392,0
14,2021-10-24,0.0163915481756691,0.0163915481756691,0.0162665088785137,0.0163915481756691,0.0163915481756691,0.0162665088785137,0.0166812170608438,0.0166812170608438,0.016569668122745,0.0168294657234738,0.0169870851362374,0.0169977183861462,0.0173704652135241,0.0173551645951215,0.0171642475126212,0.0175115045304734,0.0175115045304734,0.0169709145676959,0.0168639453775376,0.0166974162510627,0.016420426474466,0.0166974162510627,0.016539796838299,0.0164059384375805,commercial,10,autumn,1,3,103.6620464,310.9861392,0
14,2021-10-25,0.0167761404767032,0.0167761404767032,0.0166377130045031,0.0166377130045031,0.0166377130045031,0.0167710463378482,0.0171393782194159,0.0176631256841889,0.0241497061039308,0.0272327737223319,0.0287066669307988,0.0283299376037497,0.0282936152803982,0.0299633573588087,0.0285351967188856,0.0291640222991131,0.0291629975430413,0.0190649414238623,0.0182845904379351,0.0180861410724274,0.0175324741660856,0.0176613278874384,0.0174154142745682,0.0170679254517098,commercial,10,autumn,0,3,103.6620464,310.9861392,0
14,2021-10-26,0.0167761404767032,0.0167761404767032,0.0166781836455373,0.0167761404767032,0.0167056713531921,0.0167710463378482,0.0172073604699855,0.0178016180329223,0.0270486134273196,0.0323402100453518,0.0319546061935449,0.0293949296281609,0.0298671176988082,0.0306054381770887,0.0295475420764132,0.0289346651403345,0.029400303801424,0.0190564765001446,0.0181181330171022,0.0180861922907431,0.0175467255895169,0.0175131065412435,0.0172671826847102,0.0170137784658333,commercial,10,autumn,0,3,103.6620464,310.9861392,0
14,2021-10-27,0.0166377130045031,0.0166377130045031,0.0166377130045031,0.0166377130045031,0.0166377130045031,0.0167710463378482,0.0171394260137888,0.0176632554117726,0.0237644803660251,0.0271960704435609,0.028140491611568,0.0268079245777563,0.0287514400967825,0.0286036729196864,0.0294432856430421,0.0290699545324972,0.0284021125385181,0.0193429922564418,0.018118204694579,0.0179286240761771,0.0176488749009583,0.0176613825095788,0.017415448413406,0.017095648603741,commercial,10,autumn,0,3,103.6620464,310.9861392,0
14,2021-10-28,0.0169243891393331,0.0167761404767032,0.0166377130045031,0.0167761404767032,0.0167761404767032,0.0167710463378482,0.0172778773620172,0.0178017476903352,0.02525350119539,0.0285445800593127,0.0302766838658809,0.0300693453950256,0.0283834929170315,0.0288785060824534,0.0281940408212115,0.0245313506813574,0.0225466392356723,0.0186370826491576,0.0176739807750702,0.0176419991042649,0.017293990823304,0.01672669498218,0.0162886401515344,0.0158070271616302,commercial,10,autumn,0,3,103.6620464,310.9861392,0
14,2021-10-29,0.014921043171896,0.0138951421861781,0.0135648225745886,0.0134970720968775,0.0130767966332227,0.0130664817987621,0.0130087642839186,0.0138847626568531,0.0204233578306492,0.0210983512196176,0.0216757876046118,0.0217678905574704,0.0221048350464725,0.0237422415034506,0.0217920584267139,0.0223116305494909,0.0221069802939171,0.0183520420577203,0.0170817587450249,0.0168070608766804,0.0162368909681681,0.0160351887454039,0.0157266217353013,0.0144006224481689,commercial,10,autumn,0,3,103.6620464,310.9861392,0
14,2021-10-30,0.0131403159243907,0.0127497082921581,0.0123725365721135,0.0123290446070138,0.0123052835205724,0.0121810492079218,0.0127019599447888,0.0133118435502949,0.0145781692017909,0.0149889617315093,0.0153231819038468,0.0155961599029976,0.0163185888525555,0.0168793961938084,0.0167064226409996,0.0168310785450051,0.0162951309148573,0.0152012344742599,0.0148787543429989,0.0140011713394733,0.013784308755035,0.0134016162352645,0.0132230284455075,0.013279228822263,commercial,10,autumn,1,3,103.6620464,310.9861392,0
14,2021-10-31,0.0135172356119153,0.0135358561871683,0.0128862465813249,0.012696602007254,0.0126816490671147,0.0125165772999431,0.0128809609036306,0.0129382185761679,0.0127956635072739,0.013428804272386,0.0142978218980974,0.0140554894095842,0.0156036095336824,0.0157726557896603,0.0159181756321306,0.0173286769179058,0.0168896027008817,0.016408335383772,0.0152262409019583,0.0150334099211143,0.0148316949523761,0.0150731499292767,0.0155826998464687,0.0160490571974979,commercial,10,autumn,1,3,103.6620464,310.9861392,0
14,2021-11-01,0.0166377130045031,0.0166377130045031,0.0166377130045031,0.0166377130045031,0.0166377130045031,0.0167710463378482,0.0171395450879946,0.0176635786131883,0.0215353205795256,0.0230416604114621,0.0234788101153912,0.0231429313088677,0.0239081200008228,0.0286731234847178,0.0260044558734708,0.0253754279693598,0.0249175216107116,0.0189241123772183,0.0178126938418028,0.0179288792351895,0.0174908957121092,0.0176615185943855,0.0172672848037803,0.0170407591190046,commercial,11,autumn,0,3,103.6620464,310.9861392,0
14,2021-11-02,0.0167761404767032,0.0167761404767032,0.0166377130045031,0.0167761404767032,0.0166377130045031,0.0167710463378482,0.017139568775814,0.017663642908698,0.023878997271152,0.0272786273968123,0.0277213467703894,0.0263087736446421,0.0273264748365619,0.0303343323068395,0.0283081125682445,0.027573867229855,0.0275851117309509,0.0189242003605474,0.0181186329806545,0.0180865494075661,0.0174909532396706,0.017661545666179,0.0172673017236513,0.0170138975047743,commercial,11,autumn,0,3,103.6620464,310.9861392,0
14,2021-11-03,0.0166377130045031,0.0166377130045031,0.0166377130045031,0.0166377130045031,0.0166377130045031,0.0167710463378482,0.0171395924048917,0.0176637070447663,0.0225841711118192,0.0256553012254893,0.0279587928055872,0.0289804791112191,0.0299851953650409,0.0304980423295928,0.0271232032744066,0.0271153981036728,0.0267371859299487,0.0188638387086156,0.0179610844551242,0.0177807319659107,0.0174230522758848,0.0175133240082095,0.017267318601564,0.017013914382687,commercial,11,autumn,0,3,103.6620464,310.9861392,0
14,2021-11-04,0.0167761404767032,0.0166377130045031,0.0166377130045031,0.0166377130045031,0.0166377130045031,0.0167710463378482,0.0171396159682304,0.0176637710023999,0.024263292677608,0.0273252836228557,0.028804986488622,0.028252604331403,0.028317759037857,0.0317138980541773,0.0309555746923168,0.0299139795724786,0.0290457797792015,0.019907202785983,0.0179611551451402,0.0179290311214092,0.0175049625729776,0.0176615996003693,0.0172673354325202,0.0170408097477445,commercial,11,autumn,0,3,103.6620464,310.9861392,0
14,2021-11-05,0.0167761404767032,0.0167761404767032,0.0167056713531921,0.0167761404767032,0.0167761404767032,0.0167710463378482,0.0171396394588519,0.0176638347626583,0.0257707502011397,0.0299842089474994,0.0298585320904894,0.0321313441735586,0.0309853321145351,0.0354551125806089,0.0328652127273861,0.030836762771343,0.0300410911531844,0.0206787382906172,0.0181352507139802,0.0179290814584553,0.0175615940219882,0.017513377784164,0.0174156008741654,0.0170273361677033,commercial,11,autumn,0,3,103.6620464,310.9861392,0
14,2021-11-06,0.016253120703469,0.0163915481756691,0.016253120703469,0.016253120703469,0.016253120703469,0.016253120703469,0.0171396628697998,0.0171611056865172,0.0181458775190855,0.0196596764895106,0.0195961855972676,0.0196563722009313,0.0196910767424057,0.0191877419486776,0.0179750252009081,0.0178343239757374,0.0176647174722796,0.0171760921829867,0.0169924381756744,0.0166974162510627,0.016539796838299,0.016539796838299,0.016539796838299,0.0163915481756691,commercial,11,autumn,1,3,103.6620464,310.9861392,0
14,2021-11-07,0.016539796838299,0.016539796838299,0.016321079052158,0.0163915481756691,0.0163915481756691,0.016253120703469,0.0166814067059386,0.0166814067059386,0.0166814067059386,0.0170700603751195,0.0174209491411006,0.0175714423760457,0.0184616901220466,0.0177712192384638,0.0174968451738798,0.017303288893193,0.017766440525623,0.0169872747813322,0.0166974162510627,0.0166974162510627,0.0163915481756691,0.016539796838299,0.0163915481756691,0.016321079052158,commercial,11,autumn,1,3,103.6620464,310.9861392,0
14,2021-11-08,0.0166377130045031,0.0156918128055311,0.0159169502406001,0.0137244976513217,0.0133511291568911,0.0125833357811061,0.0126495674520913,0.0125617463553883,0.0160328114788747,0.0165768208705628,0.017262444162462,0.0177888308102218,0.0183319002494104,0.0201604297731104,0.0175495723351427,0.0177276202756244,0.018111570533967,0.0142909701286345,0.0134739619201833,0.0130453135258477,0.012396920423436,0.0125360996684523,0.0120898572053599,0.0117910619900549,commercial,11,autumn,0,3,103.6620464,310.9861392,0
14,2021-11-09,0.011446501663619,0.0113662436619336,0.0113443253955617,0.0114189800926599,0.0114483398771962,0.0115719030617353,0.0113167631012069,0.0112509639781524,0.01486231735987,0.0159318285330399,0.0164159040805402,0.0165329853540982,0.0176264201770824,0.0189701226972937,0.0181629288461501,0.0186300147980927,0.0182623006606654,0.0146866618663683,0.0135396174070337,0.0134166255151444,0.0127099123203367,0.0126766478584366,0.0124282387528956,0.0119885807722855,commercial,11,autumn,0,3,103.6620464,310.9861392,0
14,2021-11-10,0.0117324483493451,0.0117004509034482,0.0115008953184802,0.0115566790401659,0.0116319584324634,0.0117869998191565,0.0118334684184741,0.01187536602141,0.0155918766002125,0.0167589629197504,0.0172411922368295,0.0173581252170771,0.0182222934052079,0.0195005637607822,0.0183566663527292,0.0190221801312386,0.0190667484874176,0.0151914981235953,0.0141977452727889,0.0137817318994948,0.0130112890422009,0.0130280150644824,0.0124779677505657,0.0122931223735053,commercial,11,autumn,0,3,103.6620464,310.9861392,0
14,2021-11-11,0.011993747303068,0.0119553761734609,0.0116533525642192,0.0116307102225826,0.0118025875107137,0.0117696005946569,0.0118361616127804,0.0124021275075078,0.0162465732410439,0.0169469932172837,0.0178776998293923,0.0186156414301418,0.0186566378065785,0.0209467603461166,0.0200924481172282,0.0195911606019692,0.0193469490735015,0.015712348007676,0.0143413023327003,0.0139318031823219,0.0136318407322623,0.0137721234536711,0.012932285756119,0.0126691342452013,commercial,11,autumn,0,3,103.6620464,310.9861392,0
14,2021-11-12,0.0123200095082249,0.0122796524854309,0.0120923616132869,0.0121908476631444,0.0121918371818995,0.0121963847881496,0.0122389025242324,0.0127720432430139,0.0168304155530171,0.017777997388217,0.0190700073648783,0.0192299094159092,0.0195089420791067,0.0219756845887981,0.0216224463424082,0.0212897800275013,0.0201835344130805,0.0157949902433021,0.0147500581233233,0.0146244605707661,0.0139850812047078,0.0139174494027698,0.0136152213782333,0.013004013627523,commercial,11,autumn,0,3,103.6620464,310.9861392,0
14,2021-11-13,0.0122634406667231,0.0122483494606303,0.0118760922429542,0.0117224746306995,0.01167066778563,0.0115831272791645,0.0124989364773023,0.0124535331785176,0.0136950905610524,0.0144576427486133,0.0147777736491499,0.0149774922388432,0.0144210434894843,0.0149717559743231,0.0146439149328858,0.0147070236304051,0.0146482819055632,0.0131392736730042,0.0131573492716853,0.0125021556268251,0.0119537877696097,0.0120943971032393,0.0118729451383005,0.0119306222548006,commercial,11,autumn,1,3,103.6620464,310.9861392,0
14,2021-11-14,0.0118330803754362,0.0117976555839332,0.0115874005065314,0.0116910457729387,0.0114879999364279,0.0113733917117488,0.0114898552484897,0.0112910896583011,0.0118078547115193,0.0124760623123922,0.0128278088664458,0.0128897701061344,0.0135561799361131,0.0141411888658848,0.0136928377502814,0.0144007002364835,0.0138641319572591,0.0131583468610988,0.012633162594583,0.012530762762942,0.0118334695309089,0.0121270939422777,0.0119530790899221,0.0117309951858378,commercial,11,autumn,1,3,103.6620464,310.9861392,0
14,2021-11-15,0.0119931912966212,0.0125332186131475,0.0126625883765931,0.0129121913052837,0.012929581678347,0.0125509411466168,0.0125426849046115,0.0131816077425604,0.0179521593483417,0.0182237525466892,0.0189432364358297,0.0194020424072773,0.0199104102793107,0.0206326262359322,0.0202664883357689,0.0207291206812465,0.0202999788577013,0.0168338950851895,0.0157737206535786,0.0147612406516519,0.0138955936329522,0.0134975627948787,0.0131891647874799,0.0129331698325801,commercial,11,autumn,0,3,103.6620464,310.9861392,0
14,2021-11-16,0.0125297426214238,0.0122714720918383,0.0121902873700557,0.0119924001967292,0.0121537306110887,0.0124880521501273,0.0124667222113088,0.0131873424370581,0.0179992614714137,0.0186660998596695,0.02046957627893,0.0215779687697208,0.0214420344748566,0.022141932443257,0.0224296489931362,0.021841381974244,0.0220435649073084,0.0187066797275952,0.0174643002716885,0.0168055368098343,0.0168201746862755,0.0165010206627572,0.0159023208858365,0.0155957491278314,commercial,11,autumn,0,3,103.6620464,310.9861392,0
14,2021-11-17,0.0146198591620823,0.0144397733283202,0.0139885973108859,0.0143863549208157,0.0139393969882883,0.0141408349156647,0.0147689458261138,0.0157845184344327,0.0212321962293332,0.0216175478775561,0.0217162028758823,0.0218432826133006,0.022836826898231,0.0251392256355422,0.0222129226263164,0.0220743440999722,0.0220652016043736,0.0186521915787947,0.0173335858211364,0.016644280324233,0.0162070324597028,0.0159327799348672,0.0152911062168695,0.0146118280428544,commercial,11,autumn,0,3,103.6620464,310.9861392,0
14,2021-11-18,0.0137457177426071,0.0135451220418104,0.0135866113881781,0.0134478053207371,0.0134385362070006,0.0132689875001868,0.01347462923967,0.0142706324736789,0.0193907438360604,0.0204982397359725,0.0204514701408241,0.0215782642418878,0.0212558604072496,0.022380414337478,0.0218447694313428,0.0216103709748857,0.0216176868548103,0.0186388848315943,0.0168371385992381,0.016128818182498,0.0168280884817212,0.0164740199255202,0.0162421471709713,0.0160927542836219,commercial,11,autumn,0,3,103.6620464,310.9861392,0
14,2021-11-19,0.0147779560049332,0.0142206937421356,0.0145772813932484,0.0143442243640769,0.0136306363268063,0.0139424814411731,0.0137954432008953,0.0145170340309793,0.0206036721361559,0.0214958666517457,0.0216004114128288,0.021752926722677,0.0214653167502638,0.0237973556300132,0.021764536184377,0.0217851085650801,0.0218088954647749,0.0186389656383251,0.0176755016509363,0.0176430854441692,0.0174239373530712,0.0172551292372745,0.0168556532412953,0.0170141746995066,commercial,11,autumn,0,3,103.6620464,310.9861392,0
14,2021-11-20,0.0159230965556315,0.0159518198177008,0.016253120703469,0.0159468380450286,0.016253120703469,0.0163438958293636,0.0171399784304318,0.0171616015675104,0.0181196751863386,0.0181521098919565,0.0184279744582472,0.0183742735193789,0.0176977832991616,0.0178673447225291,0.0174559827255098,0.0173357942700354,0.0173412000543051,0.0166164165374017,0.0166868856609128,0.0163915481756691,0.016253120703469,0.016253120703469,0.016253120703469,0.016253120703469,commercial,11,autumn,1,3,103.6620464,310.9861392,0
14,2021-11-21,0.016253120703469,0.016253120703469,0.0162649968238098,0.016253120703469,0.0162684927976764,0.0163509962437896,0.0163927088360361,0.0163134037005253,0.0165431584555823,0.0166815859277824,0.0168298345904123,0.0167067938730719,0.0166924036111605,0.0167086301362276,0.0167951730463013,0.0166815859277824,0.0166815859277824,0.0167545105144654,0.016253120703469,0.016253120703469,0.016253120703469,0.016253120703469,0.016253120703469,0.016253120703469,commercial,11,autumn,1,3,103.6620464,310.9861392,0
14,2021-11-22,0.0166377130045031,0.0166377130045031,0.0166377130045031,0.0166377130045031,0.0166803855409354,0.0168270391752049,0.0155466949193637,0.0156522624905405,0.0185015260439568,0.0190519497812508,0.0185066639142762,0.017865726130625,0.0175453880478102,0.0168147832236296,0.0166842557850985,0.0164870128983088,0.0165270665503802,0.0138573464423321,0.0125184529710228,0.0123754116062645,0.0118894690784647,0.0118261909977676,0.0117165752964359,0.0113155223217617,commercial,11,autumn,0,3,103.6620464,310.9861392,0
14,2021-11-23,0.0113871389764044,0.0114339947518818,0.0113949335654213,0.0122384374487166,0.0131622864149408,0.0136175280170576,0.0122455573672354,0.0116609720115797,0.0138477452177336,0.0147214758968135,0.0148089687555653,0.0146318554869348,0.0150085923394979,0.0153510748393678,0.0148645070958015,0.0153515362372432,0.015389260202444,0.0124642031081362,0.0118028038374128,0.0117981312518313,0.0115760783999026,0.0117326419501018,0.0119089423595083,0.0120982380249143,commercial,11,autumn,0,3,103.6620464,310.9861392,0
14,2021-11-24,0.0131965819727252,0.0137852117184007,0.0145833420217888,0.0148092080190936,0.0152797721931212,0.0159512271924748,0.0143800284568494,0.0111387415256339,0.0148527597875335,0.0153590042063522,0.015861528224882,0.0164630917230394,0.0174028012362108,0.0179340319016374,0.0177895585161999,0.017690322000537,0.0180816287153212,0.0144905519906627,0.0132568254911853,0.012565425578863,0.0123958396164941,0.0122265531638602,0.0120432146057521,0.0116835982336826,commercial,11,autumn,0,3,103.6620464,310.9861392,0
14,2021-11-25,0.011420014678926,0.0115284522714449,0.0115480466750415,0.0118737270768679,0.0125003284191322,0.0127478214940629,0.0118224318061862,0.0118213902721134,0.0156814473050961,0.0172673548656288,0.0178228494332934,0.0181276034912769,0.0191960275781454,0.0213423051145595,0.0190627325255584,0.0193087726421991,0.0196767754793773,0.0156886427212499,0.0145348798535952,0.0138394770790375,0.0134071218021389,0.0128093505802343,0.0127352958418231,0.0123293448740883,commercial,11,autumn,0,3,103.6620464,310.9861392,0
14,2021-11-26,0.0120014250881349,0.0115677299137131,0.0117059467365985,0.0114698572469188,0.0115813345510286,0.0116690290273568,0.0116096129181569,0.012197293260776,0.0165992583344013,0.0178922319496823,0.0184764118571118,0.0188035312500767,0.0200530511672012,0.0219853506890069,0.0214745465393657,0.0217901419782821,0.0216231334950457,0.0159609849525742,0.0150327673371995,0.0143356321128225,0.0137566924207066,0.0138549229040319,0.0129997614627154,0.012657103598977,commercial,11,autumn,0,3,103.6620464,310.9861392,0
14,2021-11-27,0.0117971776719563,0.0117224557426861,0.011744313439929,0.0116864153779865,0.0114270883171484,0.0113611539147581,0.011927341567657,0.0117985656004148,0.0133646260123285,0.0140566387922071,0.0143756787014506,0.0144642991974638,0.0142744034270683,0.0152252910424144,0.0144143510058311,0.0151036687375189,0.01458132017727,0.013210767061265,0.0131163961658696,0.012462267787509,0.0120055638275143,0.0116351211031493,0.0117814321527755,0.0115899330892582,commercial,11,autumn,1,3,103.6620464,310.9861392,0
14,2021-11-28,0.0115459198412125,0.0115274790956963,0.0117127981680298,0.0114447779818878,0.0113606349436058,0.0113855920589909,0.0115543039344342,0.0108860036452108,0.0115058309151475,0.0123962368872364,0.0127441577360683,0.0128998919192316,0.0139265531114899,0.0142704650904828,0.0137813021383268,0.0143593009076896,0.0143509989487366,0.0134393492853507,0.0129344028010582,0.0125698846356812,0.0123488828028564,0.0125847749121004,0.0123850177847868,0.0122554759556216,commercial,11,autumn,1,3,103.6620464,310.9861392,0
14,2021-11-29,0.0122459096326897,0.0122155217045002,0.012304732416297,0.0117527663262692,0.0117093888465408,0.0118076487844369,0.0117556933334046,0.0124405040460572,0.0177169876738952,0.0188268421030189,0.0199035349634844,0.0214240142858256,0.0212960066219305,0.0236262902106776,0.0218589872971022,0.021975135892158,0.022007798706955,0.0180982464523227,0.0156743720485801,0.0151195468890659,0.0149049197257635,0.0149095155563401,0.0149914383247837,0.0140346313861161,commercial,11,autumn,0,3,103.6620464,310.9861392,0
14,2021-11-30,0.0134797702251105,0.0133838257683274,0.0130544800367539,0.0130473191289207,0.0130080046572369,0.0125359597839476,0.0127420275699702,0.0136236277193357,0.0185739562775861,0.0201630855098032,0.0202122275044345,0.0203652757412702,0.0211577379617025,0.0233806415315257,0.0215701080503279,0.0215317431763932,0.0205721501097702,0.0161672665596775,0.0137270130782584,0.0134164557073818,0.0127757174376488,0.0128975650617718,0.0127321243991822,0.0133800208683081,commercial,11,autumn,0,3,103.6620464,310.9861392,0
14,2021-12-01,0.0142972201068333,0.0143037040898942,0.0143209037262548,0.013894203331887,0.0135563914088514,0.0133231374739127,0.0134209155503239,0.0139360213572073,0.0180523925303692,0.0191539792022196,0.0192944187479206,0.0203599656736954,0.0211578948134188,0.0226893181674983,0.0215414603086967,0.0215039309628289,0.021563746829577,0.0175476507488945,0.0154144625470902,0.0151158469236143,0.0143957140407043,0.0141613704014375,0.0136865776837966,0.0127284600056977,commercial,12,winter,0,3,103.6620464,310.9861392,0
14,2021-12-02,0.0120003114641361,0.0118554834213391,0.0118366754701928,0.0115955468533377,0.011537543293566,0.0115533725356566,0.0114632223624751,0.0116844703895635,0.0154836577271465,0.016293227942585,0.0168266380554398,0.017810908615189,0.0191028280136775,0.0215097734572225,0.0209069133791634,0.020905673464834,0.0205465612129948,0.0172559234429847,0.0165166705698709,0.0156353262516626,0.0144438173564384,0.0140792151329583,0.0135590990692504,0.0138806452299917,commercial,12,winter,0,3,103.6620464,310.9861392,0
14,2021-12-03,0.0130334683021574,0.012647240884701,0.0125421688652328,0.012499474267099,0.011744455420477,0.0117262484111245,0.011700678267607,0.012087227613845,0.0161185317638708,0.0174075515986907,0.018021631865506,0.0195004868153102,0.0199092900251663,0.0216292797341759,0.0215095522719424,0.0211413309381881,0.021240414726614,0.0178851032887153,0.0173887706791827,0.0160244620425487,0.015179135778948,0.0150918198066894,0.014591122902748,0.0140269110907635,commercial,12,winter,0,3,103.6620464,310.9861392,0
14,2021-12-04,0.0131564903969449,0.012844373505847,0.0130663014977452,0.0127555693079274,0.0127056173852056,0.0124194299909753,0.0125924905214869,0.0116490161819029,0.0128828606300998,0.0135671619739015,0.0140981905837033,0.0145311058524441,0.0138985171547145,0.0138365855026207,0.014034442394509,0.0138398021315835,0.0134236644341483,0.0124607256941927,0.0122503740075355,0.0117817478831232,0.0116176877065804,0.0114822564426804,0.011251521825588,0.0112817411919701,commercial,12,winter,1,3,103.6620464,310.9861392,0
14,2021-12-05,0.0113430735432258,0.0114109974598015,0.0114223616472743,0.0118250361155921,0.0128599530556046,0.0127604925518901,0.0128605594818496,0.0110380670523199,0.0107978591956916,0.0108983681322284,0.0112761533427202,0.0112107401401133,0.0117192282438601,0.0123212830438337,0.0119306955326653,0.0119941411988877,0.0116840791803349,0.0114784289128857,0.0112536546980438,0.0117708724106609,0.0128895203071302,0.0137210168188422,0.0142178442321181,0.0145252764569613,commercial,12,winter,1,3,103.6620464,310.9861392,0
14,2021-12-06,0.0147074517862759,0.0145438784304086,0.0153051742813356,0.0154461435023494,0.0157232650430953,0.0160181174872923,0.0144087593779323,0.0113780283168083,0.0150340178093207,0.0158269109391637,0.0163290131987942,0.0170141567315189,0.0177646924919451,0.019980424809415,0.01889321386851,0.0192655383172952,0.019073076128672,0.0164218899254298,0.014583260268203,0.0139968139884408,0.0131952094221293,0.0130935133954521,0.0127851064902934,0.012382095396489,commercial,12,winter,0,3,103.6620464,310.9861392,0
14,2021-12-07,0.0119441429195328,0.011884923205616,0.0121018367196422,0.0120544610328612,0.0120895568987196,0.0123087253413677,0.012147033986709,0.0123228367660608,0.0162582600782504,0.0167911630435222,0.0174443084102234,0.0172239809437636,0.0182504658932698,0.0191730067463875,0.0182029276797481,0.0182214279200229,0.0182052960382213,0.0152030202189323,0.013552535430961,0.0136364402256076,0.0127023701145947,0.0123457155041632,0.0119119298966345,0.0120276656082259,commercial,12,winter,0,3,103.6620464,310.9861392,0
14,2021-12-08,0.0117061143743693,0.0114634837379414,0.0115367902654495,0.0116033124136145,0.0116365809628796,0.0118037636396273,0.0115982857532354,0.0115419541622726,0.0151499690235619,0.0159643097696085,0.0163881850475221,0.0161897205869519,0.0167825254614772,0.0188896665084935,0.0171757829065971,0.0173087712552483,0.0173413065486699,0.0140160340405679,0.0131175048758068,0.0126912634370067,0.0119713768763914,0.0118130738608019,0.0116671232292354,0.0113719216013633,commercial,12,winter,0,3,103.6620464,310.9861392,0
14,2021-12-09,0.0112659435850202,0.0113629332395264,0.0122164348581574,0.0136641396613129,0.014598453695611,0.0160305081276605,0.0139179112026757,0.0102811876948026,0.0134556708314962,0.0141822975567261,0.0146429543365534,0.0153201893462175,0.0159393575298299,0.017676980940887,0.0169295389071252,0.0168520078760316,0.0164459932534422,0.0135229223159113,0.0123102838205215,0.0120051115464422,0.011678656861013,0.0114681888376806,0.0115555725038144,0.0114828249611184,commercial,12,winter,0,3,103.6620464,310.9861392,0
14,2021-12-10,0.0118516821640352,0.0124581411774298,0.0135226590761163,0.0145136190009627,0.0152582133698858,0.0163917876038016,0.0142017221162784,0.0105310956524121,0.0143570257140842,0.0155196746973489,0.016375625827407,0.0168126697000462,0.0176002312668821,0.0184438955678267,0.0176820826059904,0.0177173538083363,0.0173358872256573,0.0146739651231344,0.0130605729956634,0.0132107770153539,0.0126584652170943,0.0125406246644547,0.0123368571574405,0.012187050384959,commercial,12,winter,0,3,103.6620464,310.9861392,0
14,2021-12-11,0.011548567305772,0.0114704359139184,0.0114065767210652,0.011439333417466,0.0114446490773105,0.0122509351707469,0.0117731526618006,0.0113515175654948,0.0121973667947503,0.0126740604712681,0.0133447164263023,0.0135512955258624,0.013013258519336,0.0135328261430344,0.0133139065804124,0.0128565325521032,0.0127680080698115,0.0119976887929797,0.0121042580867872,0.0118511079425491,0.0114306803458377,0.0115294356013921,0.0113616980817733,0.0112604140381365,commercial,12,winter,1,3,103.6620464,310.9861392,0
14,2021-12-12,0.011316600686286,0.0116872040644345,0.0123877811280607,0.0125862887006662,0.0130192384308494,0.0141286326288794,0.0137269065117022,0.0127070882108949,0.0130875518628508,0.0122801982379661,0.0121105554671387,0.0117332487665381,0.0113330513005703,0.0117065573606532,0.011580827053725,0.0117861956417736,0.0119699181975231,0.0124250786637998,0.0130757288681167,0.013631484680791,0.0142205258738497,0.0139806840320773,0.0141641303533116,0.0146987765398069,commercial,12,winter,1,3,103.6620464,310.9861392,0
14,2021-12-13,0.0146700726397979,0.0147117303867184,0.0148148498379754,0.0149630098293684,0.0149154345165685,0.0153602906435665,0.0139210962688651,0.0132394783498799,0.0161554752451687,0.0167147282915694,0.0164417615086611,0.0169614748339313,0.0173832770741673,0.0182256656708557,0.0181015260465204,0.0184700898295434,0.018999915604129,0.0154128395171705,0.014387378959416,0.0140866719159855,0.0138785802699484,0.0131631310714791,0.0129380710817325,0.0133408678430647,commercial,12,winter,0,3,103.6620464,310.9861392,0
14,2021-12-14,0.0133137720942683,0.0132978674731153,0.0131711436795061,0.013027635921676,0.0133102595928412,0.0137844409632122,0.0129332329780078,0.0129513651209894,0.017302662734004,0.0182923705290463,0.018863644656732,0.0192572810031322,0.0203659371680706,0.0200833446529992,0.0202831448923308,0.0214513891243239,0.0210593673155949,0.0177402156610036,0.015991145941202,0.015683692944271,0.014834223561258,0.0147099202659854,0.0142653564856575,0.0141555928143532,commercial,12,winter,0,3,103.6620464,310.9861392,0
14,2021-12-15,0.0140785893357197,0.0131858726503727,0.0137362094039315,0.0130175675254572,0.0126922308416459,0.0134919769259471,0.0128890616860676,0.0132825416847515,0.0181114012219821,0.0185332364070149,0.0197944255196359,0.0198615558851638,0.0204910202009443,0.0212454940214803,0.0210251480317332,0.0214635726592563,0.0215652638449609,0.0181240094599114,0.0159150256787676,0.0148177903893184,0.0147177209687796,0.013417873339016,0.0126440355298284,0.0128497702048021,commercial,12,winter,0,3,103.6620464,310.9861392,0
14,2021-12-16,0.0117531897746661,0.0112727343474549,0.0114764674274235,0.0113275402255978,0.0114006174333524,0.0115709794794221,0.0113597071542174,0.0111689558707239,0.0146754252667579,0.0145802870835814,0.0150464742306301,0.0149048090581888,0.0155200907543433,0.0156415560880346,0.0150120376893713,0.0150627555684822,0.0146991834628054,0.0119779877057361,0.0112194736823929,0.0112598573064665,0.0110592148446421,0.0111705925458931,0.0133674966244646,0.0146389266795453,commercial,12,winter,0,3,103.6620464,310.9861392,0
14,2021-12-17,0.0156148061545976,0.0172315949005571,0.0172498267967361,0.0183897801361879,0.0189024907241565,0.019289648466419,0.0165273822419016,0.0148027670302365,0.0127290967329182,0.0129980021609765,0.0130599649292498,0.0134940990171247,0.013868675149006,0.0137581937405367,0.0137507157839282,0.0135929668550064,0.0135774443114582,0.0114084701783722,0.0128862982562163,0.0140258146856224,0.0151441294931193,0.0163211082858088,0.0198996625871981,0.0204775926398757,commercial,12,winter,0,3,103.6620464,310.9861392,0
14,2021-12-18,0.0228327328449046,0.0232172655145347,0.0238444009902575,0.0250201457279744,0.025365065753123,0.0259593189588044,0.0220497805951532,0.0168156295300497,0.0104483455607405,0.0107942495427339,0.0113425445267305,0.0120332111834624,0.0108109875527354,0.0106544354465859,0.0130006583627984,0.0142133894749683,0.0147715611428366,0.0164361663124332,0.0185467696683022,0.019725148548831,0.0200486961607725,0.0201300193585287,0.0204795664925288,0.0219363923825106,commercial,12,winter,1,3,103.6620464,310.9861392,0
14,2021-12-19,0.0226597840641461,0.0228872419262108,0.0244893119577779,0.0244790855800716,0.0247594137175676,0.0263253593811126,0.0258725008149662,0.0186740860420934,0.0142011917057132,0.0145683971549167,0.0159134815828067,0.0163318351790803,0.0123387183231937,0.0102775325789335,0.014936069232329,0.0154122190080838,0.0161147075384026,0.017451658241569,0.0178454650787341,0.0178853211287363,0.0184895586809738,0.0185674303875831,0.0188145821435086,0.0196820016694365,commercial,12,winter,1,3,103.6620464,310.9861392,0
14,2021-12-20,0.0193955469176728,0.0201573536682983,0.0202613530368384,0.0209880065438743,0.022048983320831,0.0212192528375434,0.0192322443433731,0.0123598524014184,0.0131495910506293,0.0139541483801774,0.0143941041594411,0.0147559657227772,0.0156168643644634,0.0164281729756266,0.0161490166868486,0.0169984092499294,0.0166562590750088,0.0132212328816848,0.0119229462224274,0.0117390400884464,0.0114663751797147,0.0114926533003281,0.0140735904707403,0.0141773792674957,commercial,12,winter,0,3,103.6620464,310.9861392,0
14,2021-12-21,0.0160449772533574,0.0171135290055062,0.0173183970487831,0.0187322208426735,0.0191132695606337,0.0193037598118177,0.0174334856098902,0.0107877881769013,0.0136150058199474,0.0140843266282893,0.014931337344306,0.0155471591651624,0.0161594710725739,0.0171558442756409,0.0169543952600544,0.0167575323699333,0.0163740699471313,0.0133804207537165,0.0121384814614761,0.0118830722753216,0.0113177990919841,0.0113287052401414,0.0115604759921011,0.0118616049520523,commercial,12,winter,0,3,103.6620464,310.9861392,0
14,2021-12-22,0.0128994712191188,0.0139683204466778,0.0146531966000464,0.0151838398014019,0.0160767617113148,0.01652123590272,0.0144887323488687,0.011013879127946,0.0141137697604822,0.0153349039815796,0.0162351706701505,0.0163192110621896,0.0172809246413927,0.018199814409346,0.0177395295233964,0.0184548424431715,0.0177223286489946,0.0146319497020325,0.0127116948824442,0.012230668788101,0.0121064441057552,0.0117195192695949,0.0117798190350243,0.0114803477833342,commercial,12,winter,0,3,103.6620464,310.9861392,0
14,2021-12-23,0.011483759142071,0.0115330585486053,0.0115534722261828,0.0120128648262491,0.0121360811455994,0.0127469454900216,0.0118161507802749,0.0116751806375291,0.0155569797747621,0.0161866768260504,0.0167057890765265,0.0170257816527862,0.018100551192049,0.0180755276127154,0.0192486889962486,0.0182381668814151,0.0193690617121111,0.0163212684519987,0.0142491827370125,0.0144108724294937,0.0141884748800454,0.0140235851364982,0.0129384869655348,0.0126769694057662,commercial,12,winter,0,3,103.6620464,310.9861392,0
14,2021-12-24,0.0120887651995509,0.0125922903408705,0.0120228628950891,0.0118881267181871,0.0114662711436677,0.0117308975865955,0.011524646487425,0.0119438911359819,0.0160643300687553,0.0177793622876889,0.0188316721305739,0.0188611723277928,0.019663487656762,0.0218792915956221,0.0189499505898568,0.0197120141144471,0.0197209240949298,0.0156231197413093,0.0145861155675642,0.0141623673611186,0.0132734400081819,0.0131053088387833,0.0127775594296765,0.0122986356997131,commercial,12,winter,0,3,103.6620464,310.9861392,0
14,2021-12-25,0.0114479907792445,0.011229119273805,0.0112372800635141,0.0110513902670197,0.011164588531456,0.0112645837757961,0.0113273431134489,0.0105247715821428,0.0120964149206024,0.0124272488179338,0.0127338751856964,0.0129299924145915,0.0126929218398758,0.013292843971659,0.0131170454449726,0.0131737312738631,0.0128251189578892,0.0119036384503814,0.0116788233920816,0.0112046988711462,0.0110267871194946,0.010901121998654,0.0109419738732946,0.0110362205353466,commercial,12,winter,1,3,103.6620464,310.9861392,0
14,2021-12-26,0.0117775398372474,0.0124952989503584,0.0128450756855723,0.0132157542695901,0.0136281760011738,0.0143253488825226,0.0144126646537112,0.0111051269581213,0.0103656921773513,0.0105907970654321,0.0109199375015971,0.0113233813926639,0.012664100039065,0.013425067717381,0.0130568388736547,0.0124624649527077,0.0120307341824442,0.0120508989993082,0.0115170134974696,0.0112401500807658,0.0117133952501041,0.0126303337739266,0.0131340912848974,0.0140907705098523,commercial,12,winter,1,3,103.6620464,310.9861392,0
14,2021-12-27,0.0144024868230055,0.0147288739227534,0.0151460508188532,0.0153148933743583,0.0155708227069739,0.0160160040537682,0.0144934780303747,0.0111285621392495,0.0154711668572348,0.0163160757773766,0.017470776657703,0.0173021679001596,0.0188051499393631,0.0205446170813997,0.0182011776147751,0.0189210302046517,0.0189562410343175,0.0152989505039645,0.0142676424583647,0.013614596450146,0.0128889331505241,0.0139716158158619,0.0137431671183533,0.0125155196448089,commercial,12,winter,0,3,103.6620464,310.9861392,0
14,2021-12-28,0.0123400286251325,0.0122305585043383,0.0119625831365792,0.012034101241521,0.0120918424945536,0.0120904232302257,0.0120000688716992,0.0126635177176293,0.0161187810650609,0.0174752552581574,0.0176206544531458,0.0179496368062983,0.019245146189254,0.0185352132114402,0.0180918104524833,0.0185573946300339,0.0191971945368594,0.0158336098805279,0.0149513175311392,0.0142706658811537,0.013019802781436,0.0129126597854517,0.0129337043069398,0.0122623043260731,commercial,12,winter,0,3,103.6620464,310.9861392,0
14,2021-12-29,0.0121630334908716,0.0121220997094108,0.012208603895513,0.0121955224474578,0.0122516726343049,0.0123635214942241,0.0124089683187317,0.0124098171993095,0.0165586982148156,0.0179469181145257,0.0190917226900831,0.019319275224628,0.020368264616632,0.0221726137301551,0.0215903000585332,0.0208635205875167,0.0214793814459165,0.0172194876942419,0.0161120914994216,0.015824927917745,0.0144351217214999,0.0141669938439878,0.0134133258826073,0.013004257147823,commercial,12,winter,0,3,103.6620464,310.9861392,0
14,2021-12-30,0.0128607611371374,0.012769586058023,0.012485302240916,0.0124113544416456,0.0124754615951692,0.0123817832495042,0.0127709267668504,0.0131523408463433,0.0170404000259406,0.018711206114529,0.0189835527294254,0.01925217182953,0.0209931834916531,0.0215151340529838,0.0208221980879591,0.0213508467609865,0.0217048822767552,0.0172266730192557,0.016020239469527,0.0157899996691429,0.0144443061043359,0.0138410889314264,0.0127899877986366,0.0122778424391802,commercial,12,winter,0,3,103.6620464,310.9861392,0
14,2021-12-31,0.0117852676465332,0.0117226376907575,0.011559986518254,0.0114341624439439,0.0113806292152486,0.0115327604560294,0.0114134219913008,0.0116420520647172,0.0151278029903144,0.0155865152797469,0.016045115078416,0.0162413325607517,0.0168327579250113,0.020300150130189,0.0177072776998387,0.0178361625243298,0.0178341904512035,0.0146263532958541,0.0132326782178722,0.0130996008950015,0.0124420446565971,0.0123857306491787,0.0117518158100876,0.0115859145544772,commercial,12,winter,0,3,103.6620464,310.9861392,0
15,2021-01-01,0.0114798192274845,0.0118490318088733,0.0120770805547705,0.0124900712366849,0.0126936111642876,0.0127980465455693,0.0117597735829215,0.0113773002612204,0.0096069155077397,0.0096718749900842,0.0098532507122112,0.0098561607388437,0.0100975697203422,0.0107768921406393,0.0108523784589863,0.0106206143738565,0.0108732809396844,0.0106356143921503,0.0108505754084336,0.0108826879409849,0.0102840118825031,0.0120474431086732,0.0118373976928568,0.0116128894150821,commercial,1,winter,0,13,145.7244066,1894.4172858,0
15,2021-01-02,0.0114800752480271,0.0121274154264312,0.0123820767725853,0.0124648298941435,0.0126381326526325,0.0129655296233513,0.0119382617507202,0.0114325780382593,0.0103812023132147,0.010821758211783,0.01166169367054,0.0112193569436121,0.0117702161608074,0.0117740080693898,0.0109926120521672,0.0114715054300584,0.0112904924465167,0.0103864744297323,0.0112052456852319,0.0107080288149345,0.0108053909176321,0.0109076215960598,0.0113101632745151,0.0114996096519982,commercial,1,winter,1,13,145.7244066,1894.4172858,0
15,2021-01-03,0.0116766842052242,0.0118273066818211,0.0123185538708659,0.0126121926022927,0.0129931629589448,0.013289010082417,0.0121161087058377,0.0118433144758744,0.0107626812288326,0.0113020174581294,0.0116605626015043,0.0114799193436885,0.0107960559855561,0.0106746098763456,0.0114466234054798,0.0112437756616386,0.0109399693401929,0.0110762517964894,0.0101927754443739,0.0103583983291183,0.0105087099133375,0.0104656560336311,0.0104758580995943,0.0109852766892445,commercial,1,winter,1,13,145.7244066,1894.4172858,0
15,2021-01-04,0.0107519561782447,0.0112706854409995,0.0115645042402737,0.0116160719614432,0.0121270847762559,0.0123344534280589,0.0106247419289453,0.0095997420702531,0.0079430786258196,0.0084622028868839,0.009318173778156,0.0091802688763574,0.0100543047494055,0.0102606028483334,0.01038908742844,0.0107208789350026,0.010747178916544,0.0097995187901404,0.0092812546390048,0.0091948503369739,0.0086469413499795,0.0084582803388893,0.0081549482280721,0.0078695580067133,commercial,1,winter,0,13,145.7244066,1894.4172858,0
15,2021-01-05,0.0083117509076773,0.0097540400165887,0.0099809004611892,0.0112874562974884,0.0119438675511416,0.0122957737370489,0.0102161838692101,0.0096176822913642,0.0067889835794021,0.0076440462942642,0.0081234375635279,0.0084961788307373,0.0096747101029556,0.0098684778072641,0.0098544563568519,0.0102990430954055,0.0103292948247564,0.0095544902592425,0.0095275129170302,0.008883674145555,0.0085481861175386,0.0084264187178128,0.0081003940905852,0.0077914220891159,commercial,1,winter,0,13,145.7244066,1894.4172858,0
15,2021-01-06,0.00929182900547,0.0102915992797631,0.0110119730397117,0.0119143988677896,0.0126668482851649,0.0132760871901891,0.0105787766802454,0.0098971169169486,0.0067478006535036,0.0076322018091351,0.0080734601503599,0.007866556787674,0.0092190335982036,0.0093691779502763,0.0090468170536592,0.0094003390614334,0.0094195674253583,0.0085337450267153,0.0084722087659801,0.0081704572647313,0.0076936602639478,0.0075289114604856,0.009599781836105,0.0108296009096717,commercial,1,winter,0,13,145.7244066,1894.4172858,0
15,2021-01-07,0.0122070112724288,0.0134365479512709,0.0138420562536956,0.0148677705581112,0.0152737832879874,0.0155357589645925,0.0128208553133384,0.0116206849725532,0.0064900188726435,0.0067900654718437,0.0076289930532115,0.0076183609436494,0.009191226282975,0.0089653450675012,0.0087487943170369,0.0093807696836374,0.0094189758003507,0.0086991496530714,0.0084583305834203,0.0081171573820815,0.0077028744891842,0.0077027626352605,0.0097133505536553,0.0109511015674907,commercial,1,winter,0,13,145.7244066,1894.4172858,0
15,2021-01-08,0.0119932146928948,0.0130507297842855,0.0139585634356502,0.0144878576743852,0.015638943582562,0.0157863260207965,0.0133539178406961,0.0118636441061658,0.0026763774225217,0.0063983647603242,0.0072205049286863,0.0074808797633069,0.0088509186605788,0.0089640629058168,0.0090042307654425,0.009393737484702,0.0094206515782535,0.0087800880442219,0.008167806385266,0.0080895650406766,0.0076584537215725,0.0077648648413534,0.0105372805173488,0.0109738213203182,commercial,1,winter,0,13,145.7244066,1894.4172858,0
15,2021-01-09,0.0135214304718111,0.0140631655790224,0.0142600640908936,0.0144004768346956,0.0155195013778213,0.0159634858162025,0.0127583843169215,0.0123435132959205,0.0095562463487694,0.0083985631474126,0.0079030426698425,0.0075821594115165,0.0092125109609106,0.0091121635946812,0.0090944646434128,0.0098187143469405,0.0103241639942191,0.0115643925405299,0.0123677529548107,0.0138233195342792,0.0138660573044108,0.0139987197158427,0.0141320379701882,0.0147836200972021,commercial,1,winter,1,13,145.7244066,1894.4172858,0
15,2021-01-10,0.0147072181599432,0.0151134759836183,0.0150988201219483,0.0154660340794932,0.0152695635782939,0.0152090354987492,0.0150960741468586,0.0144312483782931,0.0137525390800343,0.0127546992483272,0.0118333696280569,0.0120018410686874,0.0112695712317518,0.0114352500913667,0.0117368257788721,0.0119336722193831,0.0119540016223087,0.0123496451396499,0.0130974253318787,0.0134025186663272,0.0133008262099339,0.0134251464401825,0.0134903402570987,0.0136620381904559,commercial,1,winter,1,13,145.7244066,1894.4172858,0
15,2021-01-11,0.0130303576963372,0.0133617366048318,0.0134756258015715,0.013435252336731,0.013829418230125,0.0137800422910145,0.0118811110977191,0.0107057747276896,0.0086512773895277,0.009248372264785,0.0097009861210497,0.0095899421199701,0.0103530679808668,0.0102482510327207,0.0100975186858743,0.0102819451651115,0.0103014627870123,0.0097576659768232,0.0095109938046776,0.0094297014110867,0.0094118621656994,0.0092749223905103,0.0092148450733109,0.0088278323847699,commercial,1,winter,0,13,145.7244066,1894.4172858,0
15,2021-01-12,0.0087656246369642,0.0087241663132951,0.0088627949763522,0.0085137130374084,0.0089713514497222,0.0095534539888273,0.008462222740808,0.0084701199479868,0.0092090523552379,0.0098539660546016,0.0110566037917528,0.0109097111442697,0.0120687374128527,0.0115433902266512,0.0118799229535895,0.0117190994727708,0.0117623516809928,0.0116006748944487,0.0099569525688494,0.0090077243079838,0.00873554394541,0.0085648386491567,0.0084886242558099,0.0082105431185852,commercial,1,winter,0,13,145.7244066,1894.4172858,0
15,2021-01-13,0.0081049932369051,0.0080701446274904,0.0079705157513521,0.0082784614743014,0.0089029287372894,0.0096556042920388,0.0082520858369616,0.0076345334437504,0.0081852396013041,0.0085346031797608,0.0094273048078664,0.0098511628975598,0.0108648621772159,0.011196522867921,0.0116200670278031,0.0109579317709654,0.0104850193048327,0.010864216059903,0.0104774056492415,0.0096240979398552,0.0092810365906818,0.0094396626669777,0.0088233017435236,0.0090046668923544,commercial,1,winter,0,13,145.7244066,1894.4172858,0
15,2021-01-14,0.0083704049136027,0.0082963198498504,0.0081905593145178,0.0080761306871647,0.0084388983399282,0.0094158025386193,0.0078332677747565,0.0076189145789376,0.0081134023617614,0.0085297463145403,0.0090011751238933,0.0096087037442456,0.0105377559808283,0.0108002530745057,0.011116376643657,0.0105270609593328,0.011285936710855,0.0108248867313509,0.009947377443587,0.0098475878712599,0.0092996394480559,0.0092343437611661,0.0090666359522754,0.0088428052799925,commercial,1,winter,0,13,145.7244066,1894.4172858,0
15,2021-01-15,0.0088119152712965,0.0082927806468229,0.0086149056996785,0.0085282676089635,0.0085299001683119,0.0085829357374134,0.0087698073572919,0.0085417814309562,0.0100825257899582,0.0106296146189152,0.01178300445087,0.0110847121039802,0.0135957829809253,0.0127164496594888,0.0120427954014061,0.0132743284591674,0.014045062790401,0.0123414189804589,0.0114736132371741,0.0117074934331916,0.011381835298923,0.0114419099998198,0.0112086328673373,0.0101263462043747,commercial,1,winter,0,13,145.7244066,1894.4172858,0
15,2021-01-16,0.0108812665911576,0.0104205130354992,0.0097009464667351,0.0109405724760065,0.0103049312208718,0.0095135741112501,0.0101280913550923,0.0098390707447526,0.0101123187175803,0.0104162781324162,0.010815421261628,0.0110670212022543,0.0118789405329976,0.0115964458732638,0.0118031838755396,0.0120999486091354,0.0120687653475907,0.0118820033745494,0.0112389410330071,0.0108410048236207,0.011394357919721,0.011792097457659,0.0118408450799625,0.0113827358896266,commercial,1,winter,1,13,145.7244066,1894.4172858,0
15,2021-01-17,0.0118858709667077,0.011583772485234,0.0113142630313881,0.0112685226895653,0.0105555174103584,0.0109591614655637,0.0102847943113038,0.0103261035204168,0.0106852902246595,0.0107828719778788,0.0109207689412511,0.0112427692905011,0.0107463967984476,0.0105936204852292,0.0115675996930688,0.0114018320405449,0.0116074102096752,0.0121457872881189,0.013183297519711,0.0133411034719977,0.0138505274858655,0.0140778468987332,0.0141042909887503,0.0142977024100469,commercial,1,winter,1,13,145.7244066,1894.4172858,0
15,2021-01-18,0.0139205888823156,0.0141692477105439,0.0145483915847127,0.0143127329734493,0.0145528783616143,0.0148443684610748,0.0124843220495271,0.0114771558412269,0.0070457689495857,0.0075792882179983,0.008046254488081,0.008204794103798,0.0092516312637672,0.0093725904329622,0.0092681791306445,0.0098034576325828,0.0098409306539329,0.0090104721544978,0.0088040430293177,0.0087158180822805,0.0083593730708931,0.0083147508301403,0.0083439416895238,0.0086634899285898,commercial,1,winter,0,13,145.7244066,1894.4172858,0
15,2021-01-19,0.0097838524725931,0.0103229439159324,0.0109873309033867,0.0118042210565374,0.0121338155465289,0.012558674330561,0.0104785278170771,0.0094351087734168,0.0079568241771681,0.0080810499219764,0.008525502646418,0.0084639522030711,0.0093058349214051,0.009425805746866,0.0097490384045775,0.0102849515098145,0.0103153751951612,0.0098071122724053,0.0089135850777835,0.0088289868257836,0.0089570860066105,0.0089621448086618,0.0086617011081771,0.0083473018508622,commercial,1,winter,0,13,145.7244066,1894.4172858,0
15,2021-01-20,0.0085191656821536,0.0085115908597192,0.0093555395723527,0.0097072383935572,0.0101990723688829,0.0108615871938208,0.0093061205497845,0.0083824073761679,0.0081936217584576,0.0085122754824085,0.0089672774887112,0.0102600933952855,0.0103215345679597,0.0089172711886972,0.0107968350243736,0.0099748414011944,0.0100206749495427,0.0104964969943458,0.0089775112284608,0.0087021897406951,0.009042620574751,0.0084230712319432,0.0083923128012566,0.008167079935161,commercial,1,winter,0,13,145.7244066,1894.4172858,0
15,2021-01-21,0.0082918893228703,0.0090042489786745,0.0093288482630282,0.0102551247995391,0.0107082193724802,0.0111169313416687,0.0095827345922402,0.0087205732004781,0.0079831046739455,0.0080531090772771,0.008095976627498,0.008750630807111,0.0085926468910773,0.0081629905805064,0.0084573399796932,0.0078077481183619,0.0081782001569323,0.0081577606894174,0.0079253120330363,0.0079179458981788,0.0075513024633957,0.0075509451146974,0.0092803644079595,0.010071728151105,commercial,1,winter,0,13,145.7244066,1894.4172858,0
15,2021-01-22,0.0111374919505017,0.0120187516275801,0.012224951268661,0.0127869519107207,0.0130311852817766,0.0131919495237967,0.0111317029172508,0.0103525159953976,0.0077336655885441,0.0076535051187263,0.0081126668794256,0.0086294412662586,0.0093126536443643,0.0094242478237383,0.0101381831486401,0.0094863563296388,0.0094868085936012,0.0104586561474414,0.0090400150944777,0.008486965397077,0.0090292560838343,0.0081076562826461,0.008080930860198,0.0084158643217318,commercial,1,winter,0,13,145.7244066,1894.4172858,0
15,2021-01-23,0.0099758994647967,0.0102748676908646,0.0112364157500747,0.011593708839161,0.0120029988875276,0.0124093594009375,0.0100222630008945,0.0100660971700195,0.007788384089138,0.0079022142554223,0.007919527820794,0.0078696464206292,0.0086409724555567,0.0092224621176777,0.0094663734481025,0.0096530918226126,0.009833449756144,0.0108050622773928,0.0118097261768743,0.0128953732309257,0.013413549287337,0.013675741089646,0.0141858232302872,0.0148267191646656,commercial,1,winter,1,13,145.7244066,1894.4172858,0
15,2021-01-24,0.014819297437738,0.0155244052180504,0.0158667618781378,0.0157386283978707,0.0166187900977998,0.0169697940080984,0.0162362524610903,0.0158276851840499,0.0149262450595783,0.0139100945130708,0.013114767121908,0.0124456275020981,0.0120371282301202,0.0117524073774524,0.0116144201455161,0.0119858232821716,0.0125127954657809,0.0132405109168548,0.0145023084759036,0.0149281246797968,0.0151747855609913,0.0152079235997031,0.0152532770616634,0.0159430534301874,commercial,1,winter,1,13,145.7244066,1894.4172858,0
15,2021-01-25,0.0158261927584407,0.0161087684444925,0.0157782932781044,0.0163012230152174,0.0163906051353895,0.0167197943870821,0.0142517641009987,0.0127310464935032,0.0067577606597166,0.0071833552301859,0.0076249053902518,0.0086442860162416,0.0085346746719973,0.0081249253435996,0.0086026423061303,0.0089780612371565,0.0090185729729646,0.0088876606687431,0.0081268408281778,0.0077798005403758,0.0078535404094665,0.0081416496804898,0.0101277276384364,0.0106561039470349,commercial,1,winter,0,13,145.7244066,1894.4172858,0
15,2021-01-26,0.0119482506321559,0.0127232861440982,0.012931142588361,0.013901718118957,0.0142508603643914,0.0143851218062053,0.0123624549934024,0.0111642052396418,0.0068481101297808,0.0076248881267757,0.0080936203992121,0.0085939946681266,0.0096650835358102,0.0094271407359363,0.0096546552044057,0.0099043047384983,0.0098876903144099,0.0093129335634223,0.0088616570019425,0.0087701904406035,0.008037426477455,0.0077807135562154,0.008459873793296,0.0104617635573297,commercial,1,winter,0,13,145.7244066,1894.4172858,0
15,2021-01-27,0.0118872903080346,0.0132571400864549,0.0138632789455831,0.015070427398007,0.0157319316376748,0.0154401040765823,0.0128961269058766,0.0113810902828792,0.0064706300149117,0.0072321732862512,0.0076783445763194,0.0083445751582089,0.0096419251851976,0.0098117140170945,0.0097725759758289,0.0102958142865585,0.0102853329153948,0.0093908935439492,0.0091554668923158,0.0087850975232186,0.0084418297617124,0.008338248673072,0.0080356403672438,0.0089193461167631,commercial,1,winter,0,13,145.7244066,1894.4172858,0
15,2021-01-28,0.0103034342137486,0.0110165500397541,0.0115825747460294,0.0120885702554537,0.0125881206092402,0.0129582714574327,0.011277306352,0.0105192013112597,0.0075522626943532,0.0080497700593081,0.0085098854936215,0.0086793474949836,0.0099882352529916,0.0098310316822459,0.0098927178220047,0.0103032813578703,0.0103087887876047,0.0093204702901348,0.0091889435752973,0.0088259801368615,0.008238251578189,0.0083658693621385,0.0080516632304224,0.0080720431709645,commercial,1,winter,0,13,145.7244066,1894.4172858,0
15,2021-01-29,0.009706410022882,0.0106256142076807,0.0114466166513491,0.0123608419253388,0.0129777713348031,0.0137097816771046,0.0113558292872071,0.0104891866947709,0.0068697567330733,0.0076549877003859,0.0085525904265153,0.0087935645766464,0.0103614409869627,0.0099183112817381,0.010381345082561,0.0100280785783189,0.0099880312754957,0.0091726112545567,0.0083304682278267,0.0076819285946826,0.0078009585990615,0.0078063985123161,0.007760022582819,0.0085207820367947,commercial,1,winter,0,13,145.7244066,1894.4172858,0
15,2021-01-30,0.0114134040188685,0.0134765956388957,0.0124002785853825,0.0146124201175766,0.0144588542036372,0.0143349780265026,0.0116785293700743,0.0113376886895414,0.0082676153889077,0.0072838434571157,0.0082369230819952,0.0089273503139414,0.0086616141067925,0.0086265458764495,0.0093718599073954,0.0090108298823855,0.0092281852112087,0.0097534628658696,0.0107046231676804,0.0118531150957479,0.0123948420266827,0.0122226088275201,0.0131297166571458,0.013329512622711,commercial,1,winter,1,13,145.7244066,1894.4172858,0
15,2021-01-31,0.0141225279908305,0.0139335657904143,0.0142538931018087,0.0146987068435649,0.0147912019929445,0.0154638660427341,0.0153830249450829,0.0152147296801063,0.0126214088403454,0.0115928279012914,0.0106209976154529,0.0097560970321094,0.0094364611152897,0.0091533146143792,0.0095376917975471,0.0094112088533739,0.0101100472961314,0.0106614766520323,0.0125077718029857,0.0127377288701376,0.0129176468714982,0.0133470041809968,0.0137475634811132,0.0140588350097898,commercial,1,winter,1,13,145.7244066,1894.4172858,0
15,2021-02-01,0.0136948540822513,0.0137328107862962,0.0139528526184388,0.0140474036652083,0.0142340426104396,0.0144275888362549,0.0119339864819454,0.011148292971492,0.0074282142724423,0.0076152178990185,0.0080590552650943,0.0081442266202961,0.0089527152219974,0.0089968962496901,0.0093544539093104,0.0094501397902361,0.0098651676502679,0.0091877400927949,0.0085273080846438,0.0081682212710885,0.0081086524720612,0.0080309452099321,0.008071596831824,0.0090512443645292,commercial,2,winter,0,13,145.7244066,1894.4172858,0
15,2021-02-02,0.0102645753498817,0.0111832722299427,0.0112450654550988,0.0121184823827551,0.0121897236337067,0.0121816974101683,0.0104934255633891,0.0096633128182757,0.0079820957008905,0.0080593030766104,0.0089153739490903,0.0093257827025517,0.0104085750185595,0.0106984711531124,0.0110342064291293,0.0103867490230888,0.0107584317392023,0.009683020428318,0.0099163845152414,0.009324789599736,0.0084484239819343,0.0084521360985375,0.0083930861729831,0.0081149991829636,commercial,2,winter,0,13,145.7244066,1894.4172858,0
15,2021-02-03,0.0082573936512389,0.0082599864981972,0.0090529919653743,0.0093518138538979,0.0099159152463491,0.0104526154843377,0.0088130646764272,0.0081852893246534,0.0086855994343513,0.0093790524033176,0.0107061601958237,0.0108083294842421,0.0117078657141923,0.0112268638252605,0.0127991436258785,0.0126846616597408,0.0124931808166445,0.0115012585908688,0.0114138493386156,0.0109041280309755,0.0100504713669141,0.0100273687252656,0.009839570693961,0.0095131280878993,commercial,2,winter,0,13,145.7244066,1894.4172858,0
15,2021-02-04,0.0100533850119379,0.0095583823436669,0.0088433753220753,0.0091926160698706,0.0087402206058873,0.008880832500854,0.0081942416492066,0.0082169111478735,0.0086057125909476,0.0093753826811153,0.0094428016895031,0.0094813849543745,0.0104812057058252,0.0103412743081961,0.0102717733903613,0.0100091363140006,0.0099977167939713,0.009549383916761,0.0084693509594372,0.0080754215940188,0.0080394596948831,0.0079382104396566,0.0078919669697795,0.0075640817615273,commercial,2,winter,0,13,145.7244066,1894.4172858,0
15,2021-02-05,0.007935241881087,0.0091776715671635,0.0099034774152219,0.0109473280520207,0.011643179204135,0.0122934962507987,0.0101343688569266,0.0096806864958545,0.006862549414317,0.0072079595723093,0.0068587158713316,0.0072592393610688,0.0082375505720314,0.0081542346409268,0.0080749186634853,0.0089909384085096,0.0090263274471864,0.0083564353525196,0.0079076371095547,0.0079047013073179,0.0076223626947977,0.0076901099596212,0.0105230252847699,0.0111749482302376,commercial,2,winter,0,13,145.7244066,1894.4172858,0
15,2021-02-06,0.0129605979664666,0.0134875004917097,0.0141716982801032,0.0147975295731302,0.0157156309813499,0.0156097077775124,0.0126180145845179,0.0123903966667809,0.0090915138092185,0.0086089507737367,0.0079151577996074,0.0074355480111825,0.0094703867205434,0.009295496385704,0.0093599685430622,0.0099903815771251,0.0106881536921402,0.01178685329875,0.0140777302456369,0.014781257645324,0.0146567540399507,0.0149173187841439,0.015156303711919,0.0149796399039663,commercial,2,winter,1,13,145.7244066,1894.4172858,0
15,2021-02-07,0.0150140114980827,0.0154192637129459,0.0153657012347915,0.0154031033614489,0.0159677602730014,0.0156802624891183,0.0153806283640044,0.0149200691650048,0.0143667851348043,0.0141468897391105,0.0131795994661341,0.0124187388666541,0.0124172197676625,0.0121353610662434,0.0113834078898874,0.0123612474548809,0.0127594272454641,0.0128855825281579,0.0142148851508785,0.0142373014557401,0.0143481873252209,0.014740370437155,0.0147136171995171,0.0146019466792617,commercial,2,winter,1,13,145.7244066,1894.4172858,0
15,2021-02-08,0.0144051894122989,0.0144439838269827,0.0145320734103055,0.0148941689081114,0.0148946972621018,0.0150615332012146,0.0131170183289905,0.0118294958138499,0.0075408470067816,0.0079827196571056,0.0088446586416905,0.0089826240232389,0.0099138419723714,0.0097907841543047,0.0098066267778564,0.0106345835067383,0.0102845119356469,0.009407794834231,0.008846933995513,0.0087475230769338,0.0082756784009888,0.0083061895937241,0.0079933143268304,0.0085646330716907,commercial,2,winter,0,13,145.7244066,1894.4172858,0
15,2021-02-09,0.0100854047000398,0.0110583921721514,0.011460553336796,0.012151536708654,0.0129144500289834,0.0131422939626931,0.0109947494428001,0.0097652000868892,0.0071517210876156,0.0080684606400999,0.0085293614216881,0.0087770450657333,0.0096969812221434,0.0099239227238077,0.009905111003278,0.0099598027307075,0.0095445946632176,0.0093348753830156,0.0088996598228203,0.0085474208535306,0.007900477371684,0.007837019087024,0.0077860039410695,0.0078507735025881,commercial,2,winter,0,13,145.7244066,1894.4172858,0
15,2021-02-10,0.0095718281615896,0.0104310947811998,0.0112841392651713,0.0115683639926685,0.0125117560958465,0.0127007026667234,0.0108573402067239,0.0096963089882133,0.0072369104914195,0.0080809684948109,0.0085546087870632,0.0089270066428063,0.00938448634671,0.0090629557696282,0.010192543219413,0.0096002137555073,0.0095614552611731,0.0094092492235582,0.0086270214746831,0.0082719973944486,0.0079664283459844,0.0081125577784033,0.0078031173410729,0.0077155162150997,commercial,2,winter,0,13,145.7244066,1894.4172858,0
15,2021-02-11,0.0094974485685614,0.0104307296724749,0.0112732441664549,0.0116083908924269,0.0120766663435886,0.0128249493369,0.0114205360826632,0.0110736494886396,0.0098073580200706,0.0085094083158194,0.0083321195500201,0.0088640593649803,0.0088046356345354,0.0093063267714091,0.0089754428061072,0.0098481071734001,0.0102713229290495,0.0107215710863931,0.0116071079529224,0.0121229083315171,0.0123831581071379,0.012738567144722,0.0132474192895384,0.0131748777418114,commercial,2,winter,0,13,145.7244066,1894.4172858,0
15,2021-02-12,0.0134352799812593,0.0136901716090792,0.0139856184529896,0.014581821936183,0.0148550566746486,0.0149253391685509,0.0142380576187908,0.0134173675066959,0.0109990969108215,0.0101799997806363,0.0094245386898132,0.0093231735788346,0.0089763523914361,0.0089125884098638,0.0099027712784061,0.0096535067720202,0.0095649850795577,0.0095490503667722,0.0108189472984366,0.0114474270563835,0.0119408050217837,0.0124671479941693,0.0122497469198812,0.0129626041476536,commercial,2,winter,0,13,145.7244066,1894.4172858,0
15,2021-02-13,0.0131283611961182,0.0130178466938075,0.0136125937466542,0.0135989988930757,0.0140871062963506,0.0142120591273341,0.0132861431508425,0.0122220155143045,0.0105356066100414,0.0093838214604609,0.008866584484318,0.0094949020004001,0.0090172118828889,0.0092408661027078,0.0100284329047772,0.0096942868729687,0.0095935751291104,0.0093859951519077,0.0098840557346769,0.0106274100323911,0.0107334493137312,0.0113268131917356,0.010957810071859,0.0116249301442806,commercial,2,winter,1,13,145.7244066,1894.4172858,0
15,2021-02-14,0.011517401590226,0.0116580017023006,0.0122344237445498,0.012067156916366,0.0124874528303155,0.0125287770856979,0.0117563859145035,0.0107785050592303,0.009332609911047,0.0091408001682188,0.0094709556895241,0.0102483932368646,0.0105431242253175,0.011038395435149,0.0101388488120846,0.0097237544815774,0.0103249582631085,0.0094887619353963,0.0102075132606066,0.0100979473920545,0.0095859505429858,0.0106776082241067,0.0104881441257096,0.0101756453860115,commercial,2,winter,1,13,145.7244066,1894.4172858,0
15,2021-02-15,0.0108217311432023,0.0110014320950165,0.0111446977045668,0.011900337977233,0.0121063349063441,0.0120937713402601,0.0109829231403005,0.0106843977862301,0.0107942770151248,0.0096908550329546,0.009941834648786,0.0109965268153621,0.0103735159879513,0.011048121751499,0.0115328459182693,0.0114801962296769,0.0116840352403999,0.0116254720347703,0.0118900191873146,0.0125185438454228,0.012719783275097,0.0128835076569433,0.0130879203722107,0.0133323145753253,commercial,2,winter,0,13,145.7244066,1894.4172858,0
15,2021-02-16,0.0136141572698195,0.0138023393444599,0.0140658645405071,0.0140911032073224,0.0141794414465414,0.0142056140823642,0.0131338204217792,0.0125872514352591,0.0119314379592267,0.0123166623764671,0.0127180323917018,0.0130360094901243,0.0122964234696133,0.0127034985912407,0.012962962454167,0.0126183266815376,0.0125396838330131,0.0126065591341503,0.0115032058913465,0.0114920349526589,0.011488077929451,0.0112069319940517,0.0115367094077563,0.0117984568394038,commercial,2,winter,0,13,145.7244066,1894.4172858,0
15,2021-02-17,0.0119166311232972,0.0121345409374977,0.0123939281525589,0.0123288129163002,0.0131811124623129,0.0131587118783134,0.0117196573812679,0.011163883550488,0.0108624458244004,0.0114021857040732,0.0119822046873623,0.0121702756742568,0.0127761334746303,0.0128203417676353,0.012183092962025,0.0127622173597,0.0130663296332046,0.0118940013407382,0.0116723499463532,0.0108043360763441,0.0100830595228859,0.0101545133409791,0.0099027920597734,0.0106219206586241,commercial,2,winter,0,13,145.7244066,1894.4172858,0
15,2021-02-18,0.0106728960868174,0.0109153914838889,0.0111564016905557,0.0109015899358706,0.0112350752427747,0.0110449804571243,0.0099619274957517,0.0094088354990162,0.0096365744104887,0.0109608619730802,0.0113317491842949,0.011790621873377,0.0129280572151968,0.0127989337192428,0.0116372232121705,0.0129653904848776,0.0130917589497752,0.0116076691993592,0.0114349242512743,0.0112522096620523,0.0094807146320587,0.0098299475620702,0.0096847054758536,0.0091068202754527,commercial,2,winter,0,13,145.7244066,1894.4172858,0
15,2021-02-19,0.009273443021048,0.0092411068275366,0.0088715575889381,0.0091313866930257,0.0091464062200195,0.0086675313528426,0.0088324852779851,0.0089661223514784,0.009395977526367,0.0104954459671479,0.0106951037084864,0.0106458013186015,0.0116968574631035,0.0115989730216689,0.0105764200858484,0.0115208552517958,0.0115812828769327,0.0104379370522947,0.0110305195296419,0.0105176793373942,0.0094931809247945,0.0100610904745525,0.0099205839627285,0.0096196933796585,commercial,2,winter,0,13,145.7244066,1894.4172858,0
15,2021-02-20,0.009863452097287,0.0098001577958809,0.0091371634486179,0.0093980267902321,0.0096475897081727,0.0089726915680987,0.0097161306028346,0.0095225737653284,0.0096751630929717,0.010597353577815,0.0118627413197605,0.0113738957696819,0.0121568509707225,0.0120601790077229,0.0120642742462208,0.0128187078832799,0.0125249815391201,0.0111158523526917,0.012002748434992,0.0114036709330056,0.0106229591225564,0.0112469191820117,0.0112930298046561,0.0111168105732792,commercial,2,winter,1,13,145.7244066,1894.4172858,0
15,2021-02-21,0.0117655088229413,0.0118201230471119,0.0112777702132617,0.011817666375787,0.0118319287567165,0.0112252127205967,0.0115887681938919,0.0121070216078918,0.0113884264449545,0.0124425080617244,0.0132067658419819,0.0132111774210181,0.0130986740470074,0.0130791448520789,0.01418506904919,0.0137400207437434,0.0134242462914511,0.0140553425001798,0.0135025123082004,0.0132172600962156,0.0133767928778273,0.0131838006514457,0.0131536711751043,0.0128650034140461,commercial,2,winter,1,13,145.7244066,1894.4172858,0
15,2021-02-22,0.0126132514685843,0.0123307586517357,0.0124612738992253,0.0122691455143822,0.0122642479583074,0.012293609504189,0.0123920273071014,0.0134435689903618,0.0148919476359276,0.0152068145944408,0.0152080821867708,0.015218222925411,0.0151209272729641,0.0152270960717212,0.0152769528714851,0.0152004766327906,0.0152144201484209,0.0145394524204574,0.0143170105015429,0.0143094049475628,0.0139721469040178,0.014247465610494,0.014160972712699,0.0132646899939033,commercial,2,winter,0,13,145.7244066,1894.4172858,0
15,2021-02-23,0.0139237843921001,0.0136953635976286,0.0128000621636581,0.0135044889664486,0.0135427567435883,0.0125010052813333,0.0129878787648815,0.0131405862727311,0.013931512413069,0.0152067999645576,0.0152080671718907,0.0152182048305555,0.0151209053281394,0.0152270752818872,0.0152017311352252,0.0152004639278921,0.0152144032085562,0.014493534719746,0.0143170024166075,0.0143093991726089,0.0131489583893783,0.0138159378516982,0.0135869634177378,0.0127764535002187,commercial,2,winter,0,13,145.7244066,1894.4172858,0
15,2021-02-24,0.0136970151937952,0.0131662703529599,0.0126711353701681,0.0129986765867946,0.0129655218314158,0.0124834385018964,0.0130434622648987,0.0132176941659185,0.0145430402869668,0.0152067848872079,0.0152080516977687,0.0152181861822546,0.0151208827121148,0.0152270538561798,0.0152642115490159,0.0152004508344042,0.0152143857505724,0.014539432094456,0.0143169940843879,0.0143093932210235,0.0135943050949502,0.013911627910501,0.0136811664741141,0.0131259637913549,commercial,2,winter,0,13,145.7244066,1894.4172858,0
15,2021-02-25,0.0135446292926137,0.0135461979782689,0.0140053076738368,0.0140058181351437,0.0140132786170316,0.0137152362509869,0.0139313001861471,0.0143088816476231,0.0152029701604654,0.0152067693668567,0.0152080357689871,0.0152181669860307,0.0153842646228707,0.0154612707755025,0.0152450303249633,0.0157026790945903,0.0157740962303963,0.0145394214752683,0.0143169855073517,0.0143093870945691,0.0142588537080714,0.0142474560888974,0.0141905906917474,0.0138469584274486,commercial,2,winter,0,13,145.7244066,1894.4172858,0
15,2021-02-26,0.0140770836958859,0.0140770836958859,0.0137430900287923,0.0140770836958859,0.0140770836958859,0.0136637491633756,0.0141931205562374,0.0143144447237126,0.0152029554616106,0.0152067534081001,0.0154611312632979,0.0155178092676755,0.0151208354934531,0.0160338723677153,0.0196487923685082,0.0175365219505763,0.0165508355613255,0.0149033139623723,0.0143169766880389,0.0143093807950599,0.0142588465686276,0.0142474527291591,0.0141905885919111,0.0141640554965318,commercial,2,winter,0,13,145.7244066,1894.4172858,0
15,2021-02-27,0.0139883316264422,0.0139883316264422,0.0139883316264422,0.0139883316264422,0.0139883316264422,0.0139883316264422,0.0141931175365782,0.0137850136005699,0.0127859924875294,0.0143885375053963,0.0144244081032418,0.0127911287432445,0.0138312010419116,0.0136899068489604,0.0124050284885332,0.0134810711488149,0.0135104785493015,0.0122147922521669,0.0125902627724281,0.0122918099550087,0.0117888584990216,0.0122171124224318,0.0122193948346004,0.011723032511392,commercial,2,winter,1,13,145.7244066,1894.4172858,0
15,2021-02-28,0.0121164890031145,0.0121341181882586,0.0112449545202394,0.0119799494682869,0.0120181389793323,0.0109218324922323,0.0115098574131297,0.0115050515477668,0.0109252171635705,0.0117281069285975,0.0129254303110722,0.0116201576047314,0.012998420470073,0.0134178280496024,0.0124846387574712,0.0135906754939134,0.0136848226318272,0.0124379955585648,0.0124675307588307,0.0123297919583728,0.0121254622308563,0.0110462805129702,0.0096853910456296,0.0086497505955885,commercial,2,winter,1,13,145.7244066,1894.4172858,0
15,2021-03-01,0.008455647299084,0.0090639654744901,0.009537884604061,0.0101277075194698,0.0104489035799481,0.0107123769717194,0.0089512992853088,0.0077245959000122,0.0086150856535956,0.0096241023751273,0.0102013977816435,0.0100516036881295,0.0097233841282427,0.0090091388997479,0.0103059017626759,0.0092109435241521,0.0098535171646898,0.0102802411229202,0.0086672841305045,0.0085201719119522,0.0094109583527292,0.0082860529838731,0.0085548556431793,0.0090167901018641,commercial,3,spring,0,13,145.7244066,1894.4172858,0
15,2021-03-02,0.0086764096248804,0.0091670964447881,0.0100813944122451,0.0100131379727737,0.0104961805435725,0.0114450775756552,0.0094357338445232,0.0084520037622561,0.0108566572773041,0.0104004624799352,0.0105485272381022,0.01324572570372,0.0112541756461196,0.011052469331902,0.0146344694884847,0.0120909874705516,0.0120826598869728,0.013325051064036,0.0113036608203743,0.0110368878216081,0.0123438010467862,0.0106534754932366,0.0103785670196802,0.0118642385082792,commercial,3,spring,0,13,145.7244066,1894.4172858,0
15,2021-03-03,0.0102828130842068,0.0101188148013827,0.0117089457657792,0.0099804801134514,0.0101307715907993,0.0116685346935567,0.0099253939538104,0.0099291432656264,0.01461913972628,0.0120874492595559,0.0136887360217456,0.0153452312499307,0.0151207061934729,0.0152268866279926,0.0161522492337057,0.015200348639401,0.015214249490568,0.0147748116632728,0.0142817972648146,0.0138676980406803,0.0142588080054756,0.0126954607738584,0.012942889877422,0.0141640441544282,commercial,3,spring,0,13,145.7244066,1894.4172858,0
15,2021-03-04,0.0140405776575036,0.0131495785659853,0.0140902452014998,0.0128778126250185,0.0122417915952475,0.01307535155068,0.0114214437277503,0.0119715352354707,0.0139478814386453,0.014876987948296,0.014200232990285,0.0148752403441265,0.0151206784652261,0.0152268603591273,0.0152015958134875,0.0152003325862055,0.0152142280863074,0.0142766482273995,0.0143169188355342,0.0142777497862869,0.0126190734762638,0.0131217260989195,0.0129718659555168,0.0119113608666787,commercial,3,spring,0,13,145.7244066,1894.4172858,0
15,2021-03-05,0.0124544531526159,0.012452044428389,0.0118058990851352,0.0123071282755996,0.0123420229625068,0.0117566751612476,0.0123713314753444,0.012586491008293,0.0135030848497442,0.0151390281638993,0.0152078925646647,0.0152179944064626,0.0151206501329628,0.0155776496794249,0.0152076628686692,0.0152003161833162,0.0152142062157884,0.01453932600572,0.0140792400229899,0.0142935447374189,0.0142587912856744,0.0139495292630095,0.0136778853645923,0.013881655680297,commercial,3,spring,0,13,145.7244066,1894.4172858,0
15,2021-03-06,0.0135008271646595,0.0134305681288033,0.0137696494729791,0.0136142858510582,0.013996265477935,0.0136919353093351,0.0135560997073114,0.0141981431309922,0.0144192959791282,0.0145540599335709,0.0144243448699998,0.014517461101659,0.0141810504429591,0.0144431934115239,0.0143284640495605,0.014299405502069,0.0143006677247869,0.0141317982153586,0.0140565895689941,0.0139883316264422,0.0139883316264422,0.0139883316264422,0.0139883316264422,0.0139883316264422,commercial,3,spring,1,13,145.7244066,1894.4172858,0
15,2021-03-07,0.0139883316264422,0.0139883316264422,0.0139883316264422,0.0139883316264422,0.0139883316264422,0.0139883316264422,0.0140553174580769,0.0140553174580769,0.0140553174580769,0.0143187226493597,0.0146165584215379,0.014436437167907,0.0146190818313615,0.0146228669460969,0.0143781662147974,0.0144635473017274,0.0144635473017274,0.0143612850728181,0.014251736817725,0.0141155222445775,0.0139883316264422,0.0141155222445775,0.0141155222445775,0.0139883316264422,commercial,3,spring,1,13,145.7244066,1894.4172858,0
15,2021-03-08,0.0142042743140212,0.0142042743140212,0.0140770836958859,0.0142042743140212,0.0140770836958859,0.014107852926649,0.0141930869198133,0.0143143534248471,0.01520278727949,0.0152065708103692,0.0152078319873289,0.0152179214030066,0.0153839667881394,0.01605024426676,0.0152015261025303,0.0152002649255706,0.0152141378721275,0.0145392856208295,0.0143168757787665,0.0143093087170082,0.0134623770425559,0.0138427017297713,0.0136946101273569,0.0129593385297458,commercial,3,spring,0,13,145.7244066,1894.4172858,0
15,2021-03-09,0.012471927068403,0.0121005907378804,0.0123940461524935,0.0119862020347506,0.0114325350166731,0.0118994971690561,0.0111187913720433,0.0106323908481966,0.0135330609714965,0.012475538641736,0.0125949312917064,0.014039895024877,0.0131919977713168,0.0131031454612411,0.0143072005732796,0.0129714768501804,0.0129851440293204,0.0132550483374173,0.0120325626633762,0.0117736459836505,0.0120153368874637,0.0109206569331884,0.0104132191589863,0.011317550217547,commercial,3,spring,0,13,145.7244066,1894.4172858,0
15,2021-03-10,0.0098385873414179,0.0093968615777948,0.0094672130583417,0.0085911146005891,0.0084847663316842,0.0083153512791106,0.0078204647198191,0.0078157092715861,0.0080737560767393,0.0081571969184802,0.0081978999743625,0.0086791994676281,0.0087421703778792,0.008241649134498,0.0086250828647449,0.0086867511275225,0.0083262874329592,0.0089771252803375,0.008075723272776,0.0077869668682393,0.0076519488417423,0.0076739410743559,0.0075498275707693,0.0076742543547229,commercial,3,spring,0,13,145.7244066,1894.4172858,0
15,2021-03-11,0.0097147497771756,0.0110975555665316,0.0119250454387219,0.0130406061654011,0.0134479585339872,0.0136462754534283,0.0112386678496962,0.0106400572554912,0.0066909075715114,0.006797092100341,0.0072257389392711,0.0074902150981715,0.0081535830091987,0.0076905504706676,0.0078819173025023,0.0077705400236142,0.0081550611003074,0.0077203172546898,0.0076457436719439,0.0078591345328323,0.0080745450002526,0.0085128880541339,0.0103955616500176,0.0112396688105067,commercial,3,spring,0,13,145.7244066,1894.4172858,0
15,2021-03-12,0.0125186896394132,0.0129334500866322,0.0132941552364983,0.0145024043932846,0.0149867183776529,0.0149905793879595,0.0122826452561121,0.011560667388584,0.0064640238832975,0.0067423942374659,0.0067961406413656,0.0067169752403927,0.0073745801998473,0.0068157957634958,0.0068055635748056,0.0068734678283644,0.0068779143205487,0.0077662387481571,0.0091414468316709,0.0099780423178431,0.0105297149620014,0.0111072122619936,0.01353008861301,0.0139932482492908,commercial,3,spring,0,13,145.7244066,1894.4172858,0
15,2021-03-13,0.0154713766575203,0.0158995734664099,0.0165442826814712,0.0163967261360585,0.0166033934977241,0.0170853066720375,0.0134037475917815,0.0134404466289536,0.0109605434937604,0.0104794717407384,0.0099706943747892,0.0101057632336989,0.01199800374413,0.0122086987122262,0.0124072497949691,0.0128115179695344,0.0132155376693925,0.0141297698385279,0.0154708928559588,0.0167664204512682,0.0169300157497938,0.0163751999994291,0.0165160657185371,0.0170134201843946,commercial,3,spring,1,13,145.7244066,1894.4172858,0
15,2021-03-14,0.0172839740146821,0.0174782506465332,0.017167169055834,0.0170134050202058,0.0169911506203081,0.0173515847587859,0.0163600307873037,0.0160910059294373,0.015670442232559,0.0148205233286557,0.014784677831068,0.0142898227414083,0.0135006720616552,0.0136326636781897,0.0138577843925192,0.0142056691535184,0.0140170505505401,0.014589862308053,0.0154343904531011,0.0154486238449492,0.0155995628859071,0.0154332400303898,0.0154482846236797,0.0158951643171274,commercial,3,spring,1,13,145.7244066,1894.4172858,0
15,2021-03-15,0.0148955494424429,0.0151847590973694,0.0154481257446348,0.0153602861300563,0.015369312057061,0.0154846828785606,0.0131596572740702,0.0116882389556513,0.0085792325236278,0.0091349247321635,0.0097201358270872,0.0107976667905706,0.0111657044429346,0.0112392857471236,0.0120680053468138,0.0120942195036317,0.0121166350974118,0.0118873933010386,0.0108129313558047,0.0102286435293655,0.0099443961849085,0.0100992183124098,0.0099983463722111,0.009609918989223,commercial,3,spring,0,13,145.7244066,1894.4172858,0
15,2021-03-16,0.0096951472844897,0.0096458539338493,0.0106679409496332,0.0103213077716477,0.0107024062438182,0.011823858320071,0.0097601048492932,0.009413025940667,0.0107312814687398,0.012319414228648,0.0129000753820408,0.0127435901143859,0.0141733272355243,0.0142079954986365,0.0141893944208617,0.0133566092878064,0.0140653735353245,0.0128431942524469,0.0120686577619679,0.0120626454544878,0.0120095888437018,0.0112824233617641,0.0110308116601847,0.0121386249008398,commercial,3,spring,0,13,145.7244066,1894.4172858,0
15,2021-03-17,0.0113883883006326,0.0120490278436974,0.0125657535988072,0.0126275667798013,0.0126921958589251,0.013011636595992,0.012086186114545,0.0121553718218878,0.0151928098982933,0.0152063739177518,0.0152076299133269,0.0152176778779273,0.0151202662579307,0.0152264698469527,0.0168477145078947,0.0152000939398766,0.0152139098912022,0.0146532096385617,0.0143167669696885,0.0143092309962382,0.0142586767966297,0.0136490112026958,0.0131002836794401,0.0141640055635912,commercial,3,spring,0,13,145.7244066,1894.4172858,0
15,2021-03-18,0.0130434508642021,0.0128932477062088,0.013596560915904,0.0130912555401608,0.0136303523815928,0.013643309958132,0.0140705069507758,0.01426419421585,0.0152025842191191,0.0152063503448236,0.0152076057200584,0.0152176487219371,0.0152474215166736,0.0158701687764897,0.0183031760281509,0.0168785447427035,0.0176307550552153,0.0148739022810955,0.0144439445606792,0.0143092216911349,0.014258666250846,0.0142473678737325,0.0141905355572694,0.0141640024618901,commercial,3,spring,0,13,145.7244066,1894.4172858,0
15,2021-03-19,0.0140770836958859,0.0140770836958859,0.0140770836958859,0.0134156780921449,0.0132672991870984,0.0141148023916232,0.0133874319187218,0.0132421761808031,0.01520256221771,0.0152063264575794,0.0158019744669579,0.0179791452102128,0.016084039371314,0.0200911785860718,0.0215453274752104,0.0214713929094958,0.0207564620536013,0.0151797998398718,0.0143167407416985,0.0143092122619596,0.0142586555644473,0.014247362844839,0.014190532414211,0.0141639993188317,commercial,3,spring,0,13,145.7244066,1894.4172858,0
15,2021-03-20,0.0139883316264422,0.0139883316264422,0.0139883316264422,0.0139883316264422,0.0139883316264422,0.0139883316264422,0.0141930374505782,0.0141980538902828,0.0144191742872517,0.0144266989468086,0.0144241907269563,0.0144261782436888,0.0144442933784066,0.0144430392684804,0.0142498262838575,0.0145803392612913,0.0145815933712175,0.0140565327794518,0.014183723397587,0.0141155222445775,0.0129708143560983,0.0137896251120178,0.0130887795115334,0.0130878063271104,commercial,3,spring,1,13,145.7244066,1894.4172858,0
15,2021-03-21,0.0135207143973088,0.0135675670313222,0.0129132067407822,0.0132068906262179,0.0132183064666845,0.0126339003687582,0.0131933886638336,0.0132736413791065,0.0128381041607532,0.0139084118775703,0.0140552844997593,0.0140577914304241,0.0140577914304241,0.0141887424445565,0.0141982041805433,0.0140552844997593,0.0140552844997593,0.0140552844997593,0.013635860692091,0.013284243373242,0.012945890850494,0.0128298772263374,0.0127919872081843,0.0127019549362483,commercial,3,spring,1,13,145.7244066,1894.4172858,0
15,2021-03-22,0.0126159561053675,0.0125951911309236,0.0118787851085877,0.0121697132876303,0.0116111819268309,0.0110883344464386,0.0109629033040912,0.0109760644396458,0.0121341289818134,0.0124445926887477,0.0128729160347358,0.0131597649455269,0.0137619849463335,0.0139197956617787,0.015201241729013,0.0139499538008213,0.0137452866239255,0.0129119329715681,0.0127219987507663,0.0118944496200782,0.0105283088928936,0.0105537465976091,0.0110661912499538,0.0105564635820532,commercial,3,spring,0,13,145.7244066,1894.4172858,0
15,2021-03-23,0.0107491998821097,0.0111807715752214,0.010136469334045,0.0110161278116054,0.011078879194631,0.0108177720031957,0.0111727937411829,0.0114012908487523,0.0131805935271351,0.0145800528715497,0.0152074800614956,0.0154000766371148,0.0152472378618509,0.0152541164924957,0.0182758815224998,0.0159006189804349,0.0163676765131316,0.0146014928313733,0.0143166862802409,0.0144363639790537,0.0142586114766007,0.014247342097617,0.0141905194471972,0.014163986351818,commercial,3,spring,0,13,145.7244066,1894.4172858,0
15,2021-03-24,0.0140770836958859,0.0140770836958859,0.0140770836958859,0.0140770836958859,0.0140770836958859,0.014107852926649,0.0141930190837306,0.0143141692983369,0.0152024480990766,0.0152062025573489,0.0152578515333851,0.0165777712183592,0.0153718250818607,0.0153648003307668,0.0153995768736998,0.0144611994402623,0.0132416857691916,0.0119715141299121,0.0102675881064236,0.0095165914364004,0.0091263499635565,0.009024053263575,0.0089162670619446,0.0084604515327823,commercial,3,spring,0,13,145.7244066,1894.4172858,0
15,2021-03-25,0.0084600639164019,0.0083744593005975,0.0081396536974469,0.0082738106822832,0.0078239479208449,0.0076211554930541,0.0077911317870299,0.0078122370705956,0.0080967558939187,0.0090539816933272,0.0099119869684569,0.0099090216651015,0.011029697669859,0.0110249875610383,0.0121984396434842,0.0121095019665964,0.0118857710897481,0.010754401101663,0.0104998109022739,0.0101639586061642,0.0095958990267049,0.0096978922464503,0.0093253089965132,0.0086597481884731,commercial,3,spring,0,13,145.7244066,1894.4172858,0
15,2021-03-26,0.0085884803910619,0.0085132777776303,0.0083204457400715,0.0084614395961063,0.0082525024448009,0.0081467741986435,0.008341981111717,0.0081078657448933,0.0089687989690491,0.0102743390568938,0.0111677173969852,0.0109949400574204,0.0120820694391497,0.0134835074645697,0.0148282664145689,0.0130063281011958,0.0128228958200114,0.0109824401715963,0.0102893993159135,0.0102098343001149,0.0094739033402756,0.0097342400521655,0.0096552247900138,0.0090291491957358,commercial,3,spring,0,13,145.7244066,1894.4172858,0
15,2021-03-27,0.0090765659620365,0.009000018559402,0.0084929091588355,0.0086014559132392,0.0081491157501387,0.0082252827427158,0.0077887593460971,0.0080610852508092,0.0086220758523337,0.0095576810199632,0.0102664279455602,0.0107955392670018,0.0104462727317392,0.0106481143924799,0.0115640674651343,0.0111561362488254,0.0110402577118277,0.0105591040562631,0.0107211990553134,0.0103335298249268,0.0094691297242817,0.0096538037110117,0.0096440231775716,0.0092487479712172,commercial,3,spring,1,13,145.7244066,1894.4172858,0
15,2021-03-28,0.0095550531676064,0.0090586210263546,0.0088694229035724,0.0084605512748205,0.0082229872329944,0.0086768633073472,0.0082012847323289,0.0085742798029263,0.0087773436866745,0.0095296503591477,0.0102072071006794,0.0104016285122385,0.0114907565808258,0.0111798155842254,0.0108942158221363,0.0108474898580504,0.0107538771468264,0.0112859302457015,0.0113694393973747,0.0111166419653394,0.0100715781433294,0.0106458784467008,0.0103852714524053,0.0099069586906168,commercial,3,spring,1,13,145.7244066,1894.4172858,0
15,2021-03-29,0.010049355235089,0.0100653789500265,0.0096268817149579,0.00974894496233,0.0093271258058207,0.0091137860942506,0.0090817944083801,0.0092751915334243,0.0104636721212675,0.0115632525978994,0.0125084112793509,0.012447983109034,0.0130690518134451,0.0141811655902947,0.0156273846525994,0.014902448375689,0.0153407508015293,0.013996868942146,0.0131621132996777,0.0129741008156078,0.0113729754406082,0.0116794225185037,0.0120259529019855,0.0119203833274701,commercial,3,spring,0,13,145.7244066,1894.4172858,0
15,2021-03-30,0.0119496844213239,0.0119321707976319,0.0114117808962106,0.0117760797605664,0.0116136998795624,0.0099055613738141,0.0104644461226263,0.011946124031169,0.0113441805042069,0.0131640750657625,0.0151468793005142,0.015448057438099,0.0155366538506865,0.0158092258787821,0.0170463714307202,0.0156609732622029,0.0167143932669118,0.0146529846159035,0.0144437758387537,0.0142084911394921,0.0142585296664301,0.0140063869226038,0.0138508140233769,0.0139435711852466,commercial,3,spring,0,13,145.7244066,1894.4172858,0
15,2021-03-31,0.0140214758487009,0.0134732618919596,0.0137201158624938,0.0138739952957059,0.0138831691343045,0.0138439166327041,0.0137462178578759,0.0142122816791725,0.0152022780712327,0.0153374009650354,0.0152746807527254,0.0160174418639928,0.0153576411939586,0.0187252843499013,0.0196975488706559,0.0188105531665562,0.0194497489219054,0.0146529660855719,0.0143917789001766,0.0143842991312624,0.0142832142187612,0.0142472978970728,0.0141904918218571,0.0141639587264778,commercial,3,spring,0,13,145.7244066,1894.4172858,0
15,2021-04-01,0.0140770836958859,0.0140770836958859,0.0140770836958859,0.0140770836958859,0.0140770836958859,0.014107852926649,0.0141929800494586,0.0143140633481702,0.0152022529277168,0.0152059906570154,0.0152072365667816,0.0152172038449112,0.015119691366826,0.0152925821528815,0.0152806468805051,0.0151997611081844,0.0152179896848764,0.0144545732920844,0.0141631403642083,0.0140088008672382,0.0135873275748815,0.0136487059406875,0.0134290583432279,0.0132933626785433,commercial,4,spring,0,13,145.7244066,1894.4172858,0
15,2021-04-02,0.0133187084382929,0.0132693516986813,0.0133114580091662,0.0131827903531851,0.0131481118462121,0.0129007609123873,0.0132096608788283,0.0130824182405867,0.0145703925426322,0.0152059631505433,0.0152072083364549,0.015215834624607,0.0151196501071178,0.01522588612513,0.0152009824068966,0.0151997372209849,0.0152134342660133,0.0145388698535802,0.0143165399667575,0.0143090688512875,0.0140630480421018,0.0142472863591472,0.0141904846106536,0.0138262489271676,commercial,4,spring,0,13,145.7244066,1894.4172858,0
15,2021-04-03,0.0139883316264422,0.0137956902616947,0.0131814802881924,0.0130680051865199,0.012729894126358,0.0125399092821034,0.0128175675680678,0.0130891298296144,0.0135976586947843,0.0134607153739498,0.0132370772193267,0.0133797477119504,0.0138197927775631,0.0138641539642001,0.0139846460735614,0.0141607838158135,0.0141607838158135,0.0140527318371813,0.0139246189566057,0.0140073192018495,0.0132702643620674,0.0136922014501737,0.0136544143397415,0.0130047854608519,commercial,4,spring,1,13,145.7244066,1894.4172858,0
15,2021-04-04,0.0133311682585718,0.0133149919400542,0.0127687204152978,0.0132751134655763,0.0132838865966828,0.012633409151188,0.0128035774483623,0.0128695989329929,0.0125006428989476,0.0132135141675197,0.0133919272126828,0.0135184016417419,0.0138749071797904,0.01351071454526,0.0126868350869284,0.0131917995942106,0.0126424483432097,0.0110493079854575,0.0114929535372793,0.0110068235689526,0.0106268781976817,0.0108003655595259,0.0103401597210812,0.0100343728519537,commercial,4,spring,1,13,145.7244066,1894.4172858,0
15,2021-04-05,0.0100092135649596,0.0099835058756624,0.010124099568158,0.0096769753656138,0.0096484487299504,0.009744131572381,0.0094024643452043,0.0097266172539761,0.0106236788772409,0.0116133548967636,0.0118302687950091,0.0115978708435766,0.0121981149791215,0.0123280805252116,0.0120675479704299,0.0131606205451949,0.013223936470265,0.0139894539888547,0.0128605025630726,0.0127196709564444,0.0098882174141211,0.010466450840877,0.0099395666535529,0.0107733656847691,commercial,4,spring,0,13,145.7244066,1894.4172858,0
15,2021-04-06,0.0106112889395319,0.010659519750446,0.0116637162984769,0.0112502146326114,0.0112740386027102,0.0121413836741419,0.0119004593856805,0.0121039262329279,0.0139376333146541,0.0144908953404963,0.0143906176547281,0.0144067126960315,0.0151194821970001,0.0141330975883978,0.0130074308157301,0.0137059477822602,0.0144376062616208,0.0134603268002085,0.0128112077797337,0.0128977634806585,0.011896313664451,0.0121606527093305,0.0117152111344755,0.0113444080060965,commercial,4,spring,0,13,145.7244066,1894.4172858,0
15,2021-04-07,0.0115399549999921,0.0114972898521412,0.011162932789555,0.0113913102499863,0.0113709832964774,0.0111788549966291,0.0114316801132639,0.0115964706333435,0.0132168314591383,0.0148351320512272,0.0152070642805058,0.0149928543536479,0.0151194395638075,0.0152256866630465,0.0149704935591393,0.0151996153274895,0.0152132717413527,0.0140283219709696,0.0140854663441462,0.013910643125923,0.0129480230993991,0.0132685750618221,0.0130338270512823,0.0125907385501692,commercial,4,spring,0,13,145.7244066,1894.4172858,0
15,2021-04-08,0.0128647123603957,0.0128437268689199,0.0125372100690134,0.0132210322681496,0.0129722102969327,0.0124843819339939,0.0130708768750947,0.0136182802169606,0.0150685035178375,0.015205794208123,0.0152070349481815,0.0152169608686495,0.0151193966934874,0.015225646049059,0.0152154760310421,0.015203656078661,0.015213238648474,0.0145387542613979,0.014316446603841,0.01430900216349,0.0142584174528484,0.0142472507923218,0.0141904623813877,0.0141639292860085,commercial,4,spring,0,13,145.7244066,1894.4172858,0
15,2021-04-09,0.0140770836958859,0.0140770836958859,0.0140770836958859,0.0140770836958859,0.0140770836958859,0.014107852926649,0.0141929385691668,0.0143139507588066,0.0152020455262575,0.0152057654782882,0.0152070054622984,0.0170535907997624,0.016300918892674,0.0179986270658865,0.0211274369299769,0.0175285473340413,0.0173516921021456,0.0148162417203857,0.0143164307268271,0.0143089908227657,0.0142584046000276,0.0142472447439356,0.0141904586011463,0.014163925505767,commercial,4,spring,0,13,145.7244066,1894.4172858,0
15,2021-04-10,0.0139883316264422,0.0139883316264422,0.0139883316264422,0.0139883316264422,0.0139883316264422,0.0139883316264422,0.0141929332508343,0.014197890147828,0.0144189510020861,0.0144263863475767,0.0144239078990798,0.0144288647960735,0.0144439956648523,0.0145875810929717,0.0143415204702095,0.0145801457474811,0.0145813849717295,0.0141733878788329,0.0143198337709905,0.0141155222445775,0.0129670830339385,0.0133435502377369,0.0130594092099977,0.0131514644866217,commercial,4,spring,1,13,145.7244066,1894.4172858,0
15,2021-04-11,0.0135536029688985,0.0135914568638433,0.0135963385234046,0.0133434700672706,0.0135567824441834,0.0136932238081802,0.0133761984782059,0.0140552244824223,0.0140552244824223,0.0141824151005576,0.0140552244824223,0.0142931614905107,0.0141848920225538,0.0141886074055482,0.0147306894331696,0.0141824151005576,0.0141824151005576,0.0143186296737051,0.0139883316264422,0.0139883316264422,0.0139883316264422,0.0141155222445775,0.0139883316264422,0.0139883316264422,commercial,4,spring,1,13,145.7244066,1894.4172858,0
15,2021-04-12,0.0140770836958859,0.0140770836958859,0.0140770836958859,0.0140770836958859,0.0140770836958859,0.014107852926649,0.0141929225424927,0.0143139072578341,0.0152019653928872,0.0153989337073621,0.015889039609812,0.018507733020248,0.0171949175997589,0.0197690395874317,0.0237914369226843,0.0200850629890762,0.0189324464627542,0.0149919682060617,0.0143163826468048,0.0143089564798927,0.014295551113681,0.0142472264277366,0.014190447153522,0.0141639140581427,commercial,4,spring,0,13,145.7244066,1894.4172858,0
15,2021-04-13,0.0140770836958859,0.0140770836958859,0.0140770836958859,0.0140770836958859,0.0140770836958859,0.014107852926649,0.0141929171556549,0.0143138926364171,0.0157989088460547,0.0174959823364773,0.019724439227222,0.0234121325356997,0.0222455335767489,0.0249249316135549,0.0275147736402018,0.0238879466655581,0.023551595096076,0.016720543679684,0.0144435571044265,0.014436135554804,0.0143855432139196,0.0143744108894858,0.0141904433057807,0.0141886068787186,commercial,4,spring,0,13,145.7244066,1894.4172858,0
15,2021-04-14,0.0140770836958859,0.0140770836958859,0.0141142691314621,0.0142042743140212,0.0140770836958859,0.014107852926649,0.0141929117491639,0.0143138779616559,0.0167568678358229,0.0191026099844752,0.018920799063881,0.0172559583218835,0.0191891057029271,0.0200192220016835,0.0181824944746952,0.0200726561342188,0.0194436716206665,0.0145386349869889,0.0144435408849536,0.0143089333513309,0.013585478167272,0.0141517638913303,0.0139908795744433,0.0137275988093217,commercial,4,spring,0,13,145.7244066,1894.4172858,0
15,2021-04-15,0.0138768713642051,0.0140770836958859,0.0134737096166122,0.0133928728904135,0.0133458201900155,0.0124463878211557,0.0128802995895616,0.0130735525026474,0.0122532914047725,0.0148724955839163,0.0154216102324435,0.0155695359623213,0.0155570056308482,0.0183344289355117,0.0174810065946129,0.0190648017463242,0.0184478784314012,0.0145883821283051,0.0143163339931892,0.0143089217273101,0.0142063909706725,0.0142472078930259,0.0141904355693278,0.0141639024739485,commercial,4,spring,0,13,145.7244066,1894.4172858,0
15,2021-04-16,0.0140770836958859,0.0140770836958859,0.0140770836958859,0.0140770836958859,0.0140770836958859,0.013992623176967,0.0141929008836322,0.0143138484694984,0.0152018570985845,0.0152421001569668,0.0159185350554537,0.0166144480258964,0.0170525249166656,0.0195829827866214,0.020643192546044,0.0207815229791878,0.0195691159125728,0.0146657852474349,0.0144435082883585,0.0144361006861839,0.014258313078015,0.0142472016747532,0.0141904316829073,0.014163898587528,commercial,4,spring,0,13,145.7244066,1894.4172858,0
15,2021-04-17,0.0139883316264422,0.0139883316264422,0.0139883316264422,0.0139883316264422,0.0139883316264422,0.0139883316264422,0.0141928954278092,0.0141978307116457,0.0144188699527466,0.0146896780697842,0.0146872104278659,0.0149899814838807,0.0144438875990664,0.0144426537781072,0.0149794699622042,0.0144352508523524,0.0144364846733116,0.0146176317201437,0.0141835813748179,0.0141155222445775,0.0140006330159899,0.0139883316264422,0.0139883316264422,0.0139883316264422,commercial,4,spring,1,13,145.7244066,1894.4172858,0
15,2021-04-18,0.0139883316264422,0.0139883316264422,0.0139883316264422,0.0139883316264422,0.0139883316264422,0.0139883316264422,0.0140552027970997,0.0140552027970997,0.0140552027970997,0.0140552027970997,0.0141823934152349,0.0146189098398956,0.0143210740677174,0.0143247731867198,0.0145567505320491,0.0144634326407502,0.0143186079883824,0.0145542844527141,0.0141155222445775,0.0141155222445775,0.0139883316264422,0.0139883316264422,0.0139883316264422,0.0139883316264422,commercial,4,spring,1,13,145.7244066,1894.4172858,0
15,2021-04-19,0.0140770836958859,0.0140770836958859,0.0140770836958859,0.0140770836958859,0.0140770836958859,0.014107852926649,0.0141928844781269,0.0143138039402697,0.0152389605066342,0.0174038072358031,0.0179881584576949,0.0201873157650593,0.0191250004404909,0.0215292628725445,0.0246823025656899,0.0226465632220944,0.0215978137495756,0.016120072276405,0.0144434590718426,0.0144360655315297,0.0143723319698071,0.0142471829256043,0.0141904199646893,0.0141761882588577,commercial,4,spring,0,13,145.7244066,1894.4172858,0
15,2021-04-20,0.0140770836958859,0.0140770836958859,0.0140770836958859,0.0140770836958859,0.0140770836958859,0.014107852926649,0.0141928789875102,0.0143137890371674,0.0161719370868377,0.0169994083476924,0.0190946790304526,0.0207397162305974,0.0197467528878001,0.0224902026482816,0.0252940279085495,0.0235604657832177,0.02238503388097,0.0168338949444565,0.0145796571731401,0.0144360537659226,0.0144253860196009,0.014374367268749,0.0143176066609555,0.014226324775207,commercial,4,spring,0,13,145.7244066,1894.4172858,0
15,2021-04-21,0.0140770836958859,0.0142042743140212,0.0141017803642031,0.0142042743140212,0.0142042743140212,0.0141201543161967,0.0143200641066788,0.014440964729536,0.0161851863184283,0.0190850900660999,0.0213267425371888,0.0202803770191222,0.0224775228947729,0.02367426756365,0.0229552831227094,0.0247921417597787,0.0232239026371292,0.0154776154668536,0.0145796406762401,0.0145722565555701,0.0142582465470855,0.0143743609842157,0.0143176027331221,0.0141638790196076,commercial,4,spring,0,13,145.7244066,1894.4172858,0
15,2021-04-22,0.0140770836958859,0.0140770836958859,0.0140770836958859,0.0140770836958859,0.0142042743140212,0.014107852926649,0.0141928679828554,0.0144409497855252,0.0160891210611995,0.0187891423440312,0.0200387320168601,0.021130704823647,0.0215175177933285,0.0232485556438715,0.0221824810333673,0.0221803639342807,0.0219589178684639,0.0155235235496782,0.0145796241591755,0.0144360301845194,0.014372291909862,0.0143743546920006,0.0143175988004877,0.0143310012048553,commercial,4,spring,0,13,145.7244066,1894.4172858,0
15,2021-04-23,0.0142042743140212,0.0142042743140212,0.0141651510366735,0.0142042743140212,0.0142042743140212,0.014107852926649,0.0141928624720761,0.0143137442095605,0.0152623139690405,0.0161777047391482,0.018032526908954,0.0175819667534585,0.0178473612552846,0.0195709199378491,0.0172544419362055,0.0187138978647826,0.0180857731057366,0.0145384519578057,0.014316202435555,0.0143088277575714,0.0142582197928073,0.0142471577758319,0.0141904042460816,0.0141638711507023,commercial,4,spring,0,13,145.7244066,1894.4172858,0
15,2021-04-24,0.0139883316264422,0.0139883316264422,0.0139883316264422,0.0139883316264422,0.0139883316264422,0.0139883316264422,0.0141928569578377,0.0141977702588334,0.0144187875170935,0.014426157468587,0.0144237008180892,0.0144286141190849,0.0144437776848622,0.0143063347864658,0.0141742308673348,0.0142989648349722,0.0143001931602212,0.0140563522867112,0.0140563522867112,0.0139883316264422,0.0139883316264422,0.0139883316264422,0.0139883316264422,0.0139883316264422,commercial,4,spring,1,13,145.7244066,1894.4172858,0
15,2021-04-25,0.0139883316264422,0.0139883316264422,0.0139883316264422,0.0139883316264422,0.0139883316264422,0.0139883316264422,0.0140551807873886,0.0140551807873886,0.0140551807873886,0.0141823714055239,0.0144634106310391,0.0142382523936191,0.0144658657055186,0.0144695483172377,0.014587640344466,0.0149565666481403,0.0144634106310391,0.0142767985287908,0.014251736817725,0.014251736817725,0.0139883316264422,0.0141155222445775,0.0141155222445775,0.0139883316264422,commercial,4,spring,1,13,145.7244066,1894.4172858,0
15,2021-04-26,0.0142042743140212,0.0142042743140212,0.0140770836958859,0.0140770836958859,0.0140770836958859,0.014107852926649,0.0141928459255161,0.0143136992974691,0.0152015823080043,0.0163425299051328,0.0176804503641862,0.0170497831825039,0.019311914736628,0.0198022464417079,0.0153489677551107,0.0155920820179371,0.0167827248703193,0.0145383904991544,0.0143161527958751,0.0143087923006572,0.0142581796083046,0.0142471388654777,0.0141903924271102,0.0141638593317309,commercial,4,spring,0,13,145.7244066,1894.4172858,0
15,2021-04-27,0.0140770836958859,0.0140770836958859,0.0140770836958859,0.0140770836958859,0.0140770836958859,0.014107852926649,0.0141928404107,0.0143136843286826,0.0152015547339238,0.0169065779197564,0.0188573630039791,0.0208524431546931,0.0204871821886229,0.0225778335000184,0.0235852767670064,0.0243305780659288,0.0230488038713745,0.0161455143085936,0.0147243660950773,0.0145721856744769,0.014564133829921,0.0145105377541135,0.0144537936792385,0.0142779141263101,commercial,4,spring,0,13,145.7244066,1894.4172858,0
15,2021-04-28,0.0142042743140212,0.0142042743140212,0.0140893850854337,0.0140770836958859,0.0140770836958859,0.014107852926649,0.0141928348989581,0.0143136693682402,0.0153167125736931,0.0156995754423958,0.0181475238120915,0.018457224446256,0.0193685876344055,0.0216930428692586,0.0224121023493612,0.0226362256801933,0.0219598529448458,0.0159792638119892,0.0147243495598515,0.014716998515969,0.0143722115632543,0.0143743168818323,0.0143175751691325,0.014163851455618,commercial,4,spring,0,13,145.7244066,1894.4172858,0
15,2021-04-29,0.0142042743140212,0.0142042743140212,0.0140770836958859,0.0140770836958859,0.0140770836958859,0.014107852926649,0.0141928293919226,0.0143136544205723,0.0157786202354839,0.0183834087607011,0.0197566284094519,0.0206175038177284,0.020353291107984,0.0216270581434984,0.0212022946174758,0.0213355043105646,0.0206368973986985,0.0146349505104652,0.0145795083863771,0.0144359474896634,0.0142581394552916,0.0142471199699422,0.0141903806174005,0.0141638475220212,commercial,4,spring,0,13,145.7244066,1894.4172858,0
15,2021-04-30,0.0140770836958859,0.0140770836958859,0.0140770836958859,0.0140770836958859,0.0140770836958859,0.014107852926649,0.0141928238912243,0.0143136394901056,0.0152125465599711,0.0153542283090453,0.0170962917615156,0.0181645918391622,0.0165981335801864,0.0179318273998426,0.0188721767976007,0.0184282252329524,0.0179941157807949,0.014538308657499,0.0143160866929996,0.0143087450843175,0.014258126096453,0.0142471136834299,0.0141903766883303,0.014163843592951,commercial,4,spring,0,13,145.7244066,1894.4172858,0
15,2021-05-01,0.0137507008512003,0.013606129237203,0.0133485078353948,0.013438720757757,0.0133891070895687,0.0133777112386016,0.0139546522949932,0.0135535827415449,0.0140183868479848,0.0144052539054436,0.0145324445235788,0.0144574668286046,0.0144265480805097,0.0144302165308227,0.014163142889227,0.0142878878738202,0.0142878878738202,0.0140526452770528,0.0140477540099688,0.0139883316264422,0.0139883316264422,0.0139883316264422,0.0139883316264422,0.013990564182128,commercial,5,spring,1,13,145.7244066,1894.4172858,0
15,2021-05-02,0.0139883316264422,0.0139883316264422,0.0140040953721701,0.0139901711924687,0.0139883316264422,0.0140072586068372,0.0141891468149569,0.0141891468149569,0.0144052507722212,0.0144052507722212,0.0145324413903565,0.0145748209570342,0.0142903288075286,0.0144302094810724,0.0144265433806761,0.015077991248443,0.0144240993137453,0.0141798327619656,0.0144559838536193,0.014251736817725,0.0139883316264422,0.0141155222445775,0.0141155222445775,0.0139883316264422,commercial,5,spring,1,13,145.7244066,1894.4172858,0
15,2021-05-03,0.0141155222445775,0.0139883316264422,0.0139883316264422,0.0139883316264422,0.0141155222445775,0.0139883316264422,0.0143163343062792,0.0143163343062792,0.0145994431947907,0.0149390167392095,0.0150120375894105,0.0156902427305461,0.0158185967986541,0.0163366805988331,0.0163044689186524,0.0162478026657635,0.0160394163026145,0.0160708465879624,0.015183509203975,0.0146649796312955,0.0145096721569342,0.0145907168406194,0.014578978613222,0.0142309399401832,commercial,5,spring,0,13,145.7244066,1894.4172858,0
15,2021-05-04,0.0145548538547904,0.0145595518885247,0.0141961943838291,0.0145232405920634,0.0141981361052708,0.0141961943838291,0.014827635370662,0.0153253525282605,0.015330977262971,0.0165758179553176,0.0168546076912865,0.0172487050989448,0.0173748996321256,0.0174462595666665,0.0185755752936263,0.0141606878761723,0.0141606878761723,0.0140526358975402,0.0140477540099688,0.0141155222445775,0.0139883316264422,0.0139883316264422,0.0139883316264422,0.0139883316264422,commercial,5,spring,0,13,145.7244066,1894.4172858,0
15,2021-05-05,0.0139883316264422,0.0139883316264422,0.0139883316264422,0.0139883316264422,0.0139883316264422,0.0139883316264422,0.0141891374574485,0.0143163280755838,0.0144175428042606,0.0146686466059956,0.0149796246440086,0.0150632135601352,0.014893788412936,0.015760594276971,0.0155913460955028,0.0165563016600272,0.0166644810668213,0.0167180312877596,0.0158237847197584,0.015146164657304,0.01472525940701,0.0146472126862276,0.015028379961216,0.0143609085557479,commercial,5,spring,0,13,145.7244066,1894.4172858,0
15,2021-05-06,0.0150913365456262,0.0147162806571209,0.0145144327470859,0.0143404888871687,0.0143404888871687,0.0143157156840359,0.01447755859505,0.0154284471093856,0.0213121655989158,0.0228774890983687,0.0261383249244478,0.0300765518393357,0.0247392340635064,0.0302994645870964,0.0321237950831186,0.0298443338443014,0.0292998685165518,0.0211810934997982,0.0174098275483849,0.0163292360212431,0.0159388962203213,0.0154132421961629,0.0161438725356049,0.0154008461156034,commercial,5,spring,0,13,145.7244066,1894.4172858,0
15,2021-05-07,0.015870453531151,0.0159485509937296,0.0154993025428156,0.0160197570347587,0.0160587367198022,0.0153221561021427,0.0161013253261383,0.0161175958035758,0.0253656699689798,0.0291411949011927,0.0307975076961635,0.0339367161933496,0.029341350521972,0.0332328520735224,0.0346732841779282,0.0314576056841242,0.0306924039888106,0.0217730696697847,0.0182141056118601,0.0171898950247065,0.016458326129176,0.0142470700366092,0.0141903494090674,0.0141638163136881,commercial,5,spring,0,13,145.7244066,1894.4172858,0
15,2021-05-08,0.014251736817725,0.014251736817725,0.0140635402728067,0.014251736817725,0.014251736817725,0.0143929985096722,0.0149455681384565,0.015227489467424,0.017317029386136,0.0183730973967198,0.0190251133484977,0.0200659390773075,0.0198546702614557,0.0194768722173579,0.0192881349671864,0.0188212097318577,0.0183495920860675,0.0168372928233255,0.0164233739071361,0.0158856590029745,0.0158070269074726,0.0165547128594163,0.0160801948793118,0.0158821748013052,commercial,5,spring,1,13,145.7244066,1894.4172858,0
15,2021-05-09,0.0160406804623281,0.015996228020341,0.0152041897332761,0.0158716433025424,0.0152961951121127,0.0143627459852791,0.0152146875784296,0.0157558305964001,0.0155928681343616,0.0170559557088998,0.0167571972526549,0.0179774466726175,0.0179653715828864,0.0182514467999568,0.0204663850775254,0.019096056293141,0.0176139905083962,0.0167090222740467,0.0159716775869097,0.0163728378773343,0.0157980212345393,0.0165202811481719,0.016499157891648,0.0156207620856168,commercial,5,spring,1,13,145.7244066,1894.4172858,0
15,2021-05-10,0.0160531039160509,0.0159427242449562,0.0152574010866655,0.01536239915501,0.015278105522914,0.0147919498298463,0.0154067526157966,0.016011478800916,0.0238406539919065,0.0285067610997895,0.02954531798319,0.0313553610531189,0.0267107325905513,0.0324588847048263,0.0354766094589205,0.0316377188876324,0.0306548176024807,0.0220596830307253,0.0181562823789634,0.0176034084490743,0.0165040965224303,0.0169190047405102,0.0165865348271131,0.0156333482034604,commercial,5,spring,0,13,145.7244066,1894.4172858,0
15,2021-05-11,0.0157847650777509,0.0159316645731443,0.0156217343857916,0.0160834133658346,0.0161337269784814,0.0156828836738825,0.0141927642653859,0.0144406682666795,0.0183807140218043,0.0202634399284175,0.0187033064008697,0.0200211521559449,0.0188585569028961,0.0223487826204341,0.0226776788976563,0.0234050574217858,0.0231317701556647,0.0168415393595028,0.0148314949218312,0.0145720225059466,0.0143983940409647,0.0143742361577498,0.014317524716581,0.0143579965524487,commercial,5,spring,0,13,145.7244066,1894.4172858,0
15,2021-05-12,0.0142042743140212,0.0140770836958859,0.0140770836958859,0.0140770836958859,0.0140770836958859,0.014107852926649,0.0141927589667774,0.0143134632666069,0.0154210649926653,0.016287026795034,0.018873727169879,0.0218332112528526,0.0200007175360514,0.0227042012877628,0.0275828071646335,0.0258768393771177,0.024859246422623,0.0173196609002309,0.0145792971109417,0.0145720111517855,0.0143331770691607,0.0145104446753448,0.0143175209318606,0.0141637972183461,commercial,5,spring,0,13,145.7244066,1894.4172858,0
15,2021-05-13,0.0140770836958859,0.0140770836958859,0.0140770836958859,0.0140770836958859,0.0140770836958859,0.014107852926649,0.0141927536953619,0.0143134489584791,0.0169665686210809,0.0205922232683238,0.0224248524089907,0.0238377381712327,0.0229795660492838,0.0264270736156712,0.0280622838978363,0.0256604268496766,0.023126500794506,0.0169510620765111,0.0147416085495421,0.0145719998558952,0.0143983683709064,0.0146552633032377,0.0145985563920791,0.0142518607938369,commercial,5,spring,0,13,145.7244066,1894.4172858,0
15,2021-05-14,0.0143404888871687,0.0143404888871687,0.014139525523652,0.0142042743140212,0.0142042743140212,0.0141325495949662,0.0143199390708358,0.0145768399196809,0.0185819535285981,0.0223531893375347,0.0242268195614745,0.0241198665422364,0.024232811276687,0.0277186394671327,0.0271647106860084,0.0273527780245961,0.0268910408414554,0.0175766775016432,0.0159434497252669,0.014869824393799,0.0145496376194069,0.0146552573116246,0.0145985526473209,0.0143309158261733,commercial,5,spring,0,13,145.7244066,1894.4172858,0
15,2021-05-15,0.0143965614700927,0.014251736817725,0.0141420563466331,0.014251736817725,0.014251736817725,0.0140635402728067,0.0144561484316285,0.0144609967512002,0.0145457344548888,0.0156944899089858,0.0168304963891493,0.0168818270371603,0.0175640487381463,0.0170128326959848,0.0172920377000898,0.0172754260694459,0.0159507161793741,0.0146332143008198,0.0147782437721703,0.0147103368293932,0.0142800263572396,0.0143965614700927,0.0143965614700927,0.0141825271758245,commercial,5,spring,1,13,145.7244066,1894.4172858,0
15,2021-05-16,0.014251736817725,0.014251736817725,0.0141420563466331,0.0141155222445775,0.014251736817725,0.0141155222445775,0.0141823066158485,0.0146918932396196,0.0144044096639779,0.015203050089698,0.0153036817615665,0.0172916174106921,0.0170769456864461,0.0176531446172143,0.0200802357672175,0.0168851599429566,0.0165164653699,0.0165520532749968,0.0157104166081937,0.0139883316264422,0.0139883316264422,0.0139883316264422,0.0139883316264422,0.0139883316264422,commercial,5,spring,1,13,145.7244066,1894.4172858,0
15,2021-05-17,0.0140770836958859,0.0140770836958859,0.0140770836958859,0.0140770836958859,0.0139095532264907,0.014107852926649,0.0136406081417443,0.0137253390024606,0.0150938110189597,0.015086748147276,0.0154239125644495,0.0168611528939606,0.0171229884114197,0.0208415947249387,0.0234831570775694,0.0214954392007973,0.0215198747291667,0.015180283584675,0.014877054720951,0.0147167799740327,0.0145213103399423,0.0146552395516482,0.0144537168949679,0.0142389872546703,commercial,5,spring,0,13,145.7244066,1894.4172858,0
15,2021-05-18,0.0143404888871687,0.0142042743140212,0.0140770836958859,0.0142042743140212,0.0142042743140212,0.014107852926649,0.0141927278005096,0.0143133786724515,0.0154459975631425,0.0169525400037459,0.0180608696470994,0.0199431155563888,0.0180120799815906,0.0193633611351665,0.0201632220148426,0.0210491787740131,0.0206305169076075,0.0146051418390527,0.0145792036121384,0.0144357297937785,0.0142578927332888,0.0142470038654703,0.0141903080521055,0.0141637749567262,commercial,5,spring,0,13,145.7244066,1894.4172858,0
15,2021-05-19,0.0140770836958859,0.0140770836958859,0.0140770836958859,0.0140770836958859,0.0140770836958859,0.014107852926649,0.0141927227247208,0.0143133648953103,0.0153988133845283,0.017392047453765,0.0194790257182416,0.021198915833255,0.0197058063295356,0.0232321839436893,0.0242235789849858,0.0246729649421073,0.0249586257570648,0.015000858793689,0.0148770241569501,0.0147167581426034,0.0143330890527375,0.0145104032558515,0.0144537096178248,0.0141637713311628,commercial,5,spring,0,13,145.7244066,1894.4172858,0
15,2021-05-20,0.0142042743140212,0.0142042743140212,0.0140893850854337,0.0142042743140212,0.0142042743140212,0.014107852926649,0.0143199083049929,0.0144405418392457,0.0168286550165131,0.0193406874984362,0.0225414057380759,0.0237203976507121,0.0222040861544538,0.0263814748124664,0.0273472382722376,0.0278299325635129,0.0274375981629359,0.0183650897824189,0.0163070624532,0.0153657492205721,0.0143850587896978,0.0145103974982936,0.0144537060193511,0.0142778264664227,commercial,5,spring,0,13,145.7244066,1894.4172858,0
15,2021-05-21,0.0143404888871687,0.0143404888871687,0.0142308084160769,0.0143404888871687,0.0143404888871687,0.0142219116603826,0.0144561178796949,0.0145767428451841,0.0189161300344945,0.0225713052853622,0.0235843690095042,0.0226526981568734,0.0219276123146654,0.0233540450248336,0.0214931601730445,0.0216810775653289,0.0223929525894367,0.0160082117385391,0.0144429437026986,0.0144356974107126,0.0143076233220997,0.014374177212637,0.0143174878758855,0.0141637641623709,commercial,5,spring,0,13,145.7244066,1894.4172858,0
15,2021-05-22,0.0141155222445775,0.0141155222445775,0.0139883316264422,0.0141155222445775,0.0141155222445775,0.0139883316264422,0.0143198983489999,0.0143247263774396,0.0144809095727744,0.0149494792941255,0.0153468449730615,0.0151701441735046,0.0152302361128254,0.0155525840235238,0.0163213118032431,0.0164325313351113,0.015455482761959,0.0148435977225364,0.0147740626639318,0.0148085675273055,0.0143852777930408,0.0143965614700927,0.0143965614700927,0.0141420563466331,commercial,5,spring,1,13,145.7244066,1894.4172858,0
15,2021-05-23,0.014251736817725,0.014251736817725,0.0141287443765614,0.0141155222445775,0.0141155222445775,0.0140507734542082,0.0140550958581943,0.014318501049477,0.0142767135995965,0.0146163368216553,0.0147771010611453,0.0146821493475759,0.0150028062068948,0.0161398487010905,0.0149756136386169,0.0155304286449389,0.0158240409945605,0.0148030959336029,0.0148784111048139,0.0147103368293932,0.0144720705776157,0.0145495725899032,0.0145495725899032,0.0142658387426854,commercial,5,spring,1,13,145.7244066,1894.4172858,0
15,2021-05-24,0.0144853135395365,0.0144853135395365,0.0142442098137681,0.0143404888871687,0.0143404888871687,0.014157620216268,0.0143198885624585,0.014576702825514,0.0192109482556257,0.0219890512309383,0.0247164974289391,0.0274329694293857,0.0239055242414687,0.0290360056436301,0.0315411795970198,0.0311375754479985,0.0308468239809923,0.0206212859079989,0.017403636748818,0.0161507622932063,0.0145925877305206,0.0155891849909133,0.015245270022708,0.0144131430060255,commercial,5,spring,0,13,145.7244066,1894.4172858,0
15,2021-05-25,0.0146815547594385,0.0148049367062177,0.0142308084160769,0.0149250935891052,0.0148288114641133,0.0142219116603826,0.0149896157091176,0.0151606689258121,0.0226387752919117,0.0254363324433001,0.0280798508612356,0.0322394795699272,0.0268691948065957,0.0319357676070633,0.0348476107156678,0.0328729563772922,0.0297283987250776,0.0215446295535845,0.0178510644508013,0.0172672066847573,0.0157767993475781,0.0158951944539149,0.0158864770591926,0.0149751230229904,commercial,5,spring,0,13,145.7244066,1894.4172858,0
15,2021-05-26,0.0151986626674065,0.0153927115919338,0.0147277405214872,0.0155345250968293,0.0149758941248968,0.0143712581179317,0.015008896176117,0.016221886629426,0.0251473240967145,0.0286744352195012,0.0300409441815578,0.0301179737566699,0.027554618124625,0.0332529829133968,0.0372433483463178,0.0335643839509073,0.0335802581301887,0.0228494344979732,0.0201561424048228,0.0173492334041202,0.0156736224290346,0.0157807049418543,0.0158719396797587,0.0147638642472433,commercial,5,spring,0,13,145.7244066,1894.4172858,0
15,2021-05-27,0.0146734987616707,0.0147457932045559,0.0143974090427828,0.0147486338557647,0.0144853135395365,0.0143853600428922,0.0146009134511824,0.015930972907894,0.023997579939237,0.0292125944866832,0.0319450228598998,0.0308159522100433,0.0300486572038124,0.0332576813155023,0.0339836467199731,0.0364330931515606,0.036182963434209,0.0233404145182,0.0207442020341021,0.0187578412051875,0.0169115782507437,0.0170849538856401,0.0167965461320303,0.0159882765547632,commercial,5,spring,0,13,145.7244066,1894.4172858,0
15,2021-05-28,0.0166779279876366,0.0159078835922081,0.0154160677973949,0.0166604182107481,0.0159890583494416,0.0155857687981877,0.0163565967132087,0.017048467572923,0.0239261435798142,0.0283184733029084,0.0313946089418465,0.0337938432143936,0.0299453863517055,0.0361504238872466,0.0304458270308755,0.0301883079206351,0.0327573722346586,0.02125232970468,0.0187552904387203,0.0182170322479721,0.0163097312838421,0.0173817774253703,0.0163222406615136,0.0155325611306518,commercial,5,spring,0,13,145.7244066,1894.4172858,0
15,2021-05-29,0.0154982454629297,0.0159279623239983,0.0155969521475606,0.0147286696058039,0.0150116708758439,0.0156011071297581,0.0166462693972953,0.0159641813887978,0.0170176370106264,0.0167369254559947,0.016420376888349,0.021883679149385,0.0166476916180899,0.0153483886933838,0.0189057685671772,0.0148937677612895,0.0142998278342682,0.0141313782700992,0.0143195748150175,0.014251736817725,0.0140893491318774,0.014251736817725,0.0146072749077885,0.0143653581877432,commercial,5,spring,1,13,145.7244066,1894.4172858,0
15,2021-05-30,0.0150408452236897,0.0154766959828781,0.0146149676258733,0.0156308740833245,0.0162222119922762,0.0149336453533129,0.0164942352051816,0.0172111223715448,0.0175336717747767,0.0180490092026754,0.0187352705753333,0.0201426751083209,0.0217613197868691,0.0200931355434977,0.0228384014954159,0.0200125799811096,0.0192939603539824,0.0182292309658734,0.0173279821515909,0.0173434259431702,0.0172319016112849,0.0173956311142465,0.0173533654299007,0.017028870904422,commercial,5,spring,1,13,145.7244066,1894.4172858,0
15,2021-05-31,0.0174163470402186,0.0174004947215065,0.016718710993512,0.0174053127350245,0.0173682001373877,0.0169151324393492,0.0174166744568327,0.0172677265741494,0.0269194198975271,0.0318583920419051,0.0351469649256674,0.034839780916076,0.0311623568603834,0.0363412300751361,0.0404244685944011,0.0363941846107011,0.0355933735931008,0.0249499925462368,0.0196157831051391,0.0189916072461654,0.0182937271506544,0.0180402631354565,0.0177108292690618,0.0169069271510088,commercial,5,spring,0,13,145.7244066,1894.4172858,0
15,2021-06-01,0.0164373566784905,0.0163375534109906,0.0159159780337371,0.0164306217633347,0.0168007320602316,0.0169180239964697,0.0182805552176569,0.0196882615030052,0.0277709988594357,0.0363589458894006,0.0384155887719829,0.0350601940584369,0.0322939833964173,0.0433962762995374,0.0392796133301195,0.036260308269345,0.0380017896970884,0.026703693415543,0.0210622591619943,0.0202912875107517,0.0184071652493967,0.0185264326979039,0.0186820880023779,0.0177358430642178,commercial,6,summer,0,13,145.7244066,1894.4172858,0
15,2021-06-02,0.0181354737121833,0.0183496458610676,0.0174397323314182,0.0185387789058965,0.0163460194786895,0.0157089154307615,0.0186873201478437,0.0180390231246126,0.0267347262959415,0.0348751774667305,0.0379213507629537,0.0390699218223073,0.0300955272991293,0.0341489289550678,0.0360263468018024,0.0314060059801009,0.0308153668878575,0.0222738795507969,0.0207684880265688,0.0197157944754177,0.0179482228514667,0.0187871565450321,0.0184601977456759,0.0172878056615213,commercial,6,summer,0,13,145.7244066,1894.4172858,0
15,2021-06-03,0.0179525880350613,0.0177172472078682,0.0174418237529308,0.0174605925327738,0.0182951217373116,0.0168216493536241,0.0186946481865273,0.0204195737179097,0.0293990302150417,0.0368227377897078,0.0399974970068753,0.037192217164725,0.0352247349037969,0.0417451837332918,0.0400601038161324,0.040003352425157,0.0407929050082166,0.0261718938523427,0.02144802789104,0.0210387475839217,0.0189964568094306,0.0200609335159724,0.0183768262367932,0.0176496653282972,commercial,6,summer,0,13,145.7244066,1894.4172858,0
15,2021-06-04,0.0182029776741678,0.018379436502532,0.0172043171548179,0.0179520442416347,0.0177436459904192,0.0170705343838453,0.0197125258563872,0.0206024141925387,0.0295265969502189,0.0377315130538041,0.0373068866615956,0.0373793635776809,0.0319080401610351,0.037533342327344,0.037677411886103,0.0373209716722739,0.0368667106603043,0.0252668196411603,0.0220778401288493,0.0210885223214622,0.0189972283584975,0.020093533581709,0.0198416309131489,0.017741489532528,commercial,6,summer,0,13,145.7244066,1894.4172858,0
15,2021-06-05,0.0180162593269094,0.0175471929156534,0.0169323479533189,0.0173010187197249,0.0161060332669098,0.0162682551675231,0.0187408193886375,0.0190452873734927,0.0204107920878732,0.023744573445389,0.0248998807078593,0.0249791675675475,0.0238591001603991,0.0241436620244696,0.023448293328191,0.0214394048560224,0.0208226521524257,0.0176691217216134,0.0165729099869328,0.0161893869731567,0.0167000093788024,0.017615582859791,0.0178725957870052,0.0168216930608046,commercial,6,summer,1,13,145.7244066,1894.4172858,0
15,2021-06-06,0.0165073165936754,0.0173354067654982,0.0163798025896807,0.0164623918066494,0.0164230263082921,0.0163286470045535,0.017015618977332,0.0179858266538172,0.0179927511469128,0.0206836413949308,0.0230466306931444,0.0212845438361185,0.0240691484433684,0.0228645676080959,0.0214266121207311,0.0214848601004738,0.0191154667554195,0.0181940183015272,0.0192365038193905,0.0189993421741711,0.0173123033764203,0.0179475036426189,0.0180033180035417,0.017322916125977,commercial,6,summer,1,13,145.7244066,1894.4172858,0
15,2021-06-07,0.0189221772514448,0.0181343413811462,0.0173250184045557,0.0175353415078872,0.0169420536180217,0.014352134392947,0.0166020186706076,0.0183821076712703,0.0253914425785245,0.0325500856334461,0.0265496623818689,0.0271248419648314,0.0298991352369712,0.032992325292882,0.032016035364452,0.0364368103569499,0.0341198873287008,0.0224805612584947,0.020567473182324,0.0200494843959786,0.0183286290016623,0.0147754071367168,0.0145984717012517,0.0145924995451762,commercial,6,summer,0,13,145.7244066,1894.4172858,0
15,2021-06-08,0.0150944442312133,0.0172279195739961,0.0167207931660032,0.0178774628019479,0.0180974376219429,0.0175216603239547,0.0187214531606346,0.0196387222579232,0.026641742679958,0.0259692521404333,0.0217442111984779,0.0227268399750348,0.0222792862583493,0.0303559899750141,0.030380041365653,0.0245080160157018,0.0257379981563373,0.0164443756494938,0.0157789808842705,0.0158733409796158,0.0147583711673155,0.0153269701087001,0.014972090827959,0.0146713498529779,commercial,6,summer,0,13,145.7244066,1894.4172858,0
15,2021-06-09,0.0160268379529963,0.0155982211797477,0.0152412149935149,0.0176668375320494,0.0171669010444906,0.016672544052968,0.0178133729481914,0.0181602300747253,0.0248709765777351,0.0305239649386639,0.0321370615164368,0.0323709037380974,0.0289694534054575,0.0332029160652548,0.0296183596715402,0.0245564743844652,0.0235827940663783,0.0164209319736862,0.0152443070925696,0.0150385704700359,0.0144931082486336,0.0159145165729847,0.0173390554376441,0.0148402873203324,commercial,6,summer,0,13,145.7244066,1894.4172858,0
15,2021-06-10,0.0169989704746297,0.0174278624806455,0.0160637745005957,0.0151846902104143,0.0142723170806759,0.014107852926649,0.0143198137951736,0.0147321421633407,0.01846308688786,0.0211106037463875,0.0221926611100612,0.0205046485997049,0.0208111922750327,0.0245884728642326,0.021505286153208,0.0221301730352007,0.0224769093461953,0.0161829433841641,0.0156919309429993,0.0154113827047085,0.0145351457639589,0.0151576434379803,0.0149987638151978,0.014755443807586,commercial,6,summer,0,13,145.7244066,1894.4172858,0
15,2021-06-11,0.0151723778895208,0.0148534189768861,0.0144091029059784,0.015324314529122,0.0152435637684546,0.0145455907725094,0.0153965296286293,0.0156815977639173,0.0224236531459751,0.0255223722715869,0.027789808535227,0.0311070865461149,0.0274404418472424,0.032760525279557,0.0361379384186819,0.0340065163994526,0.0329298240378328,0.0217452661714256,0.0191132540173122,0.017942671840401,0.0167150194324777,0.0176931255149952,0.0174014201489117,0.0164443431275267,commercial,6,summer,0,13,145.7244066,1894.4172858,0
15,2021-06-12,0.014741777392292,0.0148962490224279,0.0150266704855065,0.0151731806283115,0.0147955744623405,0.0145952575286095,0.0154507659335543,0.0163587596691702,0.0179212425716891,0.0191807264960376,0.0196765480140147,0.0186270706869483,0.018327749834186,0.0201979884190649,0.0189478433281163,0.0182801692201252,0.0176824382399599,0.0165135481837957,0.0170077490828278,0.0156609744736756,0.0142591723969812,0.0143322202336993,0.0142932281588353,0.0141420563466331,commercial,6,summer,1,13,145.7244066,1894.4172858,0
15,2021-06-13,0.0149925215985086,0.015894273752098,0.015480864256642,0.016304873656215,0.0164094800503651,0.0155125023806159,0.0165804933764633,0.0174506509128237,0.0177805845303541,0.020910023588467,0.0217648603171317,0.021317068639709,0.0177648419202892,0.0197994151420683,0.0204936868861141,0.0196703000585855,0.0193112147715309,0.0178056744685742,0.0178216962315415,0.0147209755009276,0.0141420563466331,0.0142980066081091,0.0142925115508755,0.0141689481581933,commercial,6,summer,1,13,145.7244066,1894.4172858,0
15,2021-06-14,0.0149911618840273,0.0146503603620468,0.0142237917125343,0.014251736817725,0.014251736817725,0.0140507734542082,0.0143162204477019,0.0144819989071916,0.0145323244049662,0.0155849271299874,0.0167756028867286,0.0154256903085585,0.0157078270934467,0.0152363466826527,0.0147092315932479,0.0155950923030455,0.0151203708153134,0.0148877745249922,0.014174944628104,0.0139883316264422,0.0140763989672298,0.0141155222445775,0.0141155222445775,0.0141155222445775,commercial,6,summer,0,13,145.7244066,1894.4172858,0
15,2021-06-15,0.0143404888871687,0.0143404888871687,0.0142042743140212,0.0142042743140212,0.0142042743140212,0.0141959202674366,0.0143197952394133,0.0144402349469583,0.017518764021323,0.0201655516673164,0.0229953679770194,0.0235321130400748,0.0229767578859825,0.0291626237617589,0.0288586378086654,0.0304724778404708,0.0278363654027712,0.0201829350210948,0.0168233566717815,0.0156448505491778,0.0147061165559185,0.0151641703441322,0.0150001440324713,0.0147469907480306,commercial,6,summer,0,13,145.7244066,1894.4172858,0
15,2021-06-16,0.0151823306049656,0.0152929902292657,0.0147901676948547,0.0148253219685683,0.0148494234666552,0.0145045380602658,0.0153978774074077,0.0163038426900462,0.0239864145697327,0.0266848564871571,0.0291185158448508,0.0299321036846651,0.0285219693920995,0.0328725384641587,0.0362834492472416,0.0315868578400831,0.0300224762922033,0.0226624463086387,0.018467178527156,0.0177196342475588,0.0162991256059274,0.0169691083983513,0.0161684665743317,0.0157702945218054,commercial,6,summer,0,13,145.7244066,1894.4172858,0
15,2021-06-17,0.0151792446532573,0.0156553342693845,0.0150008929456275,0.0153527342181788,0.015862218245635,0.0149930832614239,0.0156735653534217,0.0173152058546175,0.0247395112453507,0.0323467741309343,0.0306606594928841,0.03394985003591,0.0272761387294929,0.0295880818323448,0.0285098921125003,0.0292268636139166,0.0293027759781627,0.0206661104841109,0.0182657241963686,0.0171957338357824,0.0160624213658794,0.0164305259365077,0.0161019350181857,0.0144840073759251,commercial,6,summer,0,13,145.7244066,1894.4172858,0
15,2021-06-18,0.0146951911408779,0.014788122057442,0.0143545908121291,0.0148134672476923,0.0147838169258282,0.0143572423017957,0.0145627623631861,0.0152702186750838,0.0241413856653642,0.0285054231642143,0.0326584713516764,0.0351115159733884,0.0312440549523336,0.0356481521547266,0.0387394497327747,0.032837143225763,0.037195851802973,0.0236064766506892,0.0199490058429947,0.018969439723453,0.0170079910402749,0.0173360662516994,0.0164640352396607,0.015514346277425,commercial,6,summer,0,13,145.7244066,1894.4172858,0
15,2021-06-19,0.0155024538251759,0.0155391089854345,0.0148236275338924,0.0147683264523492,0.0147449015384882,0.0145171083923073,0.0157152828766058,0.0161685285486871,0.019169753760319,0.0225345954687496,0.0235360670517617,0.0250478881415471,0.0217332185371024,0.0222869472594289,0.0203413420632563,0.0214069375324579,0.0209194235357515,0.0200523325016519,0.0176330705536862,0.0170202664516088,0.0157231060920801,0.0160148508992145,0.0161463432142985,0.0153781630853886,commercial,6,summer,1,13,145.7244066,1894.4172858,0
15,2021-06-20,0.0163987325427584,0.0154315756993428,0.0152485027907921,0.0151970464772614,0.0147084106158175,0.0146457526910069,0.0152675555201988,0.0167233866294229,0.0175157199512414,0.0199921452352702,0.0198134026050979,0.0223653000835675,0.0219906556613059,0.0237818506364691,0.0219209595123269,0.0217112966346379,0.0214959654588234,0.0212151471561747,0.0182447987448212,0.0170117880809795,0.015786759676829,0.016310176672823,0.016358544664076,0.015530511530161,commercial,6,summer,1,13,145.7244066,1894.4172858,0
15,2021-06-21,0.016647316081738,0.0165542871209946,0.0155975399571227,0.0160943940214908,0.0159685294590861,0.0151602778655588,0.0157983947577728,0.018121367868256,0.0266579818548462,0.0306936899112923,0.0322389564061254,0.0370318191816795,0.0323942624237538,0.0392563406472682,0.0419218356503874,0.0380567283845949,0.0387733508899507,0.0268700212748117,0.0215574175831826,0.0203811954721648,0.0183889758032161,0.0186406601785633,0.0183134524744007,0.0169751029738447,commercial,6,summer,0,13,145.7244066,1894.4172858,0
15,2021-06-22,0.0176391357471012,0.0170897353532932,0.0156014245165381,0.0160640535623204,0.0153480501070543,0.0155185599978734,0.0173813827268266,0.0200135818380204,0.0295530986731411,0.0322551607157285,0.0350731931130994,0.0384421525578528,0.0347254551592162,0.0392251536317106,0.0409587255069901,0.0399773688073675,0.0398386859776505,0.0273448687258595,0.0219200257745632,0.0206859812239295,0.0185803632572567,0.0188530977425931,0.0184978895283481,0.017398452466903,commercial,6,summer,0,13,145.7244066,1894.4172858,0
15,2021-06-23,0.017828300787023,0.0172291302262734,0.0159609493693874,0.0161575348828605,0.0173714681762498,0.0153750717756651,0.0183869251746973,0.0203195957810191,0.0296419945120601,0.033459254736715,0.0369190000971641,0.0377342077178291,0.0347242359173343,0.0405323563543435,0.0414484997735308,0.0417298204325294,0.0407794247028582,0.026547443326428,0.0232057305251503,0.0207443045303265,0.0192479570384441,0.0202870608357197,0.0200580867012244,0.0183941695883978,commercial,6,summer,0,13,145.7244066,1894.4172858,0
15,2021-06-24,0.0186310268307295,0.0180022511296712,0.0169065486863216,0.0183546361776816,0.0182809203573753,0.017308558463126,0.0193583778685854,0.0208944195430908,0.0316861499080426,0.0343846833702046,0.0375955149253561,0.0407736606145787,0.034104209040921,0.0423341068086471,0.0411657302761714,0.0440708723131655,0.0413222734190779,0.0271290389013468,0.0235101980359955,0.0214408444785279,0.0195511388035764,0.0198188286305625,0.0201260045446431,0.0187189728560728,commercial,6,summer,0,13,145.7244066,1894.4172858,0
15,2021-06-25,0.0186181479447124,0.0197063566783057,0.017494746660622,0.0178637624016849,0.0177016830916644,0.0174998479710996,0.0194343964309593,0.019797576448856,0.0289109157776826,0.0357044462163028,0.0374402709184994,0.0396452362589275,0.0357701977364999,0.0417107359851896,0.0425432469194189,0.0418490011909012,0.0394209320292687,0.0271043239964115,0.0229475704384061,0.0207354264727853,0.0191436839260084,0.019698173999238,0.0194739606749614,0.0184420235731937,commercial,6,summer,0,13,145.7244066,1894.4172858,0
15,2021-06-26,0.0174978927453991,0.017943998345008,0.0164809570303081,0.016747615651481,0.0172493998397635,0.0153988621581852,0.0186977447598756,0.0188833994004392,0.0221935113259898,0.0236037178466324,0.0245736274130975,0.0269216335246339,0.0236167415067893,0.0242860314412885,0.021196611109067,0.0229965099625439,0.0226752702561735,0.0206325481300098,0.019847186626606,0.0181420645142931,0.017131262553641,0.0182694427210045,0.0181581230589579,0.0162929209700003,commercial,6,summer,1,13,145.7244066,1894.4172858,0
15,2021-06-27,0.0171329186930906,0.0170827608059168,0.0162076224252571,0.017219023448428,0.0172210800600726,0.0163669681138147,0.0176608812543454,0.0180063276933136,0.018974817289183,0.019632105081487,0.0182099113312233,0.0202418364397565,0.0221685903145142,0.0220160444682961,0.0221771164740203,0.0229756306594716,0.0209139774941818,0.0196642624350865,0.018344213729096,0.0179205679445831,0.0153911699277814,0.0170215165662575,0.0161323966146184,0.0160614408968748,commercial,6,summer,1,13,145.7244066,1894.4172858,0
15,2021-06-28,0.0142106022651458,0.0149060886839526,0.0142966179817673,0.0152885607832969,0.0152745302082994,0.0141830615730135,0.0145808996039451,0.0144401279581599,0.0215577326089251,0.0231530775798207,0.0249330603332172,0.026010671534439,0.0238658263603912,0.0271553253947895,0.0243658472253943,0.0265903893758502,0.0286706101969032,0.0184668036816517,0.0167340936242778,0.0162644407954818,0.0151047651487853,0.0156723790239257,0.015822125582657,0.0148012863495306,commercial,6,summer,0,13,145.7244066,1894.4172858,0
15,2021-06-29,0.015566427747535,0.0153049457095004,0.0148606267657886,0.0155068418693786,0.0154094081386174,0.0142482656767682,0.0146301614885191,0.0144401212727311,0.019999629372054,0.0258799960469696,0.0294308330020039,0.0276293777770319,0.0228831770321141,0.0288553459869092,0.0263830252344516,0.0273006492215232,0.0272635058003914,0.0192543349189798,0.0171300157850561,0.0161794170535953,0.0152231151549519,0.0150079837919093,0.0146285283754971,0.0145275604635437,commercial,6,summer,0,13,145.7244066,1894.4172858,0
15,2021-06-30,0.0147074005402001,0.0147855821101564,0.0143545908121291,0.0147312214611974,0.0147299380509971,0.0143157156840359,0.0145442172432602,0.0150894589436283,0.0210798051260257,0.0267444654833186,0.0279541261850812,0.0296943430238581,0.0211134471224842,0.0259993915774976,0.0259855973627777,0.0284950887706967,0.0281538647562431,0.0173653207580165,0.015781208290556,0.0152983613494888,0.0146648342469227,0.0151101425471351,0.0151895644573191,0.0153030588514657,commercial,6,summer,0,13,145.7244066,1894.4172858,0
15,2021-07-01,0.0157248798344399,0.0159063667657336,0.0157681079913433,0.0160359293398771,0.0159505845017438,0.0158116677493777,0.016526013402456,0.017635503992327,0.0258916277993357,0.0312288739767663,0.0313417381147304,0.0314275287143919,0.0309980076862138,0.036302864688104,0.0360819903387991,0.0366558690827429,0.0365055965598957,0.0248069734717326,0.0212190250032656,0.0194877827118723,0.0177798733920873,0.0186059964776543,0.0184118860718284,0.0166665596259345,commercial,7,summer,0,13,145.7244066,1894.4172858,0
15,2021-07-02,0.0172937860161088,0.0167374682206452,0.0158445538688051,0.016666471598025,0.0159663321985875,0.0156704144382216,0.0169324425510454,0.0180199501044605,0.0268840919179879,0.0328634826458803,0.0350654464301425,0.0327351651954571,0.0330437270796268,0.03774330411555,0.0363391491642532,0.0386877571285988,0.034897076569175,0.023138172919256,0.0204539647597544,0.0197089878208738,0.0177694870401754,0.0187458787950308,0.0185599060822026,0.0168662545756144,commercial,7,summer,0,13,145.7244066,1894.4172858,0
15,2021-07-03,0.0165565115459968,0.0172982442819796,0.0152075426178455,0.0160400027518174,0.0159772966615823,0.0155498257042698,0.0173056387421487,0.0175426969353609,0.0188874073547501,0.0203271710186995,0.0221912767197068,0.0208155485951731,0.0213327560627696,0.0213229239602976,0.0198593264378344,0.0199421710638424,0.0194453907648718,0.016067315662001,0.0171960052960711,0.0168566031791258,0.0154789196816311,0.0168442574453513,0.016845285017649,0.0156347784004256,commercial,7,summer,1,13,145.7244066,1894.4172858,0
15,2021-07-04,0.0161322185239031,0.0161976977152362,0.0156543131994707,0.0162950560511988,0.0162610326098123,0.0152840604305468,0.0162598831465328,0.0170903430548062,0.0160053361258273,0.0159081434926587,0.015889309939196,0.016486665290701,0.015735255656063,0.0184392229502086,0.0165269261221007,0.0188810309808861,0.0185444524685647,0.0151874451286809,0.0169414059515922,0.0163635134319164,0.0150252740025962,0.0143759980355786,0.0141155222445775,0.0139883316264422,commercial,7,summer,1,13,145.7244066,1894.4172858,0
15,2021-07-05,0.0142042743140212,0.0140770836958859,0.0140770836958859,0.0142042743140212,0.0142042743140212,0.014107852926649,0.0143197403962379,0.0145763006600582,0.0179780930530399,0.0226210243919633,0.0263291573470195,0.0254301176464454,0.0260727547514026,0.0285128167805815,0.0274257967070398,0.0214245495226393,0.0219589044228012,0.0157723412294142,0.0146217893642423,0.0144353483171922,0.0143072276827766,0.0146550302549414,0.0144535860845261,0.0142646653032993,commercial,7,summer,0,13,145.7244066,1894.4172858,0
15,2021-07-06,0.0143404888871687,0.0142042743140212,0.0141911424296195,0.0143404888871687,0.0143404888871687,0.014107852926649,0.0144559531173447,0.0147211202854584,0.0205855395832585,0.0252810554862834,0.0277216448001078,0.0294950590293218,0.0262300517331223,0.0332652264223066,0.0349371690569094,0.0344519345113009,0.0320585050235622,0.0214429384111247,0.0191632966629368,0.0186292777304179,0.0163619034258797,0.0165154922657955,0.0167594976197344,0.0156715546742047,commercial,7,summer,0,13,145.7244066,1894.4172858,0
15,2021-07-07,0.0163120396613446,0.0156373557641491,0.0152581569321897,0.0159811228917432,0.0159500659141934,0.0151892022872488,0.0157508821550527,0.0174220779855237,0.0251418760662386,0.030334231752896,0.0330933603477641,0.0333717606888724,0.0315388210772909,0.0359101607306632,0.0379544635396358,0.0380012102762532,0.0366596663417725,0.0250332285486824,0.0216140008311218,0.0191788454213822,0.0178545419412066,0.0187991605227178,0.0176642740557,0.016576173499292,commercial,7,summer,0,13,145.7244066,1894.4172858,0
15,2021-07-08,0.0170174048618152,0.0169301745348229,0.0152191630463582,0.0159251874782406,0.0158553756623979,0.0150170258555746,0.0170718715514752,0.018774437318702,0.027468130426084,0.0330231349562649,0.0333951362542369,0.033991016009664,0.033190228031355,0.0383183100895223,0.0372542129484229,0.0382420899131439,0.0369650295470621,0.0237199033929883,0.0214155037576321,0.0199976907481985,0.0173348097190513,0.0181125958458963,0.0177913073258681,0.0164139465777996,commercial,7,summer,0,13,145.7244066,1894.4172858,0
15,2021-07-09,0.0170911038541691,0.0174998684594115,0.0153132462959737,0.0160082818844797,0.0158471924824417,0.0150237194993448,0.0170905010271606,0.0189312419897838,0.027195872814754,0.0309727435403586,0.0339169920979202,0.036185865273182,0.0320295319151759,0.0392015642527044,0.0410181942088971,0.042054206075139,0.0405124507850062,0.0267278412799726,0.0222911180211335,0.0207197912372637,0.0188081273447611,0.0197545215737226,0.0186178459362734,0.0174455274250664,commercial,7,summer,0,13,145.7244066,1894.4172858,0
15,2021-07-10,0.0174268684781517,0.0167508869113238,0.0155852002894558,0.0164086707478202,0.0157199425401862,0.0153520746334142,0.0171165328760207,0.0175316280943798,0.0202968218569162,0.0222610513191953,0.0229189848900257,0.0258712772321836,0.0240650207695248,0.0244970680906613,0.0246966894399655,0.0249769044670517,0.0245155031727602,0.0218881069405143,0.0221895538246358,0.0197561507779139,0.0185597378523145,0.0181174815677185,0.019360229631855,0.0181043457037111,commercial,7,summer,1,13,145.7244066,1894.4172858,0
15,2021-07-11,0.0207802954068974,0.018664256344312,0.0147608523919286,0.015091870073655,0.0149568027918834,0.0147268227005382,0.0160851764611689,0.0180129127174957,0.0173022300593781,0.0198827404061858,0.0198544393102604,0.0194336763626958,0.0221239238315068,0.0227423050819447,0.021314574953864,0.0238036599409265,0.0213087567947724,0.0154791914174349,0.0162665293278085,0.0159468488248133,0.0148079046912855,0.0156905458382517,0.0155849960995202,0.0148744120430485,commercial,7,summer,1,13,145.7244066,1894.4172858,0
15,2021-07-12,0.015157149098773,0.0147333481617555,0.0146331832889094,0.0150820135236452,0.0150779403479281,0.0146534366611995,0.0159086453270702,0.0170832033116582,0.0257845892273218,0.0328424625348186,0.034831847752069,0.0353514841707454,0.0296191442307182,0.0396302281869978,0.0385265340838914,0.0431023627540046,0.0390703421685529,0.025827894939098,0.0231507769771145,0.0200589698698078,0.0177980169251766,0.0185020729182443,0.0178243807976872,0.0166710122201098,commercial,7,summer,0,13,145.7244066,1894.4172858,0
15,2021-07-13,0.0166330716641048,0.0164554623286635,0.0155674721921484,0.0158929380608923,0.0157952406799218,0.0148793676041921,0.0166963337803868,0.0190908359017395,0.029052542099319,0.0314171754670242,0.0343476776041259,0.0371918079895916,0.0337599002910701,0.0390220081201675,0.0435325553751777,0.0425814573350002,0.0406405277263373,0.0267310967889218,0.0235710740046643,0.0212200706220704,0.0188344043569728,0.0194606467268995,0.0196567888730907,0.0177218924387454,commercial,7,summer,0,13,145.7244066,1894.4172858,0
15,2021-07-14,0.0180738268896109,0.0179006184493477,0.015961013290005,0.0161793974634724,0.0160331129224462,0.015487378694465,0.0174335295689716,0.0182003967987767,0.0275659403190872,0.0317709968767265,0.0339017305682824,0.0339118955359004,0.032281862598294,0.0366394814434887,0.0352408284842386,0.0374246818187799,0.0348618385485743,0.0236470944787236,0.0205458002290927,0.0198036514926232,0.0182401482412903,0.0188367565105867,0.0186326922935783,0.0168453842460935,commercial,7,summer,0,13,145.7244066,1894.4172858,0
15,2021-07-15,0.0173893855911058,0.0163929174653032,0.0155199853560027,0.0160187391709507,0.0158898031874763,0.0149740407617366,0.0166964903263192,0.0177685048919002,0.0255994701137678,0.0258452507799659,0.0313178886111952,0.0311302505322067,0.0325871154321096,0.0371574119996815,0.0373174236851193,0.0385422327336328,0.0391040209259619,0.0241589802345973,0.0226626847182366,0.0205703269514575,0.0180206163857266,0.0192005394624962,0.0181910600510226,0.0171206603103848,commercial,7,summer,0,13,145.7244066,1894.4172858,0
15,2021-07-16,0.0180362253086497,0.0169646816851524,0.0156133069023144,0.0161466553430871,0.0159694534800217,0.015038853502599,0.017298764852916,0.0175529260847755,0.0275562122300769,0.0338306271631127,0.0353244961465024,0.0351046681525891,0.0344432796096491,0.0410014359201551,0.0381696113231953,0.0382747110932011,0.0396160349794216,0.0248880331153483,0.0225236627769523,0.0204298336627123,0.0179219594923732,0.0185701012697812,0.0183228292427436,0.0170289852890139,commercial,7,summer,0,13,145.7244066,1894.4172858,0
15,2021-07-17,0.0162769945694755,0.0160840218321981,0.0151469144714719,0.0150149806449578,0.0150544979662625,0.0148600773111417,0.0170039995223674,0.0180676132330119,0.0198134531264031,0.0239550209898885,0.0240936027314924,0.0248498745216341,0.0238748085353805,0.0237033993176183,0.0234212998590922,0.0219090490097533,0.0217598692635731,0.0187852587298932,0.0202135279817352,0.0178985883486268,0.0166539109997899,0.0181540258394776,0.0173496341665869,0.0162102979279304,commercial,7,summer,1,13,145.7244066,1894.4172858,0
15,2021-07-18,0.018428292383117,0.0178098618306146,0.0161833427322506,0.0174415355810134,0.0172745498944659,0.0156141089896444,0.0181303407866358,0.0194076422995435,0.0191511002196004,0.0225344348450212,0.0238815952938916,0.0232730599352334,0.0256029052773431,0.0267959891662175,0.0248604027965693,0.0257950925835588,0.0241264434883216,0.0169441289634087,0.0161359014915557,0.0146990353864572,0.0143522350326954,0.0150010021425518,0.015628302272688,0.0143669279264487,commercial,7,summer,1,13,145.7244066,1894.4172858,0
15,2021-07-19,0.0151054652634496,0.0147904756679485,0.0141651510366735,0.0142042743140212,0.0142042743140212,0.0142884694584001,0.0153933622227391,0.0151539912575154,0.0205276780607739,0.022083847051664,0.0233571467264542,0.0230608109453558,0.0200235418989288,0.0260061686616714,0.0257073832720339,0.0309617224790479,0.0309797340036387,0.020176849498132,0.0180969460643914,0.0165276404510912,0.0145777429880804,0.0152076277566677,0.0145983981627839,0.0144696028384953,commercial,7,summer,0,13,145.7244066,1894.4172858,0
15,2021-07-20,0.0146383246593469,0.0150947990166396,0.0142712792452682,0.0147217690963934,0.0151682214525731,0.0149147371963616,0.0154613514986126,0.0157517036214514,0.0254234138750653,0.0295389490810365,0.0307830199171082,0.0319291656396638,0.0288808088685824,0.0373430442457506,0.0367713162483484,0.0384427898744345,0.0363024823506853,0.0236150090651655,0.0217051712862774,0.0187861039175592,0.0172663051514139,0.0171151453614798,0.0176823757404179,0.016025850476,commercial,7,summer,0,13,145.7244066,1894.4172858,0
15,2021-07-21,0.0161949849686091,0.0160341772668676,0.0149713902259042,0.0151078500489929,0.0151690171054958,0.0148728596545201,0.0154869081491078,0.0177037142834405,0.0272900684666862,0.0312951383530484,0.0319512720448753,0.0347249530586039,0.0330524213266056,0.0374460565571089,0.0382738575530734,0.0384039653464617,0.0378637048030509,0.0263682761200933,0.0218514600424398,0.0199434754843248,0.0177636880864625,0.0175744487507251,0.0172221131816053,0.0163757273333494,commercial,7,summer,0,13,145.7244066,1894.4172858,0
15,2021-07-22,0.0164770704496039,0.0163854433296449,0.015127402490618,0.0153496224576894,0.015198894295069,0.0146469434107824,0.0164074547604473,0.0181964564881618,0.0270863641385603,0.0299119621404653,0.0321929994547575,0.0348981464493383,0.0331802884329469,0.0363753821283676,0.0373649356169802,0.0382363176436362,0.0379660887004306,0.0259447340295609,0.0218237109164502,0.0199860287363798,0.0174011193199427,0.0175859769994136,0.0172756238287996,0.0161576404393801,commercial,7,summer,0,13,145.7244066,1894.4172858,0
15,2021-07-23,0.0165112461275906,0.015721724318703,0.014691306207263,0.0153179381208022,0.0151951810930443,0.0148103958138016,0.0162165352675062,0.0179043257464586,0.026719271213305,0.0312388886512148,0.0311110105235294,0.0326655108361263,0.0318336858732835,0.0360256903145019,0.0369131503667995,0.036817603582686,0.0349670789870633,0.0253272546921943,0.0223544912525001,0.0192745419960818,0.0176649762470283,0.0180116998175314,0.0176962105683719,0.0169430443984827,commercial,7,summer,0,13,145.7244066,1894.4172858,0
15,2021-07-24,0.0166660559549837,0.0169715303359323,0.0152736438099738,0.0162426562423769,0.0152672896235845,0.0156580182407963,0.0178075798034539,0.0173553934630629,0.0205853470606361,0.0220375155231352,0.0207383556973276,0.0226182355589057,0.0224596540189843,0.0224564498823895,0.0200671079277198,0.020413620699436,0.0208102658283595,0.01719507789796,0.0177820427357409,0.0179157766546524,0.016375248563997,0.0169108309592513,0.016969177508138,0.016589604353653,commercial,7,summer,1,13,145.7244066,1894.4172858,0
15,2021-07-25,0.0171671139143677,0.0172289634516279,0.016595932140176,0.0172256581947873,0.0171810034805937,0.0161560812784664,0.0165745229297624,0.0178819579541472,0.0167812477701931,0.0199615717627111,0.0216617534861359,0.0209353537379996,0.0231622137776628,0.0234201283240781,0.0231208125621334,0.0166491085232634,0.017127496437566,0.0181476629493075,0.0187340107240796,0.0180065116655857,0.0167893953023164,0.0171736643340483,0.017195097214607,0.0166309764960014,commercial,7,summer,1,13,145.7244066,1894.4172858,0
15,2021-07-26,0.0173054938942809,0.0172939193410625,0.016628009710181,0.017313118969898,0.0167841569151403,0.0157952124447974,0.0167163745915476,0.018774890541322,0.0263150819034698,0.0339209704918957,0.0353475409617837,0.0342362627278079,0.0331048690022851,0.0386161973299175,0.0402010324091114,0.0389212702200163,0.0358118830761084,0.022950197057839,0.0211202662250317,0.0196271054708195,0.0181472463650694,0.0187327884344783,0.0185073956051596,0.0176249265798774,commercial,7,summer,0,13,145.7244066,1894.4172858,0
15,2021-07-27,0.018433789916441,0.0179685594771654,0.0164097251564294,0.0175295244980964,0.0174952418081895,0.0161016793906766,0.0177797914225098,0.0183280074989386,0.0262270033799137,0.0311176530571916,0.0341591967123985,0.03574772833371,0.0331133466615154,0.037209570396329,0.0377756664906036,0.0372774212450852,0.0366658119250854,0.0243963582586469,0.0210836470943102,0.0197159922409742,0.0180692562063036,0.0187936114527774,0.0176327121844547,0.0168299748543464,commercial,7,summer,0,13,145.7244066,1894.4172858,0
15,2021-07-28,0.0174618306307333,0.0169571030995339,0.0159394911653301,0.0168724007915628,0.0166944735269818,0.0144725435338418,0.016449206752105,0.0165875932498922,0.0225215179766641,0.0289928445391255,0.0284872401651625,0.0347049575625772,0.0310993806024132,0.0361795713027815,0.0366474760312658,0.0382292998748984,0.0386342754826644,0.0249372135287104,0.0219854611801141,0.0200402709742826,0.0183403222846065,0.0183538296103781,0.0184618691453162,0.0172124831055953,commercial,7,summer,0,13,145.7244066,1894.4172858,0
15,2021-07-29,0.0168853648237991,0.0167434409262113,0.0161012000141728,0.0165092275599612,0.0165898523372004,0.0156403381182112,0.0168602350060745,0.0182272001645547,0.0271715492612381,0.0342404671004301,0.0377787571066617,0.0376729508516154,0.0347196680388997,0.0352911475325349,0.0366940945773529,0.0359343282189747,0.0371155321241178,0.0250714949247295,0.0220997841060532,0.0197716481336092,0.018198206664206,0.0188446863204181,0.0186318421593768,0.0169904531789875,commercial,7,summer,0,13,145.7244066,1894.4172858,0
15,2021-07-30,0.0170289988650497,0.0168417973605677,0.0159824104357776,0.016658957524178,0.0158800230360723,0.01559945541082,0.0169919009288931,0.0176140427910289,0.0258969106148176,0.0321855768868402,0.0277479162969619,0.0339763004676322,0.0322916007434659,0.0371634719824863,0.0348896279216856,0.0376281630393894,0.0336988374344495,0.0226001023741637,0.0212516295920817,0.020320560591771,0.017361267343176,0.0171225992918987,0.0175046504030295,0.0165401028218463,commercial,7,summer,0,13,145.7244066,1894.4172858,0
15,2021-07-31,0.0159824302283853,0.0162012917592565,0.015076984594771,0.015574464578312,0.0157158775666074,0.0151088981684742,0.0163609857889493,0.0165147834350472,0.018307082583487,0.0210118226366491,0.0242530466694787,0.0219129048643086,0.0224177820727648,0.0229798585189649,0.0216048599416661,0.0216399548742166,0.020632967325942,0.0171274971011544,0.0174989491112524,0.0163056953276714,0.0159004487673867,0.016410310937666,0.016890791572826,0.0170007267073063,commercial,7,summer,1,13,145.7244066,1894.4172858,0
15,2021-08-01,0.0178761217224664,0.0177230084218674,0.0172678628991252,0.0169696493984772,0.0169672485327193,0.0171052802788852,0.0173422515820161,0.0189188628551825,0.0193223193593136,0.0218280194606958,0.0237101864211661,0.0239741442385311,0.0247101638280123,0.0270590954076502,0.0284291413580178,0.0270407115571363,0.0261491517300288,0.0244693875755458,0.0211362542750122,0.0172063695753541,0.0145495725899032,0.014251736817725,0.014251736817725,0.0141982029812428,commercial,8,summer,1,13,145.7244066,1894.4172858,0
15,2021-08-02,0.0151867410066239,0.015740359014618,0.0146178019435014,0.0153510637895664,0.0153064981565967,0.0148621595321907,0.0150452362155213,0.0160035708828883,0.0252458381159345,0.0290252767974137,0.0317915445596777,0.0357062063622553,0.0323948656060849,0.0398086840087322,0.0427773525713412,0.043272073395655,0.0441949147179133,0.0279665292849206,0.0245816253753487,0.0226143652363951,0.0201926419984755,0.0210530304574119,0.0152662250030435,0.0154821806287047,commercial,8,summer,0,13,145.7244066,1894.4172858,0
15,2021-08-03,0.0155403254020321,0.0148264476327866,0.0144107074248182,0.0154679899486535,0.015973592072291,0.0147818031699626,0.0164134684585818,0.017914762023817,0.0263136739636482,0.0315101154572527,0.0333048793423398,0.0366424289812977,0.03327757715589,0.0402430469026582,0.0384563535712703,0.0389751053636592,0.0383526142832192,0.0265060592117883,0.0222101217474149,0.0212977260456054,0.0197558268855368,0.0200424076820719,0.0203674884068525,0.0186858455166788,commercial,8,summer,0,13,145.7244066,1894.4172858,0
15,2021-08-04,0.0174681366725306,0.0180963863784801,0.0176892838998198,0.0164841114650307,0.0161149650005476,0.0159664569603247,0.0175795244850453,0.0188252924372024,0.0277163660995636,0.0313824056928676,0.033999491688155,0.0344814517691804,0.0359878133735363,0.0381245486397059,0.0394028864343843,0.0351275963229254,0.0363348717017831,0.0245834830379001,0.0219558107750361,0.0212468316125153,0.0190539941661043,0.0203382843939851,0.0191739800968875,0.0181283120493365,commercial,8,summer,0,13,145.7244066,1894.4172858,0
15,2021-08-05,0.018566005941958,0.018466892634986,0.0166836884085789,0.0176461966535571,0.0175867941074478,0.0165640070492276,0.0179966200723274,0.0194654049900827,0.0288626020030451,0.0336279204077061,0.0374549438910468,0.0352077780077048,0.0336496786702281,0.0373234953169379,0.0358146112357828,0.0382370327816644,0.0381791192909575,0.0264321952140679,0.0226241521914252,0.0213511171687273,0.0189546026294388,0.0194085404073185,0.0187324344769611,0.0179332569012941,commercial,8,summer,0,13,145.7244066,1894.4172858,0
15,2021-08-06,0.0185272865168386,0.0184752195434221,0.0168672868789924,0.0185697939005341,0.0166697542514625,0.0153153421900813,0.0176325583576597,0.0187896136836054,0.0280201009987838,0.0364355480020694,0.0335145024694857,0.0311032553018555,0.0273811028166017,0.0306413575494402,0.0349426389101846,0.0360156012374376,0.0342105504264025,0.0229503926389336,0.0204302456948125,0.019802131093211,0.0177542142449596,0.0195131336504899,0.0193489752584115,0.0178021797929827,commercial,8,summer,0,13,145.7244066,1894.4172858,0
15,2021-08-07,0.018841133178787,0.0179206354137349,0.0167229687059278,0.0173948780467067,0.0180177268054016,0.0166979147829699,0.0179792709405323,0.017606967888068,0.0180127684387006,0.0199892659732099,0.0206604380563075,0.0221806225106068,0.0200782995034543,0.0212165126917244,0.0193756044440112,0.0193349864716992,0.0186854869896397,0.0170593216653636,0.0174228376181592,0.017057840873997,0.0164783711866846,0.0174965781756521,0.0176386406207848,0.0169420408335086,commercial,8,summer,1,13,145.7244066,1894.4172858,0
15,2021-08-08,0.0176513507308881,0.0176983348924538,0.016750063597573,0.0172280708872184,0.0172327397310705,0.0167196458519225,0.0172229568517961,0.0176363307138195,0.0187232870209727,0.0213601513255095,0.0214864871735811,0.0217285039730256,0.0229746846711894,0.0233656880940818,0.0234470660035044,0.0210029360856321,0.0213824386974035,0.0192497204761145,0.0198026914979694,0.018784862543223,0.0163484952877693,0.0179836313037947,0.0178448905569823,0.016438824823188,commercial,8,summer,1,13,145.7244066,1894.4172858,0
15,2021-08-09,0.0178844338427345,0.0180137204672406,0.0171349244612538,0.0173291453451984,0.0178633774848277,0.0170980821607818,0.0179368714688133,0.019435487180514,0.029182332357421,0.0336593207238191,0.0350641645778276,0.0370405360451133,0.0326738062486201,0.0382504874442166,0.037785934871608,0.0322858410248017,0.031992953842495,0.023873880920987,0.0212408465980987,0.0206167011701882,0.0179779244932028,0.0196184702531465,0.0194507009002924,0.0179242649490153,commercial,8,summer,0,13,145.7244066,1894.4172858,0
15,2021-08-10,0.0181771955192131,0.0182661828909265,0.0173647404724388,0.0176934062420503,0.0176149980488049,0.0175265013563903,0.0185056241038942,0.0195648770109406,0.0279621214715592,0.0328415095951752,0.0361758901690849,0.0325245665156868,0.0315593525274628,0.0403792019394579,0.0401743529699175,0.0379431994308676,0.0370485783432232,0.0247026671282369,0.0230544351948701,0.0208052703827507,0.0187412921284649,0.0198111443216907,0.0195997129028966,0.0183452322531359,commercial,8,summer,0,13,145.7244066,1894.4172858,0
15,2021-08-11,0.01961858053432,0.020276450586865,0.017989916617081,0.0190266923192806,0.0187352418120944,0.0172295121650521,0.0186600780371154,0.0200300866073436,0.029697870919131,0.0344971223434273,0.0398663079092949,0.0396831198542101,0.0377012263337638,0.0369115816715452,0.0373077690719218,0.0415301483184067,0.0375442023052809,0.0243883478910087,0.0224433105604538,0.0208866735088257,0.0187447367054367,0.0199479795994203,0.0203079644829725,0.0183856783266701,commercial,8,summer,0,13,145.7244066,1894.4172858,0
15,2021-08-12,0.0192694158417517,0.0205568685695323,0.0177518153557646,0.0192654635510939,0.0192439168714686,0.0181148910676362,0.0207262874118892,0.0210690093009116,0.0288831226092206,0.0342246650715502,0.0388649982027834,0.0374119579599897,0.034935415551029,0.038503832824569,0.0338737738404882,0.0283204870953291,0.0292375941815212,0.0212990043640044,0.0193697528820462,0.0188071468108953,0.0171566931841941,0.0172421533784676,0.0181750352568641,0.016061765847797,commercial,8,summer,0,13,145.7244066,1894.4172858,0
15,2021-08-13,0.0184330437872998,0.0187950710971551,0.0178296543256682,0.0161267141167143,0.0149498872117715,0.0148725290939813,0.0153585657486776,0.015697775543868,0.0218507479268091,0.0257889665186578,0.0240639600161789,0.0242609560903095,0.0228418400857605,0.0249797417067967,0.0235160215972385,0.0248503800332203,0.0252702127998432,0.0170467094248824,0.0160732543492971,0.0161911046357353,0.0144653152468196,0.0151974378930033,0.0150020212772626,0.0149109518184474,commercial,8,summer,0,13,145.7244066,1894.4172858,0
15,2021-08-14,0.0150980521045568,0.0160606292732584,0.014636263974922,0.0160978976400781,0.0161604961649951,0.0153269467165268,0.0166767801067826,0.0166812348824127,0.0169828057866185,0.019312478297804,0.0203456064613338,0.0207705533864115,0.0189745508063982,0.0177658119264427,0.0175638481106724,0.0187654127512229,0.0177120008021983,0.0149620407140843,0.0172611736464701,0.0166639450687231,0.01607902532575,0.0174321305285331,0.0175437178812015,0.0163356131645459,commercial,8,summer,1,13,145.7244066,1894.4172858,0
15,2021-08-15,0.017215388013749,0.0177878432650014,0.0156445880857107,0.016968710454875,0.0157212211968726,0.0146822236910976,0.0152378116474231,0.0157322833022339,0.0166115920440696,0.0184424313149468,0.0193936075946222,0.019350852176762,0.0218331996006341,0.0223617191910948,0.0222385674388702,0.020998425684931,0.0208314626275668,0.0195035563574971,0.0184259239879233,0.0184419353047628,0.0166236149810424,0.018416904774396,0.0177490921843851,0.0170414350481611,commercial,8,summer,1,13,145.7244066,1894.4172858,0
15,2021-08-16,0.015838478013704,0.0161887405231447,0.0164501590507048,0.0165137842867694,0.0166016229447172,0.0164364531527944,0.0167618210252775,0.0180337646400788,0.0262070549093489,0.0318724693130723,0.0339265931165172,0.0342658871704244,0.033716477072471,0.0370193465901779,0.0401005441463484,0.0383726008725076,0.0367052288839279,0.0229329934151741,0.0220743578997597,0.0209631738536571,0.0181938569492026,0.0186304875597307,0.0183820981868309,0.0168172748862479,commercial,8,summer,0,13,145.7244066,1894.4172858,0
15,2021-08-17,0.0168253912497974,0.0166673455119987,0.0153896498144682,0.0159906647819338,0.0158903229186505,0.0149633957497571,0.0159495351850331,0.0176679016483672,0.0272144063268867,0.0314638600877885,0.0325346665007139,0.0338122871069056,0.0325014375958422,0.0371213332146713,0.0408247080026655,0.0406162463186667,0.0395902168990939,0.0263735967169621,0.0224357049219952,0.0208505536698259,0.018677208784395,0.0192751057109133,0.0190550448493285,0.0174617369846076,commercial,8,summer,0,13,145.7244066,1894.4172858,0
15,2021-08-18,0.0184546054256451,0.0175706336766737,0.0164249800642151,0.0170245097714315,0.017501038148572,0.0156945846347125,0.0176676621528966,0.0189239144032376,0.0265391806420349,0.0313695809601375,0.0332557960416519,0.0335225913527099,0.0331427741913762,0.0379854447572732,0.0408890762938073,0.0373560441837436,0.038175061635731,0.0258782392822401,0.0219965103227085,0.0209293121157953,0.0188200091421503,0.0200006814965853,0.0198011166396286,0.0181022310761495,commercial,8,summer,0,13,145.7244066,1894.4172858,0
15,2021-08-19,0.0186360515988154,0.0193657054720152,0.0175426134457175,0.0187873211145559,0.0187093260052232,0.0175155271149792,0.0179564430841609,0.0188355518966345,0.0257689756234103,0.0328148816458851,0.0344485734141202,0.0335911499682342,0.0341102614963692,0.0352756263153711,0.0342108558820862,0.0282565435702182,0.0283902651784195,0.0193918675210247,0.0171843477689533,0.0166944024107847,0.0152299651043866,0.0159416838179678,0.0151094742701802,0.0143040668081712,commercial,8,summer,0,13,145.7244066,1894.4172858,0
15,2021-08-20,0.0143535705201612,0.0147655586920134,0.014257700227637,0.0144764031704942,0.0148128488016284,0.0143294706680512,0.0146185876542598,0.0144401161448809,0.0181259694865139,0.0212703077979252,0.0218894250832913,0.0220268975678607,0.0210342071471211,0.0227341928723026,0.0235756274477411,0.0238104210467687,0.0233331807053114,0.016021551186252,0.0144458746598495,0.0145715866203161,0.0143585047925661,0.0145102182585611,0.0144535939945183,0.0142777144415898,commercial,8,summer,0,13,145.7244066,1894.4172858,0
15,2021-08-21,0.014251736817725,0.014251736817725,0.0140893491318774,0.014251736817725,0.014251736817725,0.0140893491318774,0.0143197538658157,0.0147426187311738,0.0146536182242772,0.0166053504346496,0.0178996466000034,0.0191965036527825,0.0177369371033539,0.0187240632900745,0.0190601094381678,0.0180525045129623,0.0172640298767273,0.0156616145538146,0.0155666654324474,0.0161306764670436,0.015022394786285,0.0159705011060892,0.0155185616232154,0.0156027464631577,commercial,8,summer,1,13,145.7244066,1894.4172858,0
15,2021-08-22,0.015712743154106,0.0157490531798748,0.0157345953392648,0.0152622410642134,0.0152151972541797,0.0143472459853069,0.0141822081407521,0.0148194173171414,0.0155674247853856,0.0159430664016863,0.0170054612704988,0.0162519578630095,0.0183108210886483,0.0191627702347795,0.0218331269581918,0.0190182768133249,0.0186148174197602,0.0178035226071738,0.0169626641578893,0.017008211253478,0.0171921685879553,0.0172281420976631,0.0172395980483152,0.0172228034867734,commercial,8,summer,1,13,145.7244066,1894.4172858,0
15,2021-08-23,0.0162630306040668,0.0161880283695922,0.0160769148767406,0.015960269582729,0.0154506576766659,0.0147281190145442,0.0154371067718266,0.0161179660257675,0.0232851123395757,0.0275687255085037,0.0310567336964359,0.0335797511445996,0.0300466013477337,0.0374639413010251,0.0374050184421743,0.0369199170623804,0.0328222822117535,0.0237903136790802,0.0200937003782916,0.0186563378574911,0.0166851748795489,0.0178483851336924,0.0176052963339068,0.0157900256103273,commercial,8,summer,0,13,145.7244066,1894.4172858,0
15,2021-08-24,0.0164996380984859,0.0163649142299221,0.0148311531338409,0.0156673234805101,0.0148320679912921,0.0145758435223193,0.0150048842948169,0.0167849619173004,0.0255240979872564,0.0287772430399724,0.0320303327128017,0.0320506249364724,0.0304198727941846,0.0347441843334428,0.0373465535280639,0.0371330706094956,0.0355055620285123,0.0245033414748731,0.0201414529615147,0.0194689341300058,0.017216802080869,0.0177156259622775,0.0179099915301577,0.0159831066269712,commercial,8,summer,0,13,145.7244066,1894.4172858,0
15,2021-08-25,0.0163289801762533,0.0166633414937971,0.0146816225318217,0.015151958146502,0.0148031421828336,0.0147058750266407,0.0151587892513605,0.0160724247104396,0.0273410958417028,0.0312778890810475,0.0319714112664442,0.0341722118449827,0.0313504017946038,0.0385326031994646,0.0422349839932568,0.0375605923749241,0.035811495723127,0.0263152050925609,0.0217600812061918,0.0204468582373537,0.0177974103012897,0.018674819330067,0.0178748737542093,0.0168801489262648,commercial,8,summer,0,13,145.7244066,1894.4172858,0
15,2021-08-26,0.0163891164614107,0.016207920984569,0.015513884822469,0.0156550650908128,0.0156483966089253,0.0153889503646051,0.0160307583617684,0.0180707079461178,0.0274502359933147,0.0331874217993176,0.0364469821365287,0.0343094123041854,0.0328337165090857,0.0371941772972821,0.0388658718689097,0.0402978620340558,0.0376925865201075,0.0251628816773126,0.02115858865783,0.0203964923098063,0.0178030771593097,0.0181844429232959,0.0175780315620482,0.0168728650312828,commercial,8,summer,0,13,145.7244066,1894.4172858,0
15,2021-08-27,0.0164424238624166,0.0167793538762964,0.016159868919713,0.016535950552541,0.0157180555493346,0.0150722763869747,0.0165965739572548,0.0173699637332604,0.0254176171857683,0.0301017950742436,0.0328532265506283,0.0321285411980125,0.0320303040512687,0.0362382527083101,0.03397230603684,0.0361265913353286,0.0360501593356153,0.0234679944575727,0.0214691540810294,0.019755345578526,0.0178186506841854,0.0180826433971922,0.0178999646636771,0.0168574033305815,commercial,8,summer,0,13,145.7244066,1894.4172858,0
15,2021-08-28,0.0162041092154801,0.0165229540617132,0.0156634103059942,0.0160057525363382,0.0160043308102997,0.0157287398939068,0.0157815652330039,0.0168447406410085,0.0188465995983611,0.0214826884710309,0.0219054176837689,0.0223621667631908,0.0229257798578684,0.0210157046309257,0.021533311125478,0.0208848938519709,0.0212043868610887,0.0174473503115057,0.0184918188690085,0.0173233689522777,0.0156815052491526,0.0160940948584716,0.0155262906739501,0.0157388417949772,commercial,8,summer,1,13,145.7244066,1894.4172858,0
15,2021-08-29,0.0162481280824587,0.0162270455697595,0.0153059465537026,0.0158338277930762,0.0157528666604788,0.0150057056550611,0.0157719758634587,0.0158866025281048,0.0162583640444835,0.0187750141310077,0.0198287733557639,0.021071450060136,0.0211232495193284,0.0213511788647597,0.0224625554371535,0.0224225902250258,0.0208648476545127,0.0196921618335265,0.0183622817023298,0.0174946988103022,0.0155876683986726,0.0175870161206835,0.0167045956850625,0.0149722250233395,commercial,8,summer,1,13,145.7244066,1894.4172858,0
15,2021-08-30,0.0169999784262217,0.0175637263450611,0.0149992492047728,0.017158043888033,0.0165818714208789,0.0148607824733799,0.0149921678388847,0.0167794320954203,0.024483091062258,0.0297580834814228,0.0335210560120382,0.0340287901156994,0.0316626561417547,0.0375479015957685,0.0377168434947385,0.0367282412765534,0.036812129085323,0.0240219024170672,0.0215953420586644,0.0200746312163669,0.0178596792732956,0.0176463753079526,0.0178116229900622,0.0166488762716841,commercial,8,summer,0,13,145.7244066,1894.4172858,0
15,2021-08-31,0.0163245563162518,0.0161759563392877,0.0157712629368511,0.0156566932577636,0.0158409866486338,0.0154627980180208,0.0159858880700465,0.0174150414526675,0.0271542972728326,0.0301050222953352,0.0365421720249965,0.0350222603485951,0.02903190442196,0.0299783536764826,0.0344915893549426,0.0308844409218529,0.0302037128739087,0.0220698488441541,0.0184060286421807,0.0177269796274453,0.0171565554743499,0.0165823560577646,0.0159448761546659,0.0155856467456372,commercial,8,summer,0,13,145.7244066,1894.4172858,0
15,2021-09-01,0.0147468218717322,0.0146698712961523,0.0146226674304364,0.0146226674304364,0.0146226674304364,0.0146534366611995,0.0147538360089272,0.0148742593007947,0.0228901176529006,0.0260536963350735,0.0259920933459472,0.0279432803675031,0.0233752344526005,0.026197791818902,0.026340681419082,0.0277105114945459,0.0277071341164292,0.0195171109418484,0.0164813251048866,0.0167014214233166,0.0159427785516859,0.0152742296236027,0.0152715375049285,0.0146791286714665,commercial,9,autumn,0,13,145.7244066,1894.4172858,0
15,2021-09-02,0.0148288696196586,0.0149096050951844,0.0151332304817346,0.0149333316904694,0.0145270932232957,0.0151350058206476,0.0155227800576131,0.0156671987450942,0.0242501520149952,0.0279236420476418,0.0291262026868483,0.0313874677703275,0.0279843272160869,0.0326423682644344,0.03353653459517,0.0323272860759896,0.0327115794149047,0.0221269393425351,0.017831000788032,0.0172829755497494,0.0169215252538909,0.0164778049082702,0.0168473296889402,0.0161406272087612,commercial,9,autumn,0,13,145.7244066,1894.4172858,0
15,2021-09-03,0.0152116305944079,0.0156950330448627,0.0153364038713297,0.0151665063259948,0.0151909943097987,0.0148014506197731,0.0150652125862575,0.0153226836946367,0.0227710651102041,0.0285628290931301,0.0238846016157881,0.0270512792786218,0.0254291932793647,0.0278232694793534,0.0326963208725137,0.035459530900511,0.0329279813648431,0.0235389745581041,0.0186818388048576,0.0177817166141088,0.0167386327288037,0.0171291525153529,0.0163988521017984,0.0157137869173621,commercial,9,autumn,0,13,145.7244066,1894.4172858,0
15,2021-09-04,0.0150090268976989,0.0150933008120637,0.0154812159074622,0.0152472896190003,0.0153378470136069,0.0153402333632558,0.0150703376577221,0.0153122711074188,0.0176294412909591,0.0207464669877434,0.0203688726775651,0.021814884292699,0.0208810048940795,0.0215691647694182,0.0219836381364067,0.0201010575923889,0.0190611972533436,0.0144895619225433,0.0162379146329258,0.0158755980954522,0.0154539939467218,0.0150793738825582,0.0159806092848112,0.0157762424292778,commercial,9,autumn,1,13,145.7244066,1894.4172858,0
15,2021-09-05,0.0161983371094029,0.0163396977580909,0.0162336987502039,0.0163717733168704,0.0153821366100172,0.0160300022696276,0.0149128620023687,0.0157724561180245,0.016851093970463,0.0193586825882119,0.018894827221244,0.0200413551566279,0.0219354658300408,0.0217067933078938,0.0199185194032766,0.0220055260445164,0.0197721430502567,0.017849835684877,0.0174381917136379,0.0169930895717476,0.0159489615852214,0.0151476836973873,0.0160565465523538,0.0156679851415238,commercial,9,autumn,1,13,145.7244066,1894.4172858,0
15,2021-09-06,0.0155623252226907,0.0152151763341176,0.0156445316975455,0.0152205082815651,0.0152390185501368,0.0157732913707899,0.0154440159237101,0.0167488331971713,0.0258175942666013,0.0305129479375095,0.0319743118783434,0.0264357340298365,0.0309943423224771,0.0345119171643727,0.0346750978773551,0.0346836154138525,0.035597207038388,0.0227421286673138,0.0203901615482282,0.0189398234300464,0.0168748469540603,0.0177084711362158,0.0163242966225031,0.0157660148130787,commercial,9,autumn,0,13,145.7244066,1894.4172858,0
15,2021-09-07,0.0156864579951947,0.0147846419574399,0.0148571852755699,0.0151145273006619,0.0151689987681412,0.0153667839226287,0.01610988237226,0.0170044037911146,0.025743752595208,0.0303237347173153,0.0316215538361098,0.0329256180079784,0.0313228099929642,0.0363580029055398,0.0368909002667918,0.038359055776765,0.0365366625235861,0.0232136999236937,0.0203936958936469,0.018796332400856,0.0173203981489742,0.0175196377646864,0.0173529206702613,0.016533996521435,commercial,9,autumn,0,13,145.7244066,1894.4172858,0
15,2021-09-08,0.0159315690450135,0.0161036508936612,0.0153905234738675,0.0152042309674734,0.0151868958269608,0.0153991912006877,0.0157268416444501,0.0165184879720607,0.0259552473427121,0.0308268000131523,0.0324033867114937,0.0347926203054487,0.032483223130729,0.0354532556043786,0.0373473936090592,0.0372557154059365,0.0310456974885916,0.0227195992204367,0.0189045609468847,0.0182956864583732,0.0175276471502816,0.0171379182643243,0.0167989419899127,0.016520146135373,commercial,9,autumn,0,13,145.7244066,1894.4172858,0
15,2021-09-09,0.0162331833742861,0.0161305750546186,0.0151145789122443,0.0147093242150679,0.0146939894249212,0.014687702898887,0.0149597256486368,0.0163515844518804,0.0252940991408738,0.0312632615505884,0.0317667622398286,0.0328107605559352,0.0321018450336476,0.0355202231361222,0.0367595046451042,0.0366435472568609,0.037013730024609,0.0226116424583652,0.01987506651269,0.0188666832026973,0.0178712758714666,0.0186328793809024,0.0171444666292255,0.0169286751510186,commercial,9,autumn,0,13,145.7244066,1894.4172858,0
15,2021-09-10,0.0168619112149603,0.0166350215137761,0.0159668952093372,0.0160184932105375,0.015888521869142,0.014841701846742,0.015048998964805,0.0165334088212526,0.0246194263374217,0.02883689021657,0.0318301394838626,0.0346155544205722,0.0321512555418871,0.0369369745788134,0.035004755088528,0.036678885989456,0.0349174530280531,0.0227616806643944,0.0205794003777581,0.0182237140487173,0.0173642596655379,0.0173305818320855,0.017107193992497,0.0166802339032274,commercial,9,autumn,0,13,145.7244066,1894.4172858,0
15,2021-09-11,0.0152151545887111,0.0145495725899032,0.0145028352708009,0.0145495725899032,0.0143965614700927,0.014441624756008,0.0146008617613489,0.014783181990229,0.0165694667266956,0.0187484051482696,0.0204491615550287,0.0201545844772276,0.0214474861861025,0.0212445630746307,0.0183785058235448,0.0184654510696313,0.018525612952882,0.0159827257881854,0.0168121775380682,0.0155023510308178,0.0148223181201089,0.0155956862748252,0.0155552638740678,0.015175677796102,commercial,9,autumn,1,13,145.7244066,1894.4172858,0
15,2021-09-12,0.0153955711701593,0.0150159785870394,0.0150108770151198,0.0149810887938629,0.0145684453358404,0.0145112260101992,0.0146162986300026,0.0146162986300026,0.0146892167682471,0.0158527986427622,0.0181485199871204,0.0176629422899862,0.0200179306164579,0.0207897638924681,0.0220008095122575,0.0216334395956805,0.0201876262064836,0.0170449193154501,0.0165967364922434,0.0153339737245542,0.0148201247705715,0.0149034637535537,0.0149515956302466,0.0149195086391531,commercial,9,autumn,1,13,145.7244066,1894.4172858,0
15,2021-09-13,0.0150760197079189,0.0150809670836897,0.0150381248465286,0.0146756153972445,0.0146552250031415,0.0145460438037964,0.0146008699501484,0.0152106466226875,0.0231692506380375,0.0276816772877686,0.0304552414959301,0.0301269143496492,0.028179138887077,0.0337218355362039,0.0360136904565528,0.0350727827376851,0.0331810263037348,0.0219523241951804,0.019136317119381,0.0177205997118609,0.0168237166401745,0.0169277996569814,0.0167376659501979,0.0157468911180191,commercial,9,autumn,0,13,145.7244066,1894.4172858,0
15,2021-09-14,0.0152960274639494,0.0151840309659412,0.0145608226470594,0.0146383246593469,0.0146383246593469,0.0145160827702995,0.0146008741387476,0.0159113859005401,0.0256187801887471,0.0298013103283846,0.031677555390461,0.0323205112724782,0.0297190263090188,0.0361937611508386,0.0351894905916743,0.0334266640401764,0.0338072463292502,0.0187543922579563,0.0178946271111106,0.017764150061157,0.016651276606725,0.0162550495085573,0.0159353977312788,0.0153970325137798,commercial,9,autumn,0,13,145.7244066,1894.4172858,0
15,2021-09-15,0.0152815107244313,0.0151662394521414,0.0147459195347632,0.0152538251776313,0.0151768006758628,0.0143157156840359,0.0146008783884987,0.0157405811705031,0.0235545486190304,0.0301258056439874,0.0330683682363065,0.0330100804035383,0.0311254855091972,0.0358410780501422,0.0335455505274542,0.0326189037146614,0.0332533613285593,0.0224035028586893,0.0201874581306945,0.0185838094263052,0.0169103222733962,0.017386226670794,0.0164097824239181,0.0162999528248837,commercial,9,autumn,0,13,145.7244066,1894.4172858,0
15,2021-09-16,0.0158219405087539,0.0160696479765166,0.0153309507882489,0.01515960070401,0.0151959678310533,0.0151126086820802,0.0151469886812105,0.016423224410483,0.0255617028239668,0.0295312857171786,0.0324969967848459,0.0332233729921076,0.0305695082734301,0.0358774536156312,0.0290277815276441,0.0357245999120966,0.0346650777681242,0.0224661504135218,0.0197684027963322,0.0182902242114055,0.0164741312681727,0.0166311343705037,0.0163139235557355,0.0158006105476972,commercial,9,autumn,0,13,145.7244066,1894.4172858,0
15,2021-09-17,0.0150131450431512,0.0152423240858116,0.0149519853846426,0.0151277183811183,0.0151846037461112,0.0147930752042679,0.0151408305426898,0.0162996403600174,0.0246767176929207,0.0281760811859817,0.0309297079569463,0.0311719840930212,0.0308555003502191,0.0363507355894826,0.0365954164649333,0.0369634890692804,0.0297385131775087,0.023370956489465,0.02010547354582,0.0195397204425884,0.0173272341905674,0.0178783435064959,0.0176546622796422,0.0164980764785994,commercial,9,autumn,0,13,145.7244066,1894.4172858,0
15,2021-09-18,0.0154122339336565,0.0151820760911142,0.0149474399928756,0.014983110146752,0.0150487281794588,0.0149962079484691,0.0146549381322327,0.0150455367957875,0.0177482433513922,0.0198545378594996,0.0215062357535189,0.0214109995847117,0.0218670279914094,0.0220696863294697,0.0201667636026224,0.0197512226226486,0.01835622947342,0.0155538915459903,0.0151884627713561,0.0148784111048139,0.0145653073580427,0.0148784111048139,0.0147103368293932,0.0145965170334598,commercial,9,autumn,1,13,145.7244066,1894.4172858,0
15,2021-09-19,0.0147103368293932,0.0147103368293932,0.0146114786765379,0.0145495725899032,0.0145495725899032,0.0145446313285233,0.0145972927812273,0.0147503039010377,0.0158456513791123,0.0191324221111553,0.0193239854258836,0.0201905479717841,0.0194904628017096,0.0203659701043938,0.0215477461063569,0.0205335431934646,0.0188738372171035,0.0166537432025494,0.014174944628104,0.0141155222445775,0.0140635402728067,0.0143965614700927,0.0143965614700927,0.0141554577443243,commercial,9,autumn,1,13,145.7244066,1894.4172858,0
15,2021-09-20,0.014251736817725,0.014251736817725,0.0140635402728067,0.0141155222445775,0.0141155222445775,0.0140255170620184,0.014189065529739,0.014189065529739,0.0144051694870034,0.0144051694870034,0.0145323601051386,0.0144075729113252,0.0144264214528493,0.0144300265893322,0.0142002016971428,0.0145688426808952,0.0145688426808952,0.0142331773903636,0.0144559838536193,0.0143965614700927,0.0141554577443243,0.014251736817725,0.014251736817725,0.0140893491318774,commercial,9,autumn,0,13,145.7244066,1894.4172858,0
15,2021-09-21,0.0139883316264422,0.0139770520241681,0.0136561593952557,0.0130539270523544,0.0129429388723174,0.0128929125327946,0.0128083685635594,0.0128497138322279,0.0131914524929898,0.0137628695123305,0.0142453519478612,0.0146709820365734,0.014724261158993,0.0147278682624585,0.0146314961604022,0.0148826206628393,0.0147218564233493,0.0145210394461264,0.0146089949734297,0.0145495725899032,0.0143376252927069,0.0145495725899032,0.0143965614700927,0.014251736817725,commercial,9,autumn,0,13,145.7244066,1894.4172858,0
15,2021-09-22,0.0139258723159655,0.0138060951402039,0.0133625537465438,0.0125454477078633,0.0124413530742662,0.0124798254686205,0.0116711188777908,0.0126905281152372,0.0143434016810497,0.0150874194932221,0.0156771580110655,0.0174563035301805,0.0170254084609692,0.0191319032748243,0.020943677444066,0.0223397295013287,0.02198359182994,0.014947091570625,0.0150376599146507,0.0148696774897072,0.0145781017442023,0.0148081900825862,0.0147515147991008,0.0143853584816627,commercial,9,autumn,0,13,145.7244066,1894.4172858,0
15,2021-09-23,0.0144853135395365,0.0143404888871687,0.0141911424296195,0.0141652715258348,0.0140410578835524,0.0140482859209433,0.0136747949088879,0.0138283336527261,0.0153389995220755,0.0158955242450871,0.0176793423685649,0.0177935164404079,0.017470363243243,0.0210318474183235,0.0187875707485439,0.0201814576305177,0.0206989371971066,0.0148857539608913,0.0148769097518152,0.0148696875444604,0.0145211929839751,0.0148081954451212,0.014453682378507,0.0143174688120358,commercial,9,autumn,0,13,145.7244066,1894.4172858,0
15,2021-09-24,0.0143404888871687,0.0142042743140212,0.0141142691314621,0.0142042743140212,0.0142042743140212,0.0141201543161967,0.014192689331113,0.013894332431861,0.0153088007783934,0.0154818985867187,0.015916347469077,0.0178972073746715,0.0169968405823976,0.0207508848160006,0.0196536943658505,0.0193455474405748,0.0191041490205753,0.0145378088628001,0.0143156830126658,0.0144356473593572,0.0143330079539758,0.0145103650917283,0.0145985104176156,0.0143308735964679,commercial,9,autumn,0,13,145.7244066,1894.4172858,0
15,2021-09-25,0.014251736817725,0.014251736817725,0.0140893491318774,0.014251736817725,0.014251736817725,0.0140507734542082,0.0143198847385005,0.0143247049895119,0.0144682058692713,0.0146890741474523,0.0146866640219466,0.0146086956134263,0.0145881370873085,0.0145869320245557,0.0142236492195127,0.0145797016480386,0.0144360820584236,0.0142099141694297,0.0143195946405215,0.014251736817725,0.0140255170620184,0.0141155222445775,0.0139883316264422,0.0139883316264422,commercial,9,autumn,1,13,145.7244066,1894.4172858,0
15,2021-09-26,0.0139883316264422,0.0139883316264422,0.0139883316264422,0.0139883316264422,0.0139883316264422,0.0140635402728067,0.0140550936526691,0.0141822842708044,0.0141955064027883,0.0144633234963196,0.0146163346161301,0.0145875096423867,0.0149475846381604,0.0151261333904569,0.0150870363446316,0.0154399142934056,0.0151201046226578,0.0152848830243833,0.0151695872011,0.0147665023913767,0.0143965614700927,0.0145495725899032,0.0145495725899032,0.0143086569733391,commercial,9,autumn,1,13,145.7244066,1894.4172858,0
15,2021-09-27,0.0144853135395365,0.0143404888871687,0.0142987014372882,0.0143404888871687,0.0143404888871687,0.0143157156840359,0.0144561090279102,0.0145767188189113,0.0175359580702936,0.0200650763939326,0.0233695418406175,0.0256604227710471,0.0269412005554169,0.0276447146222951,0.0294424633755589,0.0299472564911268,0.0297227030678692,0.0192241231190321,0.0168202532790833,0.0161065213202374,0.0153789914427248,0.0154542856541257,0.0151768430772278,0.0145571297611462,commercial,9,autumn,0,13,145.7244066,1894.4172858,0
15,2021-09-28,0.0146888075296775,0.0151238238918915,0.0143545908121291,0.0147281152530925,0.0143740421456149,0.0143433130127411,0.0146009386044107,0.0147215568367821,0.0203969797246934,0.0253879571473221,0.0274006231568855,0.0280963109687394,0.0273911518715937,0.0307395337288613,0.0307856191340284,0.0316473930478344,0.030499685994839,0.0216670084314589,0.0194729635266989,0.0184669990809773,0.0165244219082629,0.0177177385783117,0.0169780824662393,0.015136333121577,commercial,9,autumn,0,13,145.7244066,1894.4172858,0
15,2021-09-29,0.0148040040784395,0.0154539198258835,0.014424872370666,0.0150895471752118,0.0152179566135788,0.0149591917536168,0.0146009435706045,0.0147215703164509,0.0214973320557355,0.0238033293839184,0.0238953881240009,0.0249628220028127,0.0238667964519009,0.0281910164331842,0.0259651102532995,0.0233712455151142,0.0257834181340745,0.0180734781890331,0.0155427312379978,0.0157275580846797,0.0155049247299612,0.0153919522011312,0.0155336303260481,0.0148667925769178,commercial,9,autumn,0,13,145.7244066,1894.4172858,0
15,2021-09-30,0.0150725870203288,0.0146862422335308,0.014860661465543,0.0146919105793175,0.0146603014066231,0.0149999469830906,0.0153745851238065,0.015559857855975,0.0242222302438714,0.0274134046488719,0.0301808815788362,0.0294625846945208,0.0272647965344715,0.030539892632643,0.029587656175081,0.0284781522829688,0.0252577217784462,0.0197392826258377,0.0167649808782965,0.0163155588260105,0.0158915023884562,0.0158526084032778,0.0155243983561871,0.0153127581076871,commercial,9,autumn,0,13,145.7244066,1894.4172858,0
15,2021-10-01,0.0147433812316362,0.0146613196551933,0.0145653073580427,0.0145653073580427,0.0145339153609927,0.0145495725899032,0.0147503368437188,0.0147503368437188,0.0156801374946354,0.0178056842782239,0.0192719414506025,0.0206494194075457,0.0199157515533535,0.0215947595990754,0.0210253115984824,0.020872939100457,0.0200790978882203,0.016819912778539,0.0169673803643995,0.0166403599765785,0.0150886804875855,0.0160058687078232,0.016074004802536,0.0149315294937404,commercial,10,autumn,0,13,145.7244066,1894.4172858,0
15,2021-10-02,0.0157917590231818,0.0160776995973299,0.0151201201730017,0.0155706513345522,0.0151319977631427,0.0154344896607265,0.0149136018148421,0.0154064310232865,0.0167920021936672,0.0188800678097832,0.0206811457943907,0.0200024542244991,0.020391692618752,0.0200054986558823,0.0198773048369401,0.0199980220528966,0.0192940345434718,0.0169972076931912,0.0169574193614762,0.0159016583404427,0.0154631881263414,0.0156451871371831,0.0156102097323432,0.0148815549668578,commercial,10,autumn,1,13,145.7244066,1894.4172858,0
15,2021-10-03,0.0159906462401232,0.0157363986820435,0.0154793328475023,0.01520567602308,0.015106730905078,0.0142658387426854,0.0145973315542615,0.0148895188827527,0.0154455864412728,0.0172783987422899,0.0191081352154549,0.018813605674856,0.0192154049555588,0.0197992924824417,0.0191484603959554,0.0193023856998812,0.0183587131339379,0.0158598791468457,0.0153327143817572,0.0148649547900265,0.0144874132820567,0.0148657281531757,0.0149157061618396,0.0143230991315552,commercial,10,autumn,1,13,145.7244066,1894.4172858,0
15,2021-10-04,0.0145495725899032,0.0145495725899032,0.0142658387426854,0.0145495725899032,0.0145495725899032,0.0142099493678444,0.0145973344995214,0.0145973344995214,0.0149139526243008,0.0168199431803065,0.0177022965643721,0.0195639500052542,0.0175344440763333,0.0176744660260709,0.0184268627622107,0.0179529304840943,0.0173124461287427,0.01546174465439,0.0148740461547064,0.0148795682383481,0.0144568075913124,0.0149018372930771,0.0149247306513942,0.0143376252927069,commercial,10,autumn,0,13,145.7244066,1894.4172858,0
15,2021-10-05,0.0145495725899032,0.0145495725899032,0.014251736817725,0.0145495725899032,0.0143965614700927,0.0141554577443243,0.0145973374636758,0.0145973374636758,0.0151755105745471,0.0168267820209313,0.0184934860382008,0.0196099856498553,0.0184534039358605,0.0189712162804571,0.0192338769149007,0.0187878273818385,0.0175925913672405,0.014908504364461,0.0153115913027195,0.0148784111048139,0.0146775848597426,0.014775257064866,0.0148784111048139,0.0145495725899032,commercial,10,autumn,0,13,145.7244066,1894.4172858,0
15,2021-10-06,0.0147103368293932,0.0145495725899032,0.0144720705776157,0.0145495725899032,0.0145495725899032,0.0144115012649712,0.0147503515656574,0.0147503515656574,0.0149997620648456,0.0157749830902093,0.0172606792347772,0.0163809953207593,0.0170819267221938,0.0166605621550534,0.0154602551156154,0.0155478371246344,0.0147218988731631,0.01405260593107,0.0143111592012515,0.014251736817725,0.0140255170620184,0.014251736817725,0.014251736817725,0.0139883316264422,commercial,10,autumn,0,13,145.7244066,1894.4172858,0
15,2021-10-07,0.0141155222445775,0.0139883316264422,0.0139883316264422,0.0139883316264422,0.0139883316264422,0.0139883316264422,0.0143163042196364,0.0143163042196364,0.0144299142270827,0.0146686227500482,0.014813447402416,0.0155495850637078,0.016419633491496,0.016119687734765,0.015261484926427,0.0160042518677421,0.015867212741408,0.0146921736981122,0.0147697592129197,0.0147103368293932,0.0143965614700927,0.0145495725899032,0.0145495725899032,0.0143230991315552,commercial,10,autumn,0,13,145.7244066,1894.4172858,0
15,2021-10-08,0.0144853135395365,0.0144853135395365,0.0143264730710327,0.0144853135395365,0.0144853135395365,0.0142884694584001,0.0144561652603009,0.0147216961020538,0.0192209277238814,0.0217521340511702,0.0257345278430919,0.0257603658559919,0.0259196801901201,0.0318458608535373,0.0285943836820654,0.0286539534222612,0.0283265764014633,0.018909177579887,0.0169512411561231,0.0166199732973035,0.0149331837629696,0.0150426888924355,0.0147668349392273,0.0145277014119141,commercial,10,autumn,0,13,145.7244066,1894.4172858,0
15,2021-10-09,0.0145495725899032,0.0145495725899032,0.0143086569733391,0.0143965614700927,0.014251736817725,0.0142099493678444,0.0144561705643801,0.0144610315312385,0.0147678849303431,0.0159874111230911,0.0176136031696746,0.0185792943941012,0.0175586799960028,0.0170189987391052,0.0158392635898568,0.0171885586271168,0.0160690543959498,0.014729248730722,0.0147782659049219,0.0147103368293932,0.0143817035479209,0.0145495725899032,0.0143965614700927,0.0143086569733391,commercial,10,autumn,1,13,145.7244066,1894.4172858,0
15,2021-10-10,0.0143965614700927,0.0143965614700927,0.0142658387426854,0.014251736817725,0.0143965614700927,0.0142377210015889,0.0143185398419281,0.0143185398419281,0.0143468293814427,0.0146163756141063,0.0148111729846961,0.0158988286295153,0.0163913453947969,0.0164280663305222,0.0170818592546989,0.016096213957908,0.0160896441027399,0.0151386131411336,0.0154012286315015,0.0146168591291342,0.0143669279264487,0.0149153040642844,0.0149644428093138,0.0142942992411834,commercial,10,autumn,1,13,145.7244066,1894.4172858,0
15,2021-10-11,0.0149786610365564,0.0146702121653472,0.0142712792452682,0.014610345212604,0.0144853135395365,0.0142615776468399,0.0146010058992155,0.0150554096409311,0.0203263455193524,0.022578434854011,0.0252616149105835,0.0275015269751678,0.0251279004376243,0.0298820527364295,0.032306477400082,0.03239876604123,0.0318977670624806,0.0201297626452445,0.0185942827278989,0.0182228388159299,0.0162524409241531,0.0168086852498622,0.016580383166582,0.015336893647666,commercial,10,autumn,0,13,145.7244066,1894.4172858,0
15,2021-10-12,0.0155558502589442,0.0156347598334658,0.0151030586565114,0.0154017087376766,0.015897782246517,0.0144474556647129,0.0154484479620239,0.0157168516219705,0.0233887203207199,0.0264312142086796,0.0298463638992652,0.0308001921831585,0.0289208525371847,0.0331539757851746,0.033339922801136,0.0349703698096479,0.0342169158187933,0.0222302073530119,0.0187727596159618,0.0182647099848961,0.0168531294454959,0.0172488018161789,0.0169639668247965,0.0157710457576719,commercial,10,autumn,0,13,145.7244066,1894.4172858,0
15,2021-10-13,0.0164581853447106,0.0164179866019248,0.0152492331280086,0.0140770836958859,0.0142042743140212,0.014107852926649,0.0141927868265554,0.0143135388860042,0.0191387214651756,0.0209872676206768,0.0227411382912558,0.0239808659522771,0.022522932019756,0.0262536882011171,0.0263322926323999,0.0263252871306875,0.026235951146667,0.0185886193196449,0.0158635142771377,0.0155200964876737,0.0145355431985002,0.0146553011674588,0.0145985800572173,0.0144413242344306,commercial,10,autumn,0,13,145.7244066,1894.4172858,0
15,2021-10-14,0.0144853135395365,0.0144853135395365,0.014257700227637,0.0143404888871687,0.0143404888871687,0.014107852926649,0.0143199828593986,0.0144407442012041,0.0176306137611013,0.019377391585627,0.0194038193629233,0.0208361299979145,0.0205679180033835,0.0241636805486766,0.0227015286084032,0.0243200727300842,0.0230422635399784,0.0159415939604679,0.0148772327065779,0.0147169071066233,0.0145355563485054,0.0146553073556965,0.0145985839248659,0.0143580165352184,commercial,10,autumn,0,13,145.7244066,1894.4172858,0
15,2021-10-15,0.0143404888871687,0.0143404888871687,0.014139525523652,0.0142042743140212,0.0142042743140212,0.014107852926649,0.0143199882914457,0.014440758945332,0.015835944920782,0.0193668004617982,0.0211006285306607,0.0216079888206305,0.0212181688344399,0.023856759333956,0.0242151892337739,0.0249333081933446,0.0227699990542462,0.0159055263039165,0.0148772490027192,0.0148699298665347,0.014549757155174,0.0146553135637504,0.0145985878048995,0.0142910154840049,commercial,10,autumn,0,13,145.7244066,1894.4172858,0
15,2021-10-16,0.014251736817725,0.014251736817725,0.0141023903601758,0.0141155222445775,0.0141155222445775,0.0139883316264422,0.014192803121088,0.0141976856582268,0.0139561614179572,0.0146894011496208,0.0148317845334192,0.0148035368206608,0.0147414596377557,0.014901003242961,0.0147987563823705,0.0150617537126735,0.0148949000715375,0.0145863029325595,0.0147783036529125,0.0145495725899032,0.0141961943838291,0.0143965614700927,0.014251736817725,0.0140635402728067,commercial,10,autumn,1,13,145.7244066,1894.4172858,0
15,2021-10-17,0.0141155222445775,0.0141155222445775,0.0139883316264422,0.0141155222445775,0.0139883316264422,0.0139883316264422,0.0140551562966512,0.0140551562966512,0.0140551562966512,0.0143185614879339,0.0144633861403017,0.0143635667405031,0.0147796043287129,0.0147832685723789,0.0146662752555445,0.0149452357750229,0.0149452357750229,0.0146007400312017,0.0145495725899032,0.0143965614700927,0.0142800263572396,0.0143965614700927,0.014251736817725,0.0141287443765614,commercial,10,autumn,1,13,145.7244066,1894.4172858,0
15,2021-10-18,0.0143404888871687,0.0142042743140212,0.014139525523652,0.0141290235907938,0.0135609360153061,0.0141325495949662,0.0129699359669637,0.013126614963969,0.014920809721849,0.0155506721089934,0.0171373165280202,0.017307494194932,0.0183081712048565,0.0204487673268335,0.0198086606292629,0.022023093131488,0.0210928606040411,0.0151657068008107,0.0148772981549187,0.0147169538554381,0.0145640698289936,0.0146553322883978,0.0143175602822889,0.0142136038583933,commercial,10,autumn,0,13,145.7244066,1894.4172858,0
15,2021-10-19,0.0143404888871687,0.0143404888871687,0.0141017803642031,0.0142042743140212,0.0136942710797332,0.0134861643597537,0.0131090966196123,0.0132595305282887,0.0150926106674074,0.0158148942019348,0.0179859829108127,0.018839654611385,0.0196058424731611,0.0232075977678824,0.0224076030544117,0.0229529509436422,0.022548512308774,0.0153705611173651,0.0148773146107369,0.014716965609594,0.0144523110850113,0.0146553385572809,0.0144537787734883,0.0142519078276139,commercial,10,autumn,0,13,145.7244066,1894.4172858,0
15,2021-10-20,0.0143404888871687,0.0142042743140212,0.0141017803642031,0.0142042743140212,0.0140770836958859,0.014107852926649,0.0141928250371765,0.0143136426005473,0.0163140593971037,0.0184553702176905,0.0196566647543816,0.0199890029926934,0.0203897668931066,0.0228568784247347,0.023237553381541,0.0226305399536091,0.0221395003234258,0.0154711910305079,0.0147243199745067,0.0147169773835799,0.0143205707072458,0.0143743056112248,0.0143175681250028,0.0141638444114883,commercial,10,autumn,0,13,145.7244066,1894.4172858,0
15,2021-10-21,0.0140770836958859,0.0140770836958859,0.0140770836958859,0.0140770836958859,0.0140770836958859,0.014107852926649,0.0141928305393301,0.0143136575349643,0.0153812114437347,0.0175685597794831,0.0190723934013108,0.0194103232903003,0.0199255331308752,0.0228012625709222,0.0219159847627145,0.0217305246034906,0.0212926974650622,0.0149321916130523,0.0145795118285999,0.0145721645215414,0.0142828389101701,0.0143743118994004,0.0143175720551125,0.014163848341598,commercial,10,autumn,0,13,145.7244066,1894.4172858,0
15,2021-10-22,0.0140770836958859,0.0140770836958859,0.0140770836958859,0.0140770836958859,0.0140770836958859,0.014107852926649,0.0141928360474813,0.0143136724856602,0.0152539926653788,0.0167075980777019,0.0188057976233689,0.0199963937947081,0.0194142198507769,0.0214472064854278,0.0201054263663528,0.0199710643447713,0.0208879411142841,0.014754701821719,0.0145795283530532,0.0144359617515749,0.0136902861574034,0.0143626336590664,0.0142406310979045,0.0140551009533644,commercial,10,autumn,0,13,145.7244066,1894.4172858,0
15,2021-10-23,0.0139883316264422,0.0139883316264422,0.0139883316264422,0.0139883316264422,0.0139883316264422,0.0139883316264422,0.0141928415599987,0.0141977460622292,0.0144187545217241,0.0145533018932051,0.0148318888676051,0.0147778571924498,0.0147415694632146,0.0145873322178465,0.0148962030749164,0.0147329865843111,0.0147342127098688,0.0144202402951254,0.0144645667325227,0.014251736817725,0.0140763989672298,0.014251736817725,0.014251736817725,0.0140380989160612,commercial,10,autumn,1,13,145.7244066,1894.4172858,0
15,2021-10-24,0.0141155222445775,0.0141155222445775,0.0140006330159899,0.0141155222445775,0.0141155222445775,0.0140006330159899,0.0141823689103677,0.0141823689103677,0.0140798749605496,0.0143185834835152,0.0144634081358829,0.0144658619627843,0.0147796373220847,0.0147833180624367,0.0146188730825947,0.0149452577706041,0.0149452577706041,0.0144485502137111,0.0145495725899032,0.0143965614700927,0.0141420563466331,0.0143965614700927,0.014251736817725,0.0141287443765614,commercial,10,autumn,1,13,145.7244066,1894.4172858,0
15,2021-10-25,0.0142042743140212,0.0142042743140212,0.0140770836958859,0.0140770836958859,0.0140770836958859,0.014107852926649,0.0141928525916016,0.0143137173911296,0.0152016156384316,0.015476183663568,0.0181187509807857,0.0194712456139494,0.0182863461423687,0.0215847008481854,0.0208598709796849,0.0218317891157015,0.0222466241909118,0.014931787180379,0.0148774137575924,0.0147170364287765,0.0143592133028045,0.0145105516751438,0.0144538023798825,0.0142136313828394,commercial,10,autumn,0,13,145.7244066,1894.4172858,0
15,2021-10-26,0.0142042743140212,0.0142042743140212,0.0141142691314621,0.0142042743140212,0.014139525523652,0.014107852926649,0.0142552999351862,0.0144409229807726,0.0165265366523124,0.0184576974010577,0.0203982335337743,0.0208936009522314,0.0203252703828427,0.0226172971480362,0.022094423894562,0.021915502469415,0.0227087467943373,0.0148773978483586,0.0147244191852378,0.0147170482483878,0.0143722679266623,0.014374343405789,0.0143175917466054,0.0141638680330909,commercial,10,autumn,0,13,145.7244066,1894.4172858,0
15,2021-10-27,0.0140770836958859,0.0140770836958859,0.0140770836958859,0.0140770836958859,0.0140770836958859,0.014107852926649,0.0140067632014325,0.0141447376210745,0.0152204936527818,0.0153923829135718,0.0176093712506363,0.0185171098682125,0.0186401800221663,0.020729478494526,0.0220556988295961,0.0220426894103204,0.0217277399199297,0.0150216318905412,0.014724435726194,0.0145722354109888,0.0144660853406135,0.0145105642802531,0.0144538102580758,0.0142390806177782,commercial,10,autumn,0,13,145.7244066,1894.4172858,0
15,2021-10-28,0.0143404888871687,0.0142042743140212,0.0140770836958859,0.0142042743140212,0.0142042743140212,0.014107852926649,0.0143200597490602,0.014440952901714,0.0164723007263859,0.0183957141809965,0.0214670897117247,0.0222445161215792,0.019145964518942,0.0201899320083144,0.0212327979122835,0.0181932792361901,0.0165010834241043,0.0145384766906728,0.0142210630636051,0.0141124240925741,0.0138365207651938,0.0133666342683206,0.0131586500495535,0.0127701198073969,commercial,10,autumn,0,13,145.7244066,1894.4172858,0
15,2021-10-29,0.0122054806073132,0.0112526703814243,0.011000558998433,0.0109486343505343,0.0105165515164819,0.0103548171263442,0.0101314697455699,0.0103059372009775,0.0110419702814948,0.0122118606668139,0.0143524757087158,0.0152947679025611,0.0154085329809654,0.0159645663115893,0.0154278293959809,0.0159527136021861,0.0157779185108062,0.0138869937767947,0.013271330474476,0.0131265925312139,0.0128754980116903,0.0126908401337944,0.0126095215396631,0.011412134913539,commercial,10,autumn,0,13,145.7244066,1894.4172858,0
15,2021-10-30,0.0108724367842334,0.0105187257755204,0.0101791287274575,0.0101180599436751,0.0100815620518061,0.0099209327805893,0.0098886839200289,0.0102313095006844,0.0105265243665544,0.0108644669928384,0.0112146775258714,0.0113491006755446,0.0123250234625171,0.0128219849685781,0.0133069137080408,0.0134446953304418,0.0129478838055584,0.0123570941215474,0.0120779800690265,0.0115105452007923,0.0113474236871044,0.0109863188325136,0.0108726095789782,0.0109320101537845,commercial,10,autumn,1,13,145.7244066,1894.4172858,0
15,2021-10-31,0.0111878804695033,0.0112063675567925,0.0105784591326171,0.010451725956722,0.0104435790087277,0.0102763199409877,0.010453281545689,0.0104730560054415,0.0102577080958081,0.0108007089251065,0.0116108850063732,0.0113490603879216,0.0127543581537817,0.0128852378160596,0.0130160291747034,0.0145258448786247,0.013996594453961,0.0136132975633487,0.0127028125561931,0.0125753157944229,0.012407574393445,0.0126716823011846,0.0131732590557546,0.0136088919473876,commercial,10,autumn,1,13,145.7244066,1894.4172858,0
15,2021-11-01,0.0140770836958859,0.0140770836958859,0.0140770836958859,0.0140770836958859,0.0140770836958859,0.0140860664903361,0.0141928910997351,0.0143138219132064,0.0152018081790993,0.015332698405223,0.0155708519335134,0.0155460944942411,0.0155271969055851,0.0190562366204041,0.0181689727932323,0.0181560668873322,0.0180780240325915,0.0148019634803934,0.0144434789366673,0.0145722942938378,0.0143207311448882,0.0145105956844393,0.0143176153125447,0.0141885882673473,commercial,11,autumn,0,13,145.7244066,1894.4172858,0
15,2021-11-02,0.0142042743140212,0.0142042743140212,0.0140770836958859,0.0142042743140212,0.0140770836958859,0.014107852926649,0.014192896566155,0.0143138367506317,0.0152018355111985,0.016330303948572,0.018595613760273,0.0184464893035561,0.0181987940670686,0.0207858732728871,0.0211016675918398,0.0209289704412224,0.0211937786230867,0.0148019837842385,0.0147245345614421,0.0147171306599624,0.0143207444204792,0.0145106019317763,0.0143176192171303,0.0141638955036158,commercial,11,autumn,0,13,145.7244066,1894.4172858,0
15,2021-11-03,0.0140770836958859,0.0140770836958859,0.0140770836958859,0.0140770836958859,0.0140770836958859,0.014107852926649,0.0141929020190191,0.0143138515512628,0.015213913061014,0.0166204183597391,0.0192159648603273,0.0212231834610215,0.0201401360758419,0.021713058017327,0.020321123106553,0.020812109193214,0.0206647074256192,0.0147464616038379,0.0145797262676667,0.0144361031191559,0.0142583158353832,0.0143743935904735,0.0143176231120332,0.0141638993985187,commercial,11,autumn,0,13,145.7244066,1894.4172858,0
15,2021-11-04,0.0142042743140212,0.0140770836958859,0.0140770836958859,0.0140770836958859,0.0140770836958859,0.014107852926649,0.0141929074567126,0.0143138663107167,0.0154024736253984,0.0170321919603627,0.0199933141928258,0.0204782320573262,0.0190078226470722,0.0220128654522194,0.0236913619553599,0.0233334499741965,0.0227956814018273,0.0158196868577902,0.0145797425807473,0.0145723293445038,0.0143335376875748,0.0145106143781279,0.0143176269961,0.0141885999509027,commercial,11,autumn,0,13,145.7244066,1894.4172858,0
15,2021-11-05,0.0142042743140212,0.0142042743140212,0.014139525523652,0.0142042743140212,0.0142042743140212,0.014107852926649,0.0141929128776253,0.0143138810246225,0.0164506409426872,0.0192623537185467,0.0208000137357797,0.0239375348860092,0.0212538787865274,0.0252397316574392,0.0255199170813946,0.0242536996002577,0.0237550311123025,0.0165495207347458,0.0147468736988904,0.0145723409607452,0.0143855328244192,0.0143744060003091,0.014453845441328,0.0141762085442137,commercial,11,autumn,0,13,145.7244066,1894.4172858,0
15,2021-11-06,0.0139883316264422,0.0141155222445775,0.0139883316264422,0.0139883316264422,0.0139883316264422,0.0139883316264422,0.0141929182801517,0.0141978666224697,0.0144436155903692,0.0148345712791795,0.0148320971080205,0.0149900565701489,0.0147417886636518,0.0147405515780723,0.0150132786687707,0.0148938933040853,0.0147343661501748,0.0146333893406257,0.0144646434526757,0.0144128744555864,0.014251736817725,0.014251736817725,0.014251736817725,0.0141155222445775,commercial,11,autumn,1,13,145.7244066,1894.4172858,0
15,2021-11-07,0.014251736817725,0.014251736817725,0.0140507734542082,0.0141155222445775,0.0141155222445775,0.0139883316264422,0.0141824126746203,0.0141824126746203,0.0141824126746203,0.0144634519001356,0.0144634519001356,0.0146504853657791,0.0146287851016219,0.0144696411727047,0.0148127473707067,0.0146660511890471,0.0150404812091729,0.0144634519001356,0.0143965614700927,0.0143965614700927,0.0141155222445775,0.014251736817725,0.0141155222445775,0.0140507734542082,commercial,11,autumn,1,13,145.7244066,1894.4172858,0
15,2021-11-08,0.0140770836958859,0.0127600496743126,0.0131139043712865,0.0108713968872052,0.0104358071271303,0.0095934532537946,0.009604798049239,0.0091853779655999,0.009322825862851,0.0099554037608193,0.0104208019548077,0.010391705204034,0.0111823089043389,0.011056147651098,0.0107566651685766,0.0110523014335773,0.0115939747483012,0.0099873522527206,0.0100432256698199,0.0096860930186052,0.0092614674317897,0.0094690424209257,0.0090948595062924,0.0087959294375367,commercial,11,autumn,0,13,145.7244066,1894.4172858,0
15,2021-11-09,0.008638460338543,0.0085510535209314,0.0084967087551383,0.0084842939881588,0.0084706215440817,0.0083850335436445,0.0081146638272164,0.0081083809766845,0.0084373331807241,0.009424117061625,0.0098915984608477,0.0099886163544214,0.0113354173524457,0.0116732500403609,0.0116959784097051,0.0121943470405808,0.0117481378455465,0.0104301244107215,0.0101507557441312,0.0100870997693154,0.009549225763925,0.0096296128304812,0.0095444576976824,0.0090792843498554,commercial,11,autumn,0,13,145.7244066,1894.4172858,0
15,2021-11-10,0.0090619417017295,0.0090127822556801,0.008718869115984,0.0088982636948085,0.0088972655815925,0.0087307547748835,0.0088560755909563,0.0086892778292603,0.009160292147796,0.010234090678713,0.0107067537308558,0.0108063422139946,0.0120021112930362,0.0120903346161314,0.011892053123924,0.012623334859587,0.012570534223687,0.0109704399371378,0.0107800743317056,0.0104359509903201,0.0098863957590206,0.0099710413890392,0.0095946221998147,0.0095003159009528,commercial,11,autumn,0,13,145.7244066,1894.4172858,0
15,2021-11-11,0.0093975188588911,0.0093396725881053,0.0089401930226296,0.0089687948201137,0.0091967236096269,0.0088007849541616,0.0089135753210413,0.0090488105582351,0.009674450372018,0.0102881864520765,0.011162144420009,0.011677783931547,0.012146118807129,0.0127865734156837,0.0133342640934794,0.0130767999120097,0.012863166213934,0.0114380527265371,0.0108878353803711,0.0105362803978101,0.0104293519712507,0.0106416909777509,0.0099993067552548,0.0099063423833675,commercial,11,autumn,0,13,145.7244066,1894.4172858,0
15,2021-11-12,0.0097771628927068,0.0097228221541213,0.009474781107828,0.0096262134279167,0.0096191740528319,0.0094946169522776,0.0093451269979354,0.009460201244158,0.0103344735368657,0.0111538731480994,0.0120533426071684,0.0123084259973658,0.0125938846038761,0.014466358104479,0.0149540620402142,0.0146410076048599,0.0138393659106107,0.0115279572326139,0.0112601951334032,0.0112001936346342,0.0107615592755031,0.0107673330435393,0.0106806418537376,0.0101883670594094,commercial,11,autumn,0,13,145.7244066,1894.4172858,0
15,2021-11-13,0.0100724048025942,0.0099978481311268,0.0095703660559245,0.0093744519481299,0.0093256111741541,0.0092196478189189,0.009663413736476,0.0094497302520878,0.009685836948642,0.0103496609593176,0.010707394700805,0.0109539458297282,0.0112214814997249,0.0115785024989533,0.0114231245581953,0.0115899337836956,0.0115278410115375,0.01048933338422,0.0105532929788322,0.0101834438375217,0.0096022787938293,0.0097610023329864,0.0095008420290713,0.0095788440159801,commercial,11,autumn,1,13,145.7244066,1894.4172858,0
15,2021-11-14,0.0094464410533503,0.0094092818571077,0.0091401383554706,0.0093160590797439,0.0090723932278574,0.0088904974674992,0.0087623913386946,0.0087393268603524,0.0090138360320899,0.0095946627642098,0.0099631783418102,0.0100773633824209,0.0106300273468084,0.0111358813031745,0.0108325342541218,0.0115659487662113,0.0111192338630599,0.0105050229527343,0.0102266833855249,0.0101892955553421,0.0094260431206671,0.0097950559871545,0.0095825540537495,0.0093038759857967,commercial,11,autumn,1,13,145.7244066,1894.4172858,0
15,2021-11-15,0.009333671498534,0.009884827072058,0.009861839344889,0.0101051495284589,0.01010711693323,0.0096013228393628,0.009511439519572,0.0097221479430778,0.011241368228841,0.0113082066400065,0.0119290969258244,0.0121256907926567,0.0129320458982637,0.0125502183805638,0.0134210395615699,0.0138535515027731,0.0133243396275554,0.0122446228990691,0.0118450894169094,0.0109877660216399,0.0106437039067496,0.0103156292848875,0.0102260113661957,0.0100706758080945,commercial,11,autumn,0,13,145.7244066,1894.4172858,0
15,2021-11-16,0.0100151361491127,0.0096994151097161,0.0095639289065016,0.0093540278565679,0.0095660042787346,0.0097275437785846,0.0095935347325529,0.0097727839533998,0.0112936029096675,0.0118117482705834,0.0134037673541954,0.0151702996506272,0.0153830224258342,0.0154969220066128,0.0157584131374273,0.0154991348368941,0.0156757218440322,0.0146012966868423,0.0138074073273677,0.0132114990593442,0.0134442908680002,0.0132115468874304,0.0128178057419197,0.012611728581306,commercial,11,autumn,0,13,145.7244066,1894.4172858,0
15,2021-11-17,0.0119520680980361,0.0118181818660466,0.0113762936591533,0.0118284732488019,0.0113868222941044,0.011423737695017,0.0118632508350234,0.0121443548334907,0.0138109496794573,0.013931243064969,0.0151257539396496,0.0152689115970344,0.0153830639236102,0.0159160602637053,0.0155373006289217,0.015706102685039,0.0157049930237762,0.014551175177434,0.0136151367773395,0.0130258930789631,0.0128089687904022,0.0126290785087386,0.0122133805748346,0.0116412975565072,commercial,11,autumn,0,13,145.7244066,1894.4172858,0
15,2021-11-18,0.0111112185161051,0.0109525520332126,0.0109287260907355,0.0108159939113556,0.0107838249429169,0.0104572928495572,0.0105265420912696,0.0107279962222539,0.0117241686064725,0.0121961631464188,0.0123967882078288,0.0140916730488101,0.0147456382499239,0.0154655960717258,0.0154684360182447,0.0153164501583868,0.0153102488853178,0.0145388925789273,0.0130418023422855,0.0124527899561704,0.0134053807278761,0.0131654146341545,0.0131626856657491,0.0130781664860351,commercial,11,autumn,0,13,145.7244066,1894.4172858,0
15,2021-11-19,0.0121015223118651,0.0115928919645488,0.0119153314182504,0.0117223024462123,0.0109302917256412,0.0111452029696546,0.0108494524322399,0.0110267357631634,0.0131586828638494,0.0144665893512713,0.0152164108006585,0.0153011593067632,0.0152469314277181,0.0156248402198652,0.0153906261199081,0.0154641162549381,0.0154824443096662,0.0145389112266344,0.0142534744900113,0.0141553901717837,0.0142585200839646,0.0138841972198333,0.0137002044412866,0.0141639594716309,commercial,11,autumn,0,13,145.7244066,1894.4172858,0
15,2021-11-20,0.0134256623152282,0.0135064508819395,0.0139708963634018,0.0134938035618898,0.0139883316264422,0.0139933520533337,0.014192991101836,0.014197981056545,0.0144190749685183,0.0144265599005818,0.0146874701145101,0.0146232504273186,0.0147419967256069,0.0149015134764197,0.0145384217250129,0.0144354285326879,0.0144366760213652,0.0140627884476229,0.0141836770488448,0.0141155222445775,0.0139883316264422,0.0139735128203407,0.0139254832240994,0.0139883316264422,commercial,11,autumn,1,13,145.7244066,1894.4172858,0
15,2021-11-21,0.0139883316264422,0.013946189085067,0.0139433108247782,0.0138370531669558,0.0139883316264422,0.0139288806593606,0.0136795603157677,0.0134039319581641,0.0140552634153721,0.0141824540335073,0.0143186686066548,0.0141981725539625,0.0141849504219785,0.0141886950046852,0.0142793775452454,0.0141824540335073,0.0141824540335073,0.0142494589647544,0.0139883316264422,0.0139883316264422,0.0139883316264422,0.0139883316264422,0.0139883316264422,0.0139883316264422,commercial,11,autumn,1,13,145.7244066,1894.4172858,0
15,2021-11-22,0.0140770836958859,0.0140770836958859,0.0140770836958859,0.0140770836958859,0.0139691431063942,0.0141115539841946,0.0122487415795083,0.0121411567409353,0.0119582487094273,0.0123807738340466,0.011798157751372,0.0110467139977266,0.0110972358888265,0.0100064008660127,0.0099057247493146,0.0100157782538789,0.0100438949973186,0.0095068773422411,0.009241566835065,0.0091638356337548,0.008784585857949,0.0087063587809404,0.0086300881098228,0.0079275859137259,commercial,11,autumn,0,13,145.7244066,1894.4172858,0
15,2021-11-23,0.0082054942675002,0.0079732178680615,0.0080239727931022,0.0079470037569864,0.0079090200927416,0.0081403112193801,0.007720421740532,0.0077253663277638,0.0077094276794269,0.0085002430008552,0.0085570007416336,0.0083116823930618,0.009032499489684,0.0090092862081742,0.0085478000786926,0.0090633633981092,0.0090872655718591,0.0085376082830804,0.0085805716002946,0.0085544033763374,0.0083314999549192,0.0084758064001925,0.008475267681843,0.0083039699247715,commercial,11,autumn,0,13,145.7244066,1894.4172858,0
15,2021-11-24,0.0083829688845732,0.008410946736727,0.0091407390720565,0.0095660517738137,0.0101234461449689,0.0107016606372314,0.0092414728367463,0.008105803025054,0.008492850052161,0.008909227523007,0.0093832738822983,0.0099517067074529,0.0111731640070132,0.0111551426303403,0.0113147333990544,0.0112348706141832,0.0116005734987459,0.0103615942218166,0.0099662282596476,0.0093065774759242,0.0093384791570095,0.0091446598438182,0.0090673302561597,0.008724091772126,commercial,11,autumn,0,13,145.7244066,1894.4172858,0
15,2021-11-25,0.008616106557274,0.0085760507045653,0.0084010477548803,0.0083282572220183,0.0083071973387116,0.0084656354224148,0.0084780532879636,0.0085411413063765,0.0091087223476965,0.010592790157136,0.0111020929345658,0.0112053123652252,0.0123752799753239,0.0131210532181841,0.0125619976891227,0.0126860201459005,0.0131535270081838,0.0111687088424393,0.0110389245174849,0.0104088692866881,0.0101806512170812,0.0096676421982687,0.0098269801392338,0.0094793646806679,commercial,11,autumn,0,13,145.7244066,1894.4172858,0
15,2021-11-26,0.0093613587289019,0.0087911376158298,0.009003090597255,0.0086925214614133,0.0088786526511774,0.0087126557572193,0.0086074833037438,0.0087155237558126,0.0098594584682867,0.0110873496235777,0.0115795201270219,0.0117124628059047,0.0125345253487993,0.0137819933959137,0.0144583625188987,0.0146327273412899,0.0144344278680886,0.0116070823528276,0.0114726734115511,0.0108484183658515,0.0104895024960807,0.0106558736643107,0.0100071565601042,0.0098379205226435,commercial,11,autumn,0,13,145.7244066,1894.4172858,0
15,2021-11-27,0.0094098728358729,0.0093448005282614,0.0093459781327685,0.0092550575711984,0.0089521275888269,0.008894295446874,0.0089647825421591,0.008752234824715,0.0093099784535348,0.0099296215288323,0.0103016289428427,0.0104271226938441,0.0110571223858474,0.0114700091075452,0.0111373524853888,0.011946661807151,0.0114413264986944,0.0105344945457722,0.0104708753187674,0.0100746249409621,0.0096394062166148,0.0091896768255513,0.009376355129456,0.0091172742066659,commercial,11,autumn,1,13,145.7244066,1894.4172858,0
15,2021-11-28,0.0090754442727569,0.0090524839752704,0.0092531551729,0.0089811505367393,0.0087084384912002,0.0085774531395187,0.0086891553389784,0.008388355984415,0.008711290897096,0.009501977060369,0.0098809216938328,0.0101158064819566,0.0109820236102973,0.0110802833322623,0.010896851195854,0.0115168302239507,0.0115238528438547,0.0107956412176902,0.0104946121772015,0.0101721975345786,0.0100062566776283,0.0102263190837065,0.0099315585020538,0.0097638571730002,commercial,11,autumn,1,13,145.7244066,1894.4172858,0
15,2021-11-29,0.0094601981273194,0.0094413149873663,0.0095723169472497,0.0090223976645083,0.0089879132147218,0.0089190975673052,0.008743699053254,0.008891143620292,0.0104329272344452,0.011731017082368,0.0124082964450956,0.0137181668304165,0.0138960975005987,0.0148160764356857,0.0154646736884835,0.0156082447405189,0.0156220343441751,0.0136026167311961,0.0119729134153743,0.0114816546110724,0.0115048530181594,0.0115958897570038,0.0118792105132191,0.0110105158514175,commercial,11,autumn,0,13,145.7244066,1894.4172858,0
15,2021-11-30,0.0108021967537747,0.0106782896964263,0.0103325387649976,0.0104071978357418,0.0103707827476728,0.0096942061826243,0.0097635743933253,0.0099990957885407,0.0111188934429397,0.0119390365745802,0.012578448497414,0.0124915581097503,0.013602348180302,0.0148839723097702,0.0149077017766397,0.0142670512114874,0.0131060753915404,0.0117718855628586,0.0101991149279749,0.0099668034570308,0.0095835510883466,0.0097445309269366,0.0098066028298901,0.0105831222775406,commercial,11,autumn,0,13,145.7244066,1894.4172858,0
15,2021-12-01,0.0117986011474198,0.0116597806322223,0.0116028946248929,0.0111440583970147,0.0108031108538336,0.0104952986701635,0.0104276159898182,0.0105711775502509,0.0113598718367393,0.0122630109593794,0.0122756135613486,0.0128743343268004,0.0140567779813702,0.0150606712230933,0.0152013119488825,0.0152000570705595,0.0152138607321128,0.013071600067488,0.0119750453316263,0.0117339873422586,0.011178795873909,0.0109911302058217,0.0107224524596612,0.0098939911533412,commercial,12,winter,0,13,145.7244066,1894.4172858,0
15,2021-12-02,0.0093048995341354,0.009211626710654,0.0091770726479465,0.008878499208254,0.0088067714365006,0.0087005646967162,0.008476273966813,0.0085200267666413,0.0091721924471232,0.0098964469592969,0.0103729314551166,0.0110246715543009,0.0126807642384999,0.0128610163919528,0.0143290108468142,0.0145497651627814,0.0136498238735699,0.0128085265872174,0.0129184807448339,0.0121629269651955,0.0112000035132179,0.0109449106056273,0.0106600999776862,0.0111070241132263,commercial,12,winter,0,13,145.7244066,1894.4172858,0
15,2021-12-03,0.0103878777772171,0.0099862924944105,0.0098814279952909,0.0098084923843535,0.0090855608123499,0.0089432419860019,0.0087427485374859,0.0088148385879491,0.0095565587474769,0.0105849519974272,0.0111496491872124,0.0125613588486745,0.0132321479915859,0.0140843677159701,0.0152013542957392,0.0145199396388681,0.0143683307786793,0.013396752630491,0.0135637416438268,0.0123301716988599,0.0117734322740552,0.011853713984572,0.0116052266015349,0.0111196170121793,commercial,12,winter,0,13,145.7244066,1894.4172858,0
15,2021-12-04,0.0107498878428681,0.0103979492437299,0.0106247014229456,0.0102992745202127,0.0102514733745073,0.0098964539024457,0.0095798380063608,0.0087791531963624,0.0090756791327665,0.0095819145372704,0.010068225539023,0.0105866670244653,0.010687049203539,0.0105313296899262,0.0108057609926802,0.0108085546286541,0.0104463876105842,0.0099250914918835,0.0097792793256764,0.0094379248298725,0.0092333693296753,0.009058818548243,0.0087650205862799,0.0087143672283236,commercial,12,winter,1,13,145.7244066,1894.4172858,0
15,2021-12-05,0.0086895624988419,0.0086905538085326,0.008613497739055,0.0084470162756605,0.0094062374067087,0.0093709108635846,0.0092258952049136,0.0091110269507488,0.008827248123724,0.008547185127248,0.0088265167447251,0.008741405120692,0.0091689563427178,0.0094887553353943,0.0093035612496507,0.0095030705083313,0.0092061092396034,0.008890790193649,0.0093381506205899,0.0099242732979016,0.0106583410905707,0.0112291075818788,0.0115127375541545,0.0116660717738545,commercial,12,winter,1,13,145.7244066,1894.4172858,0
15,2021-12-06,0.0114569005344058,0.0112808028644823,0.0116942961372022,0.0119162938317596,0.0120657238702804,0.0121465904938515,0.0104559415330794,0.0091780886250883,0.0086160657869437,0.0093096931227555,0.0097849217881138,0.0104545558745329,0.0112015291519259,0.0113893835613376,0.0121178562957476,0.0124228686135045,0.0122193653302896,0.0120699432002286,0.0112378090086269,0.0106928026391111,0.0100509537201308,0.0099728885014837,0.0097260122983936,0.0093377034066203,commercial,12,winter,0,13,145.7244066,1894.4172858,0
15,2021-12-07,0.0091036709028828,0.0089958417432796,0.0090657250806945,0.0089571188925126,0.0089393037657064,0.0090161318790412,0.0088952258640075,0.0090144440464882,0.0096762904770815,0.0100403890055796,0.0106456862900492,0.0103485949752353,0.0116932223748811,0.0112346287716145,0.0113901159794182,0.0117106431709393,0.0116745808863686,0.0106776229532908,0.0099445556149263,0.0101581463477732,0.0095497471934437,0.009258265468153,0.0088824549661503,0.0091420378811472,commercial,12,winter,0,13,145.7244066,1894.4172858,0
15,2021-12-08,0.0089937361537355,0.0086733101544912,0.0085351127649201,0.0085980684120878,0.0083822407152342,0.008399554628145,0.0082646542222049,0.0082771833036951,0.0086249148697799,0.0093783036222391,0.0098400444429761,0.0096581831117837,0.0105399659069212,0.0107900526136425,0.0106087683904739,0.0108692718733295,0.0108148178925236,0.0097888075672233,0.0096958316271607,0.0093490863690519,0.0087892843462338,0.0085977176471843,0.0085203778780383,0.0081299639286557,commercial,12,winter,0,13,145.7244066,1894.4172858,0
15,2021-12-09,0.0078649661130674,0.0078298881583052,0.0077077660907467,0.0089858977466514,0.0097444902840054,0.0108296255708971,0.0089209667651547,0.0078572317498955,0.0070159384515072,0.00768569184973,0.0081466083978705,0.0088247182745203,0.0097767894365321,0.0099202069519258,0.0103396790567757,0.0103799843960613,0.0099586475947817,0.0093472158543423,0.0089771205387899,0.0086167942371223,0.0084099151428912,0.0081871068288925,0.0081166101836839,0.0079375513145344,commercial,12,winter,0,13,145.7244066,1894.4172858,0
15,2021-12-10,0.0081258568569168,0.0087157747651332,0.00940606324562,0.0102748238107905,0.0109256541895921,0.0116854776220395,0.0097087691341107,0.0085335118105479,0.0078579521053294,0.0089149130060891,0.0097831569140218,0.0102232460453205,0.0111955531597475,0.0103848732112588,0.0110721861310212,0.0112430600741389,0.0108026111348086,0.0104427017162127,0.0096110674962239,0.0098226589971919,0.0094706403163738,0.0094019215354342,0.0093210821488987,0.0092426682615658,commercial,12,winter,0,13,145.7244066,1894.4172858,0
15,2021-12-11,0.0090659829410787,0.0089892726343293,0.0087245696161915,0.0086674193859946,0.0084561719213549,0.0089095689423656,0.0084400632825757,0.0084451562518442,0.0082941434874183,0.0086819548011401,0.0093704204820106,0.0096337393543981,0.0099175188276496,0.0101183712538264,0.0101377080668994,0.0098115422323151,0.0097462560088237,0.0094281065357331,0.0095396933383996,0.009456158933973,0.0089067566523615,0.0090906607559188,0.00885292670101,0.0091203803950757,commercial,12,winter,1,13,145.7244066,1894.4172858,0
15,2021-12-12,0.0095489986455997,0.0098831889018488,0.0103356498346032,0.0104715093900118,0.0107107773239182,0.0114024921749993,0.0108043912460514,0.010665767266884,0.0106576610622779,0.0101794682487522,0.0100353673508134,0.0097681907268557,0.009240382039624,0.0093144900913789,0.0092623852336254,0.0095907205793103,0.0097320096105142,0.0100335694710659,0.0107647276222916,0.0110688132901714,0.0114686010102955,0.0112653141461398,0.0113885788501071,0.0116811823142281,commercial,12,winter,1,13,145.7244066,1894.4172858,0
15,2021-12-13,0.0113594325148542,0.0113697502007459,0.0114458016829934,0.0115868078380756,0.011499796318788,0.011713795634676,0.0101518106514988,0.0091899733669613,0.00988923969191,0.0102989507454603,0.0101483708543902,0.010347907398979,0.0110959236554043,0.0116704237798303,0.0115223251025146,0.0118280136559596,0.0122573162151345,0.0112482164501473,0.0110907257839189,0.0108563777683872,0.0108566945236828,0.0101481407717766,0.0098941971314742,0.0104429772581903,commercial,12,winter,0,13,145.7244066,1894.4172858,0
15,2021-12-14,0.0106298061998883,0.0104128793889674,0.0102386018087679,0.0101622058685924,0.0098260230978987,0.009893021423605,0.0097377640640212,0.0097868973536217,0.0108849674461536,0.0117141444501106,0.0121833930999339,0.012503169347988,0.0139284288818825,0.0132440178007259,0.0134530783262737,0.0146282558254926,0.0141801608951552,0.0133383158967606,0.0125207440691039,0.0123025331066861,0.0116601323047888,0.0116232897864629,0.0113944634496135,0.0113179571346765,commercial,12,winter,0,13,145.7244066,1894.4172858,0
15,2021-12-15,0.0114062644547993,0.0104942498903521,0.0110622074789648,0.0103400327382957,0.0099451103870979,0.0106730064620926,0.0099119100042827,0.0100287047337369,0.0115793280292885,0.011837015156487,0.0130029050097362,0.0129798124122758,0.0140335556579907,0.0138227882947292,0.0141398422628755,0.014570613019606,0.0146078196935732,0.0136216634276256,0.0123658067498356,0.011377721838175,0.0114904139043317,0.0102880458501306,0.0096537871755356,0.0099616241147753,commercial,12,winter,0,13,145.7244066,1894.4172858,0
15,2021-12-16,0.0090088448525184,0.0084962980237785,0.0087661412201694,0.0082083650481186,0.0081664893145344,0.0082185609384154,0.0080494793013107,0.0080263103244001,0.0083102713902641,0.0081835727760863,0.0086018902168875,0.0084803584021666,0.0094317936221833,0.0090990757112754,0.0085588032554525,0.0087133159145531,0.0083142608033289,0.0079970921349707,0.0078043864410693,0.0077674140327304,0.0073840559186507,0.0073715661448987,0.0076684928413117,0.0085397500208894,commercial,12,winter,0,13,145.7244066,1894.4172858,0
15,2021-12-17,0.0101505482050502,0.0115782886578228,0.0118393873691285,0.0128924771696708,0.0134558778263726,0.0137332537756409,0.0112912074574974,0.0106146861898246,0.0065770370270184,0.0067931913320382,0.0068331096129941,0.007212701357463,0.0078238217222452,0.0073060931116436,0.0074176458281544,0.0073515898130879,0.0073366236717858,0.0069873335683137,0.0074712569754556,0.0084394114775978,0.0096304622639952,0.0105300774984525,0.0136092324386149,0.0141961256819581,commercial,12,winter,0,13,145.7244066,1894.4172858,0
15,2021-12-18,0.0168316408302023,0.0172561415199664,0.0176511247086864,0.0188418766058488,0.019232060756519,0.0195813830585827,0.0158357475864019,0.0158365051928223,0.0113184925434334,0.0103879122535364,0.0092432162639548,0.008631904857642,0.010676030551006,0.0106516710121803,0.0109435700590132,0.0112349545710937,0.0119900668523335,0.0133336307814183,0.0148551922693254,0.0160281641082597,0.0161617076214306,0.0163228016046202,0.0165172864091031,0.0174846725029576,commercial,12,winter,1,13,145.7244066,1894.4172858,0
15,2021-12-19,0.0181183445443196,0.0182682191426378,0.019286123128836,0.0193720286639419,0.0195826337088469,0.0205505043933634,0.0200098167107932,0.0193398129528609,0.0178821414595858,0.0161567149540378,0.0151528950728771,0.0143250127014272,0.0133221270792919,0.0131060714560809,0.0133436820691558,0.0132734877794241,0.0139125448786187,0.0147916777334782,0.0152970419127567,0.015339014447258,0.0156698498032142,0.0157224173079472,0.0158315346369522,0.0164169453195326,commercial,12,winter,1,13,145.7244066,1894.4172858,0
15,2021-12-20,0.0158302504863907,0.0163221874487843,0.0163329677326264,0.0168876773971903,0.0176126022473641,0.0168897814324822,0.0147706067231825,0.013144992972718,0.0067953593960794,0.0075408656169911,0.0079922073393983,0.0083419767785609,0.0094995503415685,0.0097169031241772,0.0096072672622217,0.0105401632731721,0.0102037292283465,0.0091962246652112,0.0087175477154289,0.0083532828578943,0.0081479143082917,0.0080542623373251,0.010205819472031,0.010211686033109,commercial,12,winter,0,13,145.7244066,1894.4172858,0
15,2021-12-21,0.0120711690537914,0.0127306456372209,0.0128592800841105,0.0139177679255519,0.0142872148758864,0.0142606360018313,0.0124173467593995,0.0110490319997703,0.0072321103623778,0.0076238348200899,0.0084623414427368,0.0090676329252043,0.0100002751855789,0.0102178091758633,0.0103856803769582,0.0102868543435873,0.0098864370380787,0.0092433272564131,0.0088429303608472,0.0084707602285608,0.008036545956383,0.0080465739286175,0.0079937630234531,0.0083254916566855,commercial,12,winter,0,13,145.7244066,1894.4172858,0
15,2021-12-22,0.0096102782556278,0.0103454723039041,0.0109046848256132,0.0113523104445785,0.0120232960803988,0.0122402866964859,0.010221559818535,0.0093153863017652,0.007802130535771,0.0088818153141353,0.0097490232261603,0.0098096874293617,0.0110866724565792,0.0111174602937959,0.0111920249868747,0.0120178401008653,0.0111976962061843,0.010491070193409,0.0093268989775045,0.0089323269072036,0.0089758476856729,0.0085261991294281,0.0087108741216371,0.0084032063220392,commercial,12,winter,0,13,145.7244066,1894.4172858,0
15,2021-12-23,0.0085386628484877,0.0085066778242623,0.0083500587233386,0.0082566586691968,0.0085250044045865,0.0088703558918859,0.0084470548393513,0.0084849164494994,0.0092594272310598,0.0097713305373192,0.010241360398302,0.010486244496096,0.0115030071251715,0.011130475838166,0.0123325661193374,0.0114229012230926,0.0125867667536184,0.0119799447446716,0.0109442343625213,0.0111780111172501,0.0111009071543733,0.0109479024558049,0.0099576885461115,0.0097730873671467,commercial,12,winter,0,13,145.7244066,1894.4172858,0
15,2021-12-24,0.0095127422827164,0.0099988697432512,0.0094525259677389,0.0090432473867288,0.0083482615090861,0.0085918487170835,0.0082752692509026,0.0086468093491877,0.0093669903711981,0.0108715546813082,0.0118812632519555,0.011612518945991,0.0127436300289073,0.0125787463656783,0.012426455439254,0.013241312696946,0.0132036799850978,0.0113269708982348,0.0110726351218394,0.0107153482443905,0.0100507153744966,0.0099555899793581,0.0098596667265505,0.0094298043877397,commercial,12,winter,0,13,145.7244066,1894.4172858,0
15,2021-12-25,0.0089968724636485,0.0086837043530468,0.0087250618759839,0.0083154569858685,0.0082892090815544,0.0083916365722354,0.0080238082474486,0.0077404252571458,0.0082140417581935,0.0084739362889763,0.0088032803062148,0.0090592501592561,0.0096429321617596,0.0098748689306797,0.0099777074858939,0.0101587852096674,0.0098320369978563,0.0093495803779399,0.0090559989042809,0.008689552860502,0.0084938008480323,0.0081714656559577,0.0087550610480234,0.0089134065651459,commercial,12,winter,1,13,145.7244066,1894.4172858,0
15,2021-12-26,0.0097122887764031,0.0101965396573177,0.0103910889706733,0.0106251963703083,0.0109375563241444,0.0113857170466173,0.0111306856198315,0.0107851792728074,0.0101111468179,0.0097369309416423,0.0091171872803192,0.0088724571811621,0.009978977818006,0.010378511066828,0.0102279800210707,0.0098388916230365,0.0094777425556753,0.0095281388816655,0.0094074422244898,0.0097200494987022,0.0103468973393346,0.0108388359972318,0.0111097077714929,0.0116374352961558,commercial,12,winter,1,13,145.7244066,1894.4172858,0
15,2021-12-27,0.0114823138432107,0.0116200025064213,0.0119110783535408,0.0118935828292394,0.0120464547114577,0.0122739192705958,0.0104904845478592,0.0093089556827335,0.0088158893714561,0.0094030400588047,0.0105519470272969,0.0106578090678328,0.0119682087131809,0.0117597548722387,0.0115829077617413,0.0120386981634851,0.0120604893179222,0.0108987552465481,0.0108471039544414,0.0102483154652207,0.0096817480432694,0.0108038407029528,0.0106202284436429,0.0094038184016635,commercial,12,winter,0,13,145.7244066,1894.4172858,0
15,2021-12-28,0.0094864573697798,0.0093701631178954,0.009116274387341,0.0092408005692702,0.0092280265028636,0.0088779956634453,0.0088745432936898,0.0093358858886558,0.0097412273263836,0.0109573543319788,0.0109959746091658,0.0111350651886267,0.0127069418416208,0.0115895309723816,0.0112098693909389,0.0117632528196178,0.0124230117535551,0.0115233406160205,0.0115235811696344,0.0109281032720637,0.0098895632013208,0.0098686129922288,0.0100063539109012,0.0093593282370552,commercial,12,winter,0,13,145.7244066,1894.4172858,0
15,2021-12-29,0.009477035939608,0.0094035464611374,0.009367579996513,0.0093655327629848,0.0093603251927032,0.009293965937068,0.0093318024129832,0.0091043193898687,0.0098679592923424,0.0110705028041695,0.0120865586329552,0.0119841415595501,0.0134351176728041,0.0140531471668791,0.0144855654659571,0.0142953219999137,0.0147420491677245,0.0127024627818733,0.0126835074165239,0.0124545905842596,0.0112242515688549,0.0110076963548796,0.0103982002892111,0.0100212640552931,commercial,12,winter,0,13,145.7244066,1894.4172858,0
15,2021-12-30,0.0101130323620192,0.0099873895757279,0.009649026503038,0.0095866234964603,0.0095560280947505,0.0092034199462454,0.0097652956553019,0.0099346562891323,0.0105852294826732,0.0120839939887968,0.0122615517044653,0.0123991615834313,0.014453341955273,0.0143869809110265,0.0140234275239831,0.0146586601169477,0.0152255936129053,0.012800722659164,0.0124793477287984,0.0123485503762483,0.0112205548350454,0.0107225441755514,0.0099489909374004,0.0094987262774,commercial,12,winter,0,13,145.7244066,1894.4172858,0
15,2021-12-31,0.0091664593210743,0.0090828601680203,0.0088631067496216,0.0087420792581939,0.0084759100685154,0.008477091970963,0.0083478216602692,0.0084219694874598,0.0086779016799978,0.0090464148238374,0.0094952271211519,0.0097071462583879,0.0106652656943873,0.0112915400434227,0.0111767255629486,0.0113982324828418,0.0113668943766798,0.010406057719901,0.0098267911474685,0.0097652428197,0.0093127124851761,0.0093127277278882,0.0086818223279549,0.0085626027685503,commercial,12,winter,0,13,145.7244066,1894.4172858,0
16,2021-01-01,0.0121117609463899,0.0117657692280764,0.0116499109395599,0.011976887733384,0.0125438323257032,0.0129778128879568,0.012454710410303,0.0107153561710432,0.011872648262715,0.0129321318335538,0.013099060282382,0.0132625548483559,0.0134440658553917,0.0142984169647519,0.0143711189779156,0.0137966053701789,0.0139600369084576,0.0134905481901108,0.013631215353781,0.0132280625228084,0.0126268553482177,0.0136331846035502,0.012489468143133,0.0128863208171367,commercial,1,winter,0,6,206.6356601,1239.8139606,0
16,2021-01-02,0.0121285093828757,0.0125388975292181,0.0124088489331099,0.0124896560920722,0.0126221400552655,0.0133236101771426,0.0129137535580139,0.0125408875970225,0.0136090542431052,0.0141552673469006,0.0150255929059634,0.0147170203570876,0.0150539115611055,0.0151086370497948,0.0142038327192969,0.0145280822874909,0.0142979600857326,0.0131421092652895,0.0139197812466499,0.013090308211993,0.0126909435809807,0.0130916390851612,0.0128549720923322,0.0128077668200592,commercial,1,winter,1,6,206.6356601,1239.8139606,0
16,2021-01-03,0.0127729451128995,0.012762069847268,0.0129239356120452,0.0132219018676184,0.013043040822007,0.0135412027546819,0.0133752623451544,0.0133132262550913,0.0134839784125139,0.0140615350242677,0.0145126856794362,0.0143938598073931,0.0134294321529438,0.0133055867711614,0.0140706702218718,0.0139012880949382,0.013511713457337,0.0134873685729011,0.0125938510260055,0.0123940053125356,0.0120243605864478,0.0117345365415986,0.011956293740516,0.0124519399895949,commercial,1,winter,1,6,206.6356601,1239.8139606,0
16,2021-01-04,0.0124989739849268,0.0130991333058412,0.0135092581954593,0.0138875650732056,0.0143481870008371,0.0147380195286253,0.0131783206578246,0.0107282127877948,0.0116000559021561,0.0122241428040725,0.0131689257143379,0.0131476068831689,0.0140089506324144,0.0144195368097993,0.0146243349169148,0.0148914192132924,0.0147962883503243,0.0131180636527603,0.0120583636615435,0.0119237477519357,0.0113347576766517,0.0110979873576314,0.0107148988444429,0.0104404165201572,commercial,1,winter,0,6,206.6356601,1239.8139606,0
16,2021-01-05,0.0103667820033247,0.0112721590186302,0.0118663490724499,0.0128929183542683,0.0137949122216578,0.0144400440131573,0.0126231323586619,0.0102941018276436,0.0104482475561226,0.0114384047654211,0.0119982985918938,0.0125388804249871,0.0137803570842337,0.0151517304455065,0.0142554786128933,0.0145712710882212,0.0144763329441379,0.0127613765024047,0.0124035759886763,0.0116920023090844,0.0113217442837144,0.0111567897998407,0.010767219197564,0.0104269338855968,commercial,1,winter,0,6,206.6356601,1239.8139606,0
16,2021-01-06,0.0101875304286734,0.0106550033549358,0.0117364672982304,0.0129233537536913,0.0140239070178569,0.0149743488118197,0.0126686005665381,0.0099097902245262,0.0104208513551493,0.0114168654925684,0.011920625765964,0.0118096671686892,0.0132073671255335,0.0134364669812397,0.0131090064965863,0.0134074497253045,0.0133638895696893,0.0116188995132758,0.0111875496947058,0.010917497593325,0.0103499021848108,0.0102254641859391,0.0103993398545357,0.0115350449539802,commercial,1,winter,0,6,206.6356601,1239.8139606,0
16,2021-01-07,0.0133831645138327,0.0147431009922152,0.015609653718525,0.016704174372963,0.0174057207339927,0.0179229903288494,0.015501786777645,0.0098390701011513,0.0102920392940883,0.0107369754716408,0.0116147019656213,0.0117335607516012,0.0134279951945635,0.0134174230071644,0.0131025436581847,0.013589017949151,0.0135463211392915,0.0118983445739552,0.0113427290053226,0.0109977017047618,0.0105221279760605,0.0104766395677175,0.0106108049520906,0.0102784200862921,commercial,1,winter,0,6,206.6356601,1239.8139606,0
16,2021-01-08,0.0118598118018061,0.0133314440457455,0.01476867361632,0.0156421895309325,0.0169617821606784,0.0175116278545125,0.0155163305895711,0.0088044810461336,0.0098681612500563,0.0103397410857398,0.0112187041834265,0.0116294982139308,0.0131366231283329,0.0141048210114627,0.0134385564113684,0.0136434589595408,0.0135780293121264,0.0120340128940164,0.0110941879645712,0.011017757869258,0.0105273180869639,0.0104772250040924,0.0101532295140182,0.0102629422834133,commercial,1,winter,0,6,206.6356601,1239.8139606,0
16,2021-01-09,0.0123852352647568,0.0139711433300173,0.0145626015417717,0.0152716493210521,0.0165169536589328,0.0173696553996395,0.0146538727038527,0.0089525521550775,0.0091937479381772,0.0098777093656361,0.0105784875617236,0.010760620197009,0.0111078212503411,0.0115901968243554,0.011578358089909,0.0112169763797544,0.0110648550719553,0.0108300701385515,0.0107789706335574,0.01171123593232,0.0128174187832994,0.0134277320062211,0.0141048746666644,0.0149819140991642,commercial,1,winter,1,6,206.6356601,1239.8139606,0
16,2021-01-10,0.0153244316092544,0.0158889611362799,0.0160861561552429,0.0163258728649224,0.0162528053390723,0.016458058292982,0.0164631459984319,0.0134166638902451,0.0124110511907912,0.0115697268086925,0.0107273790040796,0.0106757549266998,0.0106123210630286,0.0107359200023947,0.0111345047903417,0.0121261369198338,0.012488097459175,0.0133453858201428,0.0143546788395052,0.0148126076224934,0.0148780906006802,0.0150673375120281,0.0152457601128258,0.0154735299540055,commercial,1,winter,1,6,206.6356601,1239.8139606,0
16,2021-01-11,0.0151826348789093,0.015383669829945,0.0155527105533728,0.0156092181716858,0.0159952080575343,0.0160351149592967,0.0144708147621452,0.0118765850186602,0.0123170371574641,0.0130450634460733,0.0136050714014948,0.013630617506996,0.0144208853611923,0.0145654475637416,0.0143450859565255,0.0144266708483767,0.0143899663567293,0.0131950062969276,0.0123186324161758,0.01222383295943,0.0122418438243026,0.0119653925714347,0.0118367259934771,0.0114064783646502,commercial,1,winter,0,6,206.6356601,1239.8139606,0
16,2021-01-12,0.011247751020516,0.0111876030466052,0.0112566206302884,0.0109167194563129,0.0109109460758794,0.0112507206845888,0.0108927838589098,0.0109847009920078,0.0131972004908977,0.0142463188888821,0.0155100705227766,0.0154907729947198,0.0167323299059685,0.0164481457411904,0.0166759902928202,0.0165354803339785,0.0165801980588507,0.0153597521483939,0.0131616444278696,0.011905723145396,0.0116813847370219,0.0113451491752614,0.0111864809400298,0.0108680949389696,commercial,1,winter,0,6,206.6356601,1239.8139606,0
16,2021-01-13,0.0106427754815986,0.0106038399896526,0.0105163850781796,0.0106210186708451,0.0106213656746215,0.0110499119617769,0.0102573353516234,0.0101368480339006,0.0121162569151581,0.0126185182336166,0.0136101264469087,0.0143519907547746,0.0164086213072792,0.0191615141023996,0.0190454780616529,0.015412511416525,0.0151661671262998,0.014774437167705,0.0137384900399545,0.0126586621458494,0.0123300222660186,0.0123150946238933,0.0116450709010733,0.0118316136517113,commercial,1,winter,0,6,206.6356601,1239.8139606,0
16,2021-01-14,0.0110285078762587,0.0109098620867492,0.0107894662024447,0.0107068928638367,0.0106516914611304,0.0105083234816998,0.0102471934849616,0.0102102843208924,0.012097023589683,0.0126312140875403,0.0131586263624079,0.0140203281688092,0.015691949171087,0.018501650550328,0.0180274779684159,0.0151219923316548,0.0162986893243425,0.0147394423789788,0.0135486385492448,0.0132227864038684,0.012521505333861,0.0123250523509066,0.0120084331846881,0.0117142116543412,commercial,1,winter,0,6,206.6356601,1239.8139606,0
16,2021-01-15,0.0115451292640118,0.0109204223817776,0.011241337466809,0.0111032204531638,0.0110951082264156,0.0112124612726935,0.0113646356839927,0.0111785237401521,0.0141911463998291,0.0149547174834029,0.0162560866459637,0.0158665720977583,0.0184362108271474,0.017528441160292,0.0174159684641742,0.0180909523083425,0.0188779867428396,0.0161359792815734,0.0145489629590273,0.0147084597086226,0.0143223969578353,0.0143304271351346,0.0140478641977572,0.0129184291412525,commercial,1,winter,0,6,206.6356601,1239.8139606,0
16,2021-01-16,0.0134605493886933,0.0129685445111623,0.0122138047236091,0.01339242348766,0.012748097864534,0.0119831863520017,0.0126511365585465,0.0123003656657056,0.0129856925869842,0.0134416565257837,0.0139522260953978,0.0144265413485829,0.0150003410094132,0.014823264589466,0.0151096603212126,0.0151958621639727,0.0150469941680943,0.0146296796516859,0.0139134489041833,0.013433141541616,0.0139232018973042,0.0143054329155658,0.0143642284445751,0.0139043699754409,commercial,1,winter,1,6,206.6356601,1239.8139606,0
16,2021-01-17,0.0143669538610007,0.0140443360417754,0.0137590181238012,0.0136923605711445,0.012969224960355,0.013274969798395,0.0127359001804615,0.0124590237105128,0.0123365609818439,0.0123683580778278,0.0120343180247743,0.0124262693690216,0.0119278355330661,0.0120224432588816,0.012981320904893,0.0131864498908961,0.013465390980758,0.0141541382234851,0.0152257548089522,0.0155031576369755,0.0160065932837729,0.0163145578100135,0.0164695209651579,0.016674600086541,commercial,1,winter,1,6,206.6356601,1239.8139606,0
16,2021-01-18,0.0164855213737443,0.0167699272575741,0.0171001357605988,0.0169995494436782,0.0172717950564732,0.0176155075327772,0.0154388099892617,0.0137105284889196,0.0106241568031653,0.0112923055850044,0.0118388260821991,0.0121664352536495,0.013202246227205,0.0134830650771629,0.013322309460975,0.0138352609167727,0.0138187654825115,0.0120302495488872,0.0114678567934782,0.0113736562000853,0.0109791464780228,0.0109105206336909,0.0109264327213403,0.0107475582038321,commercial,1,winter,0,6,206.6356601,1239.8139606,0
16,2021-01-19,0.0108748125074653,0.0118397127277173,0.0124456755214741,0.0133668052580675,0.0139314780966724,0.0145549978363882,0.0128572724733738,0.0100813314333417,0.0117971742891024,0.0120583183951529,0.0125468999849325,0.0125873374794872,0.0134790428790306,0.0136762767370951,0.0140496398544469,0.0144940505518204,0.0144503653505349,0.0134761209393315,0.0120500893881495,0.0116850967988546,0.0119479914418003,0.0117168196138019,0.0113547359702457,0.0109597232097252,commercial,1,winter,0,6,206.6356601,1239.8139606,0
16,2021-01-20,0.0110550512486319,0.010848283859793,0.0107610628960375,0.0107764318573347,0.0111331643734512,0.0120402487520982,0.0109101576732174,0.0101076254325297,0.0121695476426017,0.0125264618718477,0.013370769958005,0.0148531310618105,0.0149351451136086,0.01347449860262,0.0153939858625342,0.014593145404246,0.0146238562186277,0.0140508278313218,0.0118734177135442,0.0115606485078968,0.0117076275545292,0.0111779437969992,0.0110408292225274,0.0108242580333359,commercial,1,winter,0,6,206.6356601,1239.8139606,0
16,2021-01-21,0.0108346698049211,0.0106315260180453,0.0106558178852135,0.010625637221871,0.0114222104788312,0.0119674421360724,0.0108321826481158,0.0102937025904645,0.0116621129171565,0.011784917176649,0.0118541822119003,0.0129444872675831,0.0127079073630674,0.0120020931735494,0.012734010221451,0.0119923697904042,0.0120160752902367,0.0114514608861705,0.0105828567779918,0.0105824775569411,0.0101805495269468,0.0101894680718233,0.0106910654585935,0.011493843148543,commercial,1,winter,0,6,206.6356601,1239.8139606,0
16,2021-01-22,0.0126949576130532,0.013682245786968,0.0142016050948649,0.0148044222094416,0.0152038915312367,0.0154541941729908,0.013671365024361,0.0108618012686983,0.0114457623943637,0.0115123029149366,0.0120652440009449,0.012761908523984,0.0135373241301725,0.0136147677970936,0.0148058137261419,0.0140606138445743,0.0140748303958945,0.0139985754013987,0.0120720975287599,0.0114248109777212,0.0119684178486888,0.0107997429387923,0.0107148447627532,0.0110347967501266,commercial,1,winter,0,6,206.6356601,1239.8139606,0
16,2021-01-23,0.0104239048276257,0.0106460482560822,0.0118707501455797,0.012379686921196,0.0131353839016304,0.01373108231636,0.0118407057478353,0.0111969527956261,0.0103482014603905,0.010626274824155,0.0106672825876447,0.0106169755678399,0.0106358723975544,0.0105667812361441,0.0105633942586653,0.0111045850253132,0.0110779831004069,0.011703551398713,0.013244874504537,0.0144393535202781,0.0151757537470539,0.015669035184903,0.0162887710069706,0.0170643924044636,commercial,1,winter,1,6,206.6356601,1239.8139606,0
16,2021-01-24,0.0171859360953401,0.0178362522457984,0.0183182075862843,0.0181862833426423,0.0189900994006792,0.0194912025411954,0.0187908127573272,0.015037762759786,0.0125274607179606,0.0115900658613188,0.0112389115826368,0.0094483249656832,0.0096945990342053,0.0101726022032846,0.0102068596909515,0.0108970062955396,0.0115828884927435,0.0129878015184313,0.0149810343774632,0.0157005874034564,0.0161949745868827,0.016450885879545,0.0167902261000909,0.0175101295121319,commercial,1,winter,1,6,206.6356601,1239.8139606,0
16,2021-01-25,0.0175611669662603,0.0178950067335305,0.0177517904116726,0.0181967232973088,0.018374174824479,0.0187314279812564,0.0163855836727585,0.0112890751273457,0.0105170956463694,0.011112606577796,0.0116431771929504,0.0128206289734129,0.0127904679252664,0.0126748760872725,0.0130430772997288,0.0132384641403226,0.0131777571542013,0.0121311219328659,0.0110394153410345,0.0106912084935057,0.0107018645100775,0.0104637867609392,0.0104723459090153,0.010463294549635,commercial,1,winter,0,6,206.6356601,1239.8139606,0
16,2021-01-26,0.0112095263628669,0.0125505351379492,0.0132791008319233,0.0145630492455038,0.0152708600403317,0.0157542990860017,0.0140253159395908,0.0092109349842595,0.0107375068340457,0.0116842265872841,0.012177639161472,0.0128697073663674,0.0140083015720919,0.0156880789548368,0.0147636494889873,0.0142993283777963,0.0141281418825934,0.0126662433713016,0.0118567260314665,0.011732676083428,0.0109552860293349,0.0106725580271424,0.0102708534833499,0.0098742833265561,commercial,1,winter,0,6,206.6356601,1239.8139606,0
16,2021-01-27,0.0101421482261872,0.0122086293394201,0.0132795688402744,0.0150701700962345,0.0161830009492944,0.0164778069064938,0.0143238526871624,0.0090291300605211,0.0103237371937157,0.0112579243154629,0.0117522231012549,0.0125911542047866,0.0139479908874475,0.0159417708876994,0.0144119053110544,0.0146915320270294,0.0145276969860592,0.0127315414827664,0.012186053287344,0.0117367079755577,0.0113568914489489,0.0112035291129255,0.0105357842232949,0.0104692075258828,commercial,1,winter,0,6,206.6356601,1239.8139606,0
16,2021-01-28,0.0104118874505613,0.0105789846180728,0.0117481629560702,0.0127497977940777,0.0137902791520748,0.0146156702633647,0.0133243068843995,0.0089650452475712,0.0114802912485042,0.0121275783695013,0.0126515965585997,0.0129573495249462,0.0143271570343447,0.0163843779792396,0.014755836295306,0.0146851957506396,0.0145445871035121,0.0126588418885203,0.012165721101206,0.0117738529246391,0.0111421146889859,0.0112358200464869,0.0108575261917282,0.0104871789084989,commercial,1,winter,0,6,206.6356601,1239.8139606,0
16,2021-01-29,0.0102754408607769,0.0103360630348072,0.0116782108201125,0.0130346813949808,0.0141057363309758,0.0154340820690854,0.0135938764079768,0.0086805640608346,0.0108498099311152,0.0117898728096236,0.0127518033930724,0.0131382705762792,0.0158845022025033,0.0186490473856423,0.0168853062069814,0.0144748354711377,0.0142835888056923,0.0125681136392254,0.0113712054478916,0.0107266513670656,0.0107763298179389,0.010729743034939,0.0106146143191823,0.0102056958871959,commercial,1,winter,0,6,206.6356601,1239.8139606,0
16,2021-01-30,0.0098195407024246,0.011988392413509,0.0121204618894023,0.0144579095820496,0.0151030720246774,0.0155070257946304,0.0134181290748571,0.0088926157416634,0.0094512287060205,0.0103868969093327,0.0114121251644429,0.0123315275708923,0.0117877896806133,0.0121331501046727,0.012863845776831,0.012117074750277,0.0122158545987721,0.0118351238570145,0.0112128575162775,0.0107804328440297,0.0105034271038959,0.0107031744253736,0.0116716940580558,0.0126135718531023,commercial,1,winter,1,6,206.6356601,1239.8139606,0
16,2021-01-31,0.01391326770245,0.0143616745660965,0.015121530257416,0.0158617132354174,0.0163068230677765,0.0172022119982893,0.0173296202833809,0.0100976237097383,0.0094123398572855,0.0101741126679309,0.0107885173362593,0.011400062097536,0.0116164665360217,0.0121363925487845,0.0128524166542518,0.0122323293633586,0.0116797067552652,0.01166766345557,0.010551572828857,0.0103631926230024,0.0109592390808738,0.0121748929860765,0.0131077682095707,0.013978680494322,commercial,1,winter,1,6,206.6356601,1239.8139606,0
16,2021-02-01,0.0136470060164132,0.0140691181437438,0.0146597103047709,0.0151482468551168,0.0155634513919876,0.0159591087855422,0.0137639952227677,0.0112837944381378,0.0111090901152552,0.011436494294135,0.0119882259755016,0.0122205516437665,0.0130238735184073,0.0132980130290076,0.0137255513568005,0.013729920503985,0.0140375601942539,0.012430896377781,0.0114409642637727,0.0110330435257711,0.0109144225613708,0.0108121733905259,0.0107169870715687,0.0104508412848404,commercial,2,winter,0,6,206.6356601,1239.8139606,0
16,2021-02-02,0.0103531339561536,0.0108468373880181,0.0114256122926195,0.012361979329104,0.0130008110344923,0.0132492779368106,0.0120125322840847,0.0098290050905773,0.0117582646333192,0.0119608706164164,0.01288925428903,0.0134400556786086,0.0145280659686039,0.016382718924654,0.018710948610482,0.0148149864144692,0.0151926432056374,0.0133228046284022,0.0129687532339871,0.0123303144567593,0.011514903948758,0.0115393336824604,0.0111305729245029,0.0108141011725695,commercial,2,winter,0,6,206.6356601,1239.8139606,0
16,2021-02-03,0.0107943662853728,0.0107997552965556,0.010654334466561,0.0107737703799686,0.0107748303212367,0.0111257052769734,0.0106842425966513,0.0107189379018069,0.0127285304613949,0.0137827425801414,0.0152557093027854,0.0156640124849587,0.0166938220073756,0.0190180839445908,0.0192363660929733,0.0172896933008974,0.0172691256242128,0.0151859603680408,0.01488770621265,0.0141942566741537,0.0132043488762431,0.0130393078686796,0.0127369808273713,0.0123148285056587,commercial,2,winter,0,6,206.6356601,1239.8139606,0
16,2021-02-04,0.0127228198458217,0.0122478532810405,0.011449277885622,0.0117515737394201,0.0113695792296619,0.0111626972590464,0.0107543742396522,0.0108477087943701,0.0124382500131609,0.0133035234679562,0.0134596776028995,0.013642686877136,0.014657745149489,0.0145723631674233,0.0164621815372115,0.0142909564354653,0.0141766145583589,0.0131459377115405,0.011464303961056,0.0109967715226779,0.0109067322005683,0.0107528080301374,0.0106283595056454,0.0102660417652484,commercial,2,winter,0,6,206.6356601,1239.8139606,0
16,2021-02-05,0.0102344216246959,0.0102132369013796,0.0100655839568634,0.0110926142347506,0.012186624544986,0.0131732228998503,0.0115414585441055,0.0100569361929397,0.0104653530557381,0.0108764035431359,0.0105708633695915,0.0110790467854608,0.0120673015925264,0.012107472198186,0.012147423145066,0.0130462110747273,0.01298180868763,0.0114313016627512,0.0106190459888659,0.0106194652008584,0.0103187818463175,0.010260759365309,0.0109098241205926,0.0119214335793562,commercial,2,winter,0,6,206.6356601,1239.8139606,0
16,2021-02-06,0.0136761359402333,0.0146691176119993,0.0155638277171503,0.0162205171286037,0.0172301089838913,0.0173070607901709,0.0147124844001086,0.0102057326589882,0.0090985597152194,0.009445991608522,0.0098301740986525,0.0097551108684694,0.0099347771817008,0.0101983937645491,0.0102862384901626,0.0101455979886858,0.0100283101790892,0.0102310158948677,0.0131349705264773,0.0143081973040214,0.0145846957252678,0.0151758613168345,0.0156824794816353,0.0157548417766946,commercial,2,winter,1,6,206.6356601,1239.8139606,0
16,2021-02-07,0.0159505270579488,0.0163887071936605,0.0164598454999595,0.0168598307561284,0.0173480085765832,0.0173385352562028,0.0170896127261925,0.0154431066949744,0.0151893312060328,0.0146719734348928,0.0139137055866587,0.0127906390410166,0.0126254900520448,0.0112863691150019,0.0108931196892785,0.0128240377888289,0.0139194836054749,0.0142193963730545,0.0157409577673445,0.0159098790356233,0.0161095296750081,0.0166052687379699,0.0166495587949142,0.0166130369684837,commercial,2,winter,1,6,206.6356601,1239.8139606,0
16,2021-02-08,0.0165892088202106,0.0166253036354222,0.0168613739723016,0.0170162455760767,0.0170991650463844,0.0173251216711682,0.0155704155347589,0.0109276277555344,0.0114091982718044,0.0119658978851959,0.0128315480053688,0.0130923879462446,0.014096165831288,0.0146811771030663,0.0159908564189308,0.0150158335821806,0.0144432840277867,0.0126720753688731,0.0117504197510083,0.0116221163122355,0.0110950510194377,0.0110898260375913,0.0107146622473557,0.010448005430414,commercial,2,winter,0,6,206.6356601,1239.8139606,0
16,2021-02-09,0.0103486470145364,0.0107082161804012,0.0115978195127873,0.0125780740024533,0.0138334575490281,0.0145489196394709,0.0128397437608209,0.0095358534936253,0.0111629749406776,0.0122585588690022,0.0127272929619598,0.0130446970367495,0.0140403487808769,0.01747787251012,0.0187517203494688,0.0144214352720054,0.013807146068311,0.0127806809079661,0.0120552705346199,0.0115876215148567,0.0108633885006081,0.0107778276160534,0.0106531415941363,0.0103501306559144,commercial,2,winter,0,6,206.6356601,1239.8139606,0
16,2021-02-10,0.0102326058273925,0.0102187489231483,0.0102065197249186,0.0112401139027151,0.012421737657822,0.013178700523863,0.0119369600734052,0.0092688576159332,0.0112935421360558,0.012299474395559,0.0127817787526244,0.0132491009655909,0.0138792785449161,0.0154743057698376,0.0188839649640809,0.0140801748779143,0.0138800211589903,0.0129008784699308,0.0117911047560026,0.0113568669475645,0.0109852533515892,0.0110747858856656,0.0107067469708722,0.0104190479228827,commercial,2,winter,0,6,206.6356601,1239.8139606,0
16,2021-02-11,0.0103261652709007,0.0102892723355338,0.0101147047042601,0.0103905730545051,0.0112543930135385,0.0124786054257145,0.0119918886554504,0.0100495503353655,0.0104366890130969,0.0113489898243306,0.0114892373891424,0.0120288431207149,0.0110631970576849,0.0112023731639605,0.0115067775789737,0.0110927692790929,0.0110237507501625,0.010945027929431,0.010889104100121,0.010757669531845,0.0115138915143809,0.012213892394178,0.0132034632406802,0.0135641724996581,commercial,2,winter,0,6,206.6356601,1239.8139606,0
16,2021-02-12,0.014291006307612,0.0149873494274124,0.0156284097658714,0.0161640196028022,0.0167166325024278,0.0170422093519091,0.016665739668527,0.0095099916615832,0.0104030603672044,0.0109778608273727,0.0113985376659634,0.0124903867888074,0.0119696034996879,0.0120684346659699,0.0133699666815289,0.0126022072748435,0.0123313190776194,0.0120168311123842,0.0110937198825494,0.0109070734247748,0.0106333410524642,0.0108130966538828,0.0114567571038154,0.0125435351169648,commercial,2,winter,0,6,206.6356601,1239.8139606,0
16,2021-02-13,0.0133984140851754,0.0137187326163789,0.0146171897156028,0.0149903036692395,0.0157056764067168,0.0160976123322283,0.0154448260427283,0.0099603141833359,0.0109014127628133,0.0114415486709835,0.0120636200555329,0.0127626949164399,0.0121527161731181,0.0124973423537097,0.0135042607840626,0.0126447671429022,0.0124574436186771,0.0120709506728865,0.0111669519689086,0.0109877308453501,0.0110710471574062,0.0106663430879149,0.0110231486866835,0.0107074209477512,commercial,2,winter,1,6,206.6356601,1239.8139606,0
16,2021-02-14,0.0110771130229652,0.0115234821129787,0.0123153432380993,0.0123235581409658,0.0130510439079335,0.0134421246875021,0.0130633381636537,0.0105821248975508,0.0116914347419594,0.012397504670771,0.0128242709030517,0.013574172025289,0.0137751975717639,0.0143820797753971,0.0135702320402479,0.0128485314511103,0.0133005695572791,0.0122749933740619,0.0129756728561799,0.012747227313903,0.0122339014147728,0.0132670355330439,0.0130965633412372,0.0123945273383473,commercial,2,winter,1,6,206.6356601,1239.8139606,0
16,2021-02-15,0.0130301511992671,0.0130214867215103,0.0125317560859656,0.0125239969445898,0.0124983019503935,0.0127427288329526,0.0121159319288757,0.0118671173749317,0.0137428882639406,0.0128606099431847,0.0131172613271744,0.0142102577376256,0.0133455911965398,0.0140160044837116,0.0144564640398032,0.0143574560262333,0.0144812368147352,0.0142847118624925,0.0141788599072571,0.0140017031536739,0.0140939613646758,0.013974273696613,0.0139775369213227,0.0138491821504504,commercial,2,winter,0,6,206.6356601,1239.8139606,0
16,2021-02-16,0.0140412804488295,0.0145789062591894,0.0151649076650109,0.0153499579524375,0.0156421543941636,0.0157876930448471,0.0151356454469134,0.0138442377608767,0.014790104479462,0.0154175886374216,0.0159904713702467,0.0164033613037578,0.0155978016349438,0.0159538275572998,0.016236176549483,0.0156884761756986,0.0155184669893363,0.015431687800862,0.0141659803326926,0.0141024627348887,0.0140730244895839,0.013558694634857,0.0134438066886544,0.0136423735405603,commercial,2,winter,0,6,206.6356601,1239.8139606,0
16,2021-02-17,0.0133706297662343,0.013356535411373,0.013188869618686,0.0131623316663355,0.0141722374794667,0.0143483189318596,0.0132671435755939,0.012376399632791,0.0138565423678912,0.0146621483560104,0.0153218230779464,0.0156715379938273,0.0160453672379318,0.0162424237284378,0.0156493358263731,0.0160465048303212,0.0161872134500855,0.0148305027027297,0.0144125348210455,0.0134518667716819,0.0127067242924049,0.0127023446518332,0.0124464211218017,0.0123903441388952,commercial,2,winter,0,6,206.6356601,1239.8139606,0
16,2021-02-18,0.0126456760223855,0.0126902360712571,0.012726448980877,0.0122193735777209,0.0128284009066849,0.0116672360448198,0.0118269654395994,0.0122926097456284,0.0140696019243064,0.0156798881213978,0.0161062239900138,0.0174594948955474,0.0187081114974559,0.0190888038664906,0.0190572949272927,0.018339912858386,0.0185410593698944,0.0154443273133023,0.0148233192693815,0.014544928102951,0.0126198203089923,0.0129067941075078,0.0126453635665587,0.0119411960872442,commercial,2,winter,0,6,206.6356601,1239.8139606,0
16,2021-02-19,0.011982334593484,0.0119142964273984,0.0115322705773977,0.0117432919114136,0.0117490037805289,0.0112821403933883,0.0114620793210308,0.0117110392791193,0.0135208709563893,0.0149743135422077,0.015318508158409,0.0162000337998532,0.0167712307935567,0.0190007922260687,0.0190683981422354,0.0174337130498895,0.0169398818271082,0.0141958939488508,0.0143363818801801,0.0137380831344046,0.0125491161396679,0.0130565973245031,0.0128248192139383,0.0124506596446518,commercial,2,winter,0,6,206.6356601,1239.8139606,0
16,2021-02-20,0.0124989467552098,0.0123930504541459,0.0117146314529254,0.0119250026581082,0.0121349034520303,0.0114747739906136,0.0122927531615776,0.0120660092322432,0.0126971553201767,0.0138809791596873,0.0152399709896041,0.0148061974012625,0.015405619104651,0.0153883363413855,0.0155706138266413,0.0160569744589813,0.0155945053256506,0.0139771469776124,0.0148227313737222,0.0140865226974413,0.0132866445614274,0.0138488751105485,0.0138853965342488,0.0136967034291885,commercial,2,winter,1,6,206.6356601,1239.8139606,0
16,2021-02-21,0.0143055495392977,0.0143548517464718,0.0137853317511729,0.0142924995504967,0.0142829689336767,0.0137251248703414,0.0140943476954044,0.0145355790272312,0.0139805041680847,0.015252426339983,0.0161666834523717,0.0162539103629157,0.0161571807997576,0.0162770750432265,0.016548548786789,0.0163991691189096,0.016351918921704,0.0163991691189096,0.0162010907052424,0.0159258006451276,0.0160355791021273,0.0158296993711985,0.0157782042830322,0.0154735226307985,commercial,2,winter,1,6,206.6356601,1239.8139606,0
16,2021-02-22,0.015278711963323,0.0149717055921819,0.015059709295499,0.0148564036110222,0.014847475089906,0.0148941181244869,0.0150278956599531,0.0161640787905946,0.0187858213802451,0.0188940253232439,0.0188967717732924,0.0189187433736804,0.0187079361267034,0.0189379685240199,0.0197279500094099,0.0188802930730014,0.0189105040235349,0.0174480739462207,0.0169661164552196,0.0169496377549286,0.0168401539083773,0.0168154358579408,0.016692219761147,0.016088555072276,commercial,2,winter,0,6,206.6356601,1239.8139606,0
16,2021-02-23,0.0164468450713713,0.0164662635420112,0.0155273538837505,0.0161874186898088,0.0162308012487848,0.0152651860326102,0.0157749342210552,0.0159582738533276,0.0180837915648187,0.0188939936251637,0.0188967392410522,0.0189187041681602,0.0187078885795832,0.01894647364584,0.0188830111616097,0.0188802655457212,0.0189104673204947,0.0174480522580606,0.0169660989378595,0.0169496252425285,0.0160576081251858,0.0166374024062243,0.0164025572710206,0.0156210029519476,commercial,2,winter,0,6,206.6356601,1239.8139606,0
16,2021-02-24,0.0164286183037747,0.015903250473123,0.0153737275879148,0.0156525387528355,0.0155966450999289,0.0151403759970334,0.0157375595673588,0.0160121412501951,0.018673372597557,0.0188939609575727,0.0188967057137877,0.0189186637635081,0.0187078395781967,0.0202763343012557,0.0212924748848383,0.0195023393416369,0.018910429494863,0.017448029906551,0.0169660808847171,0.0169496123474268,0.0166052670212451,0.016780995607382,0.0165253936826596,0.0159496732564761,commercial,2,winter,0,6,206.6356601,1239.8139606,0
16,2021-02-25,0.0162575077990899,0.0162444126824841,0.0164751010840427,0.0164901229804094,0.0165017071723727,0.0163885672390945,0.0166546472758844,0.0169605745585732,0.0188856957162968,0.018893927330145,0.0190706924044619,0.0189926718332257,0.0218940622417805,0.0238772449796007,0.0230564710545721,0.0206393150752513,0.0202425658465769,0.017448006898311,0.0169660623011387,0.0169495990734422,0.0168401100693594,0.0168154152278147,0.0166922068673182,0.016634718493994,commercial,2,winter,0,6,206.6356601,1239.8139606,0
16,2021-02-26,0.0164462750429415,0.0164462750429415,0.0164541797552381,0.01645495641993,0.0164688546202694,0.0163692685876885,0.0166976882403799,0.0169605572699202,0.0188856638687782,0.0188938927528391,0.0205701643139342,0.0220905160252645,0.0210757230860202,0.0240821923238599,0.0304469641474262,0.02269352094345,0.0211070224857432,0.0178596511549719,0.0169660431926275,0.0169495854245057,0.0168400946005647,0.0168154079483819,0.0166922023176726,0.0166347139443485,commercial,2,winter,0,6,206.6356601,1239.8139606,0
16,2021-02-27,0.0162539788924722,0.0162539788924722,0.0162551378984277,0.0162539788924722,0.0162539788924722,0.0162904996394204,0.0166976816977849,0.0165489532452378,0.0158649643429133,0.0172042953123045,0.01719881125891,0.01615143015966,0.0166716805444418,0.0166689385177446,0.0153815307082033,0.0164249413255684,0.016343931473321,0.0148343331814059,0.0152305377314781,0.0148692852463898,0.0143287774866641,0.0147100935340075,0.0147033953311564,0.0141919299658569,commercial,2,winter,1,6,206.6356601,1239.8139606,0
16,2021-02-28,0.0145457949771066,0.0145598999365319,0.0136602673147586,0.0143412300251443,0.014376457022261,0.0132973373097224,0.0138712992685021,0.0138053001451641,0.0132385935552244,0.0141666882924618,0.0154930245063811,0.0141681362905803,0.015655696276398,0.0162955086834124,0.0154803333554892,0.0163991443554784,0.0163991443554784,0.0151725399842008,0.0149656715348376,0.0148384690544535,0.0146193884741712,0.0135476947106942,0.0121326221550581,0.0110883859549696,commercial,2,winter,1,6,206.6356601,1239.8139606,0
16,2021-03-01,0.0101535022846895,0.0100635531032775,0.0105671861460622,0.0112254443307701,0.0117854093366203,0.0123045025083175,0.0107670489413543,0.0100967001608336,0.012492471889257,0.0137734467395878,0.014522375147212,0.0144805564603878,0.0141250105745439,0.0134690394636953,0.0148177940024889,0.0136709250593523,0.0143207444458913,0.0137902716380617,0.0116791352527931,0.0113764204731296,0.0121606408251728,0.0110628903510552,0.0112454805459717,0.0116403270101012,commercial,3,spring,0,6,206.6356601,1239.8139606,0
16,2021-03-02,0.0112703240705793,0.0111643008695529,0.011770038446354,0.0110737465191113,0.0115155848450072,0.0126887846889348,0.0110204378758369,0.010912396958351,0.0149204640431547,0.0147916554745682,0.015095232901509,0.0180959872807654,0.0163770668472149,0.0160377427074702,0.0188827888451118,0.0169401567131581,0.0168727306312701,0.0170930143321256,0.0146009611400964,0.0141727232813526,0.0153885852731332,0.013609699844838,0.0132268417076694,0.0146451363984559,commercial,3,spring,0,6,206.6356601,1239.8139606,0
16,2021-03-03,0.0130150897388761,0.0127919651273053,0.0143226692572939,0.0125537492114614,0.0126299424220377,0.0141822818396733,0.012553329855767,0.0127331836960669,0.0186760812475428,0.0165782780486938,0.018314895786703,0.0190622335551633,0.0187074571211391,0.0190528394180948,0.0247779756792861,0.0188800157539904,0.0189101342648536,0.0177142210895952,0.0169659399794854,0.0169226869779129,0.0168400110470686,0.015757543127303,0.0158959894660739,0.0166346893697908,commercial,3,spring,0,6,206.6356601,1239.8139606,0
16,2021-03-04,0.0164490819970616,0.0159732589057104,0.0165003202421776,0.0156578371404269,0.0149965260711054,0.0158061640605922,0.0142138744550583,0.0148464477219723,0.0182063171126322,0.018893665934289,0.0188226642025626,0.0189182988662888,0.0187073970432711,0.0196934224235787,0.0190551086776645,0.0189431901943504,0.0189608271258513,0.0174478280485147,0.016965917845534,0.0169494958908675,0.0155953281906188,0.0161006470971791,0.0158892927974767,0.014765423904534,commercial,3,spring,0,6,206.6356601,1239.8139606,0
16,2021-03-05,0.0152115106787597,0.0151861637752911,0.014526148156415,0.0149647440370445,0.0149983587201964,0.0144397710795579,0.0150757511256425,0.0154920697522741,0.0178332403515015,0.0188936250099087,0.0188963609253957,0.0189182482492921,0.0187073356567007,0.0215045334458291,0.0209465677212838,0.0189679047584642,0.0190259790642231,0.017447800047623,0.0169534654327686,0.0169494797365068,0.0168399748208326,0.0168153515814492,0.0166345318490457,0.0166346787150155,commercial,3,spring,0,6,206.6356601,1239.8139606,0
16,2021-03-06,0.0161864060018678,0.0160862731470235,0.0163569516986167,0.0161853622439535,0.0163181806055506,0.0162568006887929,0.0162858558405704,0.0167085704856825,0.0171877349899967,0.0173480290363136,0.0171986742535524,0.0173092402255218,0.0166715363282759,0.0169667802176812,0.0168317642621938,0.0167962777680368,0.0167990125839258,0.0164869513344275,0.0164018711013407,0.0162539788924722,0.0162539788924722,0.0162539788924722,0.0162539788924722,0.0162539788924722,commercial,3,spring,1,6,206.6356601,1239.8139606,0
16,2021-03-07,0.0162562742795739,0.0162539788924722,0.0162861285363476,0.0162539788924722,0.0162562763035354,0.0163120201747518,0.0164307492079495,0.0163991148610201,0.0163991148610201,0.0166970935663143,0.0170340220731209,0.0168328715881288,0.0170394894610722,0.0170476905429991,0.0167669522223057,0.0168609273244763,0.0168609273244763,0.0167452425635857,0.0165519575977665,0.0163978640434556,0.0162539788924722,0.0163978640434556,0.0163978640434556,0.0162539788924722,commercial,3,spring,1,6,206.6356601,1239.8139606,0
16,2021-03-08,0.0165901601939249,0.0165901601939249,0.0164462750429415,0.0165901601939249,0.0164462750429415,0.0165161064863854,0.016697615361461,0.0169603594557117,0.0188852994741835,0.018893497124422,0.0188962296745015,0.0189180900751376,0.0190051225337649,0.0204573863503184,0.0189092278032171,0.0188798343740245,0.018909892424899,0.0174477125470268,0.0169658245558707,0.0169494292553937,0.0164100780461721,0.0167295252610906,0.0164960953501808,0.0157328560307436,commercial,3,spring,0,6,206.6356601,1239.8139606,0
16,2021-03-09,0.0151250192845249,0.0147276038174395,0.0149749849274904,0.0145774909587514,0.0140071323603915,0.0144692638672596,0.0137437244880441,0.0133317348514992,0.0176361558103513,0.0167364497335135,0.017014300783423,0.0186508646548991,0.0176705136063744,0.0176768163363552,0.0188525093141824,0.0176992872496331,0.0177217666465934,0.0168558222514118,0.0150719673022083,0.0147456270387457,0.0148812549074565,0.0137161225464703,0.0131309135621184,0.0139685431002543,commercial,3,spring,0,6,206.6356601,1239.8139606,0
16,2021-03-10,0.0124214973736689,0.0119047301307511,0.0119651920568982,0.0111322857011822,0.0110221032602458,0.0108656296152319,0.0103171065785061,0.0103714016866809,0.0119148013329456,0.0119536696135353,0.0120664491248402,0.0129416978381002,0.0131145252779597,0.0123836561062708,0.0130661932449131,0.0126813744065076,0.0123173717103357,0.0124191262696637,0.0108664260518237,0.0106100710104804,0.0103676073313189,0.0103161078297288,0.0102725467193802,0.0101315710903469,commercial,3,spring,0,6,206.6356601,1239.8139606,0
16,2021-03-11,0.0110617302421613,0.0125613143965202,0.0133759521635801,0.0146405023804842,0.0151896876598972,0.0156066229651885,0.0134768801003722,0.0124077731013881,0.0102429126214575,0.0104414487303066,0.0109174378963481,0.0112632506618976,0.0118436533413765,0.0114522155060923,0.0116939840181868,0.0116327438609618,0.0119848502047264,0.0106252226223144,0.0102969617920075,0.0105380752680339,0.0102026654827577,0.0103915410361975,0.0120233651670273,0.0129137122422893,commercial,3,spring,0,6,206.6356601,1239.8139606,0
16,2021-03-12,0.0142962633542373,0.0148411921387626,0.0152930871056678,0.0164501379738778,0.0169875022527002,0.0170938907999456,0.0147204804011283,0.0138158333245806,0.0099596361320821,0.0103653869963714,0.0104336938216688,0.0104079839149838,0.0109381327166921,0.0104748974517703,0.0104992759907541,0.0105923442280116,0.0105800337702783,0.0097758701206189,0.0109622819732399,0.0118472496720706,0.0125707253715911,0.0131844754159939,0.015535122615175,0.0159854415136508,commercial,3,spring,0,6,206.6356601,1239.8139606,0
16,2021-03-13,0.0173764628221586,0.0178959984147214,0.0184745338059719,0.018420915818851,0.0187097205986994,0.0192416666214392,0.015959241970475,0.0155362768053432,0.0131553820143337,0.0124855376919158,0.0116376284417978,0.0116814477890604,0.0132737501715497,0.0134954311019179,0.0134950066891546,0.014211317238341,0.0148791856079664,0.0158223038404531,0.0173521259506108,0.0185157547141312,0.0186598740698828,0.0182842863638101,0.0184006385877288,0.0188665857388227,commercial,3,spring,1,6,206.6356601,1239.8139606,0
16,2021-03-14,0.0191481023662471,0.0193465249209442,0.0191149506851839,0.0190628266733694,0.0190710092512261,0.0193777222253224,0.0186200747271959,0.0180353933324594,0.0170896895407025,0.0156928834268526,0.015244704511628,0.0149245033365211,0.0140087337705371,0.0142574515329814,0.0149077925061632,0.0154511983761722,0.0155706674782193,0.0163649248105685,0.0172297690687323,0.0172962031878859,0.0174538127803553,0.0174092018184528,0.0174484270655592,0.01779911250716,commercial,3,spring,1,6,206.6356601,1239.8139606,0
16,2021-03-15,0.0171035917958801,0.017345103670777,0.0175749229872863,0.0175684483276462,0.0176071678620831,0.0177679761187085,0.0156969634053278,0.0134494456173245,0.0123568913668058,0.0131426340022003,0.0138069208298189,0.0151803903394901,0.0155062278411514,0.0158929646074851,0.0168980906506451,0.0169016201090113,0.0168786121334015,0.0155354450094696,0.0136864029436388,0.0130515394946993,0.0127036392688097,0.0128433351719788,0.0125771245997044,0.0121749126097294,commercial,3,spring,0,6,206.6356601,1239.8139606,0
16,2021-03-16,0.0121921481877124,0.0121455062927298,0.0115426522751718,0.0117275034390195,0.0117961547841409,0.0129891217647969,0.0118545278361025,0.0120467784943464,0.014775571906092,0.0166766195311383,0.0174523171369563,0.0175784805813141,0.0187065794952665,0.0189055066476325,0.018882230304298,0.0182335623456669,0.0188418981392545,0.016590149595298,0.0152847075917702,0.0151932108099431,0.0150242235853384,0.0142007381149422,0.0138194498378253,0.0148872757329601,commercial,3,spring,0,6,206.6356601,1239.8139606,0
16,2021-03-17,0.0140657820517944,0.0146740422956835,0.0151795875608421,0.0152325379155736,0.015289013967055,0.0156297850333997,0.0147590790185705,0.0149533638916271,0.0188849065525129,0.0188930705237511,0.0188957918474972,0.0189175624374657,0.0187065039274644,0.0204336919596453,0.0249462906506089,0.0193812084269236,0.0196439875144407,0.017576450290209,0.0169655888028684,0.016949260860392,0.0168397267612358,0.0166556607778848,0.0160116222108688,0.0166346057563106,commercial,3,spring,0,6,206.6356601,1239.8139606,0
16,2021-03-18,0.0158515118987349,0.0156524357890458,0.0163261008861709,0.015820646307568,0.016325140923804,0.0163636867057915,0.0167193364502313,0.0169601206180373,0.0188848595100465,0.0188930194490732,0.0188957394287488,0.0198821871368217,0.0199554207522995,0.0232418332442082,0.0268053886254464,0.0222825287378115,0.0234530890811093,0.0178260934681164,0.0171094457283718,0.0169492406993349,0.0168397039120378,0.0168152240949575,0.0166920874092824,0.0166345990359582,commercial,3,spring,0,6,206.6356601,1239.8139606,0
16,2021-03-19,0.0164462750429415,0.0164462750429415,0.0164571847146743,0.0161378105534717,0.0159529293039845,0.0165785648226911,0.0161396879946912,0.0164377286369711,0.0191899705355952,0.0216460594315641,0.0235568068750454,0.0250735449972016,0.0234104760666059,0.0288678617895081,0.0305239336878092,0.0274948006111625,0.0272691104452526,0.0199674857411076,0.0169655319755566,0.016949220269455,0.0168396807581739,0.0168152131990215,0.0166920805993224,0.0166345922259983,commercial,3,spring,0,6,206.6356601,1239.8139606,0
16,2021-03-20,0.0162539788924722,0.0162539788924722,0.0162539788924722,0.0162851065614105,0.0163001292837508,0.0163111372369268,0.0166975081781184,0.0167083771308121,0.0171874713242644,0.017203774753305,0.0171983402769581,0.0172092092296518,0.0169691634792604,0.016966446241087,0.0167426788161858,0.0171139765702084,0.0171166938083819,0.0164017480573323,0.0165456332083157,0.0163978640434556,0.0157987744831626,0.0162539788924722,0.0158528362158194,0.015793255814452,commercial,3,spring,1,6,206.6356601,1239.8139606,0
16,2021-03-21,0.0161806040728012,0.0162195017430224,0.0155611603468721,0.0158004133905567,0.0158073783807289,0.0152033951133486,0.0157693157232637,0.016009302411202,0.0157906702094187,0.0163990434513319,0.0163990434513319,0.0164044751344391,0.0164044751344391,0.0165565078100832,0.0165633179016737,0.0163990434513318,0.0163990434513318,0.0163990434513319,0.0162539788924722,0.0161052927500231,0.0157461433164552,0.0155695719810679,0.0155137341587031,0.0153774795317771,commercial,3,spring,1,6,206.6356601,1239.8139606,0
16,2021-03-22,0.015362256524856,0.0153208079781487,0.0145769362937127,0.0148180042222887,0.0142662874181143,0.0137544047341014,0.0136531630320359,0.0139900510071396,0.0166009503294621,0.0181907008879591,0.0187559238595642,0.0189172383485736,0.0187061108834888,0.0193784508710605,0.0202897490183924,0.0190359242323501,0.0190825233946326,0.0165228931729801,0.0157738346205523,0.0148896603530281,0.0136231985321282,0.0136411746882302,0.0140340304283197,0.0134443107069264,commercial,3,spring,0,6,206.6356601,1239.8139606,0
16,2021-03-23,0.0135056415609589,0.0139220738294722,0.0128538769682405,0.0136774147348883,0.0137364219519008,0.0135133058906934,0.0138849004027712,0.0144914921685752,0.0181789924851072,0.0189953184047795,0.0191171754051671,0.0214921574029115,0.0205202126746839,0.0233842595108209,0.0290307590072331,0.0221260949978893,0.0229614663945737,0.0175178419025507,0.0169654139757318,0.0170930211348493,0.0168395852345062,0.0168151682467073,0.0166920525041261,0.0166345641308019,commercial,3,spring,0,6,206.6356601,1239.8139606,0
16,2021-03-24,0.0164462750429415,0.0164462750429415,0.0164462750429415,0.0164462750429415,0.0164462750429415,0.0165263041307891,0.0166974683832818,0.0169599605149397,0.0194106221099156,0.0209252714133954,0.0220367150684048,0.0234327192999371,0.0223549567409491,0.0206087729467528,0.0211446867121735,0.0191616588565882,0.019074787844348,0.0155505791326171,0.0135611033442494,0.0125733598955394,0.0120381266540859,0.0119182314049424,0.0116977132384062,0.0111935460348259,commercial,3,spring,0,6,206.6356601,1239.8139606,0
16,2021-03-25,0.0110926355576559,0.0109754817779707,0.0107144229340965,0.0107915830070313,0.0103747649547172,0.0102387709687723,0.0103016054910884,0.0106126916262971,0.0122728964335696,0.0135382416555762,0.0145206883122874,0.0145892445331764,0.0157162745027089,0.0193844729939066,0.0197991666655025,0.0190104904820021,0.0191126403918268,0.0143922351092777,0.0137403893660289,0.0132893813901435,0.0126074795175432,0.0126429220236563,0.012151928441309,0.0114367192826917,commercial,3,spring,0,6,206.6356601,1239.8139606,0
16,2021-03-26,0.0112657617371392,0.0111565749212612,0.0109053703930538,0.0110064968638182,0.0108277108025576,0.0107734230339498,0.0108516582777401,0.0109232950174696,0.013196652701683,0.016492810447635,0.0174513408746825,0.0164920228727732,0.018459735340665,0.01964054428278,0.0204362325634015,0.0191447998079551,0.0192593320941477,0.0146385123842,0.0135354758308996,0.0133558019909524,0.0125106702416861,0.0127096009012898,0.0125103398202832,0.0118435581366412,commercial,3,spring,0,6,206.6356601,1239.8139606,0
16,2021-03-27,0.0116509717980114,0.0115507985917481,0.0110389821565624,0.0111086573025763,0.0106326156555949,0.0107170387260157,0.0103309226204854,0.0110961702981113,0.0121989088997318,0.0132411086805629,0.0139171920706193,0.0144344283940163,0.0138111825056854,0.0140989748176335,0.016323235020915,0.0144512284672442,0.0143311344853095,0.0137158213150389,0.013727727530427,0.0131648253034301,0.0122027475232833,0.0123522205620226,0.0123209367384286,0.0119031306754657,commercial,3,spring,1,6,206.6356601,1239.8139606,0
16,2021-03-28,0.0121565713083114,0.0116595394214434,0.0114320410279715,0.0110040560917634,0.0107184628311047,0.0111154195977299,0.0107042990949213,0.0112827333097243,0.0118322143133107,0.0127044056286687,0.0133639169084035,0.0135769922562396,0.0146670461344051,0.0143867307913809,0.014242812295796,0.0139077911772468,0.0138242696231022,0.0142368180718323,0.0141798171056123,0.0138382906287743,0.0128084946103705,0.0133671474667219,0.0131163945313534,0.0125955198984851,commercial,3,spring,1,6,206.6356601,1239.8139606,0
16,2021-03-29,0.0127681894503137,0.0127791664399659,0.0123103121344189,0.0124006479091891,0.0119242059369041,0.0117213382497884,0.01169573758245,0.0125555571794729,0.0173005959949392,0.0186815783552903,0.0191402052840002,0.0190939001070775,0.0190103312338742,0.0199118508675704,0.0232983094319692,0.0195739221834854,0.0200637440734664,0.0174469729303908,0.0165566709669656,0.0162893011659681,0.0146549476513766,0.0149854948013583,0.0151960985065423,0.0149600909074106,commercial,3,spring,0,6,206.6356601,1239.8139606,0
16,2021-03-30,0.014823342400416,0.0147440200614807,0.0141654054084328,0.0144694808278396,0.0143248091885383,0.0125455458841482,0.0131306135013431,0.0154255462780465,0.0189311569977757,0.0196047004863276,0.0206676628750108,0.0218695224773531,0.0214572441669778,0.0250482892778615,0.0273585622429629,0.0219531542770195,0.0235052938143007,0.017712942326995,0.0171090801641998,0.0169489795820692,0.0168394079791366,0.0168150848324158,0.0166920003701938,0.0166345119968697,commercial,3,spring,0,6,206.6356601,1239.8139606,0
16,2021-03-31,0.0164462750429415,0.0163246269550981,0.0164462750429415,0.0164462750429415,0.0164462750429415,0.0165246471888811,0.0165552770898139,0.016959760529809,0.0195717409307796,0.0219432791058124,0.0218807658639863,0.022540152168233,0.0221467272262897,0.0275930176694806,0.0288554484031866,0.0246664147148309,0.0251236404451195,0.0176113903418893,0.0170502428182229,0.0170340366522415,0.0168673199822559,0.0168150724788614,0.0166919926492223,0.0166345042758982,commercial,3,spring,0,6,206.6356601,1239.8139606,0
16,2021-04-01,0.0164462750429415,0.0164462750429415,0.0164462750429415,0.0164462750429415,0.0164462750429415,0.0165229807022193,0.0166973838090259,0.0169597309562451,0.0188841417120082,0.0188922401254888,0.018894939596649,0.0189165353659307,0.0187052583300709,0.0190310193496411,0.0190214132880723,0.0189214524869016,0.0189546617333032,0.0174468524951252,0.0169651298985655,0.0169489330716042,0.0165863442327312,0.0165772212010983,0.0162551920244714,0.0160950850225733,commercial,4,spring,0,6,206.6356601,1239.8139606,0
16,2021-04-02,0.0160492826688443,0.0160126408197293,0.015988293549984,0.0158271365921866,0.0157602121066191,0.0155315412079532,0.0158512861306518,0.0158829623906068,0.0186941017623593,0.0188921805281325,0.0188948784309412,0.0189164616534111,0.0187051689340364,0.0189353469730722,0.0189040617095507,0.0188786910140889,0.0189083679449849,0.0174468117179866,0.0169650969631844,0.016948909546332,0.0168393286053012,0.0168150474800226,0.0166919770249481,0.0165485458475897,commercial,4,spring,0,6,206.6356601,1239.8139606,0
16,2021-04-03,0.0162968850458423,0.0163189082071953,0.0157214016138117,0.0155753438263024,0.0152333545488759,0.0150027260620459,0.0154192278640477,0.0156789919960806,0.0165663065688192,0.0165778453832489,0.0163569001182626,0.0165076524679334,0.0166330179489391,0.0166411069181598,0.0166330179489391,0.0166276253027919,0.0166276253027919,0.0163935126824126,0.0163827273901183,0.016284904048949,0.0158429653432454,0.0162155057474928,0.0161925449484833,0.0155373033357823,commercial,4,spring,1,6,206.6356601,1239.8139606,0
16,2021-04-04,0.0158346949066376,0.0157991951864732,0.0152195244225111,0.0156950449931814,0.0156946098565314,0.0150773170841252,0.0155488158376161,0.0160414312601079,0.0162622417401113,0.0169617153306199,0.0170486681277183,0.0170848582219091,0.0166330084050332,0.0166410926023009,0.0160163224565511,0.0165844454299206,0.0160931529989466,0.014250464159117,0.0144648154849347,0.0137875823589606,0.0133582861245058,0.0135174485058968,0.0130292532349207,0.0126808088967969,commercial,4,spring,1,6,206.6356601,1239.8139606,0
16,2021-04-05,0.0126102742553907,0.0125854364296277,0.0127005479768675,0.012195261566015,0.0121573208456547,0.0122510482304359,0.0122301264395076,0.0130305613918658,0.014564009774677,0.0155966693023374,0.0157684729046954,0.0153977171615851,0.0155264700869036,0.0156323616110552,0.0159394668195597,0.0165968743461247,0.0166276125358049,0.0165225295432773,0.0160646887186808,0.0157660147826142,0.0128206697132023,0.0133586409346302,0.0127488717714248,0.0135072118215665,commercial,4,spring,0,6,206.6356601,1239.8139606,0
16,2021-04-06,0.0134706888104157,0.0135258967880745,0.0145094686218778,0.0140866804758182,0.0140920387109966,0.0149615542371086,0.0149830690967358,0.0154010422465991,0.0184032979324146,0.0188860915091266,0.0188946295115562,0.0189360930335549,0.0187048051287813,0.0189350023154621,0.0179289870630886,0.0188784803899938,0.0189080871128582,0.0171943106606735,0.0161466642972578,0.0161138525820427,0.0151158129552833,0.0153616660956622,0.0148134884356357,0.0142932557277699,commercial,4,spring,0,6,206.6356601,1239.8139606,0
16,2021-04-07,0.0143320783019466,0.0142337662857489,0.013888867924893,0.0140688588773515,0.0140302312971972,0.0138532768759557,0.0140963755049954,0.0145637583216231,0.0176885267777837,0.0188918764100176,0.0188945663097181,0.0189160855073216,0.0187047127568641,0.0190116224175334,0.0189309290983593,0.0189559760601787,0.0189080158082203,0.0173412375693054,0.0169649288979104,0.0169487894997077,0.0160725086408361,0.0162796763364937,0.0159344554611759,0.0154548594549507,commercial,4,spring,0,6,206.6356601,1239.8139606,0
16,2021-04-08,0.0155795269490412,0.0155239103075314,0.0152162772988651,0.0158659739264793,0.0156413631912679,0.015174585599552,0.0158510491819087,0.0166799699015117,0.0188810637644066,0.0188934751505,0.0189099606307372,0.0189206363733135,0.0187046198711704,0.0200827977970587,0.0210589749074531,0.0211632788888526,0.0201689018563963,0.0174465612682583,0.0169648946768653,0.0169487650561041,0.0168391648497095,0.0168149704185677,0.0166919288615388,0.0166344404882146,commercial,4,spring,0,6,206.6356601,1239.8139606,0
16,2021-04-09,0.0164462750429415,0.0164462750429415,0.0164705591023479,0.0164559930889477,0.016461143965697,0.0165667425040213,0.0166972939350602,0.016959487012624,0.0188836923421798,0.0188917522382466,0.0194183209118684,0.0227632674997275,0.0205622939718935,0.0239835318917873,0.0290926341769957,0.0263259087774438,0.025531997169537,0.0186024360811489,0.0169648602766685,0.0169487404845349,0.0168391370019311,0.0168149573137308,0.0166919206710157,0.0166344322976916,commercial,4,spring,0,6,206.6356601,1239.8139606,0
16,2021-04-10,0.0162539788924722,0.0162539788924722,0.0162539788924722,0.0162539788924722,0.0162539788924722,0.016291793382618,0.0166972824120064,0.0167080223554933,0.0171869875397388,0.017203097454969,0.0171977274832256,0.0172084674267125,0.0169685184332262,0.0171296672055165,0.0168648832227521,0.0173304890977317,0.0172332316290508,0.016560365058455,0.0166995009965146,0.0163978640434556,0.0158676223213232,0.016227696176779,0.0158720965122706,0.0159142609701181,commercial,4,spring,1,6,206.6356601,1239.8139606,0
16,2021-04-11,0.0162539788924722,0.0162539788924722,0.0162780621344116,0.0160472101330002,0.0162149029132121,0.0163252768585331,0.0162480654671688,0.0163989134137684,0.0163989134137684,0.0165427985647517,0.0163989134137684,0.0166706457152345,0.0165481652290772,0.0165562152255654,0.0177084966442756,0.0165427985647517,0.0165427985647517,0.0166968921190626,0.0162539788924722,0.0162539788924722,0.0162539788924722,0.0163978640434556,0.0162539788924722,0.0162539788924722,commercial,4,spring,1,6,206.6356601,1239.8139606,0
16,2021-04-12,0.0164462750429415,0.0164462750429415,0.0164462750429415,0.0164462750429415,0.0164462750429415,0.0165129417095975,0.0166972592105998,0.0169593927605169,0.0215324340255814,0.0253170522349195,0.0249774695948175,0.026499572391153,0.0234443486282747,0.0281384821881135,0.03519629546324,0.0313196754958379,0.0283891644751793,0.0207853266432913,0.016964756103287,0.0169486660749767,0.0168811189185207,0.0168149176286331,0.0166918958678297,0.0166344074945055,commercial,4,spring,0,6,206.6356601,1239.8139606,0
16,2021-04-13,0.0164462750429415,0.0164462750429415,0.0164462750429415,0.0164462750429415,0.0164462750429415,0.0165129417095975,0.0166972475391177,0.01695936108078,0.0259948943431493,0.02988052781648,0.0300367881047124,0.0311316836729848,0.0279002131206301,0.0333335974977132,0.0379998577047134,0.0362702652643313,0.0348885280052391,0.0235650974449238,0.0175810665610441,0.0170925262156415,0.0169829094770541,0.0169587894407799,0.0166918875310568,0.016662337412155,commercial,4,spring,0,6,206.6356601,1239.8139606,0
16,2021-04-14,0.0164462750429415,0.0164462750429415,0.0164883412903637,0.0165901601939249,0.0164462750429415,0.0165129417095975,0.0166972358250539,0.016959329285464,0.0223641612434082,0.025607087188937,0.025243320181468,0.02304014651128,0.0242174029941374,0.0256819682770683,0.0243451549596523,0.0265382388817974,0.0252969160569731,0.0175359319040849,0.0171085710976329,0.0169486159630929,0.0166506285484307,0.016814890902295,0.0166918791638684,0.0166343907905442,commercial,4,spring,0,6,206.6356601,1239.8139606,0
16,2021-04-15,0.0164462750429415,0.0164462750429415,0.0162247048611527,0.0160980791230836,0.0160295052573648,0.0151161662941493,0.0158201115995887,0.0164352737501411,0.0191609888126637,0.0211442482401199,0.0213270851125967,0.0205892917098528,0.01997523095274,0.0253171958685366,0.0256568780630375,0.0295784467930283,0.0271519372813007,0.0177889836268016,0.0169646506871198,0.0169485907777145,0.0168389673342013,0.0168148774700932,0.0166918707687422,0.0166343823954181,commercial,4,spring,0,6,206.6356601,1239.8139606,0
16,2021-04-16,0.0164462750429415,0.0164462750429415,0.0164462750429415,0.0164462750429415,0.0164462750429415,0.0165129417095975,0.0166972122830686,0.0169592653857895,0.0208805312328038,0.0240059386613228,0.0240152522352527,0.0233506596234915,0.0224317342490514,0.0262246722544077,0.0296491937119932,0.0318312996923303,0.0291425812589382,0.0197214598065781,0.0171085004716769,0.0170924506669647,0.0168389387042371,0.0168148639971689,0.0166918623481645,0.0166343739748404,commercial,4,spring,0,6,206.6356601,1239.8139606,0
16,2021-04-17,0.0162539788924722,0.0162539788924722,0.0162539788924722,0.0162539788924722,0.0162539788924722,0.0162539788924722,0.0166972004621188,0.0167078935770984,0.0174452720355193,0.0200051256388159,0.0194001178481323,0.0189288857566239,0.0169682842906899,0.0180089235102887,0.0206163060482616,0.0190813625852128,0.0181727403760648,0.0170363475534335,0.016545325492316,0.0163978640434556,0.0162678949133103,0.0162539788924722,0.0162539788924722,0.0162539788924722,commercial,4,spring,1,6,206.6356601,1239.8139606,0
16,2021-04-18,0.0162539788924722,0.0162539788924722,0.0162539788924722,0.0162539788924722,0.0162539788924722,0.0162539788924722,0.0163988664289027,0.0163988664289027,0.0163988664289027,0.0163988664289027,0.016542751579886,0.0170391168128961,0.0167021883060895,0.0172664405682574,0.0189949027456363,0.0194468232245618,0.0180876241051784,0.0169634555505213,0.0163978640434556,0.0163978640434556,0.0162539788924722,0.0162539788924722,0.0162539788924722,0.0162539788924722,commercial,4,spring,1,6,206.6356601,1239.8139606,0
16,2021-04-19,0.0164462750429415,0.0164462750429415,0.0164462750429415,0.0164462750429415,0.0164462750429415,0.0165129417095975,0.0166971767378071,0.016959168905794,0.0241471772160088,0.0294077818154509,0.0280351545147029,0.0280379773535833,0.0254649040434059,0.0297453667354784,0.0355086305103239,0.0338686801711263,0.0320732999017664,0.0231371107444603,0.0172041065755916,0.0170923744985473,0.0169678820078824,0.016814823374013,0.0166918369586921,0.016648264606206,commercial,4,spring,0,6,206.6356601,1239.8139606,0
16,2021-04-20,0.0164462750429415,0.0164462750429415,0.0164462750429415,0.0164462750429415,0.0164462750429415,0.0165129417095975,0.016697164841471,0.0169591366157389,0.0211046387207589,0.0226112720245026,0.0248614382934497,0.0260172650519532,0.0241998891562613,0.0288065067100095,0.033242466775131,0.0323253194370327,0.0304599635704944,0.0220010042893876,0.0173167748877058,0.0170923490063985,0.017027885913951,0.0169586949291836,0.0168357136122925,0.0167049777808236,commercial,4,spring,0,6,206.6356601,1239.8139606,0
16,2021-04-21,0.0164462750429415,0.0165901601939249,0.0164742132973639,0.0165901601939249,0.0165901601939249,0.0165268577304356,0.0168410380780266,0.0171029894275612,0.0242106568792206,0.0282040544421515,0.029487818863738,0.0262474397650289,0.0270823602891021,0.0304126478678455,0.0317011778531538,0.03557186413258,0.0321091154202261,0.0213694101399342,0.0174076250858346,0.0172464170297928,0.0168387945538899,0.0169586813126948,0.016835705101987,0.0166343315776794,commercial,4,spring,0,6,206.6356601,1239.8139606,0
16,2021-04-22,0.0164462750429415,0.0164462750429415,0.0164462750429415,0.0164462750429415,0.0165901601939249,0.0165129417095975,0.0166971409980522,0.0171029570488711,0.022055579267186,0.0261124528303867,0.0268325388171572,0.0272683924906641,0.0265513257072334,0.0291835136906054,0.0280505152059133,0.027610265890838,0.0264275290523811,0.0188340249828237,0.0172623801709385,0.0170922979133581,0.0169677952113347,0.0169586676795621,0.016835696581279,0.0168233854819938,commercial,4,spring,0,6,206.6356601,1239.8139606,0
16,2021-04-23,0.0165901601939249,0.0165901601939249,0.0165459017513552,0.0165901601939249,0.0165901601939249,0.0165129417095975,0.0166971290580304,0.0169590394892573,0.01923735143714,0.0210643803349536,0.0231057088076835,0.0222117433241507,0.0216596204854619,0.0242308783621554,0.0216761472039347,0.0231486955402278,0.0220117252030763,0.0174459062771419,0.016964365645579,0.0169483871766139,0.0168387365862873,0.0168147688828396,0.0166918029017087,0.0166343145283846,commercial,4,spring,0,6,206.6356601,1239.8139606,0
16,2021-04-24,0.0162539788924722,0.0162539788924722,0.0162539788924722,0.0162539788924722,0.0162539788924722,0.0162804475565213,0.0166971171105139,0.0167077625960051,0.0171866333222548,0.0172026015504915,0.0171972788077459,0.0172079242932371,0.0169680461432475,0.0168112912175639,0.0166567605810894,0.0167953229893272,0.0167979843606999,0.0164013569897278,0.0164013569897278,0.0162539788924722,0.0162539788924722,0.0162539788924722,0.0162539788924722,0.0162539788924722,commercial,4,spring,1,6,206.6356601,1239.8139606,0
16,2021-04-25,0.0162539788924722,0.0162539788924722,0.0162539788924722,0.0162539788924722,0.0162539788924722,0.0162562811705597,0.0163988187411954,0.0163988187411954,0.0163988187411954,0.0165427038921787,0.0168606312046517,0.0166084616060023,0.0168659505326906,0.0168739295247491,0.017121829900602,0.0178325704470549,0.0168723042651826,0.0166495251427347,0.0165519575977665,0.0165519575977665,0.0162539788924722,0.0163978640434556,0.0163978640434556,0.0162539788924722,commercial,4,spring,1,6,206.6356601,1239.8139606,0
16,2021-04-26,0.0165901601939249,0.0165901601939249,0.0164462750429415,0.0164462750429415,0.0164462750429415,0.0165129417095975,0.0166970932071505,0.016958942179726,0.0193798066407559,0.0222618744782411,0.0240884561524501,0.0234080080520694,0.0255059664770336,0.0260091945003089,0.0207029406766259,0.0209414359247671,0.0222574487370393,0.0174457731167307,0.0169642580929392,0.0169483103532997,0.0168386495198646,0.0168147279104054,0.0166917772939373,0.0166342889206132,commercial,4,spring,0,6,206.6356601,1239.8139606,0
16,2021-04-27,0.0164462750429415,0.0164462750429415,0.0164462750429415,0.0164462750429415,0.0164462750429415,0.0165129417095975,0.0166970812583823,0.0169589097473552,0.0231044612169515,0.0282507961892306,0.0280031701870253,0.0275510657634543,0.0257977893053848,0.0298395905760107,0.0321622963289935,0.0328781034545877,0.0299283946900121,0.0207616388056127,0.0174463098199856,0.0172462634540907,0.0171847482039931,0.0171126929599645,0.0169897474643971,0.0167633100136305,commercial,4,spring,0,6,206.6356601,1239.8139606,0
16,2021-04-28,0.0165901601939249,0.0165901601939249,0.0164601910637796,0.0164462750429415,0.0164462750429415,0.0165129417095975,0.0166970693162747,0.0169673934855579,0.0227937775960865,0.0248555494902124,0.0265176973745713,0.0246063540833175,0.0239098594511016,0.0288593320069799,0.0313067323760702,0.0331454728084957,0.0313752916735566,0.022761204978637,0.0174893730759272,0.0174100716220223,0.0169676211270181,0.0169585857575307,0.0168356453800094,0.0166342718557019,commercial,4,spring,0,6,206.6356601,1239.8139606,0
16,2021-04-29,0.0165901601939249,0.0165901601939249,0.0164462750429415,0.0164462750429415,0.0164462750429415,0.0165129417095975,0.0166970573843644,0.0171264880975114,0.0263676487743298,0.0297290467732573,0.0290309114813655,0.027266321810291,0.0253444888430306,0.0288198381983316,0.0288573324459738,0.0286207774665294,0.026711660388815,0.0177836678057839,0.0172621293298753,0.0170921187411701,0.0168385625216699,0.0168146869700785,0.016691751706233,0.0166342633329088,commercial,4,spring,0,6,206.6356601,1239.8139606,0
16,2021-04-30,0.0164462750429415,0.0164462750429415,0.0164462750429415,0.0164462750429415,0.0164462750429415,0.0165129417095975,0.0166970454661848,0.016958812597105,0.0214525321418423,0.0238662158058021,0.0250631224099058,0.0245406286755994,0.0216382017198778,0.0238584121085696,0.025053708669418,0.0245832663639618,0.0234952698811384,0.0174970033958408,0.0169641148700423,0.0169482080512305,0.0168385335775195,0.0168146733493018,0.0166917431932476,0.0166342548199234,commercial,4,spring,0,6,206.6356601,1239.8139606,0
16,2021-05-01,0.0162539788924722,0.0162307917958518,0.0159838510592408,0.0160529711197659,0.0159725008858877,0.0159270890309844,0.0166811981379288,0.0164567576145755,0.0171573104970122,0.0171573104970122,0.0173011956479955,0.0172189089150922,0.0169307153338156,0.0169386636428275,0.0166327366285213,0.0167713229068301,0.0167713229068301,0.0163933251354675,0.0163827273901183,0.0162539788924722,0.0162539788924722,0.0162539788924722,0.0162539788924722,0.0162850720385793,commercial,5,spring,1,6,206.6356601,1239.8139606,0
16,2021-05-02,0.0162678056621089,0.0162747283918032,0.016325208240856,0.0162943832466505,0.0162996136340286,0.0163360598564121,0.0166890784676051,0.0166890784676051,0.0171573037083637,0.0171573037083637,0.0173011888593471,0.0173516616117363,0.016776611596532,0.0169386483683684,0.0169307051508429,0.0180164519638046,0.017139191566416,0.0165372034978023,0.0168445398535746,0.0165519575977665,0.0162539788924722,0.0163978640434556,0.0163978640434556,0.0162539788924722,commercial,5,spring,1,6,206.6356601,1239.8139606,0
16,2021-05-03,0.0163978640434556,0.0162539788924722,0.0162539788924722,0.0162539788924722,0.0163978640434556,0.0162539788924722,0.0168329568438273,0.0168329568438273,0.0173769818156545,0.0180470432024289,0.0188237208387116,0.0197616622321835,0.0186274362432482,0.020362832520481,0.0227010534028335,0.0219748175841367,0.0209906900986346,0.0197724057351917,0.0175342951697575,0.0169368853272506,0.0168063082195512,0.0168635618051306,0.0168794525512545,0.016526106383508,commercial,5,spring,0,6,206.6356601,1239.8139606,0
16,2021-05-04,0.0168357716528172,0.016828644138806,0.0164891248856981,0.016757966799263,0.0163980464830993,0.0164891248856981,0.0174214669954881,0.0184659730282431,0.0217961886858215,0.0239702653197611,0.0231328782719316,0.0225500733077192,0.0210331834449761,0.0222343784007177,0.0241783132414161,0.0178244704958454,0.0166274174335694,0.0163933048131901,0.0163827273901183,0.0163978640434556,0.0162539788924722,0.0162539788924722,0.0162539788924722,0.0162539788924722,commercial,5,spring,0,6,206.6356601,1239.8139606,0
16,2021-05-05,0.0162539788924722,0.0162539788924722,0.0162539788924722,0.0162539788924722,0.0162539788924722,0.0162539788924722,0.0166890581930037,0.0168329433439871,0.0171711994546004,0.0177536967940144,0.019458176928458,0.0190752717229789,0.0174738566659105,0.0199240641210714,0.0207272812051329,0.0218824225031207,0.021729384899978,0.0203495754214449,0.0180008978940565,0.0174030631954128,0.0170109008209409,0.0168933289946914,0.0173566690453481,0.0166404558746668,commercial,5,spring,0,6,206.6356601,1239.8139606,0
16,2021-05-06,0.0175513717296682,0.0170706011130845,0.0168585281779682,0.0167442537482358,0.0167442537482358,0.0167480877028234,0.0170061671062357,0.0195031431519133,0.0330261875360312,0.0348010530212054,0.0354173635745012,0.0360554105214662,0.0293739807573994,0.0366788822683883,0.0406319590422688,0.0401358579278678,0.0386615667541007,0.0274150521707174,0.0209211546502695,0.0193974959770544,0.0187979813635075,0.0181814860874749,0.0187184926985949,0.0179136557453932,commercial,5,spring,0,6,206.6356601,1239.8139606,0
16,2021-05-07,0.0184854928259489,0.0185801325634289,0.0180517849230347,0.0185307116444787,0.0185306377312717,0.0178018168587001,0.0189182092507629,0.0214224301403301,0.0366426678193956,0.039503913006382,0.0393909519003794,0.0398623443257352,0.0333416512548055,0.0386879900623332,0.042472613517523,0.0412035165367967,0.0382614385127388,0.0261699232345963,0.0211850018256967,0.0198903822662195,0.0190184967094761,0.0168145787811904,0.016691684088178,0.0166341957148538,commercial,5,spring,0,6,206.6356601,1239.8139606,0
16,2021-05-08,0.0165519575977665,0.0165519575977665,0.016339059125559,0.0165519575977665,0.0165519575977665,0.0165753822176115,0.017437666997813,0.019289887453523,0.0250978846172267,0.0259584487940118,0.0254149143074335,0.0248788950709584,0.0235338024814763,0.0239048005265174,0.0247244358420053,0.0258736397242971,0.0247305128193517,0.0219277821686327,0.0196182914529556,0.0181859639432386,0.0178267017106143,0.0187204388455806,0.0183217218537962,0.0182360093945758,commercial,5,spring,1,6,206.6356601,1239.8139606,0
16,2021-05-09,0.0184332928259659,0.0183871945336254,0.0176166410010432,0.0182331714331008,0.0176022232169842,0.0166656468072898,0.0176432471217958,0.0184465263383733,0.0192477648344207,0.0214596398234325,0.02156681119723,0.0224315178742268,0.0215381687112585,0.0222499426166657,0.02534080027039,0.025253334190123,0.0231357980923138,0.0207356249660255,0.0178859972803831,0.0185496844300139,0.0180516794400512,0.0187434626531835,0.0187864772107266,0.0179843591138482,commercial,5,spring,1,6,206.6356601,1239.8139606,0
16,2021-05-10,0.0185233984662862,0.018432945696823,0.0177083543847008,0.0177732988217196,0.0176572765131092,0.0171465429624086,0.0179103862331787,0.0213978152079585,0.0346224789290624,0.039596971425964,0.0379826521314161,0.0366171351355198,0.0309697010412795,0.0380307399873737,0.0436144409665377,0.0423536723435734,0.0399308940796714,0.0273714736572228,0.0213107179581159,0.0204274135662332,0.0191279854453374,0.019460406752377,0.0189528394936101,0.0179650913832092,commercial,5,spring,0,6,206.6356601,1239.8139606,0
16,2021-05-11,0.0184696287531903,0.0186016743336043,0.018194003257302,0.0185844157936848,0.0185855412512487,0.0181438086032111,0.0166969162768683,0.0171023470913721,0.0213851796298806,0.023395793086524,0.0222180635191352,0.0238640607650544,0.022477592170048,0.0262823246362385,0.0269118544650677,0.0273959178044581,0.0265027700684133,0.0193635005594502,0.0172806554201303,0.0172459099222751,0.0169970625992712,0.016958410855352,0.0168355360661477,0.0168538474238922,commercial,5,spring,0,6,206.6356601,1239.8139606,0
16,2021-05-12,0.0165901601939249,0.0164462750429415,0.0164462750429415,0.0164462750429415,0.0164462750429415,0.0165129417095975,0.0166969047965499,0.0169584307795245,0.0233116469099446,0.0260621191593672,0.0271899345647742,0.0269678717262852,0.0238341207817311,0.0278834956362275,0.0346806604639978,0.0362687980024547,0.0347530672716586,0.0236961697204941,0.0175155092082256,0.0172458853215928,0.01692327218435,0.017112491289299,0.0168355278659203,0.0166341543416128,commercial,5,spring,0,6,206.6356601,1239.8139606,0
16,2021-05-13,0.0164462750429415,0.0164462750429415,0.0164462750429415,0.0164462750429415,0.0164462750429415,0.0165129417095975,0.016704790928169,0.0176372166105911,0.0278498696694917,0.032737769872241,0.0321519908914518,0.0306277518406728,0.028884363315485,0.0336270291347976,0.0364985825735776,0.0332071488742239,0.0292892138272094,0.0218167251857486,0.0180118018398344,0.017355856653299,0.0169970069808117,0.0172763119944322,0.0171534470202502,0.0167337728918835,commercial,5,spring,0,6,206.6356601,1239.8139606,0
16,2021-05-14,0.0167442537482358,0.0167442537482358,0.0165169127357801,0.0165901601939249,0.0165901601939249,0.0165408799640199,0.0168407671670333,0.0198042257101444,0.0296854169507789,0.033960100858781,0.0333252314850242,0.0310484948631168,0.0300464236055198,0.0349185350860086,0.0346917075482838,0.0345183662431255,0.0326250054560095,0.0216297590288912,0.0190288592159891,0.0175827650130423,0.0171681180440383,0.017276299012604,0.0171534389066075,0.0168232004948494,commercial,5,spring,0,6,206.6356601,1239.8139606,0
16,2021-05-15,0.0167157913559285,0.0165519575977665,0.0164278809058347,0.0165519575977665,0.0165519575977665,0.016339059125559,0.0169948494279089,0.0170053541203148,0.0180089974629645,0.0207801175171507,0.0215576136935578,0.0212145003161832,0.0207239384841895,0.020867379329389,0.022080327958775,0.0233719659220566,0.0208455172071248,0.0177991981509632,0.0173435933558941,0.0170810925140456,0.0165839603093185,0.0167157913559285,0.0167157913559285,0.0164736637745242,commercial,5,spring,1,6,206.6356601,1239.8139606,0
16,2021-05-16,0.0165519575977665,0.0165519575977665,0.0164278809058347,0.0163978640434556,0.0165519575977665,0.0163978640434556,0.0165425635145487,0.0188679939606963,0.019832714331851,0.0218295587926379,0.0213754493111683,0.0218287555820392,0.0201544050880048,0.022318552122762,0.0259381890141203,0.0240327732277534,0.0229021878233047,0.0214846283212215,0.0178109355727169,0.0162539788924722,0.0162539788924722,0.0162539788924722,0.0162539788924722,0.0162539788924722,commercial,5,spring,1,6,206.6356601,1239.8139606,0
16,2021-05-17,0.0164462750429415,0.0164462750429415,0.0164462750429415,0.0164462750429415,0.0164462750429415,0.0165129417095975,0.0166608031304014,0.0169582775568601,0.021704259056835,0.0225004221613721,0.02244810437033,0.0229242401715618,0.0218299958509343,0.0269194154671519,0.0314437099692386,0.0324723907121056,0.0322459506013527,0.021865994774085,0.0176668062369992,0.0174095981144934,0.0171360335625946,0.0172762605326549,0.0169895810984774,0.0167191942529458,commercial,5,spring,0,6,206.6356601,1239.8139606,0
16,2021-05-18,0.0167442537482358,0.0165901601939249,0.0164462750429415,0.0165901601939249,0.0165901601939249,0.0165129417095975,0.0166968372696364,0.0169582474921879,0.0199937992020248,0.0221941539001001,0.0238404345664985,0.0255522527396618,0.0229874424604388,0.0244659722735034,0.0256079954764244,0.0268995364152461,0.0262895157424358,0.0179321488624477,0.0172614689856913,0.017091647066753,0.0168380279573305,0.0168144354103893,0.0166915944814273,0.0166341061081031,commercial,5,spring,0,6,206.6356601,1239.8139606,0
16,2021-05-19,0.0164462750429415,0.0164462750429415,0.0164462750429415,0.0164462750429415,0.0164462750429415,0.0165129417095975,0.0166968262720939,0.0169582176417153,0.0210907598434009,0.0244559767636668,0.026324661344759,0.0265168865756866,0.0239504769508146,0.0285145561783048,0.0307956055796588,0.0334210524913302,0.0329549273372697,0.0196450818041762,0.0176689959124221,0.0174095508130633,0.0169230814820997,0.0171124015470635,0.016989565331334,0.0166340982527156,commercial,5,spring,0,6,206.6356601,1239.8139606,0
16,2021-05-20,0.0165901601939249,0.0165901601939249,0.0164601910637796,0.0165901601939249,0.0165901601939249,0.0165129417095975,0.0168407005077072,0.0171020731652656,0.0242266565846674,0.0267540805735747,0.0300650862899962,0.02973949614616,0.0269148546558908,0.0321201840864845,0.0343933260676014,0.0364325415020116,0.0347127989646144,0.0228093235036449,0.0193398811452697,0.0181455416944392,0.0169818598912403,0.0171123890723549,0.0169895575346411,0.0167631200838745,commercial,5,spring,0,6,206.6356601,1239.8139606,0
16,2021-05-21,0.0167442537482358,0.0167442537482358,0.016620177056304,0.0167442537482358,0.0167442537482358,0.0166419713374493,0.0169947832320529,0.0172561373239568,0.0227613584790957,0.0266151522795959,0.0283282364796491,0.0273937307987661,0.0262908544719294,0.027863144880995,0.0250447791357418,0.0250684977887887,0.0258443548780175,0.0186301540459973,0.0171072772027471,0.0170915769034435,0.0168942479843185,0.0169582831409409,0.0168354562446408,0.0166340827203333,commercial,5,spring,0,6,206.6356601,1239.8139606,0
16,2021-05-22,0.0163978640434556,0.0163978640434556,0.0162539788924722,0.0163978640434556,0.0163978640434556,0.0162539788924722,0.016840678936389,0.0168511396646754,0.0172565781755756,0.0175765098603176,0.0180667039280697,0.0179117073576686,0.0176810868594397,0.0179729518321519,0.0195725537385386,0.0206243208136593,0.0190722339885899,0.017194090615683,0.0171899911348903,0.0170469490872813,0.0166822682316296,0.0167157913559285,0.0167157913559285,0.0164278809058347,commercial,5,spring,1,6,206.6356601,1239.8139606,0
16,2021-05-23,0.0165519575977665,0.0165519575977665,0.0164128216597069,0.0163978640434556,0.0163978640434556,0.0163246165853108,0.016398634727941,0.0166966134332353,0.0166915956058552,0.0179053629614618,0.0186559656239561,0.0176132401742779,0.0182676237731527,0.0204445253079134,0.0197090027918591,0.0215908014295497,0.0214140717027122,0.0180196601516059,0.0172608866503739,0.0170707516164392,0.0168012114875061,0.016888886104573,0.016888886104573,0.0165679104851086,commercial,5,spring,1,6,206.6356601,1239.8139606,0
16,2021-05-24,0.0169080875063978,0.0169080875063978,0.0166353374679638,0.0167442537482358,0.0167442537482358,0.016569241255003,0.0168406577322159,0.0173168290688577,0.0296161462434824,0.0332834446929918,0.0342231692356046,0.0336320417724777,0.0283875196090348,0.0350148673897754,0.0395627850489846,0.0419189818291001,0.0408692527672348,0.0270957356439756,0.0207817411593127,0.0192083215042893,0.0173762784171038,0.0183090714275124,0.0177824260766503,0.0169161831311775,commercial,5,spring,0,6,206.6356601,1239.8139606,0
16,2021-05-25,0.0170722581255305,0.017318244654772,0.016620177056304,0.0174147496257659,0.0172565249515471,0.0166419713374493,0.0177368093160619,0.0201451549791794,0.0333265497233893,0.0361948865736644,0.0371128632228536,0.0376876063974164,0.031021624590329,0.0381417898805269,0.0431150387120708,0.0450087335190425,0.0395129506589246,0.0276914732510342,0.0212462606427355,0.0202826077783456,0.0185907146296849,0.0185825425940223,0.0184113812266923,0.0174550862179724,commercial,5,spring,0,6,206.6356601,1239.8139606,0
16,2021-05-26,0.0178866219932193,0.0179459627696662,0.0171103108683547,0.0178692520688606,0.0173484420988829,0.0168109204148918,0.0201774485038316,0.023999963653001,0.0364431091415426,0.0402785403754554,0.0393266082401447,0.0356359927728611,0.031676641411817,0.0395335289258859,0.0455568331807305,0.0467310471680979,0.0464449053045913,0.0308296535866908,0.0237271659815237,0.0204896687713428,0.0186002733711878,0.0185634229290613,0.018451980115647,0.0173298620675827,commercial,5,spring,0,6,206.6356601,1239.8139606,0
16,2021-05-27,0.0170741300707947,0.017267063395212,0.0169077058363339,0.0174075280041758,0.0169080875063978,0.0168268733022339,0.0186273393341828,0.0224725241916033,0.0338883581552742,0.04078372746377,0.041825867774153,0.0365636644134591,0.0341492990619806,0.0390071113360717,0.0409682629612889,0.0476521673227613,0.0473142462332299,0.029893653685687,0.0240097752102626,0.0216289436244085,0.0196148425345205,0.0196730063344671,0.0191806998890274,0.0184241958319404,commercial,5,spring,0,6,206.6356601,1239.8139606,0
16,2021-05-28,0.0188600432839157,0.0180509599005678,0.0180394291777801,0.0190439915865353,0.0186205819549257,0.018136775042767,0.0193182429120293,0.0210811080019531,0.031284779549022,0.0361439001320386,0.0384591388985978,0.0387000258919121,0.0332297945085145,0.0408600463365219,0.0362121892068693,0.0357075046490029,0.0374965690259537,0.0244927352324849,0.0212283879949486,0.0205116040741906,0.0186306652340554,0.0195385102726046,0.0184115114587518,0.0176698578522261,commercial,5,spring,0,6,206.6356601,1239.8139606,0
16,2021-05-29,0.0180626757921918,0.0184501868512234,0.018005640886796,0.0169694452633028,0.017271499057506,0.0178689541234348,0.0191236633241211,0.0183795026105377,0.0194028466531437,0.01923065293113,0.0199694276704437,0.0250705218152437,0.0190078568447124,0.018230725591407,0.0219534144094022,0.0180872343590379,0.0169582291350806,0.0164860414530322,0.0166989399252396,0.0165519575977665,0.0163682555524539,0.0165519575977665,0.0168388929999367,0.0165815877326835,commercial,5,spring,1,6,206.6356601,1239.8139606,0
16,2021-05-30,0.0172606060280904,0.0176960098860965,0.0167906319915113,0.0178015062035347,0.0183559621628878,0.017085217467186,0.0186591554734229,0.0195737703713827,0.0201387590777157,0.0207747142514846,0.0220890149659,0.0238649653929487,0.0241647978110612,0.023734293985541,0.0266033543953627,0.025156190847943,0.0244917454404783,0.0217094291106983,0.0192427935303971,0.0194714731645393,0.0194049760658285,0.0196398664652648,0.0196393117748254,0.019363059824666,commercial,5,spring,1,6,206.6356601,1239.8139606,0
16,2021-05-31,0.0198343853781585,0.0198090841622605,0.0191116444037137,0.0197716216040388,0.0197110578023212,0.0192742507926986,0.019674089801729,0.0216622725328247,0.0368208511390577,0.0421069117960522,0.0431673926823294,0.0391199839079256,0.0347536148928812,0.0410357736965808,0.0471604240698904,0.0435807196430824,0.0415976188415457,0.0290050187640261,0.0222731941821994,0.021379812148673,0.020552120100024,0.0202434220995992,0.0197566338217607,0.018932278230634,commercial,5,spring,0,6,206.6356601,1239.8139606,0
16,2021-06-01,0.0190099951375575,0.0190894301658922,0.0185035825463439,0.0189279859679074,0.0192437176786873,0.0193655016305085,0.0224365015987315,0.0268371552197333,0.0385131008741015,0.0474632189279038,0.0476917880524609,0.0394650783587611,0.0355070586406095,0.0476304108871412,0.0456471558737288,0.0477836872204208,0.0488124214476792,0.0337548454359172,0.0242123624281002,0.0229924702970107,0.0209052657859337,0.0209488464152109,0.0208922858113459,0.0198880077040693,commercial,6,summer,0,6,206.6356601,1239.8139606,0
16,2021-06-02,0.0207103040086881,0.0206671349026766,0.019487510637848,0.0205874054743258,0.0190320532090558,0.0183882127939592,0.0224236724521727,0.0239061215717656,0.0363023745582745,0.0447334413401061,0.0460642576784718,0.0430403807029419,0.0337406753577839,0.0393761027495454,0.0422392074974956,0.0387299311868207,0.037458316900503,0.0266668974711577,0.0239196375300851,0.0222039331809982,0.0202424307045722,0.0209745180333832,0.0205023274171295,0.0193655884559663,commercial,6,summer,0,6,206.6356601,1239.8139606,0
16,2021-06-03,0.0201511495358038,0.0200184554808901,0.0200052439461916,0.0202359538026408,0.020783852113668,0.0194131328364241,0.0221017051431024,0.0263939866458989,0.0396971513351652,0.0478056218230055,0.0490855018525267,0.0420176551773054,0.038474421362188,0.0460433562067829,0.0465912356836225,0.0510062457076419,0.0513661687259805,0.0323121383662871,0.0251150186036693,0.0237539082836838,0.0214585050195219,0.0223722396735781,0.0205642363529623,0.0197557089718712,commercial,6,summer,0,6,206.6356601,1239.8139606,0
16,2021-06-04,0.0202810074213065,0.020718497188388,0.019375102720222,0.0201137440557901,0.0200563652665593,0.0196588885073322,0.0235897234296902,0.0274011490049232,0.0398271549933651,0.0508737456951319,0.0468395941831445,0.0417715256169733,0.0354292773186875,0.0421032043820919,0.0435181131500806,0.0473557643283236,0.0474368035035415,0.0318224990090881,0.0258257300038137,0.023836413284695,0.0215023540226276,0.0224522233919318,0.021952551206081,0.0198892299412514,commercial,6,summer,0,6,206.6356601,1239.8139606,0
16,2021-06-05,0.0201089144911784,0.0198474872593521,0.0194525634705027,0.0199408871060411,0.01878164334048,0.0187357529974781,0.0236743678923529,0.026525365780796,0.0291190120040542,0.0334250040404054,0.032621282229467,0.028827253713767,0.0264391702424107,0.0274860065995967,0.0281811306086003,0.0277459087723178,0.0264336817373326,0.0223269434467714,0.0200490679596999,0.0186574318979365,0.0189694011126368,0.0197700886997804,0.0200214478055075,0.0191442862737648,commercial,6,summer,1,6,206.6356601,1239.8139606,0
16,2021-06-06,0.0190895619916816,0.0196629775185476,0.0188466810401965,0.0188995596916197,0.0188208887142499,0.0186450946066059,0.0214184703019595,0.0248021188835444,0.0250721194256316,0.0282837531311276,0.0297245191328377,0.0246767582431008,0.026601509279356,0.0265989576640404,0.0264532765768388,0.027419047054022,0.0235744414436508,0.0218151961767679,0.0217383916091839,0.021320076676918,0.0195622016131322,0.020438899743382,0.0205289468097342,0.0198601489856139,commercial,6,summer,1,6,206.6356601,1239.8139606,0
16,2021-06-07,0.0213912339455652,0.0206455066366668,0.0198728477024593,0.0200522056536651,0.0193850434242813,0.0167579738286938,0.0190400256347021,0.021583442181741,0.0302905210639518,0.0383479597652809,0.031826870559394,0.0326218935920229,0.0349052765332082,0.0378988712370961,0.0376937805209413,0.0427185053657111,0.0385640540198566,0.025108268775359,0.0226846574899517,0.0220360912314164,0.0203398953717103,0.017276018399564,0.0171532635234576,0.0170291032453509,commercial,6,summer,0,6,206.6356601,1239.8139606,0
16,2021-06-08,0.0174496028620422,0.0196824217395417,0.0193807901057226,0.0204327620144953,0.0206001042823,0.0199908536744407,0.0212084840803272,0.0209284615490971,0.0285264074033953,0.0287427688724534,0.0248276459571406,0.0261829789567457,0.0256204541569636,0.0335463628881383,0.0338115280688354,0.0274400631597093,0.0289674956511652,0.0186629517332229,0.0178543616348811,0.0179315678586338,0.0171675004349247,0.0176819438646198,0.0174497986113337,0.0171142296525573,commercial,6,summer,0,6,206.6356601,1239.8139606,0
16,2021-06-09,0.0184088403385755,0.01803953238761,0.0175815931509119,0.0199524776635559,0.0194252761649223,0.0189896496287946,0.0202035742639624,0.0204953862392342,0.026823169224754,0.0328347032738951,0.0352253959858672,0.0358567926326525,0.0328767255635331,0.0370197298731453,0.0333619330297941,0.0275423047802028,0.0265216848326662,0.0187355019792793,0.0173266026842514,0.0174091068175031,0.0171038636911853,0.018049984071495,0.0192289133527985,0.0173227209280445,commercial,6,summer,0,6,206.6356601,1239.8139606,0
16,2021-06-10,0.0196248905721118,0.0199625038992149,0.0184060390711702,0.0174889803036408,0.0165901601939249,0.0165129417095975,0.0168404957364321,0.0172556109118297,0.0206338456798052,0.0232621357084009,0.0250526013636262,0.0237121523594502,0.02435510041216,0.0282717319191278,0.0244280654047871,0.0251368858738854,0.0258130783836123,0.0186211372593794,0.0180158659760394,0.0179410229759365,0.0171514090312252,0.0176379262759135,0.0173841502063191,0.0171478654216643,commercial,6,summer,0,6,206.6356601,1239.8139606,0
16,2021-06-11,0.017504593521398,0.0171514545300933,0.0167126406800822,0.0175508699995973,0.0174642175588529,0.0167966527128277,0.0178941219545686,0.0196138832530162,0.030735169744985,0.035429895669124,0.0361271368868257,0.0351250405702434,0.030395693606395,0.0370664627100202,0.0418913820900333,0.0444761342278227,0.0428516318327794,0.0266854802459482,0.0221948842150038,0.0205499131072009,0.0191881016164265,0.0200874151512651,0.0196385534367582,0.0186670856447149,commercial,6,summer,0,6,206.6356601,1239.8139606,0
16,2021-06-12,0.0172130941836218,0.0173142823538587,0.0174222314190181,0.0175974566055125,0.0171857039926887,0.0168727737873486,0.0188451321601698,0.0211527020905023,0.0235312833628783,0.0250896103687375,0.025399941311306,0.0225231969054257,0.021497596868467,0.0243090149020119,0.0233491141990301,0.0231239010286262,0.0214312467049929,0.0193148532351374,0.0194590177562117,0.017973838824233,0.016621866732861,0.0165838726776826,0.0165519575977665,0.0164278809058347,commercial,6,summer,1,6,206.6356601,1239.8139606,0
16,2021-06-13,0.0172286467259227,0.0181877817280216,0.0178002560589995,0.0186516107387948,0.0187085996438578,0.0177476372808701,0.0190826746693047,0.0204102698593557,0.023033072987124,0.027120316348786,0.0271367707095263,0.0249174073583474,0.0210661847672332,0.0234727884291705,0.0244600820848914,0.0243711063732501,0.023739115378628,0.0209293887069605,0.0201912711747613,0.0168983368455397,0.0164278809058347,0.0165519575977665,0.0165519575977665,0.0164583024292401,commercial,6,summer,1,6,206.6356601,1239.8139606,0
16,2021-06-14,0.0172206231392862,0.0168876302959818,0.0165203445296129,0.0165519575977665,0.0165519575977665,0.0163246165853108,0.0168327101502429,0.0169868037045538,0.0173009353910015,0.0185062175366051,0.0199718200222451,0.0182862786592915,0.0182300490115216,0.0177479962311115,0.017233219083067,0.0182877856479697,0.01773375271749,0.0173477462939122,0.0165266125411017,0.0162539788924722,0.0163536056008859,0.0163978640434556,0.0163978640434556,0.0163978640434556,commercial,6,summer,0,6,206.6356601,1239.8139606,0
16,2021-06-15,0.0167442537482358,0.0167442537482358,0.0165901601939249,0.0165901601939249,0.0165901601939249,0.0166125684180113,0.0168404555322848,0.0171014082319762,0.0237983632004288,0.0284785821158457,0.0301521470744832,0.028232090600826,0.0267224662498531,0.0336700770995562,0.0342106508674425,0.0388967173834583,0.035313104472555,0.0253352238010436,0.0202661806043757,0.0183160649265474,0.0172656691391028,0.0176523949270067,0.017458297427541,0.0172367956812948,commercial,6,summer,0,6,206.6356601,1239.8139606,0
16,2021-06-16,0.0176867461729436,0.01772833514514,0.0170890603739202,0.0170602536591532,0.017124410407179,0.0168393550811998,0.0192354677726676,0.0214725516757869,0.0328674972326201,0.0360423334662158,0.0369692726930791,0.0351076821767296,0.032758633642039,0.0381364155406956,0.0428960782245608,0.0399606200164943,0.0368038676285072,0.0280210584499626,0.0218038159099831,0.0204290607044249,0.0188529653405131,0.0194260760498987,0.0184657251471248,0.0180036959803201,commercial,6,summer,0,6,206.6356601,1239.8139606,0
16,2021-06-17,0.0178406990249331,0.0183682521997368,0.0176093353344839,0.0178756505710308,0.0183246125121081,0.0174656526088387,0.0182402354787495,0.0219904817472517,0.0347563142018531,0.0432481466928533,0.039291015314675,0.0388647199965046,0.0313650855335063,0.0348765991605753,0.033814346472557,0.0341203867304104,0.0341315706166157,0.0239098140379924,0.020873113253203,0.0195561150118386,0.0183982066845091,0.0186813995940684,0.018222357905585,0.0169962747380918,commercial,6,summer,0,6,206.6356601,1239.8139606,0
16,2021-06-18,0.0171923386942881,0.0171795824266557,0.0167602066355779,0.0170808913480021,0.017095041385898,0.0167950649386747,0.0173338610163189,0.0191598301113879,0.0310944058631778,0.0368487627591009,0.0412735382267405,0.0396343508728411,0.0342172050726845,0.0398303385708859,0.0447464624621543,0.042256105748701,0.0471891759701513,0.0295824856244392,0.0234703102167004,0.0215898463734584,0.0193780568734492,0.0196311788922984,0.0186574875221276,0.0177101537289587,commercial,6,summer,0,6,206.6356601,1239.8139606,0
16,2021-06-19,0.0178421561796058,0.0182489547248251,0.0174640878459433,0.0173982655809896,0.0171964680008815,0.016777887162796,0.0208346884350487,0.0230864789891163,0.0284178066607035,0.0322308712477549,0.0319123305536584,0.0293564491214314,0.0246479511168679,0.0260560147238872,0.0253864787871059,0.0289838806548977,0.0280532934387067,0.0256511245692737,0.0212812242609568,0.019855488053441,0.018417176147866,0.0185846570831253,0.0188809974736669,0.0181706737002241,commercial,6,summer,1,6,206.6356601,1239.8139606,0
16,2021-06-20,0.0190514368658644,0.0179643470305356,0.017656535363689,0.0175928713725433,0.0170316211974926,0.0169030137149527,0.0181609835720079,0.0220593053509167,0.0251335047072195,0.02791492371519,0.0260297015413246,0.0255593967894845,0.0244848099637878,0.0273778361124826,0.0271765169505991,0.0295534809088215,0.0293714129242935,0.0273587413409593,0.0220065899582031,0.0197497306504493,0.0183844533175865,0.0186168809419269,0.0189411189679135,0.0181705714898871,commercial,6,summer,1,6,206.6356601,1239.8139606,0
16,2021-06-21,0.0192685322059843,0.0191621143385664,0.0181179223874678,0.0185680369142627,0.0184531259737177,0.0176511965810443,0.020550864187105,0.0258382548843732,0.0388253208317279,0.0422880800371128,0.0413996475428648,0.0413641545383251,0.0357631212352126,0.0440210964713004,0.0486927340791298,0.0493760603466982,0.050566307329166,0.0346095599264829,0.0257723344633759,0.0232676289960736,0.0210431861402395,0.0211686127113839,0.0206298869438557,0.0192251451497218,commercial,6,summer,0,6,206.6356601,1239.8139606,0
16,2021-06-22,0.0196705506656746,0.0190804264480036,0.0177764940163575,0.018531432690863,0.0180372985150659,0.0181994830333361,0.0226191196144874,0.0271893867474806,0.0409923922615343,0.0443240961144762,0.045162232663961,0.0427674689040522,0.0377808164761264,0.0435211502547683,0.0469791482062379,0.051218416178168,0.0524675360200919,0.0354089804461764,0.0261469949145246,0.0235477030986172,0.0212178827317727,0.0213772778361667,0.0208036323816854,0.0195945760005605,commercial,6,summer,0,6,206.6356601,1239.8139606,0
16,2021-06-23,0.0201428909333788,0.0194307919103677,0.0181546749381323,0.0184523552458428,0.0195452041514861,0.0181813030711677,0.0237896409937123,0.0296716189710034,0.0416177432819938,0.0449047628498119,0.0469117641916925,0.042287591930363,0.0378444942371059,0.0453145413220185,0.0479963400333405,0.0520611348913426,0.0503846598112664,0.0319043984930623,0.0264685986445016,0.023482382903795,0.021749442691439,0.0226155007419965,0.0221496593081051,0.0204123184610941,commercial,6,summer,0,6,206.6356601,1239.8139606,0
16,2021-06-24,0.0210460632630069,0.0203882969020217,0.0191057898287216,0.0203550142784057,0.0204587177793687,0.019754031196887,0.0232729310185107,0.0279449404098273,0.0420952285623329,0.0459064044907487,0.0473379240994734,0.0453093200054103,0.0373502654466134,0.046556408923606,0.0469891805325064,0.0546303939903814,0.0516336954928678,0.0336234561762182,0.0272133290423391,0.0241310117399625,0.0220482241014574,0.0221691657982072,0.0222331345504418,0.0207544292520019,commercial,6,summer,0,6,206.6356601,1239.8139606,0
16,2021-06-25,0.0210011082690118,0.0219059548229273,0.0196500302660917,0.0199096122369681,0.0198639026997746,0.0198201317119057,0.023932747363789,0.0263871492608187,0.0372956280718736,0.0461644309145801,0.0467509156820033,0.0436705116975504,0.0385349336829307,0.0459577128166479,0.0492485926533522,0.0513448923032919,0.0492100321886048,0.033544183630989,0.0266953215791641,0.0233826030826966,0.021575890114243,0.0219823723320708,0.0215409405346703,0.0203986249454579,commercial,6,summer,0,6,206.6356601,1239.8139606,0
16,2021-06-26,0.0197188733503367,0.0201602344874898,0.0190592627034317,0.0192757554589118,0.0197623696276089,0.01781553968126,0.0235656051732204,0.02540742454113,0.03028653053202,0.0319534166552348,0.0314533114541255,0.0307991701115258,0.0263498922289043,0.0277511509507294,0.0257142663076764,0.0290421420623748,0.0285949826326532,0.0259919003908033,0.0233782688305083,0.0206139587708617,0.0192988310972209,0.0203385649983621,0.0202461446210116,0.0187174884524052,commercial,6,summer,1,6,206.6356601,1239.8139606,0
16,2021-06-27,0.0194921646634921,0.019556232193491,0.0186362565938877,0.0196382402144315,0.0196116126724315,0.0187097714112157,0.0211275981234908,0.0233160903390904,0.0267789362677004,0.0259356099793357,0.0230562390230815,0.0236777981245712,0.0252359177280395,0.0256160445077588,0.0271447614127757,0.0298578076480427,0.0266937925757855,0.0239439049215845,0.0212692786936813,0.0202750532352188,0.017771714618211,0.0194144436923199,0.0187662049389975,0.0186185845138592,commercial,6,summer,1,6,206.6356601,1239.8139606,0
16,2021-06-28,0.0166466367309103,0.0173877149691782,0.0166894133968312,0.0177597357760845,0.0177138942486069,0.0165980219426843,0.0170270151112841,0.0171330157134182,0.0284511846759748,0.0314957858095963,0.0328850909506287,0.0310256053279094,0.0279228785822939,0.0315076739859734,0.0289399448668948,0.0310992061613326,0.0330914741346339,0.0216264975410878,0.0192762978013615,0.0187023122876051,0.0174468994832208,0.0178999909326366,0.0179139196403723,0.0173168737814592,commercial,6,summer,0,6,206.6356601,1239.8139606,0
16,2021-06-29,0.0180485484242005,0.0179541594966693,0.0173574581656636,0.0179365018904019,0.01779357250567,0.0166717844768322,0.0170482417620467,0.0171011619378173,0.0233082723059117,0.0306697667552716,0.0350381056186025,0.0318536891066511,0.0260938563675127,0.0331226286812481,0.0305640265377011,0.0317843947823734,0.0315672424784822,0.0223971881688221,0.019479197798833,0.0183467995104059,0.0173256261943833,0.0172785086367791,0.0171531514961062,0.0170455185741434,commercial,6,summer,0,6,206.6356601,1239.8139606,0
16,2021-06-30,0.0170870536787471,0.0171454857687407,0.0167602066355779,0.0170325874375725,0.0170206469389722,0.0167480877028234,0.0170095964330526,0.0192921472409194,0.0292555536469948,0.0348127921292591,0.0341853995814768,0.0343687982732085,0.0252589441872211,0.030813597702386,0.0315260931221592,0.0347208377492945,0.03360211712714,0.021352989202834,0.018806484710971,0.0178866384916515,0.0171671283368429,0.0174696735417037,0.0174346621146558,0.01775164292668,commercial,6,summer,0,6,206.6356601,1239.8139606,0
16,2021-07-01,0.0182301711448649,0.0186289608222799,0.0183337031238975,0.0185188791689306,0.018396472519892,0.0182694924847349,0.0202176796090255,0.023360087165402,0.0362352737763326,0.0409810468110059,0.0392635071442121,0.0360436702102348,0.0341233960701037,0.0404425514808956,0.0418067449469057,0.0466403594738407,0.0470211204799873,0.0315075057639237,0.024861139651398,0.0222225128520086,0.0202913808302846,0.020977191435512,0.020536970211727,0.0188509458771654,commercial,7,summer,0,6,206.6356601,1239.8139606,0
16,2021-07-02,0.0194229645146888,0.0191667295151413,0.0184623032246669,0.0191595319224485,0.0185296285906146,0.0183862532410408,0.0209653998010149,0.0243406891372895,0.0372423654393831,0.0451111019262403,0.0448007576673585,0.0372178145161654,0.0360079790903118,0.0417882881037612,0.041935888499378,0.0478296033954073,0.042107520883539,0.027406572792991,0.0233319620489289,0.0221110743392698,0.0200183097015242,0.0208529078296321,0.0204778688680746,0.0188415630930964,commercial,7,summer,0,6,206.6356601,1239.8139606,0
16,2021-07-03,0.0184486255561257,0.0192207579441257,0.0176435485100931,0.0185390851837854,0.018545204557298,0.0180148620243302,0.0201645087129235,0.0211373813215375,0.0237624598224852,0.0267249134148182,0.0285728357663163,0.0242810554677114,0.0235803423546469,0.0242738407996069,0.0237532145892029,0.0249235522683737,0.0236721517360285,0.0188247263041346,0.0196801692092583,0.0190081939390883,0.0176751440895532,0.0189510447392656,0.0191282313825166,0.0182533174964528,commercial,7,summer,1,6,206.6356601,1239.8139606,0
16,2021-07-04,0.0186945953206107,0.0186811935723843,0.0180495557457249,0.0186529968173918,0.0185919185278651,0.0175204714158529,0.0185945578931423,0.0194654266043639,0.0183516555034111,0.0183133171157445,0.0187898760095905,0.0198415695038265,0.0187044529779592,0.0212506773130426,0.0197270715274958,0.0220676884649374,0.0214391156203802,0.0175590588965931,0.0191781452356572,0.0189335992821669,0.0173569465766625,0.0166039402424651,0.0163978640434556,0.0162539788924722,commercial,7,summer,1,6,206.6356601,1239.8139606,0
16,2021-07-05,0.0165901601939249,0.0164462750429415,0.0164462750429415,0.0165901601939249,0.0165901601939249,0.0165129417095975,0.0168403367054047,0.0172954923964002,0.0238035964183084,0.0302620852064848,0.0335511544942003,0.0312455026083467,0.0304838200756912,0.0333848640938602,0.0327851307693748,0.0263550964911079,0.0261798085802984,0.0189439427824873,0.0173021139661594,0.0170908205341492,0.0168933907657849,0.0172758070564569,0.0169892976758536,0.0167481072572169,commercial,7,summer,0,6,206.6356601,1239.8139606,0
16,2021-07-06,0.0167442537482358,0.0165901601939249,0.0165753046707933,0.0167442537482358,0.0167442537482358,0.0165129417095975,0.0169944262469607,0.01877062707272,0.0282490420927461,0.0337459101488038,0.0356223031554606,0.0356280206474176,0.0308345280582192,0.0383353767798596,0.041133123412439,0.0425403633802758,0.0379380091910398,0.0250148973277572,0.0218569841308337,0.0210300205896153,0.0187098151256946,0.0187745647631433,0.018857146308763,0.0177291527302203,commercial,7,summer,0,6,206.6356601,1239.8139606,0
16,2021-07-07,0.0184600156316213,0.0184615495878432,0.0179548487012936,0.0185066984941912,0.0184087477970582,0.0176184829079326,0.0204146774536605,0.0241213989669912,0.0366656843974533,0.0431197043712471,0.0437418011395904,0.0382934516642479,0.0348632219774875,0.0404832881104619,0.0446050205334627,0.0505868141375643,0.0488355109964789,0.0327749688599169,0.0257497388018604,0.0220667756292786,0.0205152071731332,0.0212982440168306,0.0199705993894974,0.0189253059268558,commercial,7,summer,0,6,206.6356601,1239.8139606,0
16,2021-07-08,0.0191163836248816,0.0189363754047649,0.0177404129572419,0.0184121975431159,0.0184613009392471,0.0175658984900876,0.0225551541384675,0.0268377002251762,0.0397796349803327,0.0456540035026943,0.0433137572398457,0.0389320238119597,0.0366006602369209,0.0428198077722129,0.0437173725662106,0.0493688359508862,0.0489836458819917,0.0323072042094948,0.0259543917813072,0.0229666397883141,0.0200687818428599,0.020710350993665,0.0201667184261769,0.0187242558364288,commercial,7,summer,0,6,206.6356601,1239.8139606,0
16,2021-07-09,0.0191627868795686,0.0195088689404633,0.0177137397314075,0.0184456989187094,0.0184641694374125,0.0176359862705295,0.0223798393577402,0.0273131379530958,0.0398608118694711,0.0441503198487305,0.0445897315845008,0.0412078328311275,0.035513779420101,0.0437426710330647,0.047687537263626,0.0556085411261239,0.0545353779001561,0.0352364092493206,0.0269554994479142,0.0238138956941792,0.0216533116629017,0.0223928443235709,0.0210413245441229,0.0197699572733,commercial,7,summer,0,6,206.6356601,1239.8139606,0
16,2021-07-10,0.0195323072386725,0.0191133071267475,0.0181643228742834,0.0188898629825597,0.0184056282578225,0.0178391685840704,0.0223411638700853,0.0247295329037407,0.0303561040334183,0.0328051727734667,0.0310579869369586,0.0300819474749588,0.0268249071572638,0.0281869586550154,0.0299286736770176,0.0340503063479414,0.0343711836752517,0.0296706682193244,0.026845633475811,0.0227411405823276,0.0212712360655242,0.0206788926966042,0.0215660089658915,0.0203314741865184,commercial,7,summer,1,6,206.6356601,1239.8139606,0
16,2021-07-11,0.0226983674708527,0.0208364959944296,0.0170707516164392,0.0174740146907801,0.0173102506868064,0.0170894013572264,0.0206432988915702,0.0248910824224158,0.0253871695457222,0.0284538091036872,0.0265656090093741,0.0231176690410694,0.0247490152146551,0.026454853410895,0.0260457048902366,0.0313554540018612,0.027336182060045,0.0201593905236355,0.0197543624437345,0.0186169110272472,0.0172990048133658,0.0180532217843048,0.0179561937948254,0.0172929416296795,commercial,7,summer,1,6,206.6356601,1239.8139606,0
16,2021-07-12,0.0177512873184809,0.0172035542029771,0.0170458457983833,0.0175196051368269,0.0174913998824955,0.0171301365874177,0.0203029125249843,0.0232769406159305,0.0364420645496619,0.0437865651614838,0.0434967751965242,0.0404078670488485,0.0332646005760322,0.0438990991405461,0.0446654785211852,0.055637272131864,0.0510496014405134,0.0338196556150891,0.0274485622375607,0.022969055965932,0.0205030711223519,0.0210154179460202,0.0201006841411237,0.0188851260804185,commercial,7,summer,0,6,206.6356601,1239.8139606,0
16,2021-07-13,0.0187587422405631,0.0185840073445676,0.0176230054618157,0.0182902671520154,0.0184271682209706,0.0176033499640357,0.0221378074081847,0.0275171508345415,0.0412703578506363,0.0451736617959786,0.0455211394559173,0.0419703735027158,0.0369379800431332,0.043468729365186,0.0502797675170493,0.0555453205730423,0.0531930107748253,0.0343945954926992,0.027830088902987,0.0241877230786403,0.0215481027939043,0.0220551007662455,0.0219719489324206,0.0199922805737841,commercial,7,summer,0,6,206.6356601,1239.8139606,0
16,2021-07-14,0.0201271382097008,0.0203395925038098,0.0183185647855846,0.0186310312427374,0.0186057695085246,0.0182262438589081,0.0215115959714259,0.0241748053672188,0.0391417735406922,0.0449755128276861,0.0446146715850296,0.0396414142191439,0.0372473465701224,0.0428633516095454,0.0424575614968272,0.0450145385405527,0.040787056079472,0.0274381021881379,0.0234029140266573,0.0222718735239504,0.0205497042875712,0.0209918716249336,0.0205973230472453,0.018854802354604,commercial,7,summer,0,6,206.6356601,1239.8139606,0
16,2021-07-15,0.0192052131266598,0.0182318217601638,0.0176775198684407,0.0181837931839174,0.0181755894311559,0.0176268279510901,0.0196371328587697,0.0223972712296859,0.033214440427275,0.0329845404182818,0.0385312978798556,0.0363280952335811,0.0359939283143365,0.0411801043572375,0.0431235529640734,0.0490199626617593,0.048925962410961,0.0299881866170133,0.0261513002787542,0.0230862914834823,0.0204580297444855,0.0214295938617724,0.0202263171367336,0.0191672145768807,commercial,7,summer,0,6,206.6356601,1239.8139606,0
16,2021-07-16,0.0198915961011522,0.0188729126072185,0.0177900097696873,0.0182496022138254,0.0182374451308615,0.0177294565131794,0.0225487543238162,0.0247532897718449,0.0385755441091376,0.0457473050369728,0.0450794061829197,0.0399709613192356,0.0383775988642205,0.0460883134514427,0.0449176437122269,0.0488529507054883,0.0497664679609557,0.0315031597570243,0.0264574079527559,0.0232240675886705,0.0205588829767021,0.0210317973817651,0.0205013225541105,0.0192003354993508,commercial,7,summer,0,6,206.6356601,1239.8139606,0
16,2021-07-17,0.0182500581189832,0.0180514049050677,0.0174814561305379,0.0175367392669534,0.0175317678943662,0.0171429109618341,0.0223464896094612,0.0260292137779525,0.030044538008094,0.0347193035326519,0.0327225502454287,0.0292479227853488,0.0266110479380152,0.0273908351583549,0.0283073591470113,0.0301836631180534,0.0302044630496343,0.0249933732673111,0.0242870930414149,0.0208166414500992,0.0191810515078405,0.0204016880647967,0.0196192628665691,0.0184311500473009,commercial,7,summer,1,6,206.6356601,1239.8139606,0
16,2021-07-18,0.0206966000691835,0.0200405180352286,0.0188491258658976,0.0197511001408236,0.0196247953846722,0.0181429382937382,0.0231735160878721,0.0266271678263646,0.028396100550261,0.0320953071805516,0.0314675166940556,0.0278640799708431,0.0291128479245153,0.031032827230742,0.0293743741517781,0.0303889268410671,0.0273383334373528,0.0196754320283294,0.018696862980174,0.0170853846547473,0.0166656468072898,0.0173285341467611,0.0178371519155988,0.0166822682316296,commercial,7,summer,1,6,206.6356601,1239.8139606,0
16,2021-07-19,0.0176209318633816,0.0172097007582547,0.0165459017513552,0.0165901601939249,0.0165901601939249,0.0167172652463654,0.0179032412251061,0.0177527323478998,0.0232892617267724,0.0248305087332391,0.0266494564039335,0.0270568345603972,0.0234022789704829,0.0301407943866186,0.030193363999935,0.038495313451807,0.0386601023722684,0.025446301596174,0.0212779057692458,0.0188898994368639,0.0171993685644367,0.0174488582148534,0.0171531041901106,0.0169799310558958,commercial,7,summer,0,6,206.6356601,1239.8139606,0
16,2021-07-20,0.0170811822550423,0.0173960112090931,0.0166659599249936,0.0170061747243063,0.017483349564179,0.0172615050232713,0.0181517304972787,0.0199741667663651,0.0342730725716392,0.0391677359884508,0.0389198070006661,0.0366561010391656,0.0323924790862149,0.0415236138025677,0.0432052624853094,0.0496134583811307,0.0472434162357372,0.031022435727255,0.0257695495358338,0.0215190178931686,0.0197855892542545,0.0194999359950468,0.019852987103674,0.0183129364621689,commercial,7,summer,0,6,206.6356601,1239.8139606,0
16,2021-07-21,0.0182773148293445,0.0180928021150405,0.0175789093685303,0.0178427850483353,0.0178039416625264,0.0173987571102454,0.0200090367799489,0.024384071003178,0.0391693778315506,0.0442297975488309,0.0422634400662763,0.0394471871892901,0.0363186164434482,0.0420039181422035,0.0450788316890459,0.0509649931340428,0.0500098508374208,0.0341946871127499,0.0260877434101022,0.022887908886653,0.0204874007723834,0.0201471902582983,0.0195484412022646,0.0187013725728388,commercial,7,summer,0,6,206.6356601,1239.8139606,0
16,2021-07-22,0.0185943191244573,0.0184154219493191,0.0173012620401593,0.017778727563861,0.0178052562323533,0.0172051703727134,0.0216369492954647,0.0262154734950773,0.0383051712929351,0.0425151098564348,0.0425635725461331,0.0398586044097531,0.0366172689088584,0.0409752391501599,0.0437554126207436,0.0499837947295421,0.0503420797289191,0.0338489921042532,0.0258476085541541,0.0229034812513572,0.0201368027524071,0.020159177675417,0.0196604961105045,0.0185275074914189,commercial,7,summer,0,6,206.6356601,1239.8139606,0
16,2021-07-23,0.0186435519360747,0.0177730408630035,0.0169762412930131,0.017659516010709,0.017687661186169,0.0173514962612501,0.0205801232218149,0.0246650246676682,0.0380349946452465,0.0429688182786994,0.0409583909255578,0.0380025539402741,0.035351883570042,0.0405025690104172,0.0433519584507215,0.0474315396209628,0.0443275029242052,0.0318075861499503,0.0262333534400261,0.0221331880289125,0.0202991138846536,0.0205143750868427,0.019987302247604,0.0192234170046737,commercial,7,summer,0,6,206.6356601,1239.8139606,0
16,2021-07-24,0.0188855281056128,0.0192967679657016,0.0178837678446724,0.0187208581002172,0.0177190049126041,0.0180779333806325,0.0213849622791032,0.0227769387283684,0.0287883313753559,0.0297373997012276,0.0273409798894181,0.0269318269427376,0.0257276797057335,0.0265152057167754,0.0245697496550038,0.0263435798349803,0.025892955066644,0.0206647706887154,0.0206988355225328,0.0208732867700717,0.0190912259821715,0.0194759659800431,0.019570791329196,0.0191143304580186,commercial,7,summer,1,6,206.6356601,1239.8139606,0
16,2021-07-25,0.0196594830531758,0.019676848734117,0.0189827614002417,0.019596146384039,0.0195229991305809,0.0184321016770254,0.0199838429399993,0.0232239612424899,0.0236424371156807,0.0268799178634759,0.0276268139661158,0.0244025181169492,0.0255282555169938,0.0267648212587383,0.0281551500904258,0.0223885179162563,0.0228034157373605,0.0224704702023735,0.0216248297157007,0.0203918392763945,0.0190568852186105,0.0194275730050807,0.0196983842115215,0.0191492823670551,commercial,7,summer,1,6,206.6356601,1239.8139606,0
16,2021-07-26,0.0199169280528752,0.0198648456171183,0.0191557622607583,0.0198144402247512,0.0192312373610635,0.0182739569185139,0.0200788309497405,0.0236480693919751,0.0346973650448619,0.0449761587350433,0.0447496490659248,0.0393459326405424,0.0364481991461298,0.0434681881208043,0.0470214330237846,0.0485786948710162,0.0440132220706477,0.0272717265861208,0.0240102363830176,0.0221219106489935,0.0204768784269342,0.0209504158145068,0.0205120267486809,0.0196988242937433,commercial,7,summer,0,6,206.6356601,1239.8139606,0
16,2021-07-27,0.0203204330868481,0.0201842030068464,0.018766500033486,0.0197632473473878,0.0198366906522676,0.0188542887480126,0.0208924464587665,0.0233203650356586,0.0353519651911904,0.0411925700417666,0.0429677389564594,0.0408220023662931,0.0368060422667834,0.0417706913249342,0.0444171371302613,0.0474195251207444,0.0464279707729314,0.0303506064045827,0.0245169139727065,0.0223613794658781,0.0205249524941938,0.0211379705053847,0.0197983174274846,0.0189804741328061,commercial,7,summer,0,6,206.6356601,1239.8139606,0
16,2021-07-28,0.0197836255567391,0.0191572711633827,0.0182626105692112,0.0190164823229083,0.0190627987474776,0.0169988409331739,0.0194503335120177,0.0211968572680597,0.0300893144717082,0.0384542983045307,0.0362898414776814,0.039644884515262,0.0350845032881141,0.0409603858087061,0.043619626800602,0.0483254674809939,0.0492056753045447,0.0313235143078165,0.0256350873223118,0.0227339459755079,0.0208242460146756,0.0207113745011396,0.0205638793163,0.0193326003201603,commercial,7,summer,0,6,206.6356601,1239.8139606,0
16,2021-07-29,0.0190404347464193,0.0189219902225323,0.0185075258404468,0.0189853395755913,0.0191050611028909,0.018374860613011,0.0201705301850377,0.0231959081523775,0.0363182391366129,0.0445958198782069,0.0460533441490113,0.0420895571588013,0.0378736654124304,0.0402589213302931,0.0428585910533412,0.0464841654845799,0.0472863633663373,0.0314711483995167,0.0260492960958047,0.0224487525457781,0.0206724630854746,0.0211391572369723,0.0207225875877508,0.0191406938230231,commercial,7,summer,0,6,206.6356601,1239.8139606,0
16,2021-07-30,0.0190994546112222,0.0191784604895417,0.0182928138666791,0.0191114347031084,0.0186729010911154,0.0183424340589893,0.0213095651388742,0.0242922152219533,0.0362816704568728,0.0424377770878763,0.0359522652753612,0.039964236956166,0.0361461564506416,0.0426490414986677,0.0426326074925734,0.0487669493440193,0.0438136163167794,0.0297205995269043,0.0257887296273094,0.0233252879456047,0.0201491729073466,0.019780864552477,0.0199311155837747,0.0189105375762297,commercial,7,summer,0,6,206.6356601,1239.8139606,0
16,2021-07-31,0.0181516490195257,0.0183767712681583,0.0176221023456897,0.0183240599144563,0.0183482814124624,0.0176075615955259,0.0211471855805326,0.0223595764547792,0.0252367423665347,0.028804586977501,0.0318680974012711,0.0268245046907715,0.0252407685998477,0.0272514163333911,0.0274759041996921,0.0298584352648353,0.0285564134502795,0.0228655623049385,0.0217664600497993,0.0191261623947671,0.0184086142811523,0.0187467337932843,0.0191477201109464,0.019252246645403,commercial,7,summer,1,6,206.6356601,1239.8139606,0
16,2021-08-01,0.0201289104424876,0.0199812908901715,0.019861638360584,0.0195815788475187,0.0194769461212467,0.0195269221448927,0.022598922628296,0.0263409160413417,0.0283501365729311,0.0321937708787504,0.0317962037784812,0.0284094243965383,0.027375078410685,0.0321737632153496,0.03580317653135,0.037735946460165,0.0364195255706034,0.0324068156980582,0.0255672511223906,0.0202954258619653,0.0173375335694795,0.0165519575977665,0.0165519575977665,0.0164887531733769,commercial,8,summer,1,6,206.6356601,1239.8139606,0
16,2021-08-02,0.0178492764284961,0.0184978582430361,0.0171954023607319,0.0180163549064145,0.0179364062377719,0.0173829144187912,0.0184238631500787,0.0208092105468382,0.0339493333093709,0.0411704573182998,0.0423347117878875,0.0420896921110476,0.0361746611421711,0.046442908974051,0.0526144484817564,0.0582059198484994,0.0590054895389594,0.0371669296734558,0.0296454572405412,0.0259231588442191,0.0232019741768458,0.0239104801339877,0.018026714953198,0.0181615247558644,commercial,8,summer,0,6,206.6356601,1239.8139606,0
16,2021-08-03,0.0180529098214682,0.017369547788681,0.0169437256503722,0.0180981714858942,0.0185813969840668,0.0172898134330121,0.0209248658242515,0.0239149374181501,0.0365128763793921,0.0435805575112114,0.0439921635572295,0.0437956085201516,0.03734714440442,0.0471834204248407,0.04772971984319,0.0525938547281458,0.0514359833144554,0.0350718873816846,0.0270263862868352,0.0245416107099889,0.0227257734931746,0.0228481442500139,0.02293168537023,0.0211690028634918,commercial,8,summer,0,6,206.6356601,1239.8139606,0
16,2021-08-04,0.0199468744086715,0.0208558991253475,0.0203005360766772,0.0192555724674276,0.0189362334110444,0.0186536470007176,0.02120464488212,0.0242257532342062,0.0387104603611807,0.043054121135316,0.0438192609544077,0.0403814340731607,0.0393291394809964,0.0444068587417505,0.0474432695756078,0.0476704124404239,0.049752565915367,0.0328426279523079,0.0254960466569189,0.0242203397651293,0.0218220686800697,0.0229945432053505,0.021604927125029,0.0204706244542025,commercial,8,summer,0,6,206.6356601,1239.8139606,0
16,2021-08-05,0.0207025437875178,0.0209036534482513,0.0190569341340518,0.0198455176830783,0.0198676186709031,0.0193418696847256,0.0226947244607062,0.0279342359824267,0.0419570644395385,0.0467540703644267,0.0477029231343307,0.0417855999030059,0.0385059269567905,0.0442289010771972,0.0440190365662528,0.0489173691160165,0.0471869384853295,0.0322871669723724,0.0258878116623274,0.0241697853301894,0.0215998346565729,0.0219468200521677,0.0210467541150467,0.0201536487495743,commercial,8,summer,0,6,206.6356601,1239.8139606,0
16,2021-08-06,0.0205686522289382,0.0208282788760691,0.0192004761008687,0.0206828812749145,0.0192789514065447,0.0179617803772265,0.0214032846457783,0.0232993139914987,0.0350529652426542,0.0463178101140661,0.0412671593943456,0.0372040424166785,0.0326579219350046,0.036941292618134,0.0422520789536274,0.0443392162532115,0.0427184129738702,0.0280778292176669,0.0233907899811263,0.0223761582658211,0.0202266332498596,0.0217979853839546,0.0214309748126908,0.0199976274667733,commercial,8,summer,0,6,206.6356601,1239.8139606,0
16,2021-08-07,0.0209963108862531,0.0202515412351705,0.0192928322395059,0.0199423007850002,0.0204775536033854,0.0190448885460672,0.0201701796142212,0.0202016882048224,0.0217377300718177,0.0247210782431386,0.025666372847971,0.0262585547704211,0.0232614452184331,0.0254076259899119,0.0242775076831335,0.0253437962039979,0.0235636378983313,0.0205951345624386,0.0201152598352813,0.0197504271964935,0.0191344694322422,0.0200438448357595,0.0201521640377779,0.0193878143748818,commercial,8,summer,1,6,206.6356601,1239.8139606,0
16,2021-08-08,0.0201357913024879,0.0201579794806025,0.0190615873257661,0.0195824524299066,0.0195695356752211,0.0189642233115487,0.0207034966222887,0.0236067649937198,0.0266745117605447,0.0295732234519079,0.0278421422166675,0.0253355299894339,0.0253742685917551,0.0273136036244752,0.0290042884082598,0.029076145391712,0.0290296152919488,0.0248168477190167,0.0223166725317953,0.0212627042173463,0.0188204546900087,0.0202357758520732,0.0200427224139899,0.0187878582683008,commercial,8,summer,1,6,206.6356601,1239.8139606,0
16,2021-08-09,0.0201888126556447,0.0202292830438299,0.0196870333098925,0.0199247878566408,0.0204571065457202,0.0196119821183146,0.0214269702104271,0.0252281372347116,0.0411781344527696,0.0440979560962328,0.0427649924872602,0.042467419818183,0.0362224699157237,0.0437752836109334,0.0453421064690147,0.041827823253281,0.0416084219026873,0.029956347562949,0.0243477280179726,0.0233184294575465,0.0205150961592043,0.0219883523468176,0.021626109474598,0.02006730623143,commercial,8,summer,0,6,206.6356601,1239.8139606,0
16,2021-08-10,0.0206080388775737,0.0206036395906876,0.0196283892541097,0.0200129077682978,0.0200512529424358,0.0201534364652336,0.0218067167513003,0.0245946195993227,0.0386735889199789,0.0454248751084854,0.0462991329513423,0.0384411783129891,0.0355306227340135,0.0463038085973354,0.0484642053347355,0.0480272580792923,0.0452288496117891,0.0293237957514989,0.0259731630242766,0.0234171114625786,0.0212008562182634,0.022112365848856,0.0216645914430104,0.0204041759178712,commercial,8,summer,0,6,206.6356601,1239.8139606,0
16,2021-08-11,0.0218856543824138,0.0223942938948184,0.0200801079715274,0.0209290645078352,0.0207532781496536,0.0198823377604683,0.0226674520427104,0.026467431056894,0.0417897166814995,0.0464663142798493,0.049378245437051,0.0458561827527643,0.0415331040648396,0.0430901354925523,0.0441622674035298,0.0501428930749276,0.0447961204723081,0.0286299183482484,0.0252102875411785,0.0233909231228679,0.0211097352366476,0.0221757762697692,0.0223105291906147,0.0203821853770937,commercial,8,summer,0,6,206.6356601,1239.8139606,0
16,2021-08-12,0.02149745031583,0.0225881954881589,0.0198764986015045,0.0214668723484251,0.0216060003162526,0.0206378132111188,0.0241763270194229,0.0255420759910872,0.0367331461884404,0.0416068843149642,0.0451743384217976,0.0421143530958654,0.039452304992562,0.0432962532273933,0.0396230244818471,0.0342121269915013,0.0350419567403493,0.0245923482757386,0.021839451097795,0.0210547615737698,0.0193882595971915,0.0194636515104764,0.020178837515417,0.0181474039948949,commercial,8,summer,0,6,206.6356601,1239.8139606,0
16,2021-08-13,0.0206829389160611,0.0211429678879797,0.0206017672841678,0.0188993455287428,0.0174542684402142,0.0174453103741029,0.0179946381368573,0.0183115345806917,0.0258890279032655,0.030647645605953,0.0283595793107186,0.0284520434845453,0.0265889163875316,0.0287353058605441,0.0268644259028735,0.0285010464317719,0.0287025397171376,0.0194147479694594,0.0182861778955659,0.0184144444083467,0.0170722200888681,0.0177015038610614,0.0174638374012651,0.0173504329358888,commercial,8,summer,0,6,206.6356601,1239.8139606,0
16,2021-08-14,0.0174259417596647,0.0183963774641263,0.0168341324754286,0.0183117541780791,0.0183543024145241,0.0174938394049811,0.0190267575802058,0.0192009984170326,0.0208347245970647,0.0241490894125005,0.0254547820153224,0.0244664927175154,0.0218116313171536,0.0211470239621971,0.0215840382026689,0.0231323110609779,0.0216138996674792,0.0178091973296032,0.0197636424998672,0.0194281207485838,0.0183693136284502,0.0200219779458741,0.0201995983502997,0.018992011673356,commercial,8,summer,1,6,206.6356601,1239.8139606,0
16,2021-08-15,0.019740003265769,0.0201388040603158,0.017890478132808,0.0191963349305071,0.0179764264495429,0.0168673200017457,0.0176860959293752,0.0202285155573484,0.02455030806908,0.0259055693311204,0.0257426846893089,0.0232404265542254,0.0243452499632579,0.0270635212602676,0.0290029937165443,0.0301857241380952,0.0287787134998511,0.025642053834579,0.0211204502474885,0.0210077912792529,0.0187817617526896,0.0206364185323941,0.0200971663221457,0.0194489499026687,commercial,8,summer,1,6,206.6356601,1239.8139606,0
16,2021-08-16,0.0183944840642972,0.0187142293412424,0.018945630419784,0.0190005345597758,0.0190726576888498,0.0189254439277443,0.0210837203220305,0.0252205998994702,0.0379352193108076,0.0441849023542618,0.0443689195953287,0.0407626929365289,0.0373916765568528,0.0435451638454824,0.0499090699494824,0.0519721228348138,0.0481795688378135,0.0303590252866277,0.0255897727322143,0.0239436908811011,0.0210361966987605,0.0213053656686676,0.0207744312038398,0.0192064796798202,commercial,8,summer,0,6,206.6356601,1239.8139606,0
16,2021-08-17,0.0190751993042258,0.0191707417450895,0.0180822367151762,0.0185172259958857,0.0184340441114118,0.0176560699126762,0.0207220274177042,0.0250082156605239,0.0382232066269682,0.0434508028918658,0.0418936023355921,0.0397898048588971,0.0371266689108566,0.0440705644759231,0.0502940906463773,0.0536291660689993,0.0516681176425256,0.0336510823936857,0.0258738967512057,0.0238882183210111,0.02148335125478,0.0218837949578853,0.021387760714856,0.0198188654120063,commercial,8,summer,0,6,206.6356601,1239.8139606,0
16,2021-08-18,0.0205148096048236,0.0198042159216197,0.0187015295596185,0.0191259729273323,0.0197048636103637,0.0183948243794741,0.0222636216363847,0.0261084356077546,0.0374297289565478,0.0433916207406291,0.0431148610065091,0.0394916022874285,0.0367804883134901,0.0444951715822576,0.0507509107681974,0.0514285864979305,0.0525147205744156,0.0338847724411408,0.0254964341516376,0.0240266827678669,0.0216144572909997,0.0226598164447344,0.02219671742345,0.0204283559634437,commercial,8,summer,0,6,206.6356601,1239.8139606,0
16,2021-08-19,0.0207848914851875,0.0217941967052167,0.0198855058142028,0.0209199659158503,0.0207220601293379,0.019945677678441,0.0209918128587998,0.0220960732371618,0.0317745469773606,0.0416742781711585,0.0432106951160892,0.0396108068398616,0.0384320255826771,0.0403388444975418,0.0395575331702143,0.0329640860656459,0.0319974573053748,0.0222827997507607,0.0196017960727023,0.0189996724996228,0.0175306916929328,0.0181638367765048,0.0172166065571102,0.0167926869282103,commercial,8,summer,0,6,206.6356601,1239.8139606,0
16,2021-08-20,0.0167442537482358,0.0171803380095816,0.0166505985797094,0.0168941303616169,0.0171988795524434,0.0167636481111368,0.0170415666974619,0.0171011508274751,0.0209582616009856,0.0242308291655531,0.0252937980347329,0.0254322079821696,0.0246990693288878,0.0265060507247351,0.0273509944243406,0.0273326360173763,0.0265976803938522,0.0184450312201778,0.0171062902666636,0.017244965503409,0.0169514261506367,0.017112000719601,0.0169893148141699,0.0167628773634033,commercial,8,summer,0,6,206.6356601,1239.8139606,0
16,2021-08-21,0.0165519575977665,0.0165519575977665,0.0163682555524539,0.0165519575977665,0.0165519575977665,0.0163682555524539,0.0168403658894899,0.0174346833049428,0.0186021288470448,0.0223419959889573,0.0233942568567603,0.0237520592402229,0.0212106266356056,0.0230065206677748,0.0247375957842656,0.0247059089014175,0.0238501527262299,0.0208488508009893,0.0185729765302075,0.0185695218440686,0.0173058189274503,0.0183317879328471,0.0181030667334427,0.018248096430941,commercial,8,summer,1,6,206.6356601,1239.8139606,0
16,2021-08-22,0.0182502687401065,0.0182148232406333,0.0181431726453197,0.0175988288404069,0.0175158507872236,0.0165519575977665,0.0165423501518399,0.0192619556952981,0.0233495929973537,0.0234898722333464,0.024253309579436,0.020724915293409,0.0215107500270103,0.0237137924031399,0.0283616872475787,0.0276690738521326,0.0266339025119567,0.0234167742683103,0.0195062285749245,0.0192394131655402,0.0193599421952403,0.0194817809159308,0.0197349174055151,0.0197799579075841,commercial,8,summer,1,6,206.6356601,1239.8139606,0
16,2021-08-23,0.0189098684744015,0.0187927589897696,0.0186324168156415,0.0185094245562856,0.0179707569990927,0.0172454460849274,0.0185721068257271,0.0220674359745907,0.0349931898731754,0.0393870407913918,0.0411113016119355,0.0399013329908929,0.0341297826531751,0.0440563735758528,0.0470975121450307,0.050124215112915,0.0454570859797034,0.0313333772601488,0.0237616215968355,0.0218949875219971,0.019673865106609,0.0206424588067694,0.0201440740917683,0.0182927784686044,commercial,8,summer,0,6,206.6356601,1239.8139606,0
16,2021-08-24,0.0188151325309142,0.0187746847372984,0.0174470062698668,0.018296119952302,0.0173294529850118,0.0170720775540348,0.0200688069827512,0.0242977272076885,0.0388643478202532,0.0418618553715701,0.0422495909846056,0.038322755299327,0.0343424825316709,0.0414611513491337,0.0464977713077232,0.0518751119177336,0.0502343068794139,0.0339321777345269,0.0239008113590679,0.0226909082542254,0.0201729585103929,0.0205265762059969,0.0204807572218967,0.01851824374553,commercial,8,summer,0,6,206.6356601,1239.8139606,0
16,2021-08-25,0.0185492063482742,0.0187640049865783,0.017088023782171,0.0176633061820581,0.017245921432188,0.0171514670898115,0.0199982941807937,0.0224211370487782,0.0396229304051795,0.0438497059048267,0.0414841426958699,0.0404272680597403,0.0354973890686617,0.0450813540330984,0.0526159338433221,0.0521112149950333,0.0503682828760275,0.0357493346319194,0.0254549010092924,0.0235779040664499,0.0207407062009499,0.0214635958758425,0.0203756684833725,0.0193100182963,commercial,8,summer,0,6,206.6356601,1239.8139606,0
16,2021-08-26,0.0186974540785101,0.0183775854222838,0.0177044617575875,0.0181378045165496,0.0183875754663347,0.0180630730780999,0.0205889010956107,0.0237734677129212,0.037867354333315,0.0463352932364843,0.0471143812419222,0.0404722878268318,0.0367389669334632,0.0437733728291593,0.0479433969977271,0.0525958199637438,0.0504365918789711,0.0334414874520151,0.0245783784619015,0.0233350375718014,0.0205739932099115,0.0208159083214119,0.0199565586606493,0.0191346400623504,commercial,8,summer,0,6,206.6356601,1239.8139606,0
16,2021-08-27,0.0186432881732484,0.0188747463748677,0.0182289371669014,0.0186645515318236,0.0184524198389079,0.0178793259476932,0.0201668634064602,0.0216312231384163,0.032571549497145,0.0382468174191444,0.0402274715422537,0.0378178005738793,0.0369166337250677,0.0414947365365849,0.0400995289923706,0.0421389544307935,0.0414143920135643,0.026905342950307,0.0238544621595127,0.0220003985172567,0.0199939575305921,0.0201194457985008,0.0197262647175766,0.0188048765365355,commercial,8,summer,0,6,206.6356601,1239.8139606,0
16,2021-08-28,0.0182077019847253,0.0187057808215828,0.0181802736549324,0.0183524337728557,0.0183193731155254,0.0180692976810485,0.0188554775591066,0.0214080441214314,0.0257740661016358,0.0283136714759171,0.0274262147147755,0.0267400440505992,0.0256493036634643,0.0249284456554246,0.0267413320261007,0.0275005728529327,0.0276165945969331,0.021580741572908,0.0212303706081834,0.0198996180156159,0.0180671140710024,0.0183131236374935,0.0180902343376111,0.0182377749677101,commercial,8,summer,1,6,206.6356601,1239.8139606,0
16,2021-08-29,0.0187328936451868,0.0187226480654774,0.0177411408347829,0.0181886785009858,0.0180655684148066,0.0172836275820833,0.0191896473328622,0.0218647806154581,0.0249148591941823,0.0275221843940874,0.026315126149407,0.0255182194658774,0.0263170494842073,0.0281874886872616,0.0310865856583815,0.0318911243317822,0.0286612047297386,0.0263206052655083,0.0218786228045076,0.0204005001321872,0.0181621914271,0.019525861626099,0.0189638922602019,0.0174853470511605,commercial,8,summer,1,6,206.6356601,1239.8139606,0
16,2021-08-30,0.01958938199686,0.0201508692603728,0.0176703844214862,0.0196966075035077,0.0190417608544895,0.0174078875274071,0.019639958428055,0.0246109789705101,0.036039916895805,0.0413648165027688,0.0422467466203184,0.0404122751393931,0.0387488028126438,0.0476288407000877,0.0496089692918157,0.0496726938762401,0.0478263055781068,0.031102113397998,0.0251720484806542,0.0232602312680971,0.0207791478174363,0.0203507018198192,0.0202010584386144,0.0190073168052131,commercial,8,summer,0,6,206.6356601,1239.8139606,0
16,2021-08-31,0.0185834282347626,0.0183192350371683,0.0178682784368259,0.0181408107428025,0.0182773228366387,0.0181838999092118,0.020871683169259,0.0245557508762148,0.0383536822505951,0.0415444120180932,0.0457499103224454,0.0414037289897464,0.0356526352757289,0.0382857954870544,0.0447615833955272,0.0401338210831717,0.0373630580778952,0.0274820801184537,0.0217120264924835,0.0206910013006455,0.0199074309313628,0.0192036148088802,0.0183637161197895,0.0179396769975502,commercial,8,summer,0,6,206.6356601,1239.8139606,0
16,2021-09-01,0.0171710497350067,0.0171168695774747,0.0170634699207617,0.0170634699207617,0.0170634699207617,0.0171301365874177,0.0183713935186324,0.0196055192682103,0.0307484104979248,0.0354873679213054,0.0329184890785106,0.0335170090668128,0.02891524859407,0.0318452022379212,0.0316565431350973,0.0338146385991376,0.033715148970791,0.0237680233658538,0.019341102864931,0.019263054936188,0.0184324372705435,0.0177274158158136,0.0175629144254612,0.017174995326732,commercial,9,autumn,0,6,206.6356601,1239.8139606,0
16,2021-09-02,0.0172833494544025,0.0175503601625696,0.0175943874178655,0.0174056481689167,0.0169402539040216,0.0174973646891499,0.0182068498988989,0.0204238609546516,0.0332859309570577,0.0373324631027632,0.0369671821761248,0.0370941012057116,0.034331229475398,0.040530137714462,0.0415598169151282,0.038942653697507,0.0377813787344104,0.0256619518356956,0.0206184811278939,0.0198440264611181,0.0193836909935979,0.0189178488335143,0.0191056086434195,0.0183335498445897,commercial,9,autumn,0,6,206.6356601,1239.8139606,0
16,2021-09-03,0.0178484259892818,0.0181932607432968,0.0179600151628346,0.0176651032744511,0.0176957358760388,0.0171691882847511,0.0184708032036362,0.0207719897959579,0.0313244510423651,0.0386455391014962,0.0310710085567409,0.0329053282497394,0.0313723800786868,0.0346582763388108,0.0412662432024604,0.0475759299333694,0.0426734365334004,0.0289057768404574,0.0218579384905254,0.0206548240326555,0.0194542656066025,0.0197064987548827,0.0188114938063301,0.0180057397537484,commercial,9,autumn,0,6,206.6356601,1239.8139606,0
16,2021-09-04,0.017428143514911,0.0174302887896625,0.0177371892944932,0.0174248670475006,0.0175627196847489,0.0176283973266768,0.0183928129365954,0.0209124888682236,0.0250711192267311,0.0286150781341939,0.0271521950233,0.0268804525022836,0.0261789257083621,0.0283148109621134,0.0293569211565074,0.0265019454832135,0.0238157539789368,0.0180337477303776,0.0191273236686861,0.0186266692024594,0.017914031830797,0.0176995748397908,0.0187527951552156,0.0184231804942712,commercial,9,autumn,1,6,206.6356601,1239.8139606,0
16,2021-09-05,0.0188070177294793,0.0188426163041802,0.0185967279850024,0.0187881899041562,0.017773667003703,0.0182852434661451,0.0176924803970258,0.0210946838836417,0.0249112083721614,0.029210230373744,0.0256724619244505,0.024198826290501,0.026675382861955,0.0282291201985839,0.0266589115819399,0.0288226332326189,0.025853534975145,0.0229617138758888,0.0204832443430305,0.0195759521502249,0.0181626390291898,0.0177060652676802,0.0186756948402778,0.0182055116632292,commercial,9,autumn,1,6,206.6356601,1239.8139606,0
16,2021-09-06,0.0182284668390879,0.0178160051415524,0.0181774663983972,0.0177547916247273,0.0177483456921259,0.018244565981399,0.0191450238842467,0.0233921035606932,0.0379623046769304,0.0425814535915419,0.0413797056263445,0.0327452851519316,0.0382435993201755,0.0436756169664061,0.0455303551705425,0.0453646413673714,0.0444033145453497,0.0287588361444284,0.0237840492031015,0.0219444187159385,0.0197101738516943,0.0203635131885993,0.0187567778180527,0.0181781116231979,commercial,9,autumn,0,6,206.6356601,1239.8139606,0
16,2021-09-07,0.017890600656534,0.0170811822550423,0.0173080611027638,0.0175639463778284,0.0176598849391575,0.0178962412926117,0.0212893611020665,0.0248073213895403,0.0375146581084225,0.0420440705915764,0.0405808480602154,0.0391756137835219,0.0385411777226788,0.0459425684824039,0.0479846696395131,0.050183246767796,0.0463482125849851,0.029886569283819,0.0238479347434288,0.0218749593233584,0.0201999730838252,0.0201910653082819,0.0197558052867894,0.0189130665116107,commercial,9,autumn,0,6,206.6356601,1239.8139606,0
16,2021-09-08,0.0181534408899371,0.0182864656387566,0.0177531357553896,0.0177914809994673,0.0178635067013799,0.0179989613585795,0.0210317709818601,0.0235544634992109,0.0372438314936494,0.0417521357576088,0.0410060705061089,0.0409915801767265,0.0400148491813806,0.0447125736591747,0.0481831409788551,0.0484213069928462,0.0401338462902385,0.0293532888846241,0.0223791887316457,0.0213558034457472,0.0203727537654253,0.0198695691928776,0.0192984632947307,0.0189492551364153,commercial,9,autumn,0,6,206.6356601,1239.8139606,0
16,2021-09-09,0.0184915670269212,0.0182802354843257,0.0176051993666777,0.0172880790801124,0.0171909980654073,0.0171022105617385,0.0198796275300304,0.0229441464743323,0.0374699813620075,0.0440350713058977,0.0410422710613556,0.039173539650968,0.0392167735815448,0.0449620089630156,0.0490735850481677,0.0499849881242563,0.04745557768392,0.029073408930059,0.0233763837259153,0.0219888269105293,0.0207707992226057,0.0213115280996637,0.0195578826236334,0.0192299942217019,commercial,9,autumn,0,6,206.6356601,1239.8139606,0
16,2021-09-10,0.019010337722901,0.0186955055778707,0.0179765258082178,0.0180453302837199,0.01820246556607,0.0175223459006115,0.0197963378510581,0.0233877898724237,0.0352565356413515,0.0397471123615734,0.0408551620077183,0.0408571732207168,0.0390930175463317,0.0459419162914276,0.0454152597756988,0.0490300190002911,0.0448370637198872,0.0287868117541366,0.0238716926813586,0.0211674816336137,0.0201412063304867,0.0199446051236168,0.0194187257489865,0.0189433971031096,commercial,9,autumn,0,6,206.6356601,1239.8139606,0
16,2021-09-11,0.0172839573451672,0.016888886104573,0.0168360142315199,0.016888886104573,0.0167157913559285,0.0167667694688804,0.0184590978509596,0.020954131044059,0.0237167611104406,0.026173508802763,0.027057359804547,0.0249862822218856,0.0265982877570025,0.0274363049600721,0.0247510946250999,0.0250542783507558,0.0244276449581222,0.0209226556423552,0.0198628830734196,0.0182225025399417,0.017413714924587,0.0180584135626824,0.0178336865877954,0.0175595049878263,commercial,9,autumn,1,6,206.6356601,1239.8139606,0
16,2021-09-12,0.0177954593047903,0.0173622857966727,0.0173352569931535,0.0172871065515737,0.016888886104573,0.0168185680140908,0.0177702865019959,0.019139924514102,0.0211970232147857,0.0228175607411561,0.0238260742438994,0.0218011553908733,0.0250380510502708,0.0275487141249345,0.0297052934906234,0.0303303363195476,0.0267235479705993,0.0220286222707101,0.0195955034043911,0.0178972841102206,0.017142525138306,0.0172659890452589,0.0173067903688497,0.0172542146693759,commercial,9,autumn,1,6,206.6356601,1239.8139606,0
16,2021-09-13,0.0175373671468618,0.0175271000022877,0.0174620680983904,0.0170811822550423,0.0170811822550423,0.0170086477722164,0.0185856863842368,0.0222232127141013,0.0352469705789601,0.039929405431335,0.0396318459432432,0.0364054253176791,0.035359336093478,0.0435288181769458,0.0478434438568743,0.0470613538239378,0.0427338578966578,0.0284276679303349,0.0226253666821123,0.0208310277731031,0.019702331178783,0.0196054782858717,0.0191487870711812,0.0181506729403743,commercial,9,autumn,0,6,206.6356601,1239.8139606,0
16,2021-09-14,0.0174968665224713,0.0172818220627706,0.0169935076379754,0.0170811822550423,0.0170811822550423,0.0169747541730538,0.0189786622324595,0.0232925941876406,0.0383666967124613,0.0427065815680338,0.0412039302866305,0.0387898784911536,0.0369256487359136,0.0459705071853811,0.0464850610466721,0.0463095114972566,0.0439135432230629,0.0250792130541446,0.0214392488258251,0.020916886846389,0.0195664575771445,0.019042734813967,0.0184759712455025,0.0178546278150225,commercial,9,autumn,0,6,206.6356601,1239.8139606,0
16,2021-09-15,0.0175867668638324,0.0173623258369962,0.0170974508020718,0.0174699202610981,0.0175113534290377,0.0167480877028234,0.0190315028302616,0.0227035043278551,0.0344388249418222,0.042362409301417,0.0426229424952387,0.0397338798425381,0.0385623742331094,0.045118771078371,0.0432877239077174,0.0432145241282501,0.0415749738721109,0.0276004778119632,0.0233616381415327,0.0214895915813279,0.0196988003158522,0.0199794714943778,0.0187758931377198,0.0186538046244096,commercial,9,autumn,0,6,206.6356601,1239.8139606,0
16,2021-09-16,0.0180069937135465,0.0181328182083382,0.0178765793963399,0.0177884324779006,0.0178211593171202,0.0176725048211795,0.0194230901233088,0.0232564312135772,0.0374433708574862,0.0409663386412315,0.0416891483828602,0.0395980427392425,0.0379110512648451,0.0449151341633588,0.038293216273819,0.0457351009080019,0.0430369022469985,0.0280601918857752,0.0230719977132676,0.0212216051804566,0.0192461824614935,0.0192374883257364,0.0186882878341586,0.0181734009912722,commercial,9,autumn,0,6,206.6356601,1239.8139606,0
16,2021-09-17,0.0172758110234437,0.0174632127013597,0.0174053532790757,0.0175777553556964,0.0177140529965062,0.0172486962150285,0.0188644034249778,0.0225746151432053,0.0350782300929896,0.0376856255642507,0.0388733111079261,0.0372048256389663,0.037929662705307,0.0451195562044649,0.0464985838919212,0.0486064663175947,0.0384721246038015,0.0292867208491848,0.0233648357168398,0.0224072196908433,0.0200442058168796,0.0204632089274958,0.0199789908827686,0.0189202384511429,commercial,9,autumn,0,6,206.6356601,1239.8139606,0
16,2021-09-18,0.0175025811568468,0.0174120942436033,0.0175459450732982,0.0175081607719655,0.0174783335778045,0.0173646911099905,0.0185950556830366,0.0213256310453575,0.0262963309628058,0.0285013486066196,0.0286387506246936,0.0265612395765038,0.0275376916101085,0.0289085773359747,0.0280095819280684,0.0282481292818159,0.0254263862804612,0.0207912199961531,0.0178621380578163,0.0172608866503739,0.0169066861555723,0.0172608866503739,0.0170707516164392,0.0168865122133765,commercial,9,autumn,1,6,206.6356601,1239.8139606,0
16,2021-09-19,0.0170707516164392,0.0170707516164392,0.0168791198915575,0.016888886104573,0.016888886104573,0.0168185680140908,0.0178561332598688,0.02111903921327,0.0244105417815499,0.0274925802173686,0.0258912980074123,0.0250873456411469,0.024457360821742,0.0269929947147477,0.028992479434201,0.0273790216930172,0.0240395545246208,0.0206050773236889,0.0165266125411017,0.0163978640434556,0.016339059125559,0.0167157913559285,0.0167157913559285,0.0164430413174945,commercial,9,autumn,1,6,206.6356601,1239.8139606,0
16,2021-09-20,0.0165519575977665,0.0165519575977665,0.016339059125559,0.0163978640434556,0.0163978640434556,0.0162960451398944,0.0166889023496331,0.0166889023496331,0.0171571275903917,0.0171571275903917,0.017301012741375,0.017162335009756,0.0169304409738848,0.0169382521029313,0.0166745285160128,0.0170890673126825,0.0170890673126825,0.0165974657656148,0.0168445398535746,0.0167157913559285,0.0164430413174945,0.0165519575977665,0.0165519575977665,0.0163682555524539,commercial,9,autumn,0,6,206.6356601,1239.8139606,0
16,2021-09-21,0.0162539788924722,0.0162539788924722,0.0162539788924722,0.0156575453528778,0.0155038996578438,0.0154118068638291,0.0157735528803946,0.0160543079993532,0.0169049599448775,0.0171571332727861,0.0173010184237695,0.017460322238642,0.0172673780042831,0.0172751933951254,0.0172484864916932,0.0176452381042986,0.0172621677437215,0.016923114161313,0.0170176346022191,0.016888886104573,0.0166491194511459,0.016888886104573,0.0167157913559285,0.0165519575977665,commercial,9,autumn,0,6,206.6356601,1239.8139606,0
16,2021-09-22,0.0165901601939249,0.0165901601939249,0.0161718206965359,0.0153200256222073,0.0151672252683729,0.0151974857959309,0.0147487369409215,0.0163374958160135,0.0206131255238382,0.0222732230808158,0.0237671515615014,0.024766532557781,0.0246341422842967,0.028036253729764,0.0311994763906665,0.0334605890042668,0.0306657661438664,0.0198232960503565,0.0178035835510006,0.0175824467208434,0.0172001458693676,0.0174492240054091,0.0173264275578524,0.0168847383739668,commercial,9,autumn,0,6,206.6356601,1239.8139606,0
16,2021-09-23,0.0169080875063978,0.0167442537482358,0.0165753046707933,0.0165901601939249,0.0165901601939249,0.0165268577304356,0.0167817612111094,0.0171018785223152,0.0209032001129182,0.023312317590232,0.0249916532135567,0.0241890157849739,0.0239514675109419,0.0275906981503231,0.0241396919328171,0.0260377773342456,0.0263930823068237,0.0183557441895391,0.017598116622078,0.0175824685061419,0.0171357792913324,0.0174492356242349,0.0169895063128121,0.0168079412475562,commercial,9,autumn,0,6,206.6356601,1239.8139606,0
16,2021-09-24,0.0167442537482358,0.0165901601939249,0.0164883412903637,0.0165901601939249,0.0165901601939249,0.0165268577304356,0.0166967539192771,0.0169580212554983,0.0212007044900973,0.0237059450207222,0.0224402139217522,0.0237719451428171,0.0224016154239346,0.0262135896811167,0.0250657649818198,0.0247273399843631,0.024211025655006,0.0175100667995336,0.0169632402293191,0.0170914684588402,0.0169229057681161,0.0171123188581301,0.0171533474089126,0.0168231089971545,commercial,9,autumn,0,6,206.6356601,1239.8139606,0
16,2021-09-25,0.0165519575977665,0.0165519575977665,0.0163682555524539,0.0165519575977665,0.0165519575977665,0.0163246165853108,0.0168406494469735,0.0168510933241654,0.0172421768365379,0.0174995218122144,0.0174942998736185,0.017411088582284,0.0171308718599131,0.0171282608906151,0.0167123040953725,0.0171125950748274,0.0169513722859633,0.0165749061885666,0.0166989828804983,0.0165519575977665,0.0162960451398944,0.0163978640434556,0.0162539788924722,0.0162539788924722,commercial,9,autumn,1,6,206.6356601,1239.8139606,0
16,2021-09-26,0.0162539788924722,0.0162539788924722,0.0162539788924722,0.0162539788924722,0.0162539788924722,0.016339059125559,0.0163986299493031,0.0165425151002864,0.0165574727165378,0.0168604424127593,0.0170335371614039,0.0170034256368377,0.0174107626392976,0.0176315711105554,0.0192814666764419,0.0192508808427927,0.0181457328434754,0.0178181740000657,0.0175598799076662,0.0170900520612471,0.0167157913559285,0.016888886104573,0.016888886104573,0.0166163488658066,commercial,9,autumn,1,6,206.6356601,1239.8139606,0
16,2021-09-27,0.0169080875063978,0.0167442537482358,0.0166969814444808,0.0167442537482358,0.0167442537482358,0.0167480877028234,0.016994764053186,0.0174308139919913,0.0280006361837193,0.0314510408570747,0.0328159686652063,0.0328119306854989,0.0351221339298671,0.0374586315247219,0.0397389365288304,0.0401270681106593,0.0379074319433234,0.0246124205048054,0.0203882549792456,0.0193320698600013,0.0183315891965641,0.0182527258293612,0.0177466576485707,0.0170790733708691,commercial,9,autumn,0,6,206.6356601,1239.8139606,0
16,2021-09-28,0.0171149242052053,0.0175651620675405,0.0167602066355779,0.0171321329029002,0.0167442537482358,0.0167793073467382,0.0171586084803023,0.0197364935214981,0.0300043591569614,0.0354855651615415,0.035891052551396,0.0363917643818674,0.0365448576350499,0.0412250692750684,0.039839788890609,0.0369777298597323,0.0349145328825809,0.0250702994737925,0.0222936650422065,0.0211830777476506,0.0191089168080524,0.020054299290617,0.0190546548951995,0.0173475785995052,commercial,9,autumn,0,6,206.6356601,1239.8139606,0
16,2021-09-29,0.0171123815019218,0.0176693895435463,0.0169228244424494,0.0177075741946132,0.0177065932865792,0.0173787534976692,0.0171586192403887,0.0174199771897334,0.0242134052462361,0.026858211147454,0.0279825461367982,0.0303991376835609,0.0291867729324423,0.0345472302325686,0.0331351671686012,0.0274880870190274,0.0292932634370432,0.0210353758790115,0.0179557867705663,0.0180142790271612,0.017662716400666,0.0176311732855517,0.0175083454248914,0.0173570216253484,commercial,9,autumn,0,6,206.6356601,1239.8139606,0
16,2021-09-30,0.0175092982869358,0.0170975924903491,0.0172246592269325,0.0170811822550423,0.0170811822550423,0.0173163985081419,0.0178035727573872,0.018369005016674,0.0299006277883471,0.0343471953311045,0.0366851243992208,0.0367218423800178,0.0342301417775233,0.0381269527936473,0.038452803467063,0.0328189554135263,0.0291353250832417,0.0229342435533693,0.019274441742181,0.0187504645412829,0.0182295324213015,0.0180980251323085,0.0176193393829079,0.0173770979365513,commercial,9,autumn,0,6,206.6356601,1239.8139606,0
16,2021-10-01,0.017108133295022,0.0170153006436085,0.0169066861555723,0.0169066861555723,0.0168711737702924,0.016888886104573,0.0173238753211914,0.0205212935305251,0.0242564817374769,0.0255299682499036,0.0252490859466583,0.0270746583727465,0.0280215363634692,0.0314753503138749,0.0319287035815158,0.0250853641975958,0.0240976256301942,0.0209757123661543,0.0199286127463979,0.01929163041647,0.0174342658385093,0.018271183060731,0.0185976883279706,0.017409109241311,commercial,10,autumn,0,6,206.6356601,1239.8139606,0
16,2021-10-02,0.0182086558889936,0.0185276828579182,0.0175043181322246,0.0179656298972519,0.0174398179012973,0.0176598568682687,0.0176263588327674,0.0216308201223492,0.0261441067854695,0.0273873577699774,0.0273026102222956,0.0263419945339032,0.0286777780132239,0.0295943849523896,0.0312376849082286,0.0243232835870621,0.0234638177141694,0.0213670326074621,0.0200760855631165,0.0186677650885664,0.0179484279412213,0.0180809126640877,0.0180810941012226,0.0171978838475041,commercial,10,autumn,1,6,206.6356601,1239.8139606,0
16,2021-10-03,0.0184233319631465,0.0181735639315632,0.0178936907729794,0.0175758471492038,0.0174303423948752,0.0165679104851086,0.0171507932049788,0.0204808729855797,0.0240544755974654,0.0250402114993099,0.0254233504159962,0.0250964043314018,0.0273541631902115,0.0296112985743473,0.0298376190498309,0.0237463509540905,0.0227625505117223,0.0201425844232833,0.0183111421238192,0.0173519485009488,0.0168185680140908,0.0171755994356969,0.0172199664337278,0.0166326866440635,commercial,10,autumn,1,6,206.6356601,1239.8139606,0
16,2021-10-04,0.016888886104573,0.016888886104573,0.0165679104851086,0.016888886104573,0.016888886104573,0.0165046852940115,0.0171507995863752,0.0191922493572144,0.0228153720552107,0.0245078224338455,0.0237872824526301,0.0263492905626749,0.0255484279256369,0.0267143140956248,0.0284403111506051,0.0223441042922086,0.0214768113354219,0.0195397501202604,0.0178539541346851,0.0172079616146031,0.0167839451425438,0.0172136845912595,0.0172461683810208,0.0166491194511459,commercial,10,autumn,0,6,206.6356601,1239.8139606,0
16,2021-10-05,0.016888886104573,0.016888886104573,0.0165519575977665,0.016888886104573,0.0167157913559285,0.0164430413174945,0.0171508060087097,0.0191906327927558,0.0234521679548645,0.0251026193159619,0.0248418041996739,0.0263518212235513,0.0257994864424259,0.0276360142448827,0.0296989481691957,0.0231881261490058,0.0216746890342351,0.0181971354794271,0.0182769775564154,0.0173505554732755,0.0170337007539835,0.017097538943303,0.0172608866503739,0.016888886104573,commercial,10,autumn,0,6,206.6356601,1239.8139606,0
16,2021-10-06,0.0170707516164392,0.016888886104573,0.0168012114875061,0.016888886104573,0.016888886104573,0.0167326920886497,0.017323907218725,0.0190409721335387,0.0219723036594397,0.0219249145327539,0.0225603581442178,0.0220904180756437,0.022745588682735,0.0218267260065274,0.019834944210275,0.01885920820393,0.0172622597183182,0.0163932398858381,0.0166807060954126,0.0165519575977665,0.0162960451398944,0.0165519575977665,0.0165519575977665,0.0162539788924722,commercial,10,autumn,0,6,206.6356601,1239.8139606,0
16,2021-10-07,0.0163978640434556,0.0162539788924722,0.0162539788924722,0.0162539788924722,0.0162539788924722,0.0162539788924722,0.0168328916561011,0.0168328916561011,0.0171851700002987,0.0174926343035074,0.0180505147668864,0.0206821576879071,0.0222665501345213,0.0222679528462695,0.0214583550931834,0.0197705515884124,0.0193083084226152,0.0170856787050603,0.0171995001140853,0.0170707516164392,0.0167157913559285,0.016888886104573,0.016888886104573,0.0166326866440635,commercial,10,autumn,0,6,206.6356601,1239.8139606,0
16,2021-10-08,0.0169080875063978,0.0169080875063978,0.0167283982720186,0.0169080875063978,0.0169080875063978,0.0167172652463654,0.0169948858900325,0.0176489448715213,0.0272704735796433,0.0309390107208765,0.0334678217281583,0.0336696214128466,0.0355345267122486,0.0440061061834409,0.0407474634832294,0.0341173605376424,0.033397249021166,0.0233228609058095,0.0200629865466593,0.0194617512186677,0.0176116931625267,0.0176300049904242,0.0173265516328866,0.0170458239622792,commercial,10,autumn,0,6,206.6356601,1239.8139606,0
16,2021-10-09,0.016888886104573,0.016888886104573,0.0166163488658066,0.0167157913559285,0.0165519575977665,0.0165046852940115,0.0169948973822041,0.0170720524066546,0.0205694263370224,0.0229663005278275,0.0232571011245421,0.0249147120980939,0.0250200483812392,0.0254137232842099,0.0242527985753462,0.0214622506108328,0.0198205284868406,0.0171624803072601,0.0172179312800907,0.0170707516164392,0.0166989832421986,0.016888886104573,0.0167157913559285,0.0166163488658066,commercial,10,autumn,1,6,206.6356601,1239.8139606,0
16,2021-10-10,0.0167157913559285,0.0167157913559285,0.0165679104851086,0.0165519575977665,0.0167157913559285,0.0165361021215493,0.0166966974835458,0.0169300398048186,0.0181699701584714,0.0198885193625873,0.0200533925372124,0.0218639955226038,0.0234705895847396,0.0246001321389207,0.0259332663643717,0.0203390506839082,0.0199672153034066,0.0180810541100748,0.0176765255686017,0.0168935248869682,0.0166822682316296,0.0172091461410607,0.0172696260933684,0.0166001065950378,commercial,10,autumn,1,6,206.6356601,1239.8139606,0
16,2021-10-11,0.0173532400925251,0.0170200067219806,0.0166659599249936,0.0169248321909316,0.0169080875063978,0.0166868437229601,0.0171587542857127,0.0194542201318661,0.0305290136689384,0.0327855069423132,0.0334556111768374,0.036295125916504,0.0352990810874792,0.0423979179121957,0.0463534063362552,0.0383732356983319,0.0373892016678182,0.0238932983336009,0.0217297039852462,0.0211076950418123,0.0189601604610912,0.0193763407322613,0.018939388281012,0.0177143895357168,commercial,10,autumn,0,6,206.6356601,1239.8139606,0
16,2021-10-12,0.0181698086678577,0.0185570390497464,0.0178848067489599,0.0180782424431125,0.0184219203980979,0.0168383816051434,0.0179945867214361,0.0213544933365696,0.0330688465583887,0.0359935783304841,0.0380408136974012,0.0395234869783896,0.0393238206865457,0.0457744575002388,0.0467768091027613,0.0410188836119465,0.0391685525105029,0.0257572153893106,0.0217446200836534,0.0210280647160931,0.0194366517006501,0.019739293139792,0.0192664583749762,0.0180827997238567,commercial,10,autumn,0,6,206.6356601,1239.8139606,0
16,2021-10-13,0.0185066207407912,0.0187671503659618,0.0177965685834548,0.0164462750429415,0.0165901601939249,0.0165129417095975,0.0166969651594022,0.0171591688696725,0.0264550410421777,0.028590159183539,0.0291318632413493,0.0309367293892854,0.0300265577180847,0.0342593425612895,0.0329699928112899,0.030856026823815,0.0304546957362346,0.0216694277990027,0.0185622749786842,0.0180938519372994,0.017152270139398,0.0172763940335779,0.0171534982947163,0.0169481290505722,commercial,10,autumn,0,6,206.6356601,1239.8139606,0
16,2021-10-14,0.0169080875063978,0.0169080875063978,0.0166505985797094,0.0167442537482358,0.0167442537482358,0.0165129417095975,0.0168408620422529,0.0171025116161755,0.0211923170509859,0.0234020663897363,0.0235275392197451,0.025639622246492,0.026199107348431,0.0305039996604138,0.0296697681682508,0.0281908605555115,0.0265479536425702,0.0186300556728104,0.0175988163573973,0.0174098735684398,0.0171522986310759,0.0172764074414263,0.0171535066746215,0.0168538907198931,commercial,10,autumn,0,6,206.6356601,1239.8139606,0
16,2021-10-15,0.0167442537482358,0.0167442537482358,0.0165169127357801,0.0165901601939249,0.0165901601939249,0.0165129417095975,0.0168408738116883,0.0171025435617859,0.0227680458102877,0.028211246655488,0.028129190028796,0.0289453935775976,0.0298188436726955,0.0340443426529958,0.0357337475388603,0.030205973214498,0.0274561993788627,0.0192852963904163,0.0175988516657035,0.017582993537303,0.0171683770382004,0.0172764208922097,0.0171535150813611,0.016778099395564,commercial,10,autumn,0,6,206.6356601,1239.8139606,0
16,2021-10-16,0.0165519575977665,0.0165519575977665,0.016383008520324,0.0163978640434556,0.0163978640434556,0.0162539788924722,0.016697000464223,0.0167305162639589,0.0176296873278592,0.0186259735740216,0.0184949994805093,0.0194418827535705,0.0195796791828849,0.0205678076217596,0.0188996758205379,0.0178627143950847,0.0174706386411016,0.0170008110988786,0.0172180130674038,0.016888886104573,0.0164891248856981,0.0167157913559285,0.0165519575977665,0.016339059125559,commercial,10,autumn,1,6,206.6356601,1239.8139606,0
16,2021-10-17,0.0163978640434556,0.0163978640434556,0.0162539788924722,0.0163978640434556,0.0162539788924722,0.0162539788924722,0.0163987656779309,0.0163987656779309,0.0163987656779309,0.0166967443832252,0.0168605781413872,0.0167501861769033,0.0180367328747402,0.0185942140620899,0.0193901767228196,0.0174056734358327,0.0174056734358327,0.0170159605557511,0.016888886104573,0.0167157913559285,0.0165839603093185,0.0167157913559285,0.0165519575977665,0.0164128216597069,commercial,10,autumn,1,6,206.6356601,1239.8139606,0
16,2021-10-18,0.0167442537482358,0.0165901601939249,0.0165169127357801,0.0165901601939249,0.0163578517437109,0.0165408799640199,0.0158415147681069,0.0165665000227134,0.0203303049956756,0.0232196788270818,0.0249463723687889,0.0256243941935831,0.0280796019453482,0.0321258142805213,0.0323731292818091,0.028109151952873,0.0266701056490127,0.018321220911238,0.0175989581621356,0.0174099748575386,0.0171846095353171,0.017276461462279,0.0168356131251815,0.0166905391462795,commercial,10,autumn,0,6,206.6356601,1239.8139606,0
16,2021-10-19,0.0167442537482358,0.0167442537482358,0.0164742132973639,0.0165901601939249,0.0164462750429415,0.016228103244545,0.0160527019927359,0.0167843032609473,0.0205535052640796,0.0239117251075817,0.0253350446122602,0.0266708769919865,0.0292309645743196,0.0351726671579302,0.0356881098377721,0.0286712122453173,0.0277320419982004,0.0188677091753212,0.0175989938164084,0.0174100003248763,0.0170581955777863,0.0172764750448591,0.016989715168605,0.0167338747984003,commercial,10,autumn,0,6,206.6356601,1239.8139606,0
16,2021-10-20,0.0167442537482358,0.0165901601939249,0.0164742132973639,0.0165901601939249,0.0164462750429415,0.0165129417095975,0.0166970479490813,0.0169621027878252,0.0246133857980002,0.0278187124677266,0.0272592796012715,0.0279890317632435,0.0300887132834645,0.0351214230675575,0.0365526608041421,0.028446887804737,0.0273767344375314,0.0191389609327404,0.0174259347821879,0.0174100258351791,0.0169091773002494,0.0169585613378811,0.0168356301177284,0.0166342565934209,commercial,10,autumn,0,6,206.6356601,1239.8139606,0
16,2021-10-21,0.0164462750429415,0.0164462750429415,0.0164462750429415,0.0164462750429415,0.0164462750429415,0.0165129417095975,0.0166970598704142,0.0169641308316418,0.0236584658185987,0.027551931801794,0.0270767167776247,0.0275879031054571,0.0297869742777104,0.0342469773489199,0.0351195144587424,0.0276146814106923,0.026657956581888,0.0186104348483271,0.0172621367880245,0.0172462176227305,0.0168665068136416,0.0169585749622615,0.0168356386329662,0.0166342651086587,commercial,10,autumn,0,6,206.6356601,1239.8139606,0
16,2021-10-22,0.0164462750429415,0.0164462750429415,0.0164462750429415,0.0164462750429415,0.0164462750429415,0.0165129417095975,0.0166970718047416,0.0169612669773221,0.0228635483485128,0.0260195858694001,0.026574128751428,0.028280262906458,0.0289143668713386,0.03271748794306,0.0318098677164087,0.0258423033167893,0.0261644236900179,0.0178028105263574,0.0172621725910068,0.0170921496419783,0.0168096193247669,0.0169585886014929,0.0168356471574858,0.0166342736331783,commercial,10,autumn,0,6,206.6356601,1239.8139606,0
16,2021-10-23,0.0162539788924722,0.0162539788924722,0.0162539788924722,0.0162539788924722,0.0162539788924722,0.0162539788924722,0.0166970837485293,0.0167077101700292,0.0172050548555011,0.0174467108690084,0.0177940983918152,0.0184908455390636,0.0195344683810461,0.01952138089345,0.0208307672867164,0.0172862830924732,0.0172889396978482,0.0168129915425608,0.0168631360911995,0.0165519575977665,0.0163536056008859,0.0165519575977665,0.0165519575977665,0.0163102784378777,commercial,10,autumn,1,6,206.6356601,1239.8139606,0
16,2021-10-24,0.0163978640434556,0.0163978640434556,0.0162678949133103,0.0163978640434556,0.0163978640434556,0.0162678949133103,0.016542698486007,0.016542698486007,0.016426751589446,0.0166967920403179,0.0168606257984799,0.016865942423433,0.017451116466863,0.0186721059224195,0.0175196721486678,0.0174057210929253,0.0174057210929253,0.01684381768475,0.016888886104573,0.0167157913559285,0.0164278809058347,0.0167157913559285,0.0165519575977665,0.0164128216597069,commercial,10,autumn,1,6,206.6356601,1239.8139606,0
16,2021-10-25,0.0165901601939249,0.0165901601939249,0.0164462750429415,0.0164462750429415,0.0164462750429415,0.0165129417095975,0.0166971076503356,0.0169589813826572,0.0210512567370107,0.0230155647186416,0.0252486843912427,0.0270940809257189,0.0270507684307184,0.032171384226115,0.0323401851998967,0.0276626443707792,0.0275338382897327,0.0180108048100345,0.0175992086345955,0.0174101537664385,0.0169529612561531,0.0171127231221969,0.0169897663157924,0.0166905987825795,commercial,10,autumn,0,6,206.6356601,1239.8139606,0
16,2021-10-26,0.0165901601939249,0.0165901601939249,0.0164883412903637,0.0165901601939249,0.0165169127357801,0.0165129417095975,0.0167677572941146,0.0171028989719072,0.02400669309627,0.0276945623348524,0.0281179982152173,0.0288239571896376,0.0286918587749793,0.0311731925858833,0.0308934307703899,0.0272834186016492,0.0276388541633483,0.0181996611282264,0.0174261497387719,0.0174101793755963,0.0169677432477354,0.0169586432261036,0.0168356812978675,0.0166343077735599,commercial,10,autumn,0,6,206.6356601,1239.8139606,0
16,2021-10-27,0.0164462750429415,0.0164462750429415,0.0164462750429415,0.0164462750429415,0.0164462750429415,0.0165129417095975,0.0166971315475221,0.016959046246449,0.0209869202325911,0.0232098075773684,0.0248656093997762,0.0265409060337647,0.0280387264780134,0.031360825591265,0.0338965053211648,0.0278231583886366,0.0268367722425028,0.0187809562727062,0.0174261855775103,0.0172463712165331,0.0170738886254215,0.0171127504332672,0.0169897833852113,0.0167193965396797,commercial,10,autumn,0,6,206.6356601,1239.8139606,0
16,2021-10-28,0.0167442537482358,0.0165901601939249,0.0164462750429415,0.0165901601939249,0.0165901601939249,0.0165129417095975,0.0168410286365196,0.0171029638006136,0.0225893234675113,0.0254126936500882,0.0279965675603351,0.0304667400800057,0.0281816381333094,0.0288512594481253,0.026800713499434,0.0227423222091641,0.0207571341592252,0.0174459598650206,0.0169644089280965,0.0169484180926978,0.0168387716245157,0.0164227157032653,0.0161041324691177,0.0156562697753183,commercial,10,autumn,0,6,206.6356601,1239.8139606,0
16,2021-10-29,0.0149413086552857,0.0139083106566173,0.0136060670722027,0.0135305237270536,0.0130849589132686,0.0129430516255879,0.0127440244586634,0.0134046285265884,0.0180674531236486,0.0188615558301424,0.0192185491613985,0.0207716496790924,0.0220282878475642,0.0237293433014039,0.0194806025431259,0.0200868809529424,0.0196132200543015,0.0174460041625089,0.0166647932975523,0.016409284260376,0.0159437038570883,0.0157907334706422,0.0155869661154975,0.0142892530513134,commercial,10,autumn,0,6,206.6356601,1239.8139606,0
16,2021-10-30,0.0133832442120382,0.0129673103327691,0.0126184997757401,0.0125435216990067,0.0124919589965571,0.0123212640998942,0.0124347647530709,0.0130361429530784,0.0138381478660954,0.0142436067858161,0.0146205839291193,0.0160774845439879,0.016983856096468,0.0172480672059207,0.0167807023053413,0.0168016008566102,0.0162112522991247,0.0153389741016854,0.0150318960819657,0.0142735064928322,0.0140429824149797,0.0136463819433295,0.0134568260481458,0.013505391720669,commercial,10,autumn,1,6,206.6356601,1239.8139606,0
16,2021-10-31,0.0137309150858342,0.0137246035909442,0.0130990162419658,0.0128994932948663,0.012845308062296,0.0127353199939962,0.0128753578762137,0.0129233123078169,0.0127889006630634,0.0134277869704942,0.0143430237633342,0.0140911900122685,0.0157554688448358,0.0160224182693787,0.0161103530899952,0.0172156337827687,0.0170015170540277,0.0164562947936139,0.0153523197497752,0.0151941163290321,0.0149440599816295,0.0151697618512092,0.015632369568892,0.0160630966270185,commercial,10,autumn,1,6,206.6356601,1239.8139606,0
16,2021-11-01,0.0164462750429415,0.0164486011070062,0.0164695412637068,0.0164800269301675,0.0164858669580978,0.0165513892549387,0.016697191084625,0.0169592078471568,0.0188831780900035,0.0198214395906387,0.0209951733748342,0.0228047776013573,0.0227179334000769,0.0274878155601841,0.0241502279540148,0.0232184223259893,0.0226540252381351,0.0177441153669302,0.017108436876346,0.0172464987960393,0.0169095249151413,0.0171128184756705,0.0168357323574025,0.0166622970875173,commercial,11,autumn,0,6,206.6356601,1239.8139606,0
16,2021-11-02,0.0165901601939249,0.0165901601939249,0.0164462750429415,0.0165901601939249,0.0164462750429415,0.0165129417095975,0.0166972029285347,0.0169592399949117,0.0207372744073993,0.0236036415482686,0.0254009563539168,0.0264034527356867,0.0264921905084819,0.0304548125759746,0.0271214869361222,0.0255558411720307,0.0254592731315625,0.0177872833495657,0.017426399720548,0.0174103579340078,0.0169095536789219,0.0171128320115673,0.016835740817338,0.0166343672930304,commercial,11,autumn,0,6,206.6356601,1239.8139606,0
16,2021-11-03,0.0164462750429415,0.0164462750429415,0.0164462750429415,0.0164462750429415,0.0164462750429415,0.0165129417095975,0.0166972147430736,0.0169592720629458,0.0199038073600524,0.0226612568905838,0.0259314621861939,0.0303157624067661,0.0297456375858821,0.0302426552818918,0.0258224763091579,0.0252862797649823,0.0247674189280582,0.0176948256416729,0.0172626014060027,0.0170924559384039,0.0168389446785349,0.0169587519595865,0.0168357492562943,0.0166343757319868,commercial,11,autumn,0,6,206.6356601,1239.8139606,0
16,2021-11-04,0.0165901601939249,0.0164462750429415,0.0164462750429415,0.0164462750429415,0.0164462750429415,0.0165129417095975,0.0166972265247429,0.0169593040417626,0.0213361522654607,0.0239667836193128,0.0266111036622893,0.0281880924394534,0.0279166752822436,0.0326001180485462,0.0298584625626575,0.0279635432144487,0.0269459074203806,0.018998643772783,0.0172626367510107,0.0172465747391491,0.0169240535242472,0.0171128589786624,0.0168357576717724,0.0166623224018873,commercial,11,autumn,0,6,206.6356601,1239.8139606,0
16,2021-11-05,0.0165901601939249,0.0165901601939249,0.0165169127357801,0.0165901601939249,0.0165901601939249,0.0165129417095975,0.0166972382700536,0.0169593359218918,0.0226491837014838,0.0261049126176583,0.02763798548403,0.0330940362705904,0.0306346477189373,0.0361889662503982,0.0317969386449543,0.028825538911339,0.0278865407263014,0.0197424428813818,0.0174988834138817,0.0172465999076722,0.0169828869664699,0.0169587788475638,0.016989859615591,0.0166483085578106,commercial,11,autumn,0,6,206.6356601,1239.8139606,0
16,2021-11-06,0.0162539788924722,0.0163978640434556,0.0162539788924722,0.0162539788924722,0.0162539788924722,0.0162539788924722,0.0166972499755276,0.0167079713838836,0.0172148562874206,0.0182659029411339,0.018865438863659,0.0205274425631237,0.0207708466272766,0.0212991879387125,0.0183755100402824,0.0174684573116218,0.0172892721518446,0.0170541971178415,0.0168633023181977,0.0167157913559285,0.0165519575977665,0.0165519575977665,0.0165519575977665,0.0163978640434556,commercial,11,autumn,1,6,206.6356601,1239.8139606,0
16,2021-11-07,0.0165519575977665,0.0165519575977665,0.0163246165853108,0.0163978640434556,0.0163978640434556,0.0162539788924722,0.0165427933085544,0.0165427933085544,0.0165427933085544,0.0168607206210273,0.0168607206210273,0.0176781197876533,0.0191622802688198,0.0192379155990561,0.0178379930455947,0.0171684585334969,0.0174925594151354,0.0168607206210273,0.0167157913559285,0.0167157913559285,0.0163978640434556,0.0165519575977665,0.0163978640434556,0.0163246165853108,commercial,11,autumn,1,6,206.6356601,1239.8139606,0
16,2021-11-08,0.0164462750429415,0.0155038229617208,0.0157473235319563,0.0134679067536118,0.0130308048400233,0.0121988987044872,0.0122279582897226,0.0120176496449493,0.0137152371961764,0.0143166731341838,0.0160828160079173,0.0190704534824354,0.0188852707195468,0.0195848878934169,0.0186348689439838,0.0174035312037591,0.017370454307133,0.0134125991057726,0.0130864238091391,0.0126764375262885,0.0121318327463575,0.0122873703857662,0.0118372119066121,0.0115081597464956,commercial,11,autumn,0,6,206.6356601,1239.8139606,0
16,2021-11-09,0.011237627872861,0.0111120153609725,0.0110489926622886,0.0109601298365427,0.0109192096317,0.0108879446611993,0.0106169376050679,0.0107357925552973,0.0124538530356181,0.0135433303101046,0.014067846785445,0.0151938911656972,0.0170956446277318,0.0193188583716077,0.018240478145296,0.0176342927022373,0.0164369196556042,0.0138663073284726,0.0132373915854002,0.0131062999444212,0.0124439739171834,0.0124671810468691,0.0122963970255826,0.0117867641897076,commercial,11,autumn,0,6,206.6356601,1239.8139606,0
16,2021-11-10,0.0116522409304188,0.0115820916885949,0.0112691893150892,0.0113688381129107,0.0113642512667871,0.0112404304883876,0.0113663110662502,0.0113580062636199,0.0131868935536513,0.0143703114088699,0.0148476780963678,0.0154620165465838,0.0169592112685999,0.0193018074519296,0.0183688076302688,0.0181038387594279,0.0175884028559863,0.0143504661114644,0.0138274694217153,0.0134240228723858,0.012752246998291,0.0127825792473575,0.0123326852182652,0.0121562063272915,commercial,11,autumn,0,6,206.6356601,1239.8139606,0
16,2021-11-11,0.0119538396412814,0.0118762567198102,0.0114679390262261,0.0114396473745555,0.0116405212699272,0.0112343792999451,0.0113812710416266,0.0118648111349702,0.0138137102377204,0.0145313904208516,0.0160270205779163,0.0186909472351347,0.0187464544269141,0.0193995513848354,0.0190713904480878,0.0189066197531745,0.0184822821725975,0.0148423623379542,0.0139447450426975,0.0135418348460909,0.0133439184040277,0.0134929076224492,0.0127549575426483,0.0125530440848996,commercial,11,autumn,0,6,206.6356601,1239.8139606,0
16,2021-11-12,0.0123413372631752,0.0122552916459112,0.0120080108452482,0.0121077697637007,0.0120894491618614,0.0119844512800138,0.0118695700280677,0.0122247861900655,0.0144056904788803,0.0155772836977935,0.0175824524265947,0.0191400579290478,0.0188855913439739,0.0200390130730845,0.0193344829345613,0.0191562128814831,0.0189499341065132,0.0149187425943801,0.0143165718910834,0.0142172497241148,0.0136916699312344,0.0136441061426463,0.0134583599964053,0.012892786899614,commercial,11,autumn,0,6,206.6356601,1239.8139606,0
16,2021-11-13,0.0125407169463657,0.0124755767576744,0.0120177009353329,0.0117993325645682,0.0117182375750439,0.0115951337918186,0.0121534089505958,0.0121735558208003,0.0129345122333832,0.0136802517793258,0.0140587730312761,0.0144788717420071,0.0145466121191632,0.0160047556985978,0.0147956884192498,0.0147503997894057,0.0146264488988858,0.0133073870902559,0.0133272916196361,0.0127951135489955,0.0121999551779493,0.0123145417823472,0.0120355310676953,0.0120768640875543,commercial,11,autumn,1,6,206.6356601,1239.8139606,0
16,2021-11-14,0.0119377382575872,0.0118705342752622,0.0115703110448464,0.0116981475460269,0.0114566270110426,0.0112468448379977,0.0111378889106334,0.0112641835797358,0.0117787929687658,0.0124069541418683,0.0128225694793912,0.0131035140167127,0.0138888489450962,0.0146632959495401,0.0139959226286911,0.0146461648981665,0.0140132242077947,0.0132606846133779,0.0128551651625278,0.0127774211814409,0.0119885242017424,0.0123192711324475,0.0121011564418384,0.0118054101848069,commercial,11,autumn,1,6,206.6356601,1239.8139606,0
16,2021-11-15,0.0118801209176484,0.0123144333973213,0.0124170528354372,0.0127165613223189,0.0127256043755486,0.0121960499034047,0.0120918999194963,0.0125795239711867,0.0155625621916477,0.015874208948497,0.0166387458970253,0.0181013626950576,0.0187050071705179,0.019073982350775,0.0188812924263778,0.0188785973615255,0.0189082430749005,0.0159261802349357,0.0150650970953736,0.0141417898252292,0.013679160701157,0.0131899010092007,0.0129914877337087,0.0128105404663837,commercial,11,autumn,0,6,206.6356601,1239.8139606,0
16,2021-11-16,0.0125857881558452,0.012266689286808,0.0121428499178871,0.0118850103130841,0.0120605918625133,0.0122822059146303,0.0121345848432071,0.0126355689884068,0.0156605455227874,0.0163715058772714,0.0185410374058392,0.0189987915517865,0.019125444542894,0.0220123734687428,0.021636924222549,0.0193876376681002,0.0195172146344706,0.0175174169227334,0.0167978676746159,0.0162500503282738,0.0164160763426675,0.0161434587625797,0.0155934578517269,0.0153589841457036,commercial,11,autumn,0,6,206.6356601,1239.8139606,0
16,2021-11-17,0.0145994913120007,0.0144415269209432,0.0140097384530228,0.0143771160824078,0.0139249916583447,0.0139915768613568,0.014443749834055,0.0152369813780961,0.0185956119961229,0.0189440112661719,0.0192154806209749,0.0226520798061565,0.0228296548477579,0.0255467376860685,0.021079882770272,0.0203065968704935,0.0199143030734471,0.0174607362631547,0.0167270032662505,0.0161436130562692,0.0158476931752971,0.0156226090098225,0.0151111876165039,0.0144742029667795,commercial,11,autumn,0,6,206.6356601,1239.8139606,0
16,2021-11-18,0.0137860043705287,0.0135799311681917,0.013546578491633,0.0134018181221294,0.0133570778293473,0.0130508346313535,0.0131431661515208,0.0137518342102807,0.0172248318014861,0.018162981532164,0.0189436921255097,0.0193640445173705,0.0196065456305742,0.0234594396006734,0.020454848708188,0.0191956364388354,0.0191253289940558,0.0174468609562388,0.0163701965903972,0.01569233342576,0.0165070572521896,0.016175769901235,0.0160537313986942,0.0159261722004266,commercial,11,autumn,0,6,206.6356601,1239.8139606,0
16,2021-11-19,0.0148022809984234,0.0142480057874831,0.0145333307760477,0.0143172438894685,0.0135304657742557,0.0137310026643981,0.0134716487277409,0.0139875207187491,0.0182329816571141,0.0188729505462221,0.019131316874595,0.0217277656636367,0.0211552242553839,0.0236141833636012,0.020532038062948,0.0199245619863735,0.0196686310799291,0.0174469013596042,0.0169651693660293,0.0169489612626498,0.016839387217128,0.0168048976909816,0.0165493476945176,0.0166345058903965,commercial,11,autumn,0,6,206.6356601,1239.8139606,0
16,2021-11-20,0.0160660003431306,0.0160828932924484,0.0162738535786005,0.0160483869440746,0.0162972320399422,0.0163359304214464,0.0166974077558435,0.0167082193243801,0.0171872561336754,0.0172034734864803,0.0174960464075062,0.0174715827861354,0.0173098196758034,0.0187593089640549,0.0170690513073275,0.0169499563135359,0.01695265920567,0.016472285327896,0.0165455327860408,0.0163978640434556,0.0162539788924722,0.0162539788924722,0.0162539788924722,0.0162539788924722,commercial,11,autumn,1,6,206.6356601,1239.8139606,0
16,2021-11-21,0.0162539788924722,0.016261484557836,0.0163077008551241,0.0162817255324001,0.0163152935190319,0.0163384796035809,0.0162773931331061,0.016159418643388,0.0163989977684929,0.0165428829194762,0.0166969764737871,0.0165632493774152,0.0165482917611639,0.0165564050236955,0.0166551130117199,0.0165428829194762,0.0165428829194762,0.0166186826505449,0.0162539788924722,0.0162539788924722,0.0162539788924722,0.0162539788924722,0.0162539788924722,0.0162539788924722,commercial,11,autumn,1,6,206.6356601,1239.8139606,0
16,2021-11-22,0.0164462750429415,0.0164462750429415,0.0164462750429415,0.0164462750429415,0.0164958224944141,0.0165628103915201,0.0150798829444196,0.0149977889612041,0.0161195664982217,0.0167259631819884,0.0162221871749976,0.0156264685074378,0.0156773039730137,0.0146733203107115,0.0146318305714065,0.0141906271702628,0.0141887428418533,0.0131732475996321,0.0121172876386209,0.0119838437052974,0.0115293936528738,0.011436951741719,0.0112823116797072,0.010495633628426,commercial,11,autumn,0,6,206.6356601,1239.8139606,0
16,2021-11-23,0.0106917414352761,0.0104923395480703,0.0105170039902373,0.0104714853908821,0.0104453231884984,0.0104341919982028,0.010211324157269,0.0102746397174638,0.0113725292613739,0.01225138093631,0.0123887370623234,0.0121878216454586,0.0128493367883179,0.0129290843416326,0.012535942797867,0.0130131274102091,0.013019566907228,0.0115662384438183,0.0113186246435814,0.0112703208786978,0.010956124399004,0.0110104843000309,0.0110223320189974,0.0108335518336747,commercial,11,autumn,0,6,206.6356601,1239.8139606,0
16,2021-11-24,0.0108671177819064,0.0108291548743242,0.0113094081541383,0.0118382482196657,0.0125622126789226,0.0132171060521542,0.0119171697789539,0.0103773818848908,0.0123602440001332,0.012907256179167,0.0134599497146593,0.0142526622643075,0.0157863067505916,0.0189874860396782,0.0157875235747412,0.0155382857499826,0.0157652792056043,0.0137897987080243,0.0129512593807134,0.0122264724433173,0.0121649347873506,0.0119318528553442,0.0117931947592226,0.0113950184633993,commercial,11,autumn,0,6,206.6356601,1239.8139606,0
16,2021-11-25,0.0111835566471238,0.011095707732464,0.0109398740113688,0.0108656362298384,0.0108400524922252,0.0110064649272334,0.0109918129799929,0.0112664899859172,0.0132326743719376,0.0148634725379014,0.0154620913787082,0.0179969846389998,0.0188243042373781,0.019631232262119,0.0189301608732231,0.0186776946661294,0.0184429350279451,0.0148810007636949,0.0141477945076431,0.0134805396738379,0.0131621251770085,0.0125783719081006,0.012619646284422,0.0122225924750999,commercial,11,autumn,0,6,206.6356601,1239.8139606,0
16,2021-11-26,0.011997632764473,0.0114206581769972,0.0115876890002753,0.0112582755683643,0.0113968064089074,0.0112653470359914,0.0111735743603466,0.0116805558452085,0.0141432068860494,0.0158711992373709,0.0165974920116274,0.0190964345039986,0.0190587986288404,0.0202460417655235,0.0193943317421008,0.0193397515062876,0.0192953975176012,0.0151458115518649,0.0146191290197304,0.013948924966554,0.0135210376445314,0.0135992983520738,0.0128181173782042,0.0126090013509635,commercial,11,autumn,0,6,206.6356601,1239.8139606,0
16,2021-11-27,0.0119560916212845,0.0118667747590118,0.0118336776932652,0.0117433430998081,0.0113955317658208,0.01130564896355,0.011526310823884,0.0115091230746309,0.0125999771235078,0.0132871285176356,0.0136848497521921,0.0140378468590696,0.0145314214451123,0.0166138647132974,0.0144612570402298,0.0151932240912839,0.0145771156427542,0.0133937155123583,0.0132635839601774,0.0127642842365956,0.0122686923895456,0.0117881245441489,0.0119409756025022,0.0116701218005761,commercial,11,autumn,1,6,206.6356601,1239.8139606,0
16,2021-11-28,0.01159412067507,0.0115530002419363,0.0116447837226271,0.0114167510263116,0.0111428407043617,0.0110394501750221,0.0111298535968553,0.0108481776371344,0.0114756557838082,0.0123320569949239,0.012769824550602,0.0132376983997383,0.0143960359141414,0.0145932626921471,0.0140124873134083,0.0145630955809192,0.0144778801070004,0.0135484670579787,0.0131349221042742,0.0127882620168667,0.0125826945034093,0.0128008818530946,0.0125147124953011,0.0123273826891704,commercial,11,autumn,1,6,206.6356601,1239.8139606,0
16,2021-11-29,0.012079180669791,0.012035035119963,0.0121336958657379,0.0115286269989691,0.0114690238591076,0.0114193129197129,0.0112645795346043,0.0118079157169244,0.0148811568191158,0.0164288156327815,0.0183996507951789,0.0191618202588264,0.0191658004291661,0.0222748354275824,0.0193680021466041,0.0194781029188621,0.0194390892911417,0.0171503198464847,0.0150517412517499,0.014563842756731,0.0145036950055418,0.0145664896112753,0.0147740317863303,0.0138520636892784,commercial,11,autumn,0,6,206.6356601,1239.8139606,0
16,2021-11-30,0.0135066731931493,0.0133678161242218,0.0129858552677458,0.0130056268473858,0.012942540347854,0.0122918119919369,0.0123727870450933,0.0130458576611058,0.0160845246398934,0.0178949149440597,0.0189285942040702,0.019346725505227,0.0192055420251098,0.022189591731164,0.019114698948588,0.0190532974365367,0.0189874057887169,0.0152685602709428,0.0133097118652695,0.0130121418647158,0.0124755581729429,0.0126129881922358,0.0125567650722446,0.0132764078582539,commercial,11,autumn,0,6,206.6356601,1239.8139606,0
16,2021-12-01,0.0143475284522041,0.0142889821269257,0.0142477817024874,0.0137735051738752,0.0133966478108861,0.0130802097505926,0.0130458398130243,0.0133882592336774,0.0157063875167532,0.017125769679404,0.018302863213317,0.0192553499807514,0.0191224804999718,0.0220485834992651,0.0191274428497005,0.0190128212091122,0.018981415525079,0.016631744096271,0.0149896661315919,0.0147142730816202,0.014105383658857,0.0138935268563714,0.0135399841749246,0.0126326594433474,commercial,12,winter,0,6,206.6356601,1239.8139606,0
16,2021-12-02,0.0119878167799942,0.0117852192619653,0.0117361500056241,0.011412292851657,0.0113293595288488,0.0112418484845098,0.011033159986681,0.0111448996900552,0.0130860752997359,0.0139018766709407,0.0144942437726445,0.0175275336937789,0.0187420338393405,0.0195128994885018,0.018937763088892,0.0188794288450561,0.0189093517196079,0.0163605173622161,0.0158684541370505,0.0150747840492896,0.0140603409962057,0.0137862191900927,0.0134216973865314,0.0137992673561927,commercial,12,winter,0,6,206.6356601,1239.8139606,0
16,2021-12-03,0.0130075170536749,0.0125586931787414,0.0124395673965795,0.0123626867665774,0.0115690821987259,0.011434764409803,0.0112706628584198,0.011530175484823,0.0137821563087535,0.0151267857574654,0.0160563657073102,0.0189175754969544,0.0187065197655677,0.0193772829933645,0.0189843561642914,0.0188794730744491,0.0189094106921318,0.0169388936892596,0.0168371423898451,0.0155921622669379,0.0148646804830691,0.0148094441283705,0.014432993892385,0.0138847983376068,commercial,12,winter,0,6,206.6356601,1239.8139606,0
16,2021-12-04,0.0133299681245809,0.0129291241167823,0.0131242453682666,0.0127844362593369,0.0127076056105246,0.0123253274766915,0.0121626590274425,0.0113563588749737,0.0121359513311406,0.0129079771655797,0.0133974315984888,0.0140144692872263,0.0141120633690009,0.013885420185302,0.0139876316714543,0.0137735207706027,0.0133605909867145,0.0126146728250142,0.0124320190864633,0.0119850534176167,0.0116916609648971,0.0115090523220671,0.0112000287869773,0.0111114069655035,commercial,12,winter,1,6,206.6356601,1239.8139606,0
16,2021-12-05,0.0110573007285618,0.0110499046683526,0.0109785238053288,0.0108243047652716,0.0106819523874224,0.011006406531331,0.0109846412972912,0.0105306342916868,0.0105296834079176,0.0108271973502502,0.011277715192104,0.0114132031008869,0.0119954467795286,0.0125383441885202,0.0120592812786143,0.0120442113566182,0.0116929752651237,0.0113516063730015,0.01121135992748,0.0108833617270243,0.0105853672221828,0.011298859367531,0.0119064018134155,0.012430191867024,commercial,12,winter,1,6,206.6356601,1239.8139606,0
16,2021-12-06,0.0126195440728574,0.0128270568125949,0.0136223542292824,0.0137158533346402,0.014125282403706,0.0144433807655663,0.0130101186186315,0.0106621603006498,0.0124996169486423,0.0133381288961561,0.0139412615532132,0.0149976190423119,0.0177802235742642,0.0190891002769497,0.0169108566946874,0.0172116355424428,0.0169525516761723,0.0156983310952122,0.0142495470294421,0.0136498875011547,0.0129423857634208,0.0128244899868297,0.0125329754786682,0.0120926573422813,commercial,12,winter,0,6,206.6356601,1239.8139606,0
16,2021-12-07,0.0117441038231441,0.0115901473147821,0.011630460923493,0.0114983725054005,0.011465082319984,0.0115754282162861,0.0114421586469501,0.0117085604698021,0.0138789706266049,0.0144895143238131,0.0152332731638039,0.015273893085674,0.0165541177060523,0.0190251198975644,0.0161360873791617,0.016048544729025,0.0159202936565428,0.0145374555476177,0.0132714145611644,0.0133406086096312,0.0124429401876787,0.0120810703542251,0.0117976060701834,0.0118259743979796,commercial,12,winter,0,6,206.6356601,1239.8139606,0
16,2021-12-08,0.0115825663661097,0.0112380846356256,0.0110617671144837,0.0110810718814547,0.010929589719993,0.0109774147937945,0.0108043789825639,0.010976160688714,0.0126968954318556,0.013544509014318,0.0140714146603149,0.0149925143593799,0.0159204180899927,0.0192079217197393,0.0150834285243619,0.0152115476818238,0.0150590107675207,0.0132071048253217,0.0127854918974137,0.0123691205399823,0.0116926141846903,0.0114821939368859,0.0113219070126297,0.0109198944871096,commercial,12,winter,0,6,206.6356601,1239.8139606,0
16,2021-12-09,0.0105084785493009,0.01045404686344,0.0103643213002788,0.0102727817181805,0.0105041684093192,0.0119157992206981,0.0104982282924486,0.0096027511948205,0.0110011555803009,0.0117669903467246,0.012310616846264,0.0131525965401923,0.0144048567118456,0.0179750501790867,0.014838360218658,0.0146499317134626,0.0141592936826536,0.0127211857226884,0.0120210795579605,0.0115746190407252,0.0113266869627344,0.0110544101708937,0.0109160928854481,0.010680282646112,commercial,12,winter,0,6,206.6356601,1239.8139606,0
16,2021-12-10,0.0105046306108004,0.0106540167614296,0.0105476153147999,0.0105105579620173,0.0115024388578185,0.0125895090442814,0.0112045077758957,0.0099050054948614,0.0118819594266708,0.0130914358487471,0.0140276688265764,0.0159020958020078,0.0178991663728741,0.0188574535288778,0.0155668097414661,0.0155906427687971,0.015036296779515,0.0138571442300538,0.0127175759010072,0.0128685682604937,0.0124127664783768,0.0122796497518226,0.0121339880845862,0.0119860124451879,commercial,12,winter,0,6,206.6356601,1239.8139606,0
16,2021-12-11,0.0116095422057605,0.0114861811008476,0.0111983850528141,0.0111048240787559,0.0109478878483192,0.0108918562637387,0.0109722683975852,0.0110136884570964,0.0114034556410102,0.0118907378102033,0.0126689243355716,0.0131583907129233,0.013257976940053,0.0136517227109475,0.0133601547720707,0.0127927634097746,0.0127026470416852,0.0121409262304421,0.0122285859354084,0.0120395774679084,0.0114848167805435,0.0116164630715476,0.0113815542596882,0.0110646853650372,commercial,12,winter,1,6,206.6356601,1239.8139606,0
16,2021-12-12,0.0110018905239827,0.0110318252721857,0.0109317986697157,0.0109748331402412,0.0109767576240356,0.0120025792798918,0.0117261630754399,0.0109265390696094,0.0111724521169117,0.0108376975995681,0.0108013415685869,0.0107574942652493,0.0112416429400487,0.0116676071010874,0.0114499812664643,0.0115995561646213,0.0116101304450661,0.0114392930037996,0.0122833707383801,0.0127190661057228,0.0132282710146607,0.013275241205088,0.0135493269669299,0.0140096341459578,commercial,12,winter,1,6,206.6356601,1239.8139606,0
16,2021-12-13,0.0138429132842258,0.0138840508483151,0.0139944392372775,0.0140359065817761,0.0141889915408743,0.0145696837179934,0.0131373264935255,0.0121439516763651,0.0136219964043731,0.014236701555142,0.0139043209592489,0.0145688039208487,0.0152320850478523,0.0157881739736914,0.015743353115749,0.0161543127651762,0.016672194320851,0.0144398595854193,0.013840064649554,0.0135348390623961,0.0134208042055627,0.0126746319940391,0.0123380417948118,0.0128439737696068,commercial,12,winter,0,6,206.6356601,1239.8139606,0
16,2021-12-14,0.0129380757507103,0.0127744950389447,0.0125885198973577,0.0124801733939435,0.0121621191306116,0.0124946116426773,0.0121262086294074,0.0122370297138091,0.0148235734055938,0.015895557842383,0.0165457692954372,0.0169857456765141,0.0184261675149983,0.0178441467230126,0.0180118934175883,0.0188799167703852,0.0187450687944038,0.0167969566652589,0.0154869220540497,0.0152131069527713,0.0144657236038916,0.0143532528298582,0.014010431929316,0.0139115579892758,commercial,12,winter,0,6,206.6356601,1239.8139606,0
16,2021-12-15,0.0139254506382548,0.0129885619903391,0.0135214810261689,0.0127743090032749,0.012359022744692,0.0130698503539465,0.0123829234238136,0.0126697063004934,0.0156986323221848,0.0162068620587129,0.0175543728540802,0.0181250296172624,0.0186291929819863,0.018937411881004,0.0186862060660114,0.0188799529022694,0.0189100504625589,0.0171694924946766,0.0155151841054057,0.0144596903180993,0.0144615939342761,0.0131707414342746,0.0124147251791225,0.0126650609455935,commercial,12,winter,0,6,206.6356601,1239.8139606,0
16,2021-12-16,0.0116129844855936,0.0110216827149461,0.0112792712968225,0.01069310050323,0.0106726758299294,0.0107522821329709,0.0105779571864584,0.010627757235903,0.0122421810231441,0.0121655345937399,0.0126151992831987,0.0125895844445979,0.0135237871059414,0.0133547369819605,0.0127717221855786,0.0128021104152394,0.0123920826193221,0.0111802947956088,0.0106650914441263,0.0106320379313146,0.0101610019692781,0.0100752753578182,0.0102819530527107,0.0100066878824572,commercial,12,winter,0,6,206.6356601,1239.8139606,0
16,2021-12-17,0.0105377246864516,0.0120915733908029,0.0125421260514375,0.0139276420017001,0.0147619040857576,0.0153185403971674,0.0132973716128985,0.0113887729410412,0.0101981468896887,0.010540177461146,0.0106213331986436,0.0111546655880853,0.0119165934094036,0.0114393608258701,0.0114813002584275,0.0112765356963541,0.0112537285051107,0.0099690350313568,0.0098910514508469,0.0099042895403922,0.0096487082912281,0.0111354153802624,0.0142927819930769,0.0154064294493349,commercial,12,winter,0,6,206.6356601,1239.8139606,0
16,2021-12-18,0.0180384669039153,0.0186817569486282,0.019300742007098,0.0200030918581392,0.0205057297193974,0.0210517978731915,0.0178206643990322,0.0130671133879767,0.0083929539705456,0.0090812041101153,0.0096960758682526,0.0097998320078726,0.0102620786280496,0.010675340339892,0.0103257357204669,0.0104637329076494,0.0109881636654198,0.0129187618462466,0.0148688990399583,0.0162876110216695,0.016897890865344,0.0172213609389698,0.0176436302015873,0.0187431085178394,commercial,12,winter,1,6,206.6356601,1239.8139606,0
16,2021-12-19,0.0193178859285902,0.0196281036456497,0.0208183426372917,0.0208988930797178,0.0211778818819274,0.022331201727403,0.0218233975632328,0.0158585173038023,0.0124317979686947,0.0122065823736042,0.0114843556942777,0.009343340262924,0.0099749179360489,0.0103902560068533,0.0117404615398964,0.0123087685176702,0.0133017377225522,0.0148119205090458,0.0155926370761865,0.0157871246966528,0.0162914968509185,0.0164302046140513,0.0167290628179844,0.0172721133991985,commercial,12,winter,1,6,206.6356601,1239.8139606,0
16,2021-12-20,0.0169901370028404,0.0174545900930769,0.0175975600884947,0.0180074103735978,0.0188192732768667,0.0182469662321734,0.0165501381209022,0.0105674147970057,0.0105961765859227,0.0114730197440689,0.0120009768962938,0.012505784637113,0.013727414288215,0.0143489807842648,0.0139122623553855,0.0147088039183983,0.0142833065682095,0.0123578403107391,0.0115762602165676,0.0111973084738832,0.0109437974334915,0.0106745034459666,0.0105129516983327,0.0106387254041338,commercial,12,winter,0,6,206.6356601,1239.8139606,0
16,2021-12-21,0.0120150789583407,0.0133646200559661,0.014041492484534,0.0152742044256345,0.0159495368773348,0.0163756482190268,0.0147247036116695,0.0092325670141311,0.0110818730076691,0.0116075522633868,0.0125460991318676,0.013352322379952,0.0143449875437171,0.0169764922516628,0.0148363505126066,0.0144505354246989,0.0139981029162473,0.0125081109714058,0.0117915644147987,0.0113898891483539,0.0108878030076565,0.0108549364106209,0.0107322129885334,0.01053912040786,commercial,12,winter,0,6,206.6356601,1239.8139606,0
16,2021-12-22,0.0105365928793018,0.0105401493522311,0.010870981673307,0.0118050119809472,0.0126948399552768,0.0133875260542496,0.0118838463467442,0.0100923275438809,0.0116275312943286,0.0128842580235894,0.0138501889470416,0.0140826594834485,0.0153851451122457,0.0178263219379414,0.0156945863879644,0.0163222418607965,0.0153687067749243,0.0137575422723812,0.0123579317056777,0.0118399384586783,0.0117869842230503,0.0113405445629487,0.0114408031409615,0.0110774555081577,commercial,12,winter,0,6,206.6356601,1239.8139606,0
16,2021-12-23,0.0111030010225853,0.0110318095072456,0.0108717722274906,0.0107762795164362,0.0109340962641435,0.0109514128778112,0.0109351298777556,0.0110339263624579,0.0130980427688518,0.0137582721835763,0.0143283301778476,0.0149803027640499,0.0164985203222146,0.0159362516885003,0.0171062630961589,0.016120028793781,0.0173090673321979,0.0156872643093543,0.0139800890686346,0.0141485352644741,0.0140127687088535,0.0138196471474476,0.0127283168043747,0.0124800020174394,commercial,12,winter,0,6,206.6356601,1239.8139606,0
16,2021-12-24,0.0120560692645857,0.0125298483838544,0.0119199488145406,0.0115283504218269,0.0108430358526994,0.0111051414279177,0.0108074379325035,0.0114217129523367,0.0137010915304402,0.0154788051529236,0.0172314266268919,0.018849414478923,0.0187788985059942,0.0195829605087015,0.0182753282698284,0.0190241283097555,0.0187380127440488,0.0147724671261231,0.0141654889712631,0.0137670634071455,0.012988351743487,0.012835904711776,0.0126204666408757,0.0121574289455225,commercial,12,winter,0,6,206.6356601,1239.8139606,0
16,2021-12-25,0.0115216347832975,0.0111958801911474,0.0111871416223124,0.0107528277154749,0.0107215266527631,0.0108156380682025,0.0105707449252394,0.0102084099971264,0.0113024336281359,0.0116575104111149,0.0120349630947437,0.0124961426034008,0.0129381800305594,0.0134211579853124,0.0131539751906696,0.0131529343719213,0.0127801677175721,0.0120248802181305,0.0117025473308269,0.0112542022820593,0.011039043514206,0.0106153277702262,0.0105106946135538,0.0106280207835474,commercial,12,winter,1,6,206.6356601,1239.8139606,0
16,2021-12-26,0.0105677703708253,0.0105619512929377,0.0106472605965278,0.0107520078612301,0.0112395758276879,0.0119639530047057,0.0121220164337513,0.0102924757823381,0.0102775206892328,0.0105635632430561,0.0109164456173515,0.0115442226782218,0.0130139936815772,0.0136252640044898,0.0131332215884705,0.0124602345865701,0.0120478332355622,0.0120238270645425,0.0115053052725338,0.0112072720306805,0.0108010576755887,0.0106398418853114,0.0110930318359466,0.0119757788393176,commercial,12,winter,1,6,206.6356601,1239.8139606,0
16,2021-12-27,0.0122749374080763,0.0127987051844829,0.0133409598675396,0.0136824339901215,0.0140690054910561,0.0145302944898979,0.0130932902535603,0.0104079234421119,0.0129874307970043,0.0139183389876387,0.0152023945113302,0.0160426207684216,0.0187079916238502,0.0191161854698957,0.0161704715419897,0.0169495879301514,0.0169212671080514,0.0145274510274661,0.0139319184215522,0.0132727463601744,0.0126416242805071,0.0137157037382273,0.0134918332725505,0.012231974963334,commercial,12,winter,0,6,206.6356601,1239.8139606,0
16,2021-12-28,0.0121702076473496,0.0120009337695009,0.0117255670357681,0.0118067473963011,0.0117735715018268,0.011448968657888,0.0114603697530965,0.0120545990382536,0.0137451849646495,0.0151306401066675,0.0153284717634696,0.0156866750227306,0.0173567189498392,0.0162384629434795,0.0158877802767171,0.0164084994833011,0.0170889912963577,0.0151189672684582,0.014606495312032,0.013934572779752,0.012776103884987,0.0126579171171685,0.0127118736689751,0.0120089969835779,commercial,12,winter,0,6,206.6356601,1239.8139606,0
16,2021-12-29,0.0120077757187123,0.0119057311612375,0.0118215678850159,0.0117836334706261,0.0117842840372909,0.0117701992979988,0.0118119881160203,0.0118415151060603,0.0141661650898559,0.0156425751922364,0.0174025862143692,0.0190635248434515,0.0188692055839817,0.0209114018880886,0.0190319216056287,0.0188803756144816,0.0189106140788419,0.0162812499203001,0.015683161199171,0.0154179924141086,0.0141365342652331,0.0138931513707434,0.0132115379183535,0.0128049165365111,commercial,12,winter,0,6,206.6356601,1239.8139606,0
16,2021-12-30,0.0127669940398272,0.0126281445812393,0.012265612299858,0.0121628478561663,0.0121294606726176,0.0117826214205426,0.0123343717278079,0.0126073988021889,0.014681324827238,0.0163930631094254,0.016724194796376,0.0170648823183116,0.0187081199760852,0.0189739068981656,0.0188831491875934,0.0190242846631005,0.0190545310933392,0.0164586886828747,0.0154046472522818,0.0152396828256939,0.0140629747943187,0.0135323197588317,0.0126149843607474,0.0121259141115274,commercial,12,winter,0,6,206.6356601,1239.8139606,0
16,2021-12-31,0.0117020009229538,0.0115835982126492,0.0113487921927973,0.0111820193385971,0.0108682147308477,0.0108915558331287,0.0108232378556413,0.0110560362871385,0.0126961467809779,0.0131861780515338,0.0137079874672388,0.0151186326944286,0.016270920344611,0.0194555033414557,0.016515063005525,0.0161876582485411,0.0157790485192618,0.0138162783228078,0.0129326870544221,0.0127890248223127,0.012175086570094,0.0121492058191099,0.0114759542396406,0.0112911077859154,commercial,12,winter,0,6,206.6356601,1239.8139606,0
17,2021-01-01,0.0145376863183601,0.0143409289639304,0.0146061366495964,0.0150024746332702,0.0150819365720159,0.0152945030948233,0.0169896928442981,0.0167122610551249,0.0182091648614683,0.018549438245431,0.0187930012432603,0.019031791488237,0.0165763924503715,0.0176493912520489,0.0179074771746899,0.0177725460779333,0.0179626418458986,0.0160047475441974,0.0159541252741459,0.0149193094428771,0.0145598795041828,0.0157955862506572,0.0148903196946918,0.015157510493907,commercial,1,winter,0,1,304.8990695,304.8990695,0
17,2021-01-02,0.0145802831724643,0.0150473832431815,0.0151243546721578,0.0153688606977439,0.0155786598070016,0.0158637112371167,0.0177474790181734,0.0173815255122128,0.0193687082442645,0.0197488092893333,0.0206749905981012,0.0204354343144834,0.0181228406540883,0.0183475753393252,0.0175293932264961,0.0179515407348306,0.0176874182140538,0.0153068111773691,0.0161795920311782,0.0150947956440368,0.0148731061028919,0.015163820603075,0.0151020576754401,0.0151371165773327,commercial,1,winter,1,1,304.8990695,304.8990695,0
17,2021-01-03,0.0153287445855039,0.015487113201863,0.0159561051657302,0.0162772061879719,0.0165176996556887,0.0168142208239101,0.0184495362418408,0.0182290453996214,0.019904174095904,0.0202108158201785,0.0205919710231259,0.0204746126913368,0.0168691792464407,0.0168005505024335,0.0175294637321423,0.0173417576318896,0.0170445412187776,0.0159855896505524,0.0153175626589507,0.0147779666486687,0.0148566576993268,0.0147121062804105,0.0147932058870266,0.0152589436732779,commercial,1,winter,1,1,304.8990695,304.8990695,0
17,2021-01-04,0.0161174106321728,0.0166592773921486,0.0170171970615654,0.0171941648969181,0.017676337922493,0.0182985742619701,0.0174263642265769,0.017630522664252,0.0263675502996454,0.0269624738472343,0.0278615964532945,0.0278905444796826,0.0276561649692732,0.0292267951648918,0.0296810479011628,0.0298043065859785,0.0298091762403686,0.020663625694965,0.0172365201703788,0.0169988548610178,0.0158198609476198,0.0155411397355465,0.0151542467748317,0.0149725207302862,commercial,1,winter,0,1,304.8990695,304.8990695,0
17,2021-01-05,0.0149486542574213,0.0155953272797601,0.0158462649587934,0.0167070019819487,0.0174186051074778,0.0182641377564435,0.0169371975102785,0.0175706810196105,0.025213263495808,0.0261050041994682,0.0266154787274795,0.0272099848778175,0.0273311788661323,0.030378599683503,0.0325575296656362,0.0333370459409829,0.0312390337864917,0.020423806673604,0.0176171178545597,0.0168200376889214,0.0158148469583562,0.0156327409313054,0.0151967965379044,0.0148857548256938,commercial,1,winter,0,1,304.8990695,304.8990695,0
17,2021-01-06,0.0146608270050528,0.0151592869986107,0.0157508527964639,0.0163418641604469,0.0170997519901514,0.0183558442385397,0.0165611056824425,0.0172286500911791,0.0251948570273998,0.026109803158161,0.0266102923855078,0.0265826191097812,0.0268655652150198,0.0283060720460829,0.0276897302020767,0.0280608605617499,0.0282375997875034,0.0192287844587321,0.0163798760326672,0.0160644870243959,0.0153640793123429,0.0152440980494076,0.0164175428666252,0.0168147505182886,commercial,1,winter,0,1,304.8990695,304.8990695,0
17,2021-01-07,0.0169541881704751,0.0183384627903205,0.0189468277800951,0.0200585283180659,0.020647135898285,0.0214470207365494,0.0194513014238217,0.0194919660716495,0.0248804484556669,0.0252388783895997,0.0261504868051986,0.0263686218140163,0.0269714779186096,0.0282764028949484,0.028172610093627,0.0293569737806265,0.0288452068993978,0.0195108456140738,0.01652474937612,0.0159976263563998,0.0153255683397678,0.015358508546244,0.0158186213543025,0.0162646659267028,commercial,1,winter,0,1,304.8990695,304.8990695,0
17,2021-01-08,0.0160918005729806,0.0170579417375478,0.0183378248118552,0.0189835518774217,0.0202999240246431,0.021095464672556,0.0195225043057135,0.0193039029593801,0.0244473864427484,0.0248321356055185,0.0257438652166033,0.0262638779941974,0.0266375139644924,0.0289472205080591,0.0316604548297426,0.0318169900335771,0.0297038150123442,0.0196684905872277,0.016299501255887,0.0160408199789119,0.0153168372060767,0.0153744746420481,0.0157032648627645,0.0159308672285107,commercial,1,winter,0,1,304.8990695,304.8990695,0
17,2021-01-09,0.0155894943084048,0.016432010119288,0.0169364049968645,0.0174107654773344,0.0186699788149996,0.0194749794916238,0.0185145373225264,0.0180938733158196,0.0179006962129999,0.0171902914738718,0.0168137199093338,0.0168834392127844,0.0146226217639092,0.0151638430946235,0.0153974732679774,0.0155109763776872,0.0153552786880066,0.0134134000183721,0.0135482791954503,0.0136504569774919,0.0142090989068346,0.014730371204508,0.0153443670065257,0.0163779644985681,commercial,1,winter,1,1,304.8990695,304.8990695,0
17,2021-01-10,0.0167079066618312,0.0173665702504877,0.0175633489906005,0.0179648076984713,0.0179301719827687,0.0180853203844689,0.0188142231379408,0.0181913801896459,0.017310117934211,0.0163301243968037,0.0149003241063669,0.0144386125566006,0.0132284106185207,0.0132080325497484,0.0137707082088222,0.0137886837753475,0.0138880337045817,0.0158000611800816,0.0162426488955562,0.0166757266230015,0.0167226354177156,0.0169109019966563,0.0170755146474489,0.0173008610171088,commercial,1,winter,1,1,304.8990695,304.8990695,0
17,2021-01-11,0.0178600831534944,0.0181604805190387,0.018309372247263,0.0183185102056542,0.0187469580639568,0.0191108429954187,0.0181863282691645,0.0183873541092297,0.0270662874838553,0.0277444537257024,0.0282557534248124,0.0283364260968478,0.0280765610792599,0.0295459474068977,0.029020592602119,0.0290385066565195,0.0291870236926248,0.0208607670785348,0.0174559240023316,0.0172780318273886,0.0168628897653133,0.0163430556505031,0.0155925283076584,0.0151841007710295,commercial,1,winter,0,1,304.8990695,304.8990695,0
17,2021-01-12,0.0144162718590746,0.0144672145098325,0.0147610740072031,0.0145473031662191,0.0148062628344586,0.0156814409253484,0.0155016324978643,0.016505192673747,0.0277335500222445,0.028562402168828,0.0297455144219214,0.0299250262325724,0.0300783965750568,0.0311264911405875,0.0316308745485101,0.031222478104904,0.0309645173382708,0.0226051775940116,0.0181594699687186,0.0168546560700135,0.0160318477853801,0.0155834814151246,0.0152730980397523,0.0149886915218384,commercial,1,winter,0,1,304.8990695,304.8990695,0
17,2021-01-13,0.0142302735282646,0.0142976597704769,0.0146845881881286,0.0151406019945908,0.0155195294319546,0.0162986686024688,0.0158753005145813,0.0165661717817302,0.0266301815102305,0.0270284227934127,0.0279774073778897,0.0286556819353032,0.0289373573278904,0.0339391338041484,0.0342625480609412,0.034015390909361,0.0337017917537414,0.0218075270122099,0.0185599370131498,0.0175894662483494,0.0166188227173737,0.0165801858761952,0.015430251564806,0.0156842956674179,commercial,1,winter,0,1,304.8990695,304.8990695,0
17,2021-01-14,0.0143458807452663,0.0144315286059603,0.0143914281222374,0.0145017217808119,0.0148817752890109,0.0157508381773383,0.0153541457761153,0.016127841599271,0.0265864912327281,0.0270493145416668,0.0275566607566653,0.0284045811769327,0.0285569275983117,0.0331817109443593,0.0338755206002963,0.0338952417314449,0.0338355665272671,0.0217567803471789,0.0181354219899256,0.0178704828402599,0.0166967273251771,0.0164217170996958,0.0158570160206251,0.0154446985365319,commercial,1,winter,0,1,304.8990695,304.8990695,0
17,2021-01-15,0.0147942839545504,0.0143489721606126,0.014639811147202,0.0145289407633606,0.0145488265173233,0.0152498857376457,0.0157758851848506,0.0165730154226259,0.0286678517286886,0.0292755988481888,0.030510134939861,0.0301245455459649,0.0316138507638398,0.0320078986057394,0.0329128257261085,0.0331735571036636,0.0333555545315733,0.0233296917527614,0.0195034334888455,0.0195784376306017,0.0186715666231493,0.0185712930244782,0.0177094127486937,0.0164547335590474,commercial,1,winter,0,1,304.8990695,304.8990695,0
17,2021-01-16,0.0155911138928502,0.0152790392874278,0.0145795035476883,0.0157405973259099,0.0152517272992667,0.0145687734465031,0.0168824995724971,0.0165723155872866,0.0191252631438867,0.0195581815767063,0.0199947145889286,0.0204342446852009,0.0183136020041466,0.0182020262461256,0.0186366578553239,0.0189824741147211,0.0190266410697168,0.0171180084451815,0.0163216279893031,0.0149991211314323,0.0155151833880588,0.0162199641359474,0.0163932657880443,0.0158522251230463,commercial,1,winter,1,1,304.8990695,304.8990695,0
17,2021-01-17,0.0162657214340845,0.016110684783778,0.0160103713259716,0.0159850518836561,0.0153960642606875,0.0158821855847697,0.0158851297641284,0.0159390354380643,0.0160131532795002,0.0160166119310774,0.0158415218936789,0.0161122620021899,0.0154516231690754,0.0154196904972058,0.0160140123760883,0.0159972863339713,0.0162104818021691,0.0168933318060298,0.0172204962628227,0.0174624693366663,0.0180216731514725,0.0182889513054372,0.0184303468237452,0.0186609545422939,commercial,1,winter,1,1,304.8990695,304.8990695,0
17,2021-01-18,0.0193483981801655,0.0196122858304023,0.0200118395660774,0.0198181355405058,0.0200799792493353,0.0207899081299055,0.0191750392888636,0.0193826126275752,0.0254656510604328,0.0260769215334896,0.0265727108854708,0.0269306570816609,0.026883465607016,0.0283234591805007,0.0279362112172618,0.0284491324504131,0.0286138668727502,0.0195876780145947,0.0166820690875663,0.0164824242122755,0.0156085453151243,0.0156086124735853,0.0155328615655123,0.0157494952941395,commercial,1,winter,0,1,304.8990695,304.8990695,0
17,2021-01-19,0.0153857135685198,0.0158061968291029,0.0163699320666791,0.0171606598483106,0.0175651874016703,0.0184095301155723,0.0172387154520504,0.0174651289049096,0.0263600683530702,0.0265575554743168,0.0270530301685681,0.0271967089069905,0.0269877044050595,0.0284378353724409,0.0295536229257291,0.0299413646386775,0.0293211438323999,0.0210048293360625,0.017332710745307,0.0169253614783726,0.016384321790982,0.0160370546039428,0.0155437781808969,0.0151632557002879,commercial,1,winter,0,1,304.8990695,304.8990695,0
17,2021-01-20,0.0144464410319977,0.0148147235183666,0.0152423777677772,0.0154131486687157,0.0157075959321773,0.0164248034409597,0.016053024894039,0.0166912251801936,0.026644410391869,0.0270181465890827,0.027735783387834,0.0292428797239501,0.0282631237964879,0.0279836309433705,0.0296063167563732,0.028809492485783,0.029011330321519,0.0213400829680048,0.0168943522506398,0.0165056762159926,0.0163457062226101,0.0156953906874173,0.0153866354277966,0.0153187183611139,commercial,1,winter,0,1,304.8990695,304.8990695,0
17,2021-01-21,0.0149319377190879,0.0153379096713586,0.015522592478105,0.0159592306145279,0.0161718183328027,0.0169769472369432,0.016258999483879,0.0170178807169892,0.0264429410105864,0.0265605831454746,0.0266188318488136,0.0275571633408859,0.0263998656804598,0.0269331431736785,0.0271658947429354,0.0264163385158909,0.0268436852989643,0.0189782783115849,0.0159452800280126,0.016006532146011,0.0157587695352578,0.0160703913896344,0.0168459395591414,0.0169438805664235,commercial,1,winter,0,1,304.8990695,304.8990695,0
17,2021-01-22,0.0169333969612784,0.017743522824128,0.0180356623076912,0.0185476484851646,0.0188325082973506,0.0193360392758108,0.0180727659923699,0.018492064593998,0.0261463518144831,0.0261232943222719,0.0266354073711461,0.0273572962627023,0.026978731859592,0.0283691465315028,0.0290141598335621,0.0282262014961183,0.0285221276551854,0.0214662318972008,0.0173814081252946,0.0165984042131157,0.0165066487500897,0.0155411048945686,0.0152542813805493,0.0156369624708251,commercial,1,winter,0,1,304.8990695,304.8990695,0
17,2021-01-23,0.0143541750679761,0.0145524538534738,0.015115852986723,0.0155243756993316,0.0160037248001802,0.0165043798386222,0.0164657119948521,0.0164032342842847,0.0169874908509568,0.0170149016987454,0.0170013728145258,0.0170230534136721,0.0143341247626578,0.0143232804028255,0.0149550902484284,0.0154684137790977,0.0148901114266704,0.0141094050707397,0.0162474236762155,0.0168831636053032,0.0174524631297262,0.0178423188988839,0.0184604617975901,0.0192129015172411,commercial,1,winter,1,1,304.8990695,304.8990695,0
17,2021-01-24,0.0192829886889486,0.0199892636156861,0.0204535449983945,0.0202698330654877,0.0211305600924403,0.0215191084160217,0.0215281668729892,0.0209496688541105,0.0198915063700231,0.0187212685052135,0.0172849209121071,0.013794823595769,0.0122707670495825,0.0126305439518433,0.0128785193177563,0.0132418660307021,0.0131428655936364,0.0127116501317737,0.0143506420103905,0.0162183373253815,0.0165826467127471,0.0170812730199761,0.0175006839407966,0.0183862577495063,commercial,1,winter,1,1,304.8990695,304.8990695,0
17,2021-01-25,0.0195283927491802,0.0199560981216949,0.0198479812242036,0.0204141064743964,0.0206030113491291,0.0213404223191459,0.0196267289798231,0.0194092554945577,0.0251906784796608,0.0256865985739063,0.0261858462597713,0.027456817397809,0.0263630151179759,0.0278827360720902,0.03026381705818,0.0320654604564994,0.0297487139946655,0.0199650699998606,0.0164195963909811,0.0158321467411154,0.0153180248453179,0.0152507670684994,0.0151165919669272,0.0151317468446798,commercial,1,winter,0,1,304.8990695,304.8990695,0
17,2021-01-26,0.0151122690836983,0.0157831638725186,0.0161510118577035,0.0171842349796626,0.0178580567295636,0.0186147546510693,0.0175293246498228,0.0176956100487664,0.0252732918194565,0.0261294324647999,0.0266464750418874,0.0274147065525848,0.0274884786424185,0.0310597693789168,0.0337113204822634,0.0336612994241802,0.0326549822106094,0.0204421964409776,0.0171443509285914,0.0168563641900017,0.015441413598629,0.0153276010919578,0.0150614363363319,0.0150108842058291,commercial,1,winter,0,1,304.8990695,304.8990695,0
17,2021-01-27,0.015218431949783,0.0162440830610473,0.0168442874602099,0.0182241836208804,0.0192611821306133,0.0196968165666868,0.018027946160268,0.0179373225100418,0.0249027635563494,0.0257083953759398,0.0262190735407822,0.0271467163399399,0.0274515830441184,0.0312220778630583,0.0336592708775994,0.0337077055025542,0.0331567958768639,0.0205034925191749,0.0174279411800107,0.0168574134086621,0.0158275479177932,0.0157090265806111,0.0152056330997682,0.0150142826952182,commercial,1,winter,0,1,304.8990695,304.8990695,0
17,2021-01-28,0.0146188428058857,0.0151840595518336,0.0157610840260884,0.0162672117862606,0.0166670954416848,0.0174573629583572,0.0167758296903315,0.0173580764267712,0.0259772640195222,0.026536715091825,0.0270451507501147,0.0274839908397788,0.0277972690528501,0.0318099500083028,0.0337190695016773,0.0338124248938378,0.0336949635513615,0.0204570862444609,0.0174509504129337,0.016885129076663,0.0156285177735797,0.0156920925478636,0.0153271185830569,0.0150104176765072,commercial,1,winter,0,1,304.8990695,304.8990695,0
17,2021-01-29,0.0145355488622757,0.0151486110362787,0.0158802231027194,0.0165001475143615,0.0169154765297377,0.0182672965177803,0.0169548773069148,0.0174277914057672,0.0252728279521801,0.0261326430870516,0.0270932205287259,0.0276246648917041,0.0285036308760138,0.0334831630973249,0.0341556584932572,0.0341136368688436,0.0339022898761958,0.0203536111005,0.0166167661326734,0.0157289092398708,0.0152467189985886,0.0153397222982919,0.0152393915716469,0.0148540624929835,commercial,1,winter,0,1,304.8990695,304.8990695,0
17,2021-01-30,0.0141672035724455,0.0156300976347565,0.0151669505002379,0.0168592622781688,0.0171903518467347,0.0173431741038621,0.0170564853370287,0.0167172252275383,0.0169699280310287,0.0166770986573544,0.0173496941392067,0.0183187091287149,0.0151158346969103,0.015631151625609,0.0166027605702829,0.0164053677475813,0.0165401556555238,0.0146881619088631,0.0137192907627035,0.0128449162536773,0.0130899237120254,0.0132647226368038,0.0138574883475956,0.0143567774563285,commercial,1,winter,1,1,304.8990695,304.8990695,0
17,2021-01-31,0.0150790884583962,0.0152574016257561,0.0160941010866003,0.016854570937387,0.0173480275634119,0.0183203649131514,0.0192594684108025,0.0190149328530546,0.0166617810703096,0.0156238787022818,0.0143337880634919,0.0134724057335324,0.0137752614794357,0.0144271563868731,0.0151854955513006,0.0150934075569151,0.0148582648420016,0.0145534846064075,0.0124892424889509,0.0128364165336628,0.0131439709329761,0.013836425659044,0.0144537059313835,0.0151427758772558,commercial,1,winter,1,1,304.8990695,304.8990695,0
17,2021-02-01,0.0160415205327512,0.0164486351345901,0.0170684677275061,0.0175242526222346,0.0179896940728159,0.0186952148754749,0.0172288841961959,0.0176467926403273,0.0258776327506873,0.0261489732470032,0.0266365186387322,0.0269052096234807,0.0266471111887073,0.0281199945605162,0.0287143563002704,0.0289093740512479,0.0288632102380225,0.0200793167146156,0.0166990785050163,0.0161306295695475,0.0154076300941173,0.0154419068637478,0.0152389314688016,0.0149827332642935,commercial,2,winter,0,1,304.8990695,304.8990695,0
17,2021-02-02,0.0148073119837783,0.0153857630273095,0.0155806377556831,0.0160705389100104,0.0163416097074689,0.0168434881327957,0.0162601364449703,0.0168753189732826,0.0264371198345879,0.0265944607157358,0.027468211085266,0.0280645727651977,0.0280884168623307,0.031699716896599,0.0338231176995411,0.0333667937803706,0.0334222851320958,0.0209121837117032,0.0182596207049421,0.0174228937962189,0.0159623672545924,0.0159553571874966,0.0153140347345364,0.015113987697073,commercial,2,winter,0,1,304.8990695,304.8990695,0
17,2021-02-03,0.0143341784527696,0.0143771869839273,0.0145676115056742,0.0148343644705408,0.0151524458028649,0.0158802559474527,0.0156339757741577,0.016388247804384,0.0272454705218492,0.0280090712606833,0.029381077150431,0.029657092249711,0.0296006199312338,0.0338010768130622,0.0346242471472349,0.0336702292729333,0.0335907096006568,0.0223282325429928,0.0196613778521021,0.018967545840616,0.0174105873853749,0.0172860964210882,0.0165316220550487,0.0161283647695679,commercial,2,winter,0,1,304.8990695,304.8990695,0
17,2021-02-04,0.0158715630324988,0.0155132934626684,0.0149946730708888,0.015270137289722,0.0148997879531073,0.0155799087932915,0.0152776014660776,0.0163831700792824,0.0271021359274264,0.0278863252748894,0.0279970407216463,0.0282393284128285,0.0281707425364974,0.0294079196006805,0.0315605991301358,0.032233351743621,0.030161550867695,0.0204717219953421,0.0165748737350963,0.0159872448443375,0.0153267089603642,0.0153285662401539,0.0151759533218098,0.014813966781365,commercial,2,winter,0,1,304.8990695,304.8990695,0
17,2021-02-05,0.0144984732812533,0.0150243073676581,0.0155787096514195,0.0160959556478978,0.0165151767521966,0.0172451245656784,0.0163462227654776,0.0172454276055042,0.0253166707887341,0.0257039740861592,0.0253811223270887,0.0259342692122843,0.0257895670533397,0.0270311057028962,0.026745564098081,0.0277053302791529,0.0278297850123821,0.0190462328322797,0.0157986662706014,0.0160263684776268,0.0153970262604817,0.0157556201383797,0.0170119920858726,0.0170317062351906,commercial,2,winter,0,1,304.8990695,304.8990695,0
17,2021-02-06,0.0165174563889642,0.0172731197868321,0.0180944570998206,0.0187315613719332,0.0197690713734162,0.019770233395424,0.0189078548455191,0.0186845785914591,0.0179337700869217,0.0173020745458974,0.0168053101883267,0.0160354334436423,0.0134428934676794,0.0137734955981989,0.0138624616340275,0.0140121020711155,0.0138735146359707,0.0128316919861709,0.0164383625086486,0.0170395134871845,0.0171550515230333,0.0177377628783589,0.0181842008343967,0.0181569068442433,commercial,2,winter,1,1,304.8990695,304.8990695,0
17,2021-02-07,0.0182867804756512,0.0187560057174163,0.0187503846365513,0.019007929410899,0.0195063306775837,0.0194147243202693,0.0198595325800899,0.0192714088018021,0.0185579096248324,0.0180899006084946,0.0171545386775911,0.0160853924970282,0.0157883728303148,0.014317714366566,0.0134034036033842,0.0140751044807231,0.0157811800232796,0.0167584590127856,0.017608026890075,0.0177483574942865,0.0179865986963909,0.0184613498694742,0.0185227990795958,0.0184779993247599,commercial,2,winter,1,1,304.8990695,304.8990695,0
17,2021-02-08,0.0193553621125442,0.0193796722464307,0.0195739240849273,0.0198243462980824,0.019884709986695,0.0204298525279425,0.0193262927223215,0.0194054676976579,0.0259501877941596,0.0264835032492167,0.027360918284234,0.027693200000237,0.0276154410244383,0.0295634111252576,0.0320574226517244,0.0334018525487848,0.0311066692862764,0.0203633769994505,0.0169793891386374,0.0166963597757226,0.0155431464969971,0.0155790507244403,0.0151843208314796,0.01490999604008,commercial,2,winter,0,1,304.8990695,304.8990695,0
17,2021-02-09,0.014820706358644,0.0154704404151255,0.0158282091910546,0.0164265082556361,0.0174510376652758,0.0182925332884157,0.0170871766841317,0.0171961501247101,0.0255616806354804,0.0265566078058577,0.0270554401370607,0.0274992835364337,0.0274115097102771,0.0322699818386883,0.0338088948863677,0.0335133574974674,0.031397390036982,0.0204149464085971,0.0171491927996841,0.0165687753511278,0.0152842756497032,0.015308288659382,0.0151729260200967,0.014893221209379,commercial,2,winter,0,1,304.8990695,304.8990695,0
17,2021-02-10,0.0145565800313766,0.0150984302077711,0.0157588103989164,0.0160387237528737,0.0166319535954076,0.0174592842579782,0.0165438746264002,0.017011144670019,0.0256544543389206,0.026568503992052,0.0270795768938392,0.0276489469216766,0.0271221672249311,0.0300577433238675,0.0337471373100794,0.032991981593363,0.0314657948803584,0.020467296220017,0.0168702977956433,0.016287300103592,0.0153327872374882,0.0154918623217737,0.0151994966048424,0.0148900632543927,commercial,2,winter,0,1,304.8990695,304.8990695,0
17,2021-02-11,0.0135476986839419,0.0140339105412091,0.0146049671254416,0.0148847337749487,0.015196999338047,0.0157862652140089,0.0172385415100146,0.0168526514275402,0.0183476712729545,0.0174713440347507,0.0172074971548788,0.017868451904577,0.0143465467561349,0.0145745109652487,0.0148355605734025,0.0144507257014018,0.0150831100874717,0.0145911721469736,0.0151883026448406,0.0151383646012048,0.0156260311533628,0.0161520454798326,0.0168594061585586,0.0169645647909347,commercial,2,winter,0,1,304.8990695,304.8990695,0
17,2021-02-12,0.0174312308681856,0.0178692472531249,0.0183578074737189,0.0189296250074021,0.0192938757382313,0.0194845193673829,0.0211845357277662,0.0202185145760038,0.0201744511935502,0.0190844626771698,0.018087037915429,0.0182835836805706,0.0151634878248822,0.0154595303790575,0.016748500411736,0.0164910000380738,0.0165271699250998,0.0147628115901489,0.0134847445523957,0.0130380807561497,0.0130921762775339,0.0136632392537119,0.0139396670929049,0.01455741940005,commercial,2,winter,0,1,304.8990695,304.8990695,0
17,2021-02-13,0.0153534373115576,0.0155500401330277,0.0164590463651833,0.0167663589262037,0.0174802738502296,0.0178403452187673,0.0193482049947734,0.0181346177073232,0.0188921412419461,0.0178985223066148,0.0176802158615631,0.0185079890457329,0.0152263894399889,0.0158130477773939,0.0168466087921401,0.016498886608321,0.016520514927143,0.0147553451135564,0.0135398198110847,0.0129086359392626,0.0132326628849274,0.0131979501432198,0.0134551632593006,0.0135883545928956,commercial,2,winter,1,1,304.8990695,304.8990695,0
17,2021-02-14,0.0138905784868779,0.01409565974758,0.0145102349548075,0.0144483251016847,0.0150619837829803,0.0153724640864291,0.017192682089663,0.016218232457761,0.017869192564037,0.0179768556543866,0.0183465301041712,0.01928272226867,0.0169137145147177,0.0176379061524057,0.0168382877228027,0.0164493022472842,0.0169981144220058,0.0146475251204999,0.0152029131532031,0.0142042473375067,0.0137936881208412,0.0148908031488385,0.0149482988727018,0.0144697994138408,commercial,2,winter,1,1,304.8990695,304.8990695,0
17,2021-02-15,0.0151621230757469,0.0152167165174908,0.0148949939113415,0.0151574560782488,0.0153704291764073,0.0155241963040467,0.0170111722107364,0.0167381545148349,0.0196944535339429,0.0187087503633289,0.0189400652427126,0.02008832499158,0.0166450970395745,0.0173634172382011,0.0177515999385608,0.0176328213604967,0.0178276499250335,0.0167967403140597,0.0169188469491539,0.0166740788323497,0.0168490470481267,0.0169828004354214,0.0171621561459056,0.017380295576974,commercial,2,winter,0,1,304.8990695,304.8990695,0
17,2021-02-16,0.0177518045874079,0.0180613692488025,0.0184240261689503,0.0184700475197133,0.0186053924680275,0.0186369386836443,0.0199776221793024,0.0193301069295632,0.0209310218718672,0.0212220672210213,0.0216582481933121,0.0221396163205554,0.0185784734098332,0.0192020662104096,0.0195084055570838,0.019185566877695,0.0191735994957337,0.0177969834633102,0.0164031246594262,0.0159226500678207,0.0160441998080986,0.0157915661691327,0.0157710843519292,0.0159740065879589,commercial,2,winter,0,1,304.8990695,304.8990695,0
17,2021-02-17,0.015834086938131,0.0160252772161167,0.0162123443381019,0.0160779692239893,0.0169312567083284,0.0170290669613887,0.0180539771737316,0.0175285342293895,0.019743942279912,0.0203064682880486,0.0209462237537962,0.0212801208071313,0.0191430395341422,0.0193869093886075,0.0188854973241767,0.0195699305244053,0.0196566490684392,0.017210054526322,0.0166725330126521,0.0151030140467548,0.0145853473138964,0.0146246246015089,0.0145665489803833,0.0147783899511037,commercial,2,winter,0,1,304.8990695,304.8990695,0
17,2021-02-18,0.0159413184206464,0.0160364154052012,0.0160777160481438,0.0157701948021197,0.0162572866843444,0.0161542929561145,0.016486208984475,0.0173040112730313,0.0281729634179893,0.0296064953115612,0.0300364203613902,0.030733528282418,0.0307853831094525,0.0337237024529694,0.0334464633277531,0.0333131890758153,0.0335500123332157,0.0225082494723659,0.0197048193209879,0.0193122930434488,0.0169512663452816,0.0171258243954611,0.01620655443029,0.0151765612131083,commercial,2,winter,0,1,304.8990695,304.8990695,0
17,2021-02-19,0.0145233898369109,0.0145632327422208,0.0144858407181412,0.0146483977984285,0.0147118516542486,0.0148376955669703,0.015528551528116,0.0167364366515824,0.0278933625361535,0.029110409644909,0.0293432576083949,0.0295889920189297,0.0296240711600514,0.0328934065784195,0.0333958691231124,0.0333014220594665,0.0332417589757833,0.021250474569242,0.0190178531123931,0.0183505050039858,0.0168339324064184,0.0172537773673534,0.0163492329545621,0.0158726059155739,commercial,2,winter,0,1,304.8990695,304.8990695,0
17,2021-02-20,0.0144631736004985,0.0145203871028961,0.0141770866256093,0.0143722718549014,0.0145188090230314,0.0140678857174091,0.0164878262422331,0.0162320609699931,0.0186586860506832,0.0197310513764564,0.0209841373362849,0.0206722706125825,0.0185036350177555,0.0186420690875562,0.0188529440726228,0.0197117790677891,0.0193032584667998,0.0162713443127196,0.017074283106733,0.0156085130827339,0.0151352236646897,0.0157444756614162,0.0158255151044276,0.0158577614978506,commercial,2,winter,1,1,304.8990695,304.8990695,0
17,2021-02-21,0.0164354788096608,0.0165318686304421,0.0161442063721804,0.0165738560394388,0.0165677450478704,0.0162818607540456,0.0170968974578215,0.0174258867582426,0.0165415784650007,0.0172366212127737,0.0179748220381477,0.0181689697628795,0.0181504246481674,0.0183406485090381,0.018442665352823,0.0182846182043893,0.0182846182043893,0.0182846182043893,0.0174134768457287,0.0176199548333951,0.0176177484875824,0.0177946729564947,0.0178114618556031,0.0174828760660266,commercial,2,winter,1,1,304.8990695,304.8990695,0
17,2021-02-22,0.0182374888067008,0.0180716321222434,0.0180733001714413,0.018008557555575,0.0180000860932919,0.0183463995129686,0.0191581851508549,0.0213011109988065,0.0331845109715218,0.0332537554310192,0.0332702341313109,0.0334020637336445,0.0321372202517301,0.0335991216648984,0.0350722342940063,0.0331713619295607,0.0333526276327694,0.0245780471685186,0.0216863022223913,0.0215874300206411,0.0209305269413059,0.0207822186386806,0.0200429220578868,0.0192923386355203,commercial,2,winter,0,1,304.8990695,304.8990695,0
17,2021-02-23,0.0185672537485926,0.0187785007334625,0.0181592160996438,0.0188301147794467,0.0189290026043547,0.0184752604529081,0.0195420782623471,0.0209230589013898,0.0324769165862686,0.0332535652425382,0.0332700389378699,0.0334018285005233,0.0321369349690086,0.0335298649985168,0.0331876704612115,0.0331711967658798,0.0333524074145282,0.0245779170395579,0.0216861971182308,0.0215873549462407,0.0203681023236624,0.0207597197422652,0.0198983188619144,0.0187702593013847,commercial,2,winter,0,1,304.8990695,304.8990695,0
17,2021-02-24,0.0186722372511143,0.0183925545817807,0.0179906524046616,0.0182979406994887,0.0183118025462534,0.018332535044712,0.0195015705386798,0.0209027949909705,0.0330129997251759,0.0332533692369921,0.0332698377742831,0.033401586072611,0.0321366409606894,0.0346478410488074,0.0359809193847316,0.0355524528461053,0.0334255921202038,0.0245777829305,0.0216860887993763,0.0215872775756304,0.0206064946374008,0.0207821373346749,0.0199844537721864,0.0190998857063155,commercial,2,winter,0,1,304.8990695,304.8990695,0
17,2021-02-25,0.0184427353530435,0.0184080366334994,0.0187054137344358,0.0187623894470347,0.018832205072784,0.0193477919041643,0.0201705522551502,0.0216530508425114,0.0332037777893346,0.0332531674724261,0.0332696307001232,0.0334013365217004,0.0340422436169686,0.0385679061012703,0.0379873851911225,0.0382031183708898,0.0371355783035369,0.0245776448810601,0.0216859772979057,0.0215871979317228,0.0209302639071984,0.0207820948579241,0.0200428446949141,0.0196979144549547,commercial,2,winter,0,1,304.8990695,304.8990695,0
17,2021-02-26,0.0185672537485926,0.0185672537485926,0.0186668834585061,0.0185672537485926,0.0185989036251928,0.0192017321821031,0.0200757329332861,0.0216529471105937,0.0332035867042232,0.0332529600085908,0.0333944978237692,0.0343170130481201,0.0336624765366867,0.0389090601248381,0.046060482666427,0.0433496989561464,0.0403241139252077,0.0253949264496937,0.0216858626468388,0.0215871160381036,0.02093017109443,0.0207820511813272,0.020042817397041,0.0196978871570817,commercial,2,winter,0,1,304.8990695,304.8990695,0
17,2021-02-27,0.0174134768457287,0.0174134768457287,0.0174134768457287,0.0174134768457287,0.0174134768457287,0.0174895692854331,0.020075693677716,0.02014046577981,0.0217808637877697,0.02311537536496,0.0230824710445921,0.0220233991206215,0.019919686757651,0.019903234597467,0.0186363178678157,0.0196707234949715,0.0196736407534244,0.0168733511577176,0.017282201300288,0.0164844331535659,0.0161481899698114,0.0165138155379003,0.0165937902377453,0.0163113219010621,commercial,2,winter,1,1,304.8990695,304.8990695,0
17,2021-02-28,0.0165888616137559,0.016608802152207,0.0159644515894352,0.0165467039053403,0.016562467677936,0.0156354217301286,0.0166219212487763,0.0165121389132187,0.0159113038118809,0.0163270650665435,0.017531199201928,0.0162739584073538,0.017825752879675,0.0183439202653664,0.0176333880954831,0.0182844696238023,0.0182844696238023,0.0174790427655041,0.0165056800693235,0.0163660516790613,0.0162571788663646,0.015564972043496,0.0145386919443448,0.0139834505049377,commercial,2,winter,1,1,304.8990695,304.8990695,0
17,2021-03-01,0.0147083823143924,0.0149789687614483,0.0152603363811635,0.0155279030292339,0.0157515237713616,0.0164139240352273,0.015650485768702,0.0161918481696312,0.0271293076949496,0.0282411909860361,0.0288750863225017,0.0288839655278191,0.02755187752637,0.0280422150689663,0.0291055558153134,0.0279682716830738,0.0287644503418701,0.0211233223636684,0.016732536902106,0.0163771564761394,0.0166411236242862,0.015783577572518,0.0159726366592581,0.0160470494521147,commercial,3,spring,0,1,304.8990695,304.8990695,0
17,2021-03-02,0.0155497642699998,0.0158053835991499,0.0165402129837796,0.0161731101470959,0.0163349970511898,0.0174758703611365,0.0165867444630177,0.0169883919700773,0.0293676875478633,0.0290134715311035,0.0292063252212985,0.0321820281968339,0.0293357447128366,0.0303786387824676,0.0331863365622237,0.0310727231182195,0.0311945345077062,0.0243297178241128,0.0195366166289308,0.019037385962749,0.0197087849832931,0.0178095104234064,0.0170604166894458,0.018187137562041,commercial,3,spring,0,1,304.8990695,304.8990695,0
17,2021-03-03,0.0160769308418081,0.0160241750721042,0.0174289327224656,0.0160478551882457,0.0162033663419766,0.0178503947148235,0.0169461008771838,0.0179106683260902,0.0330441276820835,0.0307472283111277,0.0323802604264545,0.0335247739636976,0.0321343462183437,0.0340896920208155,0.0406108284700139,0.0361621189662934,0.0347581496343231,0.0248082891229521,0.0216852433679858,0.0215502486674085,0.0209296697734538,0.0197685870248694,0.0192978715167045,0.0196977397097357,commercial,3,spring,0,1,304.8990695,304.8990695,0
17,2021-03-04,0.0185672537485926,0.0183716617250839,0.0188317755653659,0.0183203010815667,0.0177674084257647,0.0189300065017068,0.0180728758809406,0.019761181212279,0.0324869287735715,0.0332515990972898,0.0328178564453752,0.0333993966892949,0.0321339857511359,0.0341395264778932,0.0333491448543554,0.0338619084213034,0.0335513895216853,0.0245765717822826,0.0216851105642777,0.0215865788362742,0.019743876908139,0.0201300882468826,0.0192766000550581,0.0178610705897333,commercial,3,spring,0,1,304.8990695,304.8990695,0
17,2021-03-05,0.0175213043794762,0.0176448882296146,0.0173364237611833,0.0176342370065651,0.0176969054083188,0.0177783710473826,0.0188742171817178,0.0203188485220465,0.032035209900746,0.0332513535510081,0.0332677690439311,0.033399092987315,0.0321336174317134,0.0352848357814847,0.035196539392747,0.0342348748776173,0.0341307268913873,0.024576403776932,0.0216653362745212,0.0215864819101104,0.0209294524160378,0.0207817129797309,0.0200147083399578,0.0196976757810839,commercial,3,spring,0,1,304.8990695,304.8990695,0
17,2021-03-06,0.0174876617006244,0.0176416075718469,0.0179232956541515,0.0177016271646699,0.0177463801722291,0.0180823323488304,0.0199428333171012,0.0201410264051041,0.0230160134311095,0.0232395468501704,0.0230816490124462,0.0232338905659158,0.0199188214606552,0.0201614468730667,0.0199879508324728,0.0199290392403719,0.0199454481357061,0.0183747907508251,0.0183008300989767,0.0174134768457287,0.0174134768457287,0.0174134768457287,0.0174134768457287,0.0174134768457287,commercial,3,spring,1,1,304.8990695,304.8990695,0
17,2021-03-07,0.0174134768457287,0.0174134768457287,0.0175199302955975,0.0174134768457287,0.0174134768457287,0.0176928288590596,0.0184227322417973,0.0182842926570521,0.0182842926570521,0.0185433269647977,0.0188362205205108,0.0186894109471765,0.0188690248482199,0.0189182313397837,0.0186321069285013,0.0186857484310866,0.0186857484310866,0.018585183117453,0.0176725111534743,0.0175385568927845,0.0174134768457287,0.0175385568927845,0.0175385568927845,0.0174134768457287,commercial,3,spring,1,1,304.8990695,304.8990695,0
17,2021-03-08,0.0186923337956485,0.0186923337956485,0.0185672537485926,0.0186923337956485,0.0185672537485926,0.0189672537485455,0.0200752956597724,0.0216517602253423,0.0332014003366548,0.033250586238088,0.0332669815385657,0.0333981439423874,0.0323915007700788,0.0351691682929068,0.0332015437242176,0.0331686097356994,0.0333489580409543,0.0245758787733551,0.0216845508262978,0.0215861790234314,0.0207190769879331,0.0207815514401687,0.0200002216368525,0.018891294870949,commercial,3,spring,0,1,304.8990695,304.8990695,0
17,2021-03-09,0.0173980285349253,0.017300228218021,0.0175830936944673,0.0173587476574108,0.0168949682680894,0.0177740488679815,0.0177130207987177,0.0183207937478904,0.0320039600818962,0.0310348315444217,0.0311674362727025,0.032759832410349,0.0307192204252673,0.0320246322272287,0.0330020998747643,0.0316913322492119,0.0318602222155885,0.0239007022851925,0.0198790560720516,0.0195012097099612,0.0190982737469138,0.0178193224136327,0.017075025550213,0.0176610045967823,commercial,3,spring,0,1,304.8990695,304.8990695,0
17,2021-03-10,0.0156879696269595,0.0154188626345058,0.0155785666965927,0.0155733261745298,0.015848064053344,0.0160679774183856,0.0155620626513419,0.0163382997031265,0.026513901024975,0.0266305718125237,0.0266887685738417,0.027429404686797,0.0265422121672769,0.0270274217886593,0.0273423933657764,0.0271621294154642,0.0269650596301369,0.0196808164233707,0.0159016891613804,0.0159580104804197,0.0153669877859643,0.0154946026040907,0.0167090170515309,0.0165845329315726,commercial,3,spring,0,1,304.8990695,304.8990695,0
17,2021-03-11,0.0166537163719843,0.0177416062226454,0.0183797033821298,0.0193367644858537,0.0197426949570773,0.0202350734820306,0.0184796918125282,0.0189963343943772,0.0250967623690199,0.0252560374163273,0.025715902858001,0.0261219845670447,0.0256303244861733,0.0264305834023131,0.0263553521409464,0.0262394219760014,0.0267911165719921,0.01816648936021,0.0159315290696202,0.0167272220894389,0.0164628095010079,0.0165876321761374,0.0175791405083695,0.018050410984732,commercial,3,spring,0,1,304.8990695,304.8990695,0
17,2021-03-12,0.0182668515073411,0.0186855400753453,0.0190923337221001,0.0202609741738479,0.0207026448431762,0.0211184442151957,0.0191186733019988,0.0195869030669416,0.024868980446459,0.025210725449265,0.0252739231874481,0.0253411690471996,0.0248384775099448,0.0255399965034947,0.0252414231603611,0.025299969483529,0.0254643458483227,0.0179022544063021,0.0171048881247973,0.0179825754272338,0.0180435096600712,0.0184622327459167,0.0205321535501841,0.0206803846097545,commercial,3,spring,0,1,304.8990695,304.8990695,0
17,2021-03-13,0.0201183547977077,0.0205569744464586,0.0210943964188353,0.0209539356885504,0.0211724064396596,0.021632809262936,0.0200779139414032,0.0198906454594407,0.0198263243342175,0.0192251558452721,0.0184715361750975,0.0185700540490903,0.0175303332151323,0.0177258331332843,0.0176584323619887,0.0181298332477186,0.0187816299221067,0.0185053646443056,0.0202903346419523,0.0207522540804353,0.0209071431930426,0.0203995013714628,0.020500001835308,0.020987918372654,commercial,3,spring,1,1,304.8990695,304.8990695,0
17,2021-03-14,0.0212206617959754,0.0213798815896676,0.021144183495649,0.0209580958338724,0.0209476336059177,0.02129049464048,0.0211050179242149,0.0206666008335597,0.0199540156712179,0.0188756045673551,0.0185876823888298,0.0180057781739871,0.016931728789267,0.0169575619349911,0.0175655629782774,0.018046127925463,0.0180928740608562,0.0190139201306789,0.0191807959983908,0.0192734578617039,0.0194213225754848,0.0193321034828973,0.019363877857734,0.0197976042547994,commercial,3,spring,1,1,304.8990695,304.8990695,0
17,2021-03-15,0.0199201121304565,0.0201825702035733,0.0204450758234861,0.0203826477857873,0.0204278514748148,0.0209344865194691,0.0194502749359517,0.0190669635391053,0.0270701571112338,0.027732303408193,0.0282988729881735,0.0296744200125954,0.0289479451619847,0.0305764146629999,0.0317525181808155,0.0315515231884352,0.0312888626486526,0.0229890459386704,0.019065162049786,0.0183087292763918,0.0172838244757619,0.0173445092634234,0.0167409343444377,0.0163145612308896,commercial,3,spring,0,1,304.8990695,304.8990695,0
17,2021-03-16,0.0154611519298211,0.0155219547818646,0.0159238901321199,0.0158061066316709,0.0160345310916515,0.017134329656934,0.0166450966362682,0.017336657887995,0.0292793032683445,0.0309651858451944,0.0315854829104784,0.0316222535975735,0.031971426111177,0.0333796014404764,0.0332298090703115,0.0321467241142773,0.0330781475462797,0.0237342527255097,0.0201870929664387,0.0200366743892156,0.019327391885757,0.0183918180088163,0.0174037577661842,0.0183276613250552,commercial,3,spring,0,1,304.8990695,304.8990695,0
17,2021-03-17,0.0169109077336872,0.0175451940030828,0.0182063792552201,0.0182164458130303,0.0182925501817905,0.0190541710686627,0.0188360722708449,0.0199275532176617,0.0331990428066315,0.0332480266340627,0.0332643545765397,0.0333949781163561,0.0321286270562952,0.0355347095696928,0.0403554238256272,0.037274439365795,0.0365739925201317,0.0246862935353804,0.0216831363082838,0.0215851686534214,0.0209279640584569,0.02065349319453,0.0194445079336652,0.0196972380288543,commercial,3,spring,0,1,304.8990695,304.8990695,0
17,2021-03-18,0.0181340449542537,0.0181638555332555,0.018895213886214,0.0184180254681717,0.018985209599606,0.0194341261120788,0.0201249674322556,0.021650327199296,0.0331987605518326,0.0332477201859953,0.0332640400640495,0.0333945990884833,0.0327868908447203,0.0385085417852888,0.0426392356862439,0.0417740963972476,0.0416811608908366,0.0250567202222558,0.0218080470024603,0.0215850476870791,0.0209278269632689,0.0207809480607808,0.0200421279466995,0.0196971977067402,commercial,3,spring,0,1,304.8990695,304.8990695,0
17,2021-03-19,0.0185672537485926,0.0185672537485926,0.0185672537485926,0.0185084496080656,0.0184711123300544,0.0192355236567749,0.0196940283976927,0.0209533438591106,0.0331984745335142,0.033247409651821,0.0336864962955658,0.0363058004316685,0.0354080380274479,0.0432467539798924,0.0445121382040677,0.0475481027677028,0.0460471691150233,0.0272088983623747,0.0216827953444134,0.0215849251077997,0.0209276880400856,0.0207808826851652,0.0200420870869397,0.0196971568469804,commercial,3,spring,0,1,304.8990695,304.8990695,0
17,2021-03-20,0.0174134768457287,0.0174134768457287,0.0174134768457287,0.017524143563653,0.0176224747937623,0.0176861474964845,0.020074652559717,0.0201398662758819,0.0230144314367155,0.0231122520109629,0.0230796451528805,0.0231448588690454,0.0201757464425422,0.020159443013501,0.0199091556414387,0.020215318190042,0.0202203473345837,0.0183000918349262,0.0184251718819821,0.0175385568927845,0.0169928494977878,0.0174134768457287,0.0170722123825358,0.0170909419401565,commercial,3,spring,1,1,304.8990695,304.8990695,0
17,2021-03-21,0.0174356994669961,0.0174865361146299,0.0172659720529788,0.017429126646677,0.0174824740821779,0.0171331918710561,0.0181209960537602,0.017916877769699,0.0175048161133201,0.0182838641989229,0.0182838641989229,0.0183164542975674,0.0183164542975674,0.0184904194925901,0.0184545370716717,0.0182838641989229,0.0182838641989229,0.0182838641989229,0.0174134768457287,0.0173692007880089,0.0170284753511872,0.0169894703505432,0.0171540667365837,0.0169973872615871,commercial,3,spring,1,1,304.8990695,304.8990695,0
17,2021-03-22,0.0177903811455633,0.017797866911189,0.0173449306475135,0.0175391186531723,0.0171088805768127,0.0170649152619217,0.0175839482082363,0.0187298527104948,0.0306696646498707,0.0310394242584879,0.031518675232189,0.032090227037667,0.0315263534843254,0.0338027930545249,0.0346049221538209,0.033936459985249,0.0337451901912671,0.0235034715872949,0.0205079158945659,0.0195565810733325,0.0177433239302909,0.0176444983710533,0.0174230953949129,0.0165552771671063,commercial,3,spring,0,1,304.8990695,304.8990695,0
17,2021-03-23,0.0156856639663801,0.016273156914872,0.0155351340944586,0.0162678151918917,0.0163580035146289,0.0166219639205234,0.0175328980793011,0.0191121497905973,0.0317246984140745,0.0331399383785543,0.0332624065027325,0.0335569833042167,0.0326401415091853,0.0380768923157697,0.0441277995150991,0.0414025992717663,0.0402678017701405,0.024635302693377,0.0216820873454645,0.0217094994413207,0.0209271148980794,0.0207806129712799,0.0200419185157614,0.0196969882758021,commercial,3,spring,0,1,304.8990695,304.8990695,0
17,2021-03-24,0.0185672537485926,0.0185672537485926,0.0185672537485926,0.0185672537485926,0.0185672537485926,0.0189672537485455,0.0200744137906974,0.0216493665807103,0.03319699099128,0.0332457989488239,0.033286184378562,0.034933766281956,0.034349501018598,0.034671357651168,0.0344014238421654,0.0332699787056637,0.0325927526096409,0.0226270157599971,0.0182826742478981,0.0171650842480586,0.0161165795011228,0.0158841361912086,0.0152319165220761,0.0149145160865359,commercial,3,spring,0,1,304.8990695,304.8990695,0
17,2021-03-25,0.0141829159867493,0.0142649355258346,0.0142024752682761,0.0142571178191556,0.014365396144241,0.0152650288946958,0.0148254850247923,0.0158352149410592,0.0264825105124462,0.0274903798270094,0.0283887608796012,0.0285650254777536,0.028537976264823,0.033103056527269,0.0341344761156439,0.0341259820827563,0.0341545897293033,0.0216688758981318,0.0185411559941139,0.0179936607988968,0.0167824328735033,0.016705332347626,0.0155946260560319,0.0150549640133118,commercial,3,spring,0,1,304.8990695,304.8990695,0
17,2021-03-26,0.0142972300865503,0.0143766063585792,0.0143622491293831,0.0144601261725133,0.0144372192071831,0.0152576647972675,0.01520606357292,0.016008808084994,0.0273904138626373,0.0287477192905625,0.0296540622353167,0.0296402335152697,0.0299513092923147,0.0341191841829419,0.035246191610611,0.035106551719198,0.0345633641402347,0.0222141868985209,0.0183371146353222,0.0180652864260607,0.0166883553076979,0.0167739233786648,0.0159666001227899,0.01511922513527,commercial,3,spring,0,1,304.8990695,304.8990695,0
17,2021-03-27,0.0135237421508156,0.0136320485694354,0.0135298815442763,0.0135989415023051,0.013436477521952,0.0135812548807712,0.0148298662416841,0.0147352265593553,0.0175011845301077,0.0185651747041388,0.0192919231204044,0.0199540404002382,0.0167029570241637,0.0172117284427306,0.0186633174383579,0.0183293083072883,0.017966476599256,0.0158623957786768,0.0157831465891042,0.0144624250919478,0.0134778281937029,0.0136513997087001,0.0136762008118049,0.0136618737383467,commercial,3,spring,1,1,304.8990695,304.8990695,0
17,2021-03-28,0.0138781404232427,0.0137276896516201,0.0136767653733979,0.0135736878260599,0.0134434960332003,0.0136039941126803,0.0140992009964189,0.0138062693047373,0.0135498364789731,0.0141293162736521,0.0148234987363341,0.0151375989869955,0.0163992327514312,0.016292769601362,0.0161967987835058,0.0161580364569702,0.0162005493020223,0.0165101024999771,0.0155088949222717,0.0151567031127272,0.014091438303984,0.0146833137491992,0.0143952737059397,0.0142008947338791,commercial,3,spring,1,1,304.8990695,304.8990695,0
17,2021-03-29,0.0152455210118008,0.0152983973441233,0.0150948153665439,0.0152348049444143,0.0148147054168568,0.0150757266211533,0.0156106791771228,0.0170202866282377,0.0289432052221834,0.0300397967349414,0.0309766032852431,0.0312266884242516,0.0313438231108829,0.0342085883987841,0.0372265197027288,0.0374967830164323,0.0373957383754926,0.0245714410735387,0.0211511974522189,0.020817015808593,0.0186595830864265,0.0188848010601471,0.0184975479915106,0.0180086321687563,commercial,3,spring,0,1,304.8990695,304.8990695,0
17,2021-03-30,0.016949612147663,0.0168892292227037,0.0163347915609211,0.0166706719783902,0.0166126839475849,0.0153842829690568,0.0167808954542639,0.0196307627022656,0.0297616594380841,0.0315599008388143,0.0332670642236309,0.0335582239497686,0.0329854994440654,0.038999654491692,0.0414068631847658,0.0396404640971457,0.0401348076963299,0.0247608384440491,0.0218058536174278,0.0215834809834844,0.0209260513658616,0.0207801124855304,0.0200416057121679,0.0196966754722086,commercial,3,spring,0,1,304.8990695,304.8990695,0
17,2021-03-31,0.0185672537485926,0.0183953931038309,0.0185672537485926,0.0185672537485926,0.0185672537485926,0.0189766504749206,0.0199920675453999,0.0216481666699259,0.0331947806293089,0.0333684791743111,0.0332600706419405,0.033900827902989,0.033879447189115,0.0417708758943742,0.0426774871598546,0.0416081305557619,0.0401773566292327,0.0246831273465122,0.0217545396537385,0.0216573026578458,0.0209501807156786,0.020780038364204,0.0200415593863389,0.0196966291463796,commercial,3,spring,0,1,304.8990695,304.8990695,0
17,2021-04-01,0.0185672537485926,0.0185672537485926,0.0185672537485926,0.0185672537485926,0.0185672537485926,0.0190424946635891,0.0200739063451619,0.0216479892285426,0.0331944537636027,0.0332430442444885,0.0332592410714504,0.033388815687146,0.032121153471934,0.0335030356291531,0.0331842960463444,0.0331620601096788,0.0333402252062602,0.0245707184619449,0.0216803828824665,0.0215832019206948,0.0207204741870895,0.0205850930715178,0.0196370258306936,0.0191786724959733,commercial,4,spring,0,1,304.8990695,304.8990695,0
17,2021-04-02,0.0182278053529784,0.0183550158378234,0.0184588673855419,0.0183821638372142,0.0183933959876752,0.0186218351180794,0.0195119196564725,0.020705727407095,0.0330119399263831,0.0332426866603506,0.0332588740772037,0.0333883734120281,0.0321206170957272,0.0335016853299994,0.0331779369929384,0.0331617495760853,0.0333398111614689,0.0245704737991137,0.0216801852701797,0.0215830607690614,0.0209255751228489,0.0207798883711714,0.0200414656406936,0.019676363654978,commercial,4,spring,0,1,304.8990695,304.8990695,0
17,2021-04-03,0.0176651785502967,0.0179137258533892,0.0175144352358221,0.0174637262118244,0.0173040598076312,0.0171843402444468,0.0193475662737537,0.0193625818991925,0.0223632494193435,0.022337963124561,0.0221380229960815,0.0223154548696353,0.0196877111846249,0.0197362449999514,0.0196877111846249,0.0196553553077406,0.0196553553077406,0.0182506795854062,0.0181859678316376,0.0176478999458281,0.0176248595160365,0.017891856194124,0.0179426430556825,0.0175653514769394,commercial,4,spring,1,1,304.8990695,304.8990695,0
17,2021-04-04,0.0179397253933829,0.0179584514716184,0.0175063545030864,0.0179400619162825,0.0179428349951561,0.0176257948848767,0.0193837128391245,0.0190809300603085,0.0216025298342029,0.0223345681179268,0.022463287956811,0.0226308863945514,0.0196876539211892,0.0197267084715338,0.0190022426504977,0.0195632051569403,0.0190958436984541,0.0160383282112526,0.0162869790869653,0.0150137851660361,0.0146732114455591,0.0151615856539691,0.0146102146989861,0.0145794413773119,commercial,4,spring,1,1,304.8990695,304.8990695,0
17,2021-04-05,0.0146134040457312,0.0146546998312509,0.0149175769062189,0.0145326906280392,0.0147310233385812,0.015166535799961,0.01650054393828,0.0161971403322995,0.019761197324071,0.0207996299523507,0.0209664899436506,0.0207243681792381,0.018287635323707,0.0185924587402652,0.0185468308325723,0.0195081366996707,0.0196552787058181,0.0183627690535264,0.0177141915984996,0.0167960248946451,0.0139083701790273,0.0144459774960702,0.0139020845137515,0.0148912748516103,commercial,4,spring,0,1,304.8990695,304.8990695,0
17,2021-04-06,0.0156515757953486,0.0158051206686555,0.0169563845764611,0.0165213131015361,0.0165831314271141,0.0179011930655562,0.0182601895158634,0.0199321143605562,0.0325536295742539,0.0331447368101582,0.0331505284652118,0.0332878341207138,0.0321184342641966,0.0330682680302618,0.0317176588845352,0.0324442193795113,0.0333289215182965,0.0242136061953127,0.0209585658060731,0.0208361430179638,0.0192465878536106,0.0193328645819043,0.0181859846628553,0.0174857989170909,commercial,4,spring,0,1,304.8990695,304.8990695,0
17,2021-04-07,0.0168807520925226,0.0168837191407116,0.0167029643075988,0.0168870059715523,0.0169221594198474,0.0171594581116936,0.0179075855465749,0.0192760867662492,0.0318010464306366,0.0332353458131541,0.0332570013498646,0.0333861165354913,0.0321178800326932,0.0334990923229146,0.0331763043588479,0.0331601649606446,0.0333376983408813,0.0244803023729538,0.0216791768785356,0.0215803210444048,0.020101596744151,0.020234309593267,0.0192873701358966,0.0185215589124619,commercial,4,spring,0,1,304.8990695,304.8990695,0
17,2021-04-08,0.0177212063406279,0.0178161729010905,0.0176863197041729,0.0183291520602983,0.0182775837581209,0.0182111018941403,0.0193759102317615,0.0212593158085437,0.0331869757997311,0.0332404904088865,0.0332566200296484,0.0333856569957435,0.032117322718531,0.0338322906384354,0.0346239498812453,0.034413783650178,0.0336158048584188,0.0245689711007435,0.0216789715522654,0.021582193827694,0.0209245925892992,0.0207794260024421,0.0200411766602378,0.0196962464202785,commercial,4,spring,0,1,304.8990695,304.8990695,0
17,2021-04-09,0.0185672537485926,0.0185672537485926,0.0187396626505602,0.0186457404768571,0.0186741737447202,0.0192948781999744,0.0200733671013678,0.0216465255668157,0.0331917575446322,0.0332401169210348,0.033256236713169,0.0352150109268693,0.0335487164207762,0.039412340375855,0.0441829421044609,0.0400401212817009,0.0392010349830009,0.0251248754549124,0.0216787651510842,0.0215820463982789,0.0209244255026287,0.0207793473734207,0.0200411275170994,0.0196961972771401,commercial,4,spring,0,1,304.8990695,304.8990695,0
17,2021-04-10,0.0174134768457287,0.0174134768457287,0.0174134768457287,0.0174134768457287,0.0174134768457287,0.0176280864501284,0.0200732979630451,0.0201377376239689,0.0230115287295614,0.0231081882209472,0.0230759683904853,0.0231404080514091,0.0201718761663368,0.0202981877173947,0.0199966451489876,0.0202015282260089,0.0202176381412399,0.0184368200123586,0.0185577715459999,0.0175385568927845,0.0169340820817785,0.0173094331393688,0.0169602923114774,0.0170129608172644,commercial,4,spring,1,1,304.8990695,304.8990695,0
17,2021-04-11,0.0174091350696219,0.0174513983358523,0.0176475909401865,0.0175313436790115,0.0176575334263417,0.0178631012343289,0.0180992366331613,0.018283083973542,0.018283083973542,0.0184081640205979,0.018283083973542,0.018546836876527,0.018440364006552,0.0184886639854833,0.0189771045838342,0.0184081640205979,0.0184081640205979,0.0185421182812877,0.0174134768457287,0.0174134768457287,0.0174134768457287,0.0175385568927845,0.0174134768457287,0.0174134768457287,commercial,4,spring,1,1,304.8990695,304.8990695,0
17,2021-04-12,0.0185672537485926,0.0185672537485926,0.0185672537485926,0.0185672537485926,0.0185672537485926,0.0189672537485455,0.0200731587546049,0.0216459600541735,0.0331959305631382,0.0342058496309575,0.0350738023520128,0.0377598413933178,0.0351368685692578,0.0424633019097963,0.048168363011524,0.0436298702152367,0.0407341821346334,0.026174076384046,0.0216781401107954,0.0215815999409298,0.0209604879068731,0.0207791092628345,0.020040978697983,0.0196960484580237,commercial,4,spring,0,1,304.8990695,304.8990695,0
17,2021-04-13,0.0185672537485926,0.0185672537485926,0.0185672537485926,0.0185672537485926,0.0185672537485926,0.0189672537485455,0.0200730887257129,0.0216457699757522,0.035331773297677,0.0368691935839014,0.0385507465805636,0.0418261264250994,0.039026441491604,0.0473716549778727,0.0508425204029503,0.0479771050631177,0.0465174414669267,0.0282296439368427,0.0218540156511243,0.021706529926074,0.0210488294945224,0.0209041092768709,0.0200409286773459,0.0197202852950221,commercial,4,spring,0,1,304.8990695,304.8990695,0
17,2021-04-14,0.0185672537485926,0.0185672537485926,0.0186038221378328,0.0186923337956485,0.0185672537485926,0.0189672537485455,0.0200730184413301,0.021645579203856,0.0343937595133784,0.0364768734137203,0.0364442118252993,0.0349508902198789,0.0354937085438745,0.0387853918773183,0.0370282180185511,0.0389173400789734,0.0379673516912777,0.0245674205334264,0.0218027992180266,0.0215812992696264,0.0206485683384289,0.0207789489048061,0.0200408784742153,0.0196345685214296,commercial,4,spring,0,1,304.8990695,304.8990695,0
17,2021-04-15,0.0185672537485926,0.0185672537485926,0.0182699077632943,0.01816914703,0.0181128431029597,0.0176027377938711,0.0190327103935597,0.0206964400273027,0.032031788511979,0.0332541424719107,0.0334065646840535,0.0336093691398158,0.032388000131526,0.0387427363959121,0.0386055423813182,0.0416949622212502,0.039628925773773,0.0246506329417904,0.0216775076137922,0.0215811481573561,0.0209234074962495,0.0207788683115952,0.0200408281034585,0.0196958978634992,commercial,4,spring,0,1,304.8990695,304.8990695,0
17,2021-04-16,0.0185672537485926,0.0185672537485926,0.0185672537485926,0.0185672537485926,0.0185672537485926,0.0189672537485455,0.0200728771894179,0.0216451958058087,0.0331998047838656,0.0333968404729983,0.0342701614712313,0.0347845120912569,0.0338111221864281,0.0394170209279417,0.0423078856243325,0.0439386820991363,0.0415090428079467,0.0254632454947374,0.0218023754622901,0.0217060766340134,0.0209232357164645,0.0207787874740493,0.0200407775799923,0.019695847340033,commercial,4,spring,0,1,304.8990695,304.8990695,0
17,2021-04-17,0.0174134768457287,0.0174134768457287,0.0174134768457287,0.0174134768457287,0.0174134768457287,0.0174134768457287,0.020072806263719,0.0201369649535993,0.0230104750881484,0.0233657474307146,0.0233336680857744,0.0236907203313678,0.0201704713111194,0.0204559180879788,0.0221249175703646,0.0208419202523185,0.020348805401069,0.0188501734023869,0.0184233255859841,0.0175385568927845,0.0174255741089234,0.0174134768457287,0.0174134768457287,0.0174134768457287,commercial,4,spring,1,1,304.8990695,304.8990695,0
17,2021-04-18,0.0174134768457287,0.0174134768457287,0.0174134768457287,0.0174134768457287,0.0174134768457287,0.0175022069562263,0.0182828020643477,0.0182828020643477,0.0182828020643477,0.0182828020643477,0.0184078821114035,0.0188667889591633,0.0185738954034503,0.0186219839504857,0.0192946689156265,0.0196399436983454,0.0188915843171672,0.0187736020768344,0.0175385568927845,0.0175385568927845,0.0174134768457287,0.0174134768457287,0.0174134768457287,0.0174134768457287,commercial,4,spring,1,1,304.8990695,304.8990695,0
17,2021-04-19,0.0185672537485926,0.0185672537485926,0.0185672537485926,0.0185672537485926,0.0185672537485926,0.0189672537485455,0.0200726639178491,0.0216446169258362,0.0344353798143742,0.0367875134674452,0.0374060570459971,0.0388679971690855,0.036671946639123,0.0432143193046394,0.0479569487531488,0.0460844005633691,0.0440118451168021,0.0278491069719917,0.0218042466103049,0.0217056196235088,0.0210348838412686,0.0207785437351135,0.0200406252431574,0.0197077922663928,commercial,4,spring,0,1,304.8990695,304.8990695,0
17,2021-04-20,0.0185672537485926,0.0185672537485926,0.0185672537485926,0.0185672537485926,0.0185672537485926,0.0189672537485455,0.0200725925398325,0.0216444231855054,0.0340408611999932,0.0348656975117961,0.0368804817466817,0.0385062420954794,0.0365751210948073,0.0435718095819848,0.0472652848548493,0.0457844856035407,0.0433599407229234,0.0277053081497133,0.0220365176320659,0.0217054666706161,0.0210868972911655,0.0209035422072933,0.0201656543059157,0.0197570497017232,commercial,4,spring,0,1,304.8990695,304.8990695,0
17,2021-04-21,0.0185672537485926,0.0186923337956485,0.0185915406062282,0.0186923337956485,0.0186923337956485,0.0189793510117402,0.0201976011003217,0.0217693091975948,0.0347442726760226,0.0372959235186049,0.0394338549785008,0.0377332862287538,0.0386271566781996,0.0442187323690358,0.044265816452183,0.0475040408530269,0.044295231174422,0.0266143274962447,0.0219484589732842,0.021839267745806,0.020922370814381,0.02090346050836,0.0201656032440824,0.0196955929570673,commercial,4,spring,0,1,304.8990695,304.8990695,0
17,2021-04-22,0.0185672537485926,0.0185672537485926,0.0185672537485926,0.0185672537485926,0.0186923337956485,0.0189672537485455,0.0200724494793194,0.0217691149254543,0.0339160347512149,0.0363471585531212,0.0378519527953393,0.0388914284775051,0.038283363026442,0.0427537203075751,0.0401553497213249,0.0399708361234695,0.0391370542195036,0.0254091461623837,0.0219529139910456,0.0217051601123737,0.0210343630619821,0.020903378709564,0.0201655521198349,0.019859894699371,commercial,4,spring,0,1,304.8990695,304.8990695,0
17,2021-04-23,0.0186923337956485,0.0186923337956485,0.0186538597207256,0.0186923337956485,0.0186923337956485,0.0189672537485455,0.0200723778391889,0.0216438404266156,0.0331868112337372,0.0337100693620587,0.0352180942998603,0.0347522200535001,0.0338961314099709,0.0381640490875759,0.0350831192378262,0.0362595893661541,0.0352993746158963,0.0245650411540449,0.0216757973645472,0.0215799265507525,0.0209220230087654,0.0207782167880733,0.0200404209012573,0.019695490661298,commercial,4,spring,0,1,304.8990695,304.8990695,0
17,2021-04-24,0.0174134768457287,0.0174134768457287,0.0174134768457287,0.0174134768457287,0.0174134768457287,0.0176101725271391,0.0200723061540899,0.0201361790670394,0.0230094034246576,0.0231052127940818,0.0230732763376071,0.0231371492505565,0.020169042426465,0.0200191199375378,0.0198301669775325,0.0199233105681136,0.019939278796351,0.0182977454292992,0.0182977454292992,0.0174134768457287,0.0174134768457287,0.0174134768457287,0.0174134768457287,0.0174134768457287,commercial,4,spring,1,1,304.8990695,304.8990695,0
17,2021-04-25,0.0174134768457287,0.0174134768457287,0.0174134768457287,0.0174261710281419,0.0174134768457287,0.0175405056604457,0.0182825159381041,0.0182825159381041,0.0182825159381041,0.0184075959851599,0.0186839717121386,0.0184920513300177,0.0187338854684629,0.018902819860068,0.0189100652114846,0.0199804612796051,0.0191496071159432,0.0185004562070437,0.0176725111534743,0.0176725111534743,0.0174134768457287,0.0175385568927845,0.0175385568927845,0.0174134768457287,commercial,4,spring,1,1,304.8990695,304.8990695,0
17,2021-04-26,0.0186923337956485,0.0186923337956485,0.0185672537485926,0.0185672537485926,0.0185672537485926,0.0189672537485455,0.0200721627339092,0.021643256569428,0.033185735707339,0.0345860437377085,0.0364686790932819,0.0360214870765819,0.0374999223515632,0.0398316287295354,0.0338899873335665,0.0339873813591298,0.0354136050634167,0.0245642421915776,0.0216751520487083,0.0215794656108675,0.0209215006102291,0.020777970953468,0.020040267254629,0.0196953370146696,commercial,4,spring,0,1,304.8990695,304.8990695,0
17,2021-04-27,0.0185672537485926,0.0185672537485926,0.0185672537485926,0.0185672537485926,0.0185672537485926,0.0189672537485455,0.0200720910413,0.021643061975203,0.0340447836045823,0.0360464173064388,0.0373231762019281,0.0385456178725587,0.037094162309102,0.0429292231775419,0.0439833526944219,0.0445248663267787,0.0419295646959693,0.0263494159236318,0.0220763927449151,0.0218383462915934,0.0212222169600077,0.0210369233268031,0.020299250353368,0.0198074518757057,commercial,4,spring,0,1,304.8990695,304.8990695,0
17,2021-04-28,0.0186923337956485,0.0186923337956485,0.0185793510117873,0.0185672537485926,0.0185672537485926,0.0189672537485455,0.0200720193886548,0.0216428674894517,0.0334067811535319,0.0339125502996014,0.0358297103947679,0.0356635460169829,0.0351462112044282,0.0421376228660724,0.0437511628017415,0.0447547648454821,0.0431976146819596,0.0272105044900015,0.0220761777869795,0.0219806142164997,0.0210333185560824,0.0209028871773759,0.0201652449122174,0.0196952346252022,commercial,4,spring,0,1,304.8990695,304.8990695,0
17,2021-04-29,0.0186923337956485,0.0186923337956485,0.0185672537485926,0.0185672537485926,0.0185672537485926,0.0189672537485455,0.0200719477971929,0.0216426731697694,0.0351228771931903,0.036941239931261,0.0375901467909168,0.0377194288255931,0.0362683323990255,0.0413651257946316,0.0405871287113416,0.040219065977681,0.0387020983858179,0.0246248495380253,0.0219335415463049,0.0217040850792455,0.0209209786210609,0.0207777253115065,0.020040113728403,0.0196951834884437,commercial,4,spring,0,1,304.8990695,304.8990695,0
17,2021-04-30,0.0185672537485926,0.0185672537485926,0.0185672537485926,0.0185672537485926,0.0185672537485926,0.0189672537485455,0.0200718762881154,0.021642479073702,0.0331946397258121,0.0334108801717767,0.0350561955509428,0.0358924354402573,0.0330619409297299,0.0367908353707112,0.0374132521682033,0.036921452595869,0.0360612353899627,0.0245631782500578,0.0216742927113268,0.0215788517984522,0.0209208049561584,0.0207776435868465,0.0200400626504905,0.0196951324105312,commercial,4,spring,0,1,304.8990695,304.8990695,0
17,2021-05-01,0.0174134768457287,0.0173365935473452,0.0170570192002585,0.017147038332226,0.0170875017167778,0.0170652386807572,0.020015410433065,0.0196885623076155,0.0228011110516516,0.0228334664731946,0.0229585465202505,0.0229142011722117,0.0199450575698639,0.0199927474239371,0.0196860232621183,0.0197793100731254,0.0197793100731254,0.0182495543037352,0.0181859678316376,0.0174134768457287,0.0174134768457287,0.0174659196416132,0.0174770822134332,0.0177315711439853,commercial,5,spring,1,1,304.8990695,304.8990695,0
17,2021-05-02,0.0175789498161538,0.0176300480438975,0.0179092764895384,0.0177148321721163,0.0177371484743849,0.0179453085393704,0.020024074296635,0.020024074296635,0.0228334257413037,0.0228334257413037,0.0229585057883596,0.0230295514779584,0.0198110422113378,0.0199926557771826,0.0199449964720276,0.0212481254738463,0.0206281078708341,0.0183745936189001,0.0186045436960774,0.0176725111534743,0.0174134768457287,0.0175385568927845,0.0175385568927845,0.0174134768457287,commercial,5,spring,1,1,304.8990695,304.8990695,0
17,2021-05-03,0.0175385568927845,0.0174134768457287,0.0174134768457287,0.0174134768457287,0.0175385568927845,0.0174134768457287,0.0201491136951236,0.0201491136951236,0.0230243582070345,0.0238691957331568,0.0240926454777114,0.0249472752000801,0.0222792401930278,0.0229051750191494,0.0239968802961991,0.0238236246474639,0.0229795867831576,0.0211451927012461,0.0199008529080242,0.0185985225233462,0.0184918939083084,0.0184671607894629,0.0184858166609888,0.0180796518395675,commercial,5,spring,0,1,304.8990695,304.8990695,0
17,2021-05-04,0.0184526591217591,0.0183891187808931,0.0178649189878096,0.0183347692732636,0.017964716205623,0.017804978168852,0.0209849661003908,0.0215196056660048,0.0242590837915058,0.0264752814232656,0.0270208369037126,0.0272938941513503,0.0238035463013386,0.0247458257533866,0.0259917853568568,0.0200522137228069,0.0196541080924054,0.0182494323700711,0.0181859678316376,0.0175385568927845,0.0174134768457287,0.0174134768457287,0.0174134768457287,0.0174134768457287,commercial,5,spring,0,1,304.8990695,304.8990695,0
17,2021-05-05,0.0174134768457287,0.0174134768457287,0.0174134768457287,0.0174134768457287,0.0174134768457287,0.0174134768457287,0.0200239526490266,0.0201490326960825,0.0228454013568901,0.0231158937261125,0.0238445281124938,0.0242130398875559,0.0210955537563858,0.0223254788638693,0.0228610300142837,0.0241937341237739,0.0239342213356406,0.021825829310318,0.0204906438123211,0.0192043506134916,0.0187436809573701,0.0185530305386413,0.0190211974746407,0.0182420002933862,commercial,5,spring,0,1,304.8990695,304.8990695,0
17,2021-05-06,0.0201660821767195,0.0196531989896408,0.0194355000197913,0.0192067718548304,0.0191055906253076,0.019478821728204,0.0206643206975283,0.023121709489436,0.0412063899555528,0.0449255674006244,0.0463018660788528,0.048137935630822,0.0414432727892915,0.0503100479375742,0.0533350021862735,0.0519754314982458,0.0503417043296979,0.0318443285091725,0.0248655221862461,0.0236770298982947,0.0226712985918185,0.0221123969929001,0.022068226532309,0.0213461188568107,commercial,5,spring,0,1,304.8990695,304.8990695,0
17,2021-05-07,0.0210219207639485,0.0211143826855059,0.0205888153745695,0.0210872935012437,0.021093032719305,0.0207018350492403,0.0228293138241085,0.0238870133258914,0.0440133465210076,0.0495383654024004,0.0499836415861571,0.0514846488933556,0.0452974374024243,0.0522051285467756,0.0550005277982009,0.0528786201419111,0.0501596806097576,0.0309899410766146,0.0251024114212311,0.0240553207865395,0.0228567599867654,0.0207770761781781,0.0200397080200728,0.0196947777801135,commercial,5,spring,0,1,304.8990695,304.8990695,0
17,2021-05-08,0.0176725111534743,0.0179568519078902,0.017487437497577,0.0178988724083357,0.0179223240898292,0.0180989248453233,0.0211160203888525,0.0214883274113321,0.0266877231854669,0.0278954629426582,0.0278551282994403,0.0281953544735026,0.0252012779755885,0.0253419198130201,0.0253354002560057,0.0261544334563855,0.0254160198601899,0.0220309686442921,0.0211458889024457,0.0198583251129963,0.0195471185403063,0.0201910785584934,0.0198270848303503,0.0197452774194661,commercial,5,spring,1,1,304.8990695,304.8990695,0
17,2021-05-09,0.0199977494848431,0.0199734855642999,0.019189268825724,0.0198217599563791,0.0192468597518542,0.0182562583750034,0.0197723142938105,0.0204360621082969,0.0203129249189747,0.0218947384979275,0.0220348370059338,0.0228763435649725,0.0228798574725372,0.0236235451333751,0.0256884214931542,0.0257822174360891,0.0239113506593318,0.0221256663395279,0.0197409039957381,0.0203081895818419,0.0197385985382264,0.0204278745590048,0.0204262108396213,0.0195885216406964,commercial,5,spring,1,1,304.8990695,304.8990695,0
17,2021-05-10,0.0210800043609639,0.0209824538421675,0.0202947626503542,0.0203964181274605,0.0203231916677931,0.02015098547518,0.0219557725982006,0.023669987126634,0.0422585191724926,0.0494849747932516,0.0486938196702073,0.0486827480622248,0.0428576637351656,0.0514317527327618,0.0562024249150644,0.0540374620737981,0.0514184196802282,0.0315929228188435,0.0251190412844742,0.0245267874386112,0.0229016658576526,0.023175124364288,0.0222049555658118,0.0212730879102534,commercial,5,spring,0,1,304.8990695,304.8990695,0
17,2021-05-11,0.0210516293376622,0.0211572335254441,0.0207288673622996,0.0211411073271322,0.0211462632271692,0.0210371966528893,0.0200711011522163,0.0217654551804602,0.034956272300918,0.0368424802903277,0.0354452362225831,0.0369608188011739,0.0352097435603234,0.0400168020746373,0.0404767564826316,0.0410881518942834,0.0404261825934777,0.0264340312284785,0.0223277387413963,0.0221523463356715,0.0210570052573649,0.0209018377643034,0.020164589029047,0.0198855518563298,commercial,5,spring,0,1,304.8990695,304.8990695,0
17,2021-05-12,0.0186923337956485,0.0185672537485926,0.0185672537485926,0.0185672537485926,0.0185672537485926,0.0189672537485455,0.0200710322703059,0.021640188168219,0.0336693217079267,0.0356475780319902,0.0374717440784404,0.0385857695271121,0.0354989715779258,0.040903814386555,0.0462792798269869,0.0470465862599929,0.0452468703419256,0.0278825669247009,0.0219514040827263,0.021836077496606,0.0209927158504693,0.0210357133028098,0.0201645398276824,0.0196945295406673,commercial,5,spring,0,1,304.8990695,304.8990695,0
17,2021-05-13,0.0185672537485926,0.0185672537485926,0.0185672537485926,0.0185672537485926,0.0185672537485926,0.0189672537485455,0.0200709637419045,0.0216400021625581,0.0359523737035909,0.0404326932449547,0.0409919051579461,0.0409636005169895,0.0390558831932824,0.0454111609922539,0.0468134507970635,0.0443358554358543,0.040761053069251,0.0268357577810103,0.0221756655186257,0.0218359306500317,0.0210566715466077,0.0211780564509257,0.020440866605803,0.0197810865639421,commercial,5,spring,0,1,304.8990695,304.8990695,0
17,2021-05-14,0.0188262880563383,0.0188262880563383,0.0186286594314153,0.0186923337956485,0.0186923337956485,0.0189915406061811,0.0201959756343621,0.0218988514792513,0.0374744532206584,0.0422238052218609,0.0424316307924909,0.0413689071671668,0.0403172919356852,0.0467196271130551,0.0452372714852045,0.0455755575508635,0.0437120303566865,0.0269702136337674,0.0229326587217703,0.0221286781601769,0.0212052776715158,0.0211779785599562,0.020440817923947,0.0198587847765045,commercial,5,spring,0,1,304.8990695,304.8990695,0
17,2021-05-15,0.0178149326197632,0.0176725111534743,0.0175646506942171,0.0176725111534743,0.0176725111534743,0.017487437497577,0.02032986213444,0.0203928902888777,0.0231313156272944,0.0246594498883736,0.0254258169196882,0.0253535713859782,0.0228977561669699,0.0229567102676426,0.0233451187618297,0.0243623420405938,0.0226667857352159,0.0191015526600968,0.0193645517706523,0.0185134921721993,0.0177003312630512,0.0178149326197632,0.0178355683128266,0.0176044499600267,commercial,5,spring,1,1,304.8990695,304.8990695,0
17,2021-05-16,0.0176725111534743,0.0176725111534743,0.0175646506942171,0.0175385568927845,0.0176725111534743,0.0175385568927845,0.0184067537193795,0.0191743201812005,0.0189155794354338,0.020379026793927,0.0209898276134654,0.0225490648897796,0.0218234615675667,0.0233809298262342,0.0253385835271173,0.0238268556627072,0.023060383910175,0.0221670958346784,0.0194401669645494,0.0174134768457287,0.0174134768457287,0.0174134768457287,0.0174134768457287,0.0174134768457287,commercial,5,spring,1,1,304.8990695,304.8990695,0
17,2021-05-17,0.0185672537485926,0.0185672537485926,0.0185672537485926,0.0185672537485926,0.0185672537485926,0.0189672537485455,0.0197690631750395,0.0213726531335911,0.033258602490745,0.0334179238861508,0.0335039066658616,0.0346847665175485,0.0332364592941759,0.0395747186466298,0.042901478713656,0.043168562216893,0.0424816637501019,0.025927126177488,0.0222226724131611,0.0219777731713264,0.0211769669425891,0.0211777476802622,0.0202982521578494,0.0197682482619927,commercial,5,spring,0,1,304.8990695,304.8990695,0
17,2021-05-18,0.0188262880563383,0.0186923337956485,0.0185672537485926,0.0186923337956485,0.0186923337956485,0.0189672537485455,0.0200706271088249,0.0216390884441993,0.0331812145732538,0.034325559457887,0.0355599480068132,0.0374600890051714,0.0343294046588632,0.0372031551524474,0.0378902640395262,0.0390562671023017,0.0386192060694522,0.0245951068305047,0.0219295794812011,0.0217012550327428,0.0209177712350244,0.0207762159533717,0.0200391703795688,0.0196942401396094,commercial,5,spring,0,1,304.8990695,304.8990695,0
17,2021-05-19,0.0185672537485926,0.0185672537485926,0.0185672537485926,0.0185672537485926,0.0185672537485926,0.0189672537485455,0.0200705611235697,0.0216389093413637,0.0332192595765289,0.0355617328230007,0.0377572790738687,0.0386144331695726,0.0357600990026723,0.0418551583717103,0.0429841821834307,0.0452503419166534,0.0447948798044478,0.0252492673259516,0.0222222750811484,0.0219774893627459,0.0209915716369672,0.021035174849397,0.0202981575549892,0.0196941930072843,commercial,5,spring,0,1,304.8990695,304.8990695,0
17,2021-05-20,0.0186923337956485,0.0186923337956485,0.0185793510117873,0.0186923337956485,0.0186923337956485,0.0189672537485455,0.020195575678405,0.0217638116238209,0.0348234168862481,0.0372073375992106,0.0406766049502369,0.041386725910303,0.0383690482060434,0.0455313242813771,0.0462047781532187,0.0486577075466147,0.0468117029428038,0.028148496235748,0.0235831106018954,0.0226165963372169,0.0210425319796392,0.021035100001145,0.0202981107748317,0.0198063122971694,commercial,5,spring,0,1,304.8990695,304.8990695,0
17,2021-05-21,0.0188262880563383,0.0188262880563383,0.0187184275970811,0.0188262880563383,0.0188262880563383,0.0190794198185881,0.0203294649593039,0.0218975895107924,0.035761887325867,0.039126569044497,0.0408661393840432,0.0402805227974474,0.0384122206183636,0.0415552199746608,0.0386154240622977,0.0386594522151659,0.0397282462732326,0.0258460258701832,0.021976616545413,0.0217898983550961,0.0209662355874879,0.020901071477837,0.0201641101000055,0.0196940998129904,commercial,5,spring,0,1,304.8990695,304.8990695,0
17,2021-05-22,0.0175385568927845,0.0175385568927845,0.0174134768457287,0.0175385568927845,0.0175385568927845,0.0174134768457287,0.0202461584761256,0.0202582106202168,0.0232448635414156,0.0238841034869224,0.0242797178811954,0.0241781875899872,0.021270487188464,0.0215830113971197,0.022385944906783,0.0231288053173842,0.021746745624446,0.0194469790516263,0.019402571722338,0.0185325940772469,0.018076291366602,0.0179091227581891,0.0178974635058516,0.0175646506942171,commercial,5,spring,1,1,304.8990695,304.8990695,0
17,2021-05-23,0.0176725111534743,0.0177977641925554,0.017551559619833,0.0175385568927845,0.0175385568927845,0.0174748825285513,0.0182814118585777,0.0185404461663233,0.0184993521275174,0.0188333397220364,0.0191970148231269,0.0189270515233127,0.0196534520016295,0.0211289102415832,0.0201914591058606,0.0214492795542251,0.0214634904448522,0.019419962366295,0.0186737805152311,0.0182616727383848,0.0178891887469885,0.0179654047091874,0.0179654047091874,0.0176863790744223,commercial,5,spring,1,1,304.8990695,304.8990695,0
17,2021-05-24,0.0189687095226271,0.0189687095226271,0.0187316066151439,0.0188262880563383,0.0188262880563383,0.0190161952115138,0.0201953190254574,0.0218970692550813,0.0382502585164812,0.0421994814536719,0.0435414966529245,0.0447335050695539,0.039431668597142,0.0476392753898057,0.0510662969329459,0.0532402852811916,0.0516091340145698,0.030698814128956,0.0243353516259904,0.0233417328581334,0.021246041084761,0.0220580069157437,0.0211509271637981,0.0199457600384928,commercial,5,spring,0,1,304.8990695,304.8990695,0
17,2021-05-25,0.0195192515678108,0.0198343192085661,0.0189012725336961,0.0199336646902807,0.019825608415875,0.0192988365328729,0.0212569258869258,0.0228141413914043,0.0412887051334701,0.0462806860681326,0.0475233213341139,0.0494318555589805,0.0427429582493994,0.051147361881406,0.05496661906474,0.0560346536858065,0.0502550663285719,0.0313489648725567,0.0248943972241724,0.0242069246599602,0.022295477182233,0.0222750852029383,0.0216926203565933,0.020674124412823,commercial,5,spring,0,1,304.8990695,304.8990695,0
17,2021-05-26,0.0204327801978172,0.0204889426395802,0.0196323643315029,0.0203953396237048,0.0199242305178501,0.0196929327518179,0.0215634214478735,0.0232652816029757,0.0431760514235108,0.0494955643107409,0.049256034851981,0.0471283504463698,0.0429437071885708,0.0528378564125653,0.0571282472810861,0.0573139603611371,0.0563515843490136,0.0333585947689403,0.0267029474046751,0.0240654841153424,0.0220542792455768,0.0219849007499932,0.0214591511090622,0.0202889213264898,commercial,5,spring,0,1,304.8990695,304.8990695,0
17,2021-05-27,0.0196221458878607,0.0196850255792989,0.0192677309616409,0.0196919766090142,0.0192136606790399,0.0194306006555885,0.0207020624008269,0.0227615117025468,0.0417671007405039,0.0503015626683496,0.0513015516872253,0.0478277529447059,0.0451751143349439,0.0520366151738909,0.0529844211379596,0.0584705002075971,0.0574976686705482,0.0330481495427166,0.0271463753422523,0.0251731986153886,0.023061398904497,0.0230413271970861,0.0221381812037509,0.0212402174845338,commercial,5,spring,0,1,304.8990695,304.8990695,0
17,2021-05-28,0.0209181964655703,0.0209397567347417,0.0208139194295986,0.0216244632016314,0.0211368440976536,0.0210058334299727,0.0228478990904619,0.0240416380476365,0.041106540900711,0.0475185769308609,0.05013334440062,0.050957160535065,0.0454073404580861,0.0543497712888292,0.0486199814203466,0.0483080521629608,0.0501938806844334,0.0299927817826419,0.0252243385160871,0.0247026030691228,0.0226183201657233,0.0233241573755933,0.021803627489438,0.0211242094912674,commercial,5,spring,0,1,304.8990695,304.8990695,0
17,2021-05-29,0.0196759435579559,0.0200449111905101,0.0195968334122604,0.0186014504671555,0.0189052087667229,0.0194833012063492,0.0229735581665218,0.022331181113295,0.0255546533327733,0.0253988201078063,0.0249322166494421,0.0295734801321012,0.0221061190549919,0.0212465165085126,0.0246453915642067,0.0209707664422502,0.0199562428721459,0.0183693314624529,0.0186170992943651,0.0178685696627508,0.0176258641629301,0.0179739555629879,0.0183608694247509,0.0180885344232279,commercial,5,spring,1,1,304.8990695,304.8990695,0
17,2021-05-30,0.0188718306671088,0.0194156986972479,0.0184560979337338,0.0195805507216067,0.0201620798100203,0.018890220053278,0.021203592953595,0.0219878984296788,0.0224180768285369,0.0230762277259261,0.0238719927227216,0.02502489299192,0.0264253833806974,0.0255648844228744,0.0276186593670145,0.0262603687160405,0.0256983818607324,0.0235479260309035,0.0213495503552211,0.0213553658073445,0.0213602816565331,0.0215311979685976,0.0214546945875076,0.0211043928873785,commercial,5,spring,1,1,304.8990695,304.8990695,0
17,2021-05-31,0.0225477891437769,0.0225091815498208,0.0218012091569529,0.0225025631341283,0.0224427819387486,0.0223404759992165,0.0242535086451385,0.0252447159691699,0.0441095375638648,0.0515029517509933,0.0544759690543403,0.0517512734141198,0.0467181281774274,0.0541784527899914,0.0591377283563111,0.0556206338608585,0.0537595773693247,0.0342087024620983,0.0261454184303191,0.0255303093468929,0.0243456526036023,0.0239905843912755,0.0230381602633002,0.0221132530897546,commercial,5,spring,0,1,304.8990695,304.8990695,0
17,2021-06-01,0.0216342714065072,0.0216808817027098,0.0210767120616035,0.0214957397546918,0.0218162329864328,0.0222884944489407,0.0239304561499166,0.0259599741105184,0.0449047687782315,0.0560068222692762,0.0574963435932666,0.0510288412867651,0.0472009610820295,0.0603033293459915,0.0570081654599144,0.0576695292462468,0.0585288554726075,0.0360117267801867,0.0272210540255027,0.0263599984070187,0.0241291129223097,0.0242062029310727,0.0237705670401469,0.0225771510994569,commercial,6,summer,0,1,304.8990695,304.8990695,0
17,2021-06-02,0.0226587066249925,0.0230804565837155,0.0223796573948112,0.0234997040846475,0.0216811939790829,0.0212954317558004,0.0237630835075602,0.0243471747597192,0.0434804045294995,0.0539627771503074,0.0563497160242245,0.0546164030171742,0.0452906246903868,0.0520214196455947,0.0539253464967549,0.0501561002073565,0.0491047476243625,0.0309168273240729,0.0269998021207445,0.0259623018026009,0.0237391092152054,0.0245154392376705,0.0236203722042944,0.0222806606611088,commercial,6,summer,0,1,304.8990695,304.8990695,0
17,2021-06-03,0.0226450773010921,0.0227655068332083,0.0227048279374382,0.0228986160933151,0.0234154012597556,0.0223353989541235,0.0245459863352055,0.0263887199654691,0.045558582046689,0.0560144874486576,0.0591682992238739,0.0534804349363078,0.0499119673495401,0.0585049164754845,0.0578479763870017,0.0609578232618399,0.0610297941143187,0.0351293726849464,0.0275637644284581,0.0270396933714366,0.0245501217310625,0.0254503913550459,0.0233703980053401,0.0224755404306748,commercial,6,summer,0,1,304.8990695,304.8990695,0
17,2021-06-04,0.022615071078892,0.0230739478824722,0.0221386691273363,0.0228363480039192,0.0226748330068866,0.0225676477013192,0.0249643218744095,0.0267443176179332,0.04633110586174,0.0583321481037603,0.0563281674613563,0.0532454554390801,0.0467440232749359,0.0545979396613434,0.0545888074283926,0.0575601260035955,0.0570938922358916,0.0344335659512399,0.0281907007804659,0.0270898542817025,0.0245603932232153,0.0254851554281814,0.0246240515800716,0.0228380622308491,commercial,6,summer,0,1,304.8990695,304.8990695,0
17,2021-06-05,0.0214550873525729,0.0215311163975094,0.0211703890788378,0.0216030398935205,0.0203793153633264,0.0203321278808643,0.0237478340051806,0.0235719097053867,0.0282047075826871,0.0322224647531927,0.0337142601814449,0.0312873641513025,0.0274995735259654,0.0281257326449743,0.0276486181557768,0.0271490831859869,0.0264084573485119,0.0218886489524074,0.0206720032932217,0.019386093084556,0.0201892515655642,0.0212059197743295,0.0214744442995677,0.0208837315082823,commercial,6,summer,1,1,304.8990695,304.8990695,0
17,2021-06-06,0.0207126101739539,0.0212088930479417,0.020397606808364,0.0204409969792167,0.020367720270025,0.0202257932842016,0.021202912793068,0.021351028603944,0.0223764901348922,0.0256058281545683,0.0280022029201926,0.0252368692050042,0.0276416867397002,0.0272631295399025,0.0263947772629325,0.027223578425051,0.0244565437228139,0.0229411603027574,0.0227536078476653,0.0226781940641301,0.0215180060587987,0.0222398392463463,0.0221843755236988,0.0214249317286856,commercial,6,summer,1,1,304.8990695,304.8990695,0
17,2021-06-07,0.0239373672520541,0.0232001625527387,0.02244719018696,0.0226420266854028,0.0219797309675025,0.0196319574645494,0.0228963779174659,0.0254528004116968,0.0409135019141335,0.0487219206011741,0.0436941408675781,0.0448264757891191,0.0463123083335331,0.0508665611124446,0.0501491827500561,0.0548537957193695,0.0512743422852397,0.0311638285823888,0.0267737714881342,0.0263601162985377,0.0242603058888107,0.0211762948817164,0.0204397656250471,0.0202387403366495,commercial,6,summer,0,1,304.8990695,304.8990695,0
17,2021-06-08,0.0198564244957543,0.0222051747965817,0.0218844328207597,0.02302039282732,0.0232370178777778,0.0229807813970047,0.025170731235142,0.0261296187683137,0.0419362259850924,0.0415515268487475,0.038159656736737,0.0395439408475426,0.0383407140414071,0.047448509183913,0.0476750654656437,0.0413134551408349,0.042829044636051,0.0257288519613137,0.0228626016240313,0.0229866869997853,0.0215967550793239,0.0220319618821357,0.0211805925404325,0.0205393685868331,commercial,6,summer,0,1,304.8990695,304.8990695,0
17,2021-06-09,0.0209596594548966,0.0206660555889544,0.0201897678266091,0.0226218515973057,0.0221022905858883,0.0220093445359166,0.0242212082319906,0.0258666322065433,0.0403742018290041,0.0455253733554525,0.0486033041000318,0.0494634281775489,0.0452702006928914,0.0510953500634785,0.0471087545460986,0.0411111652622758,0.0400881394551527,0.0257256894912739,0.0224104107103969,0.0221474229768026,0.0212997631781386,0.0223625073448107,0.022904051232675,0.0207809149592646,commercial,6,summer,0,1,304.8990695,304.8990695,0
17,2021-06-10,0.0222316526659137,0.0225463616249981,0.0210731298316568,0.0201279018216005,0.0192148745548157,0.0189672537485455,0.0204014756690427,0.0222607647741437,0.0349210900453825,0.0374416643235773,0.0388164232337995,0.0374573704126953,0.0371782821351914,0.0421279873978836,0.038482524190161,0.039148865760645,0.0398200261916549,0.0258089154955653,0.0231639402355166,0.0229995275165135,0.0215086824590831,0.021980651654546,0.0211036547216203,0.0205772338766598,commercial,6,summer,0,1,304.8990695,304.8990695,0
17,2021-06-11,0.0199797686419926,0.0198314976819773,0.0193446846480911,0.0202757728369464,0.0201790540639299,0.0197103957785318,0.0216775195178846,0.0232299612648304,0.0393345723699205,0.0442915292060043,0.0465607536741035,0.0473873115778873,0.0427868181879669,0.0507734048490332,0.0545687838564798,0.0554894696899154,0.053573167200282,0.0308301418299796,0.0257714330487629,0.0245673648824006,0.0229953265426233,0.0237275973134628,0.0228315761325089,0.0218323679284936,commercial,6,summer,0,1,304.8990695,304.8990695,0
17,2021-06-12,0.0188404787635842,0.0189193774468413,0.0190892901101603,0.0192206505339669,0.0188019436947149,0.018528096407511,0.0216756126851103,0.0223442316920874,0.0260731646260421,0.0277517885424313,0.0286345193194506,0.0269345418045199,0.0240916935236231,0.0264422658521637,0.0252272193293325,0.0250176412053916,0.0238560250871222,0.0211256044908974,0.0218037332795587,0.0195327491604333,0.0181430150198563,0.0183098784746791,0.0181382274082575,0.0175646506942171,commercial,6,summer,1,1,304.8990695,304.8990695,0
17,2021-06-13,0.0188431635457161,0.0198016691577128,0.0194366802930512,0.0202611981455551,0.0203413686119915,0.0194548670473049,0.022935087305783,0.023808908490099,0.0263076664408919,0.0295558821504452,0.0305932454022168,0.0294267041853356,0.0238351339573772,0.0258762304336091,0.0262329446924029,0.0262906950149362,0.0258769530566357,0.0226902062977108,0.022746179389051,0.0186379493301994,0.0176506348517396,0.0181708875058067,0.0180821552920911,0.0176225291381212,commercial,6,summer,1,1,304.8990695,304.8990695,0
17,2021-06-14,0.0188368861210689,0.0183820084239147,0.0176450297627595,0.0176725111534743,0.0178382699769023,0.0174748825285513,0.0201590364606034,0.0206062807487835,0.0231232191356123,0.0245636797054678,0.0260031120790489,0.0244435031827228,0.0218182508698365,0.0213958034854623,0.0208153389117456,0.0217244751223344,0.0211828599698533,0.0196406460151791,0.0183110478786935,0.0174134768457287,0.0175000828178616,0.0175385568927845,0.0175385568927845,0.0175385568927845,commercial,6,summer,0,1,304.8990695,304.8990695,0
17,2021-06-15,0.0189324032112775,0.01895950898247,0.0186923337956485,0.0186923337956485,0.0186923337956485,0.0190538597206784,0.0201941058258706,0.0217598220240846,0.0352367556034969,0.0388194030204584,0.0423176410885305,0.0413832781651306,0.0392894370445536,0.0476375990607691,0.0474479655162952,0.051200662197202,0.0476216921720582,0.0302029046671983,0.02413067145702,0.0229371392798147,0.0215950169259675,0.02201191189868,0.0211609871271542,0.0206295189369109,commercial,6,summer,0,1,304.8990695,304.8990695,0
17,2021-06-16,0.0202349704881382,0.0203015143070086,0.0196663285134857,0.0196679155956499,0.0197487609927377,0.0197346633375311,0.0216861978074739,0.023679344681874,0.0405297655515876,0.0453892761100418,0.0476103124081869,0.0470219635951739,0.0443290666951308,0.0508907965244853,0.0544489160927028,0.0511800794213072,0.0484833729187339,0.0318783099409381,0.0252036997264309,0.0244579593688368,0.0225706880694552,0.0231052650992285,0.0217105082601452,0.0212138516408141,commercial,6,summer,0,1,304.8990695,304.8990695,0
17,2021-06-17,0.0204040250069583,0.0209012307655778,0.0201078972010053,0.0204092960101845,0.0208667250208431,0.0203566308017033,0.0221967712207195,0.0243528215426498,0.0414241449114157,0.0517226820360663,0.0496826560379708,0.0505894613818927,0.0426524380184258,0.0471690733647738,0.0455520799403142,0.0465358960690135,0.046687860026402,0.0294585942372708,0.0249415862981303,0.0238824259336157,0.0223218632518304,0.0226052511675544,0.0216785495615595,0.0202744161953413,commercial,6,summer,0,1,304.8990695,304.8990695,0
17,2021-06-18,0.0197640253432185,0.0197498652669363,0.0191889618118601,0.0196375733197334,0.0195993606294726,0.019212504815298,0.020828113095138,0.0227283016860822,0.0402347310406268,0.0462214917825149,0.051248353131977,0.0513971948972747,0.0462448650617531,0.0530812747162187,0.0566086292161744,0.0532402067353564,0.0575999908049728,0.0327439947269424,0.0264266465794826,0.0253592542456596,0.0229971508649791,0.0232963555561524,0.0218431167653446,0.0208633518837524,commercial,6,summer,0,1,304.8990695,304.8990695,0
17,2021-06-19,0.0195011341285684,0.0198154172994105,0.019006791651416,0.0189411418203743,0.0187838984341063,0.0184065597177125,0.0216665472474102,0.0214968663020886,0.0270415602221643,0.0307306527051932,0.0319171565835194,0.0312893206647998,0.0258660226531898,0.0267223833497044,0.0250437959269081,0.0278689056523733,0.027081781001399,0.0243573961713597,0.02186396796336,0.0206547652241261,0.0196667480774853,0.0202335830840898,0.0205002355326289,0.0196919107417346,commercial,6,summer,1,1,304.8990695,304.8990695,0
17,2021-06-20,0.0205448159334589,0.0194492637027268,0.0191674406444046,0.0191387435602173,0.0186078491490782,0.0184962246036604,0.0198240999132294,0.0210800538301619,0.0216994730941079,0.0249947708719504,0.024944069385492,0.0260297916205076,0.0259090072041877,0.02803630230475,0.026480042558343,0.0279332150039114,0.027910870531011,0.0264739996160744,0.0221722706052851,0.020887663409751,0.0199209964895842,0.0203733427613451,0.020553214629391,0.0196826921975891,commercial,6,summer,1,1,304.8990695,304.8990695,0
17,2021-06-21,0.0217565821489435,0.02160516645331,0.0205933221366768,0.0210695116481029,0.0209563635181518,0.0205142905393784,0.0218416648800634,0.0242301202078251,0.043604703474128,0.0504617318487958,0.0513419561326012,0.0527816079832286,0.047000997861915,0.0563897724238385,0.0594985102355519,0.0590304742443685,0.0596189850618707,0.036354506174618,0.0277188306733461,0.0264476882251288,0.0240470373569769,0.0242459826205228,0.0233265897763023,0.0218477773446085,commercial,6,summer,0,1,304.8990695,304.8990695,0
17,2021-06-22,0.0218783112958608,0.021665256830435,0.0207428954625889,0.0212465840112931,0.0205642610022995,0.0210200199461008,0.0226518969733117,0.0255128189496901,0.0459941295687257,0.0521173977315513,0.0542566218376232,0.0537852992304506,0.0491086081542202,0.0560046017985616,0.0579043241402672,0.060741593442655,0.0610346096746364,0.036911586045346,0.0279859742541362,0.0266704527715501,0.0241325490244304,0.0243704234913505,0.0234320672161827,0.0221820408994775,commercial,6,summer,0,1,304.8990695,304.8990695,0
17,2021-06-23,0.0219864570556356,0.021727658713929,0.0209212293604372,0.0212649031463446,0.0221771285938777,0.021031851986047,0.0235089963517847,0.0259465221912653,0.0461069124927228,0.0529677101101788,0.0561351360490089,0.0530669410852485,0.0490786242886915,0.0574880907619253,0.0579467728810716,0.0616907725806358,0.0599805697778172,0.0348302125726644,0.0289235662288098,0.0266382078747374,0.024682876873035,0.0255548395839647,0.0247112250154266,0.0230163659996525,commercial,6,summer,0,1,304.8990695,304.8990695,0
17,2021-06-24,0.0231453306466663,0.0225753017760323,0.021640278636635,0.0230866326616294,0.0231246585505968,0.0226677629033972,0.0245278707210987,0.0270173835153493,0.0485229353304885,0.0542719749064314,0.0567455290238891,0.0564682135211644,0.0485999754986471,0.05909452845164,0.0581480175506229,0.06450431179013,0.0611748773644221,0.0361727331606556,0.0292604962725759,0.0273522360557227,0.0250049626373924,0.0250944858474422,0.0247729750032057,0.0232786532510526,commercial,6,summer,0,1,304.8990695,304.8990695,0
17,2021-06-25,0.0231464199742347,0.0241147856333841,0.0220543257746602,0.0225660000732807,0.0225529671880248,0.0227728106767557,0.0243599101159538,0.0262927036182746,0.0457011338739873,0.0553603895618544,0.0563673977039702,0.0550053826545771,0.0499259220290998,0.0583404324853416,0.0600963672740953,0.0616522625531622,0.0590084110743197,0.0359711585037458,0.0286798661159384,0.0266374100091289,0.0245694886007788,0.0249723460030834,0.024132561537033,0.0230541028831101,commercial,6,summer,0,1,304.8990695,304.8990695,0
17,2021-06-26,0.0209760657196427,0.0216882975861776,0.0207737619063639,0.0209265556753162,0.021385834433125,0.0194107695271675,0.0236897152420677,0.0234955567864327,0.0296254192621315,0.0316675897260522,0.032960747852753,0.0331017337157269,0.0274952152358011,0.0283870521141395,0.0258885091126478,0.0285132158782203,0.0281259702471453,0.0246524160194747,0.0235980240376257,0.0216472994591767,0.0206915115258682,0.0215619016483688,0.0215357355156218,0.0203994003173232,commercial,6,summer,1,1,304.8990695,304.8990695,0
17,2021-06-27,0.0211208895758454,0.0211415003121761,0.0202159683524792,0.021217590431367,0.0211858338778688,0.0202962119942831,0.0219767937848853,0.0215822067680984,0.0232795895014825,0.0244344585413464,0.0231789501522263,0.0244762823344535,0.0262891231755869,0.026314316917787,0.0266218065061838,0.0287317843735947,0.0266874579251678,0.0244123353658784,0.0220142596702629,0.0215127019858096,0.019636403329725,0.0208390098720917,0.0203158459463415,0.0201393761085592,commercial,6,summer,1,1,304.8990695,304.8990695,0
17,2021-06-28,0.0191946547655365,0.0199275824789971,0.0192348877067836,0.0203011771247559,0.0202771170384085,0.0190412144003938,0.0208381661802621,0.0219367411220155,0.0383742982034415,0.0410778155583288,0.0437437789940341,0.0432855469969591,0.0395508082530502,0.0447390445301367,0.0413301061757801,0.0435746002672847,0.046029076460484,0.0276002889996848,0.0236027508917053,0.0231387330662684,0.0216347529464135,0.0219686764486699,0.0215256322852725,0.0206835430503354,commercial,6,summer,0,1,304.8990695,304.8990695,0
17,2021-06-29,0.0204624743981462,0.0204749472428794,0.019882885420644,0.0204847140502814,0.0203943902497483,0.0193543404215125,0.0210672270109863,0.0219516476023377,0.0362713984476365,0.0421738165930879,0.0472330795540832,0.0448179393897211,0.0386847497730962,0.0469832990585514,0.0440839111746835,0.0451651166777265,0.0449622302432835,0.0284454479599231,0.0240598150230781,0.0230789189563474,0.021784055587893,0.0216035194173994,0.0207272844078224,0.0201442033454563,commercial,6,summer,0,1,304.8990695,304.8990695,0
17,2021-06-30,0.0195210571601597,0.0196414311405979,0.0189367223931587,0.0196449898719805,0.0195062181397517,0.0191716672804261,0.0207369536180902,0.0227015777887356,0.0380429806158937,0.0445136501441658,0.0457977928947428,0.0467360493407493,0.0367894049804983,0.0438589668956566,0.0435723820168072,0.0471069216441934,0.0462364049346865,0.0269234791308358,0.0229329846288661,0.022400161980518,0.0213488326448282,0.0216638558764911,0.0211421151294257,0.0211159396058206,commercial,6,summer,0,1,304.8990695,304.8990695,0
17,2021-07-01,0.0206110216620069,0.0210941445861022,0.0208229960785028,0.0210315503300492,0.020942433595281,0.0211816610954353,0.0229907337747578,0.0241986741144471,0.0423830937664083,0.0502515307254791,0.0504591379520491,0.0479176359380133,0.045669671485902,0.0534408359022925,0.0535754320488207,0.0574130185912501,0.057078466516279,0.0342147572491321,0.027384547389744,0.0256777196718045,0.0236044363624556,0.0241932532238987,0.0233744415899463,0.0216773763101581,commercial,7,summer,0,1,304.8990695,304.8990695,0
17,2021-07-02,0.0217382980523769,0.0216092726265083,0.0210932455819038,0.0217488625350475,0.0210386578878238,0.0212420430833688,0.0225183834109494,0.0239594811821322,0.0436552659385685,0.0532421558672185,0.0546925609335504,0.0490858816630292,0.047541801106403,0.0547159191990059,0.0534035840017146,0.0585099207200406,0.0531567875055741,0.0314507444107853,0.0265293215338546,0.0257258952843914,0.0234901105885322,0.024218422335155,0.0234164256267062,0.0217281081244824,commercial,7,summer,0,1,304.8990695,304.8990695,0
17,2021-07-03,0.0200242193937692,0.0207476750574519,0.0192231069567096,0.0201273936361057,0.0201346549312481,0.0195816741449406,0.02294965077378,0.0225501236792033,0.0264258161163369,0.0286793471415669,0.030616239050005,0.0280837784766962,0.0254612114657953,0.0256551596347102,0.0247483417945427,0.0256002828391252,0.0249204696799806,0.0202097053314503,0.02124141132675,0.0203128198647935,0.0196800842201636,0.020884547219975,0.0208858200719274,0.019841794849533,commercial,7,summer,1,1,304.8990695,304.8990695,0
17,2021-07-04,0.0202881029271444,0.0202715411850837,0.0196490271288887,0.0202517216738947,0.0202022806948168,0.0191599006933164,0.0209810324856367,0.0217988419507929,0.0207348621948615,0.0206677829630651,0.0206890757704638,0.0208527790806021,0.0203260497943897,0.0229519101790277,0.0213117056076237,0.0237166685216445,0.0233023363016894,0.020047544588045,0.0209689479830054,0.0205900367154611,0.019028713077652,0.0182985031602833,0.0177506383143682,0.0174134768457287,commercial,7,summer,1,1,304.8990695,304.8990695,0
17,2021-07-05,0.0186923337956485,0.0185672537485926,0.0185672537485926,0.0186923337956485,0.0186923337956485,0.0189672537485455,0.02019339286459,0.0218918411041556,0.0350806417751044,0.0402070355739432,0.0449693196594129,0.0434574336353042,0.0422624396146915,0.0468187476886809,0.0454457694644687,0.03852876445361,0.0387030766030639,0.0253783161010953,0.0219706477243868,0.0216962958371197,0.0209610922762865,0.0211750268230738,0.0202965516221067,0.0197919283192085,commercial,7,summer,0,1,304.8990695,304.8990695,0
17,2021-07-06,0.0188262880563383,0.0186923337956485,0.0186794198186353,0.0188262880563383,0.0188262880563383,0.0189672537485455,0.0203273230487507,0.0221698846255602,0.0374933558859475,0.0431698971256423,0.0463287245551014,0.0472243479897749,0.041904636954834,0.0514154165857075,0.0523982946796157,0.0541014629628882,0.0500313774630823,0.0299189891198138,0.0255795984962693,0.0250546020834631,0.0225459602262284,0.0225258152266277,0.0221292525329658,0.0210394212032186,commercial,7,summer,0,1,304.8990695,304.8990695,0
17,2021-07-07,0.0209563419612435,0.0209956565980754,0.0204631379513995,0.0210354203457387,0.020948830991601,0.0205343771870486,0.0221489587303564,0.0237416392647014,0.0419485576045369,0.0507000923189803,0.0531084138483685,0.0490019372806834,0.0455702593472786,0.052186919111113,0.0545675423303876,0.0603386393027563,0.0579738293800138,0.0347848987404637,0.0278413570683487,0.0253969785101494,0.0236671243400811,0.0243375576355499,0.0227626255597014,0.0216143434938918,commercial,7,summer,0,1,304.8990695,304.8990695,0
17,2021-07-08,0.0210819591415741,0.0215177637267659,0.020476394113998,0.0210606344576066,0.0210298251747103,0.0204590566526261,0.0227085061215037,0.0245567607627245,0.0445173968131305,0.0535920947679429,0.052973496833251,0.0496070842127737,0.0473694047159742,0.0554479177595117,0.0534129442279817,0.059150919360205,0.0579596337767788,0.033822371563728,0.0275913672571342,0.0261206583866523,0.0230975491397597,0.0237576785928761,0.02284276442219,0.0214265039968669,commercial,7,summer,0,1,304.8990695,304.8990695,0
17,2021-07-09,0.0210788305770487,0.0218656668268254,0.0203405137471184,0.0209953688798565,0.0209692374869641,0.020476098853408,0.022672565605012,0.0246392916086731,0.0442918419021173,0.0514107231171963,0.053880375019855,0.0518087717632965,0.0454963887352851,0.0552265808698589,0.0580223339900749,0.0645907384239002,0.0627995679879294,0.03662363915007,0.0284147074802185,0.0268222400018516,0.0245021995668779,0.0251539501272014,0.0235695583316691,0.0222805622231959,commercial,7,summer,0,1,304.8990695,304.8990695,0
17,2021-07-10,0.0209221329876922,0.0203998482496612,0.0198550118572831,0.0205402395138893,0.0200251962410301,0.0194229342429142,0.0225135608600545,0.0221570192174424,0.0281945833345399,0.0313870022679137,0.0317941558291367,0.0320991388086928,0.0275924902906948,0.0284737123497208,0.0295478998191364,0.0324457966921785,0.0320487295543834,0.0265780838970251,0.0259389750283351,0.0226684918816043,0.0216884519352847,0.0216878525196523,0.0226502126578616,0.0215368001896393,commercial,7,summer,1,1,304.8990695,304.8990695,0
17,2021-07-11,0.023768976265325,0.0220502416464553,0.0186010012216276,0.0191079334588259,0.0188731801535879,0.0184003941487744,0.0196550264868265,0.0209908345694633,0.0214467371258334,0.0247062185511186,0.0244499837482549,0.0225948807203528,0.0250464571740347,0.0264417745884484,0.0248475650732467,0.0293392149944332,0.0257568833116853,0.0203273774274461,0.0199480569283328,0.0195048709334964,0.0187467405399389,0.0195327652782185,0.0195690996504644,0.0189242738773483,commercial,7,summer,1,1,304.8990695,304.8990695,0
17,2021-07-12,0.0202979221779052,0.0196937934654693,0.0195076783564835,0.0199841489596946,0.0199174949686516,0.0197639167072666,0.0215238910459994,0.0231191793769954,0.0424925440273011,0.0525437152170662,0.053699693153118,0.0513595975284701,0.0436404054412104,0.0551038178205179,0.0550576340389068,0.0652038659783833,0.0596435040481657,0.0355518512278113,0.0290372699240011,0.0261649667264742,0.0234885865849522,0.0239124896604182,0.0226249806077189,0.0215579982387132,commercial,7,summer,0,1,304.8990695,304.8990695,0
17,2021-07-13,0.0206009619341383,0.0207802179730186,0.0203154987717539,0.0209537643475182,0.0209798764181564,0.0204338774306029,0.0221548934114958,0.0246694342889337,0.0457626999538552,0.0520759059834642,0.0544692783771494,0.0521444127600638,0.046893504333923,0.0546411860136962,0.0605744057604616,0.0642447532398978,0.0615644821194628,0.0361558124354328,0.0293119998451021,0.027066515793409,0.0243906117986023,0.0247844845419582,0.0243434944683937,0.022427462569119,commercial,7,summer,0,1,304.8990695,304.8990695,0
17,2021-07-14,0.0224239852795896,0.0224345145165613,0.0206075772330401,0.0211754392706172,0.0211243289746002,0.021087792999229,0.0228304930439623,0.024447767141886,0.0446759856912546,0.0524521809578155,0.0537452862941201,0.0498126985347644,0.0470202446718156,0.0540122677393184,0.052326452161879,0.055691423279585,0.0521491606138317,0.0317124365359387,0.0265951282983344,0.025817441073898,0.0239051871539755,0.0242909406563868,0.023473994760202,0.0216974415469755,commercial,7,summer,0,1,304.8990695,304.8990695,0
17,2021-07-15,0.0211927931032131,0.0207729215758509,0.0203475174635,0.0207751533470708,0.0207223846911808,0.0204951908936332,0.0223791537225738,0.0239278727056146,0.0418857181784396,0.0435854603499607,0.0499561270180619,0.0482260061021733,0.0475963112288842,0.0543715665821784,0.0546990881220386,0.0598765864490107,0.0591462192115895,0.0331150493071455,0.0283293546208541,0.0263743634594235,0.0237617053569224,0.0244847295021063,0.0229987019150671,0.0219783910429017,commercial,7,summer,0,1,304.8990695,304.8990695,0
17,2021-07-16,0.0218670022135622,0.0212729583789256,0.0203932330091459,0.020812311144092,0.0207636687542552,0.0205964612147093,0.0223899997702979,0.0235701496004528,0.0445931192886176,0.0540460315732715,0.054716002701218,0.0508611261999848,0.0481246780685509,0.0579392042311288,0.0546213752581817,0.0585377412620043,0.0592178006932077,0.0339932739106531,0.028340479413885,0.0263018360127082,0.023612755715932,0.0239538757961951,0.023066237705836,0.0218050683114592,commercial,7,summer,0,1,304.8990695,304.8990695,0
17,2021-07-17,0.0193497434654414,0.0193459188474003,0.0189371151064379,0.0190368336546844,0.0190651301941145,0.0187482604955701,0.0223204009514843,0.0225286852988368,0.0280745789747491,0.0330898063567264,0.0331336642445245,0.0311866650825275,0.0273478896664522,0.0276755299415484,0.0280647978337567,0.0289334732286701,0.0285931614773371,0.0233360491773663,0.0240056753681472,0.0209977163076402,0.0197303473739151,0.0211716893882992,0.0205322401189246,0.0195419687143895,commercial,7,summer,1,1,304.8990695,304.8990695,0
17,2021-07-18,0.022059106484427,0.0216453480327202,0.0204688644634942,0.0213224392023175,0.0211590985256958,0.0196943100699857,0.0217863646819558,0.0223222590098039,0.0237917334338314,0.0279930681972791,0.0295126331210251,0.0265651665972442,0.0290125313667025,0.0297612437060243,0.0278521950284393,0.0289685617371324,0.0269004953031243,0.020698025270208,0.0193874722393025,0.0184572875997875,0.0178065535563398,0.0189173486224041,0.0193432092574295,0.0179116785227984,commercial,7,summer,1,1,304.8990695,304.8990695,0
17,2021-07-19,0.0200954314804369,0.0196942588517719,0.0186538597207256,0.0187304742597057,0.0187394024240681,0.0191575045781606,0.0217015329776148,0.0227826369377958,0.0364823901173798,0.0379134735585427,0.0395879612828097,0.0401947567391968,0.0356017898568435,0.0437723353248113,0.043318444453282,0.0512954703003509,0.051036018496391,0.0297325991575839,0.0247919017791052,0.0232735958730081,0.0212266049813953,0.0214861699995073,0.0204388096249653,0.0199933140713724,commercial,7,summer,0,1,304.8990695,304.8990695,0
17,2021-07-20,0.0194189604331753,0.0199296539282248,0.0189338762680285,0.0195961548581294,0.0200693386446735,0.0202129161898273,0.0220322883112106,0.0232188994164491,0.0421825266089049,0.0487900772289048,0.0500111349291386,0.0488515514727788,0.043648087968903,0.0546318272202319,0.0550419733905866,0.0605223795305704,0.0575231541101374,0.0335919998368295,0.0279257176926962,0.0251036331426113,0.0232636939367728,0.0229732148103067,0.0227494561630066,0.0211874304568264,commercial,7,summer,0,1,304.8990695,304.8990695,0
17,2021-07-21,0.0203797997983004,0.0206745217604331,0.0202382399017402,0.0204075877312814,0.0203459789871015,0.0202954411877344,0.0215152232920151,0.0237315199904784,0.0443082171776124,0.051798393043975,0.0517901206711617,0.0502503991531741,0.0471565024576337,0.0541705221879713,0.0555052733003693,0.0607314317604521,0.0592231990512378,0.0360517382233042,0.0280625457984647,0.026139644154808,0.0235356059547632,0.0232524340106218,0.0223020481270482,0.0213742657740849,commercial,7,summer,0,1,304.8990695,304.8990695,0
17,2021-07-22,0.0206201406865279,0.0205837094429054,0.0198935508048386,0.0202085013040927,0.0202407865991549,0.020046439062915,0.0219533771955273,0.0239635950226616,0.044005874497375,0.0497449873586316,0.0518951562947417,0.0506239358393233,0.04728712920959,0.0524209780652358,0.05416135216897,0.0597561067645799,0.0593104630609128,0.035585723990828,0.0279359372287148,0.0261281875641356,0.0232230960372521,0.0232362755988582,0.0223360997824114,0.0211859728782654,commercial,7,summer,0,1,304.8990695,304.8990695,0
17,2021-07-23,0.0205413635487112,0.0202118886189329,0.0196232283118487,0.020334185065878,0.0202312168227045,0.0202092662173114,0.0219555087736613,0.0238947235135207,0.0437420894482815,0.0511638500562527,0.050908411038141,0.0490904612037132,0.0466600694312713,0.0533035143724538,0.0540391307145814,0.0577743346992698,0.0546408956391822,0.0344629279322734,0.0284831265806397,0.0254315819678626,0.0235077308082777,0.0236929802229038,0.0227845225658089,0.021959171535274,commercial,7,summer,0,1,304.8990695,304.8990695,0
17,2021-07-24,0.0202013944455451,0.0208523621429831,0.0194950977035023,0.0202814412607662,0.0193835836856344,0.0196752934873407,0.0235917673271047,0.0227214743445455,0.0284208094971216,0.0304207227372752,0.0292052590204427,0.0298755667062322,0.0267841787082319,0.0271464922743458,0.025352833750399,0.026550580276279,0.0265401158326748,0.0214201200995958,0.0220191824129613,0.0217835890775395,0.0204932370556405,0.0213646037518608,0.0214513849687946,0.0210113412406334,commercial,7,summer,1,1,304.8990695,304.8990695,0
17,2021-07-25,0.0213973090694267,0.0212869856501308,0.0205652230924675,0.0211961917685782,0.0211348945157374,0.0200675718636569,0.0213050500223392,0.0219853442462271,0.0210261226229976,0.0247575665932801,0.0266696527736671,0.0249701656577603,0.0269665711956375,0.0279219175697442,0.0278982881034109,0.022486562602899,0.0229743478421714,0.0232669994806467,0.0226457997135499,0.0217620454002828,0.021066173484593,0.0213472853811156,0.0212980902806546,0.0206649299263081,commercial,7,summer,1,1,304.8990695,304.8990695,0
17,2021-07-26,0.0224005539434271,0.0223701695766374,0.0216811205144998,0.0223786544458305,0.0218076152583835,0.0211490665706641,0.0234276613805505,0.0256057376838207,0.0426592991964711,0.0538662242849736,0.055066117340831,0.0508819806915832,0.0480334922475364,0.0563113379216218,0.0588425572328424,0.0594559009941295,0.0550187982903159,0.0314252100662518,0.0271434146896721,0.0257087237962106,0.0239307002278411,0.0242656246324851,0.0234350524048315,0.0225575272954606,commercial,7,summer,0,1,304.8990695,304.8990695,0
17,2021-07-27,0.0225583383019054,0.0225257390948093,0.0214497668620276,0.0223805310507315,0.0224083457068803,0.0217473994213196,0.0236897192203804,0.0250454641807632,0.0430540149203978,0.0507294369361257,0.0536738183198326,0.052425525565947,0.0482872359976736,0.0548582992325415,0.0566938040664474,0.0584355168716916,0.0570531785950054,0.033558604795985,0.0274233099098403,0.0258833064543093,0.023920953535988,0.0243615749103373,0.0227761855857954,0.0218712940187168,commercial,7,summer,0,1,304.8990695,304.8990695,0
17,2021-07-28,0.0217027893915949,0.0216491805032674,0.0211131843846972,0.0217802647784989,0.0216564512135458,0.0199282742598231,0.0226118780108981,0.0234135277875366,0.0392537438081445,0.048066795784858,0.0474299157949834,0.0516516821612545,0.0466051266816696,0.0538211011699928,0.0558632023381002,0.0596583742514154,0.0597725060868144,0.0345420135977936,0.0282695456595072,0.0262910125428679,0.02420838771264,0.0241507840016119,0.0234688676019606,0.0221949871935221,commercial,7,summer,0,1,304.8990695,304.8990695,0
17,2021-07-29,0.0213800775478384,0.0214302246528223,0.0212037277434943,0.0215394947867375,0.0216156289911747,0.0212458693348594,0.0228562455324067,0.0246730057279437,0.0437881814595331,0.0537923818989597,0.0567851708260104,0.0538075983882128,0.0494712249629609,0.0534426772273487,0.0551025008981867,0.0573903209502671,0.0577645804018581,0.0343946219878617,0.0282144940171618,0.0259540518199816,0.0239564309493712,0.0243731729987037,0.0235437582809068,0.0219863834896502,commercial,7,summer,0,1,304.8990695,304.8990695,0
17,2021-07-30,0.0213455142501417,0.0215736183644743,0.0210173741046821,0.0217049235779341,0.0212169875745211,0.0212124311219747,0.0228186623623739,0.0241465968831594,0.0450996853696726,0.0526738796493028,0.0464414292839417,0.0511694321097153,0.0475468586678593,0.0562475126115522,0.0551848937718122,0.0603779698941198,0.0548428907345563,0.0330902091193616,0.0280225969708456,0.0266376256538689,0.0235006436753431,0.0231917852193283,0.0228096136845245,0.0217235797889616,commercial,7,summer,0,1,304.8990695,304.8990695,0
17,2021-07-31,0.0195437337421319,0.0200323310393276,0.0192516851249567,0.019868569507356,0.0198839652962217,0.0191974474675302,0.0225123564177078,0.022059252159362,0.0270490298289292,0.029668855327373,0.0326042183595707,0.0293944128645381,0.026418771266152,0.0282971788055158,0.0282449386532263,0.0299626489019266,0.0283158268922251,0.022406302907997,0.0221473652825856,0.019860306403097,0.0193236023636689,0.0198603134265538,0.020518469705593,0.0208367035447919,commercial,7,summer,1,1,304.8990695,304.8990695,0
17,2021-08-01,0.0216865488620521,0.0216462665526394,0.0214865634402009,0.0211609601830637,0.0210504758376944,0.0211178327718147,0.0212187175956731,0.0224655002744886,0.0254511228919955,0.0281612620783475,0.0290645087645484,0.0284696366567919,0.0286173824435965,0.0333794045247082,0.0373151293857349,0.037599959423751,0.0355042173638475,0.0316533078025099,0.0253631120925867,0.0206729881016941,0.0182483807672971,0.0176725111534743,0.0179946748373098,0.0179744271044742,commercial,8,summer,1,1,304.8990695,304.8990695,0
17,2021-08-02,0.0203548730806141,0.0209331943701613,0.0197789539660472,0.020548878474755,0.0204440530550989,0.020323786799453,0.0215666446413925,0.0232503247657616,0.0432842419163469,0.0501160879836999,0.0513317452930505,0.0532621030557419,0.0480292161449255,0.0608477900702157,0.066179116930906,0.0701183357037036,0.0697940813012614,0.0398906465683039,0.0314498792275519,0.0291082198283982,0.026206195582315,0.0267514169270535,0.0210759679084714,0.0209182955627077,commercial,8,summer,0,1,304.8990695,304.8990695,0
17,2021-08-03,0.0203977813940829,0.0200396689437257,0.0196333862505129,0.020636154550706,0.0210803849840905,0.0201905295859009,0.022757481522849,0.0246390671720075,0.0452097470674436,0.0522283119143013,0.0525318055542728,0.054168618138909,0.0488116098580963,0.0612461170169511,0.0610731063298238,0.0641345260077592,0.0620353723095366,0.037997764356392,0.0291619312869933,0.0277339738187436,0.0257879955342747,0.025886997646844,0.0255473411500789,0.024245453297234,commercial,8,summer,0,1,304.8990695,304.8990695,0
17,2021-08-04,0.0221211484062312,0.0230302964867204,0.0227989011751783,0.0219982610208964,0.0215816781440844,0.0215939524592951,0.0236617442040362,0.0255382538492146,0.0470432685019655,0.0524106642203498,0.0533015679524018,0.0517798965083473,0.051066664316528,0.0585192531150451,0.0608009974232546,0.0593418338017586,0.0604325710126548,0.0358019547948542,0.0285140771089689,0.0275752042663876,0.0249857493889533,0.0259636512963759,0.0243091940488077,0.0231719173801878,commercial,8,summer,0,1,304.8990695,304.8990695,0
17,2021-08-05,0.0229098985163213,0.0232817097846467,0.0216539339083126,0.0224803369103478,0.0225092128147747,0.0222952054939152,0.0238176480423832,0.0259287437428465,0.0503414788980723,0.0557434502625998,0.0560319935097234,0.0522207364600162,0.0488274785063632,0.0571013981318605,0.0560719425616389,0.0600055516927538,0.0582582008097051,0.0357165059852354,0.0288825696941018,0.0274719225436411,0.0247867578051718,0.0250507036543074,0.023749211289187,0.0228875851034938,commercial,8,summer,0,1,304.8990695,304.8990695,0
17,2021-08-06,0.0227101563129859,0.0231774094146434,0.02171969812338,0.0230920508196285,0.0219709049474027,0.0209202994747879,0.0235580820678015,0.02554648473619,0.0452034357256439,0.0561241456765337,0.0519292444239305,0.0488484203935458,0.0437424105580984,0.0497822577453808,0.0545848975413505,0.0562567991569168,0.0544426170132171,0.0324148110828182,0.0269321607658059,0.026161476528604,0.0238375698048737,0.0252813732749269,0.024482264977546,0.0229468271440656,commercial,8,summer,0,1,304.8990695,304.8990695,0
17,2021-08-07,0.0224543403441835,0.0220210303661008,0.0209946967152329,0.0215847514099811,0.0221429578963758,0.0207003500182908,0.0243529582261121,0.0236094698242609,0.02667122650854,0.0286397926496174,0.0291239705946468,0.0307024045112406,0.0252669498486119,0.0269385677374081,0.0257027243164177,0.0264083742853372,0.0252189710931013,0.0218646580306921,0.0218913817339731,0.0209958594979322,0.0206096774010627,0.021795446153611,0.0219663630066231,0.021406370602179,commercial,8,summer,1,1,304.8990695,304.8990695,0
17,2021-08-08,0.0219679964298951,0.0218618847287278,0.0207562981788074,0.0212559532445262,0.0212440678566896,0.020683614537695,0.0220618823043342,0.0222119658585612,0.0243474694739243,0.0267895955970873,0.0264314035263332,0.02598370735847,0.0269935880852416,0.0285978602508512,0.0294783321179051,0.0291088859758259,0.0287760796293782,0.0255644697649565,0.0236566315466408,0.0226524578890768,0.020427971188354,0.0217316104197591,0.0217289139285418,0.0205277113626604,commercial,8,summer,1,1,304.8990695,304.8990695,0
17,2021-08-09,0.0229343129949034,0.0228862032640439,0.0223238932538058,0.0225318203558776,0.0230418748044626,0.0225577651039242,0.0242667150906914,0.0258958975873853,0.0488100264356527,0.0541331065661203,0.0529399959693844,0.0536920770333434,0.0478565998282566,0.0577080453492169,0.0585211820912508,0.053914093698792,0.0532062407209046,0.0338867528643685,0.0277689126640535,0.026994581704237,0.0238739086824799,0.0253743154173256,0.0245814967151772,0.0229425382136937,commercial,8,summer,0,1,304.8990695,304.8990695,0
17,2021-08-10,0.0229538924886107,0.0231030818797229,0.0223486324135522,0.0226805317544929,0.0226680462062621,0.0231076709425185,0.0243809896237539,0.0264756059495029,0.0473427005922354,0.0544717695373028,0.0556329974947141,0.049915958860824,0.047257807413965,0.0600933320471685,0.0614587664628765,0.059962604485046,0.0568696722685718,0.0334464540236592,0.0292808961588607,0.0271169970347919,0.0246166339881042,0.0254956216602529,0.0246513021147732,0.0233115843108945,commercial,8,summer,0,1,304.8990695,304.8990695,0
17,2021-08-11,0.024373233211763,0.0249278404519458,0.0228626122699505,0.0236481763025632,0.023427958416631,0.0228753793610123,0.0244014395620478,0.0265887360183736,0.0496153177910874,0.0559616987222587,0.0587112226547424,0.0564424284012922,0.0526543181219693,0.0564158805465483,0.0567511294011115,0.0618390460503629,0.0564393603258503,0.0331270941473782,0.0285271620005171,0.027079014688812,0.0245346456765951,0.0255288848123897,0.025272589104099,0.023258655090886,commercial,8,summer,0,1,304.8990695,304.8990695,0
17,2021-08-12,0.0238945263232726,0.0250672323165982,0.0226687489812891,0.0242871389089735,0.0243424601267194,0.0236450134444036,0.0262675817327624,0.027550801288036,0.0467410133096235,0.0525477520771823,0.0567038096248174,0.0543800998283458,0.0507328827517185,0.0563985338579977,0.0525459246714092,0.0468900312287327,0.0475938719839999,0.0301020094249598,0.0258079347322512,0.0252465480876107,0.023340505174119,0.0233045608615507,0.0234822017197665,0.0217574936470038,commercial,8,summer,0,1,304.8990695,304.8990695,0
17,2021-08-13,0.0232910646561627,0.0237472090368115,0.0232387848946431,0.0215082554628401,0.020077180220111,0.0204035964950941,0.021839600467199,0.0233729090175185,0.038419365580582,0.0426912062101504,0.0411399899809999,0.0417464750952134,0.0391843186221475,0.042515303174849,0.0406133477299179,0.0422110940363033,0.0425339568360221,0.0264984217232236,0.0233752030065533,0.0234943861466508,0.0214297751010329,0.022053592570282,0.021196492186725,0.0207836399227311,commercial,8,summer,0,1,304.8990695,304.8990695,0
17,2021-08-14,0.0191004757865639,0.020097049493117,0.0185407247606691,0.0200486347930007,0.0201126417826726,0.0192380667313162,0.0229781366287059,0.0229445866084852,0.0256829556346181,0.0279753878933349,0.0289014456532386,0.0289365750645961,0.0242456097400912,0.0237487000156176,0.0236915330165311,0.0251524218795978,0.0239645688455405,0.0195939634979529,0.0218110438922484,0.021176400118662,0.0203566298143882,0.0218073309348801,0.0218262469220601,0.0205125779509121,commercial,8,summer,1,1,304.8990695,304.8990695,0
17,2021-08-15,0.0213307067413672,0.0218309721323591,0.0196842963220409,0.0211099979923012,0.0197878042204748,0.0185835180324884,0.0199964897566393,0.0204979998680738,0.0222469874619427,0.0241401380773959,0.024946233120639,0.0240342854900353,0.0261964445848393,0.0281809012265723,0.0290268104304674,0.0297754162526047,0.0283993836594932,0.0260175058005029,0.0224002007851927,0.022435667247532,0.0206354283550758,0.0223934312370828,0.0217622127092462,0.0210931201515049,commercial,8,summer,1,1,304.8990695,304.8990695,0
17,2021-08-16,0.0209415599177178,0.0212740604403504,0.0214957093738352,0.0215657201213116,0.0216512437853966,0.0218490351603708,0.0235175388147881,0.0250907799472498,0.0453715454412507,0.0525158103074919,0.0531238034589199,0.0516783050180307,0.0490517808339384,0.0575969076664662,0.0627043206486752,0.0634543955799882,0.0592373427203166,0.0336169222830333,0.0286459272486397,0.027311598400928,0.0242693965446626,0.0244645642994388,0.0235730283716879,0.0220525053989669,commercial,8,summer,0,1,304.8990695,304.8990695,0
17,2021-08-17,0.0213467799373901,0.0215867988811822,0.0207311434358375,0.0210844926594553,0.0209437333145268,0.0205166933393316,0.0220113777186093,0.0238802301448313,0.0464380394284737,0.053405909489195,0.0515128873368034,0.0509266729763581,0.0481057050399271,0.0575684796337879,0.063144406442546,0.0653917247781513,0.062653155455872,0.0371234409319338,0.0289157009704655,0.0273047232106005,0.0246494563738189,0.025030437219842,0.0241564943729898,0.0226941773032187,commercial,8,summer,0,1,304.8990695,304.8990695,0
17,2021-08-18,0.0228787218631219,0.0222156446530899,0.0213377498905401,0.0218233044161709,0.0224087159635814,0.0213517442814899,0.0234571205027228,0.0254555177755144,0.0459271191061165,0.0535975468357892,0.0524707598260094,0.0505641693038042,0.0481899048126514,0.0588043286648184,0.0640104375425699,0.0631366982221889,0.0630341123396678,0.03681727178228,0.028497738881752,0.027412014272354,0.024792121651904,0.0257522983781838,0.0248999272972878,0.0231203311919677,commercial,8,summer,0,1,304.8990695,304.8990695,0
17,2021-08-19,0.023121438828607,0.0241382383421489,0.0224008861703166,0.0233778168794957,0.0232642974154675,0.022991432885282,0.0237823452428738,0.0259866557701468,0.0430224096059365,0.0522024675944815,0.0534495549862797,0.0512355899274365,0.0499283279078123,0.0537598196337567,0.0524618141335703,0.0453886966961193,0.0450690371520828,0.0283012455908298,0.0239602852473296,0.0234728259910174,0.0216585050743808,0.0221982107315253,0.0208396102888932,0.0198307512309483,commercial,8,summer,0,1,304.8990695,304.8990695,0
17,2021-08-20,0.0191405698384105,0.019741902583309,0.0191149951948958,0.0194765083436598,0.0197885566568384,0.0193755451711768,0.0208712804471655,0.0219303814332155,0.0345995037934631,0.0373851726225745,0.0385286275145898,0.0386864765301901,0.0372974909429527,0.0402948340630139,0.0411247301540588,0.0411229714332495,0.040567507026384,0.0255820637262338,0.0219137491293746,0.0221312218512395,0.0210118416797779,0.0211230468120888,0.0202966544520046,0.0198048559743423,commercial,8,summer,0,1,304.8990695,304.8990695,0
17,2021-08-21,0.0178870676125184,0.0179079224871218,0.0175128180905355,0.0178408668166922,0.0178649689261754,0.0175128180905355,0.0201935679691013,0.0208981800674419,0.0233306355291543,0.0256630806516065,0.0266651981991826,0.0274727571217239,0.0233228589214907,0.0248654533868259,0.0258507985382584,0.0258826877930189,0.0249538144859076,0.0213420874707896,0.0204157320267237,0.0201650894369873,0.0190007191412517,0.020286403369216,0.0198738562870125,0.0199937816495365,commercial,8,summer,1,1,304.8990695,304.8990695,0
17,2021-08-22,0.0199302170597473,0.0198271687457645,0.0197567948008515,0.0192666986246046,0.0192158313412095,0.0182564508791489,0.0186684001071444,0.0193169126716566,0.0210470158834279,0.0217388312134334,0.0231280324044221,0.021245760253981,0.0229872119958917,0.0252177594798844,0.0286363408409765,0.0279906234102887,0.0267541883848124,0.0241210863845877,0.0207407025258518,0.0209661780511412,0.0211366076462927,0.0212669659023624,0.0213037790125817,0.0213162761813899,commercial,8,summer,1,1,304.8990695,304.8990695,0
17,2021-08-23,0.021404522357901,0.0213172744002125,0.0211719347466246,0.0210540000836044,0.020537810993425,0.0201755231123307,0.0220682416921164,0.0236832414197787,0.0431146172423691,0.0483142653940991,0.0503914118724578,0.0511890423190066,0.0460200584796953,0.0583002857005336,0.0604832231050262,0.0621836085287965,0.0565669798929979,0.0351345297574457,0.0270750164827692,0.0255848357861603,0.0231818424779512,0.0241017156719633,0.0232049866348297,0.021240299214476,commercial,8,summer,0,1,304.8990695,304.8990695,0
17,2021-08-24,0.0211615355085402,0.0213386813777625,0.0200191344814319,0.0208623743151734,0.0199166206080406,0.0199967819824802,0.0215223890368268,0.02370160550574,0.045655292102332,0.0500825407305471,0.0513406860054656,0.0484878057689208,0.0456706581734958,0.0549932797347698,0.0585281249734366,0.0632174156707649,0.0606497034687247,0.0364995881572564,0.0270272935772725,0.0260916487608839,0.0234142355864158,0.0237840227715286,0.023364110762549,0.0213455079882807,commercial,8,summer,0,1,304.8990695,304.8990695,0
17,2021-08-25,0.0206506563582174,0.0214957986004203,0.0198668514448547,0.0203673735632565,0.0198987751194057,0.0201127934132983,0.0215000131845645,0.0229032166359008,0.0470345981727625,0.0522608494000481,0.0508049318315589,0.0513274600234428,0.0465619757070489,0.0590977903918517,0.0658482725690517,0.0637429942601138,0.0610069627944499,0.0382530437265756,0.0284590305255912,0.0268965924359936,0.0238793520604687,0.02455901788496,0.0231046799071542,0.0220874108447764,commercial,8,summer,0,1,304.8990695,304.8990695,0
17,2021-08-26,0.0208279106621511,0.0206554693089237,0.0204447320506259,0.0207982616952041,0.0209370500868007,0.0209055110243888,0.0223198479997199,0.0245958398724122,0.0462366140880605,0.0546809763746419,0.0556883362248149,0.0513772014082178,0.0482696054828732,0.0580106714542555,0.0602528910434716,0.0645900499023041,0.0613040989083298,0.0362746939458189,0.0275233463044095,0.0266046672630122,0.0238106341986843,0.0239892196501668,0.0227072920508029,0.0220179445929806,commercial,8,summer,0,1,304.8990695,304.8990695,0
17,2021-08-27,0.020672563419417,0.0214308005376901,0.0209428010813247,0.0215387301493457,0.0211346919869377,0.0207547680516312,0.0227687653688461,0.0239432722221849,0.04264539348801,0.0489223525619741,0.0511467048882459,0.0491327357663692,0.0475534579138294,0.0546832332418377,0.0521793486837146,0.0546582978755681,0.0538881836332649,0.0317414330925637,0.0273298902216428,0.0257837918111693,0.0236483178074046,0.0236731323174338,0.0228576699946108,0.0218629454546677,commercial,8,summer,0,1,304.8990695,304.8990695,0
17,2021-08-28,0.0198814846447815,0.0202897981948547,0.0197541775908573,0.0199305178236981,0.0199049002393756,0.0196474179926655,0.022141972628052,0.0224872635866158,0.0277860457604211,0.0301171622132777,0.0297665704095279,0.0297524268384147,0.0269361249296833,0.0264173475895263,0.0277284512492374,0.0282544261150905,0.0280813431058836,0.0221790345009339,0.0225977871918359,0.0210739769273529,0.0195357434471962,0.0200027782166546,0.0196860668723635,0.0197840645751762,commercial,8,summer,1,1,304.8990695,304.8990695,0
17,2021-08-29,0.0202727586610153,0.0202686489441452,0.01932629545415,0.0197870002205249,0.0197041806884282,0.0189633809740842,0.0205078080781968,0.0206903233635352,0.020905124888811,0.0232127804746423,0.0238093506075762,0.0246283227674472,0.026655909687963,0.0297475527647243,0.0326711119931342,0.0346556264486124,0.0307996123567186,0.0260326279267298,0.0225651271538091,0.0216242804640392,0.0194692063835062,0.0209815098118939,0.0207937798051642,0.0192953168190679,commercial,8,summer,1,1,304.8990695,304.8990695,0
17,2021-08-30,0.0222801029884556,0.0227752234765346,0.0202004166521006,0.0222834731079013,0.0216191627281278,0.020316872877363,0.0216427152943159,0.0236490237802556,0.0415538682576123,0.0473017924464251,0.0507734410226987,0.0504319801262579,0.0500220574506715,0.0625260048453701,0.0618876287843152,0.0642729497875339,0.0624158828557909,0.0350191444931226,0.0283154554786062,0.0267568005773381,0.0240124946394602,0.0235800188799873,0.023066681718072,0.0218814584097097,commercial,8,summer,0,1,304.8990695,304.8990695,0
17,2021-08-31,0.0207267550870031,0.0206122960663502,0.0205771020253216,0.0207979487900939,0.0208249651670842,0.0210334690423236,0.0221525802430934,0.0239381754096391,0.0438584944244828,0.0477079164095389,0.0536734624895492,0.0517871387560319,0.0466939734620072,0.0518978478281443,0.0577023610266162,0.0531708021115433,0.0506981307053415,0.0319223642724696,0.0253947117504358,0.0245604252945603,0.0234694177074712,0.0227939761046185,0.0215106775302865,0.0208759811817786,commercial,8,summer,0,1,304.8990695,304.8990695,0
17,2021-09-01,0.0192261442078774,0.0191502047714158,0.0191037841954997,0.0191037841954997,0.0191037841954997,0.0195037841954525,0.0206208291567193,0.0221863319511263,0.0391965123281296,0.0423847916325971,0.042495884719356,0.0443196467409604,0.0399906041634749,0.044553457902083,0.0439117481549031,0.0464257626380664,0.0472425264574601,0.0293684305174593,0.0234977009325628,0.0235106166518624,0.0224261321873587,0.0217470684089571,0.021171956810143,0.0205968901571752,commercial,9,autumn,0,1,304.8990695,304.8990695,0
17,2021-09-02,0.0196901233475043,0.020040068055248,0.0201585173156681,0.019970205460345,0.019539076839034,0.020496316547811,0.0219897037709232,0.0232962351291874,0.0408738050972823,0.0445142274942315,0.0460658513709653,0.0487267215053023,0.046014359354778,0.0549215991319185,0.0552541055313045,0.0513766222864397,0.0506799401651671,0.0311064492560807,0.0245713219237625,0.0240065009041981,0.0232439776722908,0.0227230151135017,0.0223569593427949,0.0215948434789533,commercial,9,autumn,0,1,304.8990695,304.8990695,0
17,2021-09-03,0.0204029240371954,0.0207432924015959,0.0204894173241204,0.0202269494898163,0.0202691162210087,0.0201312288314426,0.0215442145434574,0.0228366340537068,0.039308107630686,0.0452276942489225,0.0406778615274892,0.0440399831521297,0.0428498292340671,0.0483622223101106,0.0553958546807733,0.0626666692465075,0.0573452533917569,0.0336551851197103,0.0256324601207931,0.0247285011480167,0.0232784297135405,0.0234197755031824,0.0220377970291784,0.0212052715515881,commercial,9,autumn,0,1,304.8990695,304.8990695,0
17,2021-09-04,0.0190763959804619,0.0189893732171986,0.0194007293557272,0.0191814870908654,0.0192929093335194,0.0192912420049279,0.0216057446583708,0.0215494641513095,0.0261936013746491,0.0286098957059521,0.0279544032286765,0.0291543744256076,0.0267827056527718,0.0299070022844609,0.0308538512825841,0.027883694134102,0.0256984276986734,0.0195637320770078,0.0208058210314519,0.0195629584013283,0.019237913705089,0.0189683685065801,0.0199502002111292,0.0197810415167708,commercial,9,autumn,1,1,304.8990695,304.8990695,0
17,2021-09-05,0.0202054591618583,0.0203415785644019,0.0201982987002215,0.020366429058484,0.0193740627636036,0.019941305214481,0.0197289118357057,0.0205953564334019,0.0215388797613528,0.0240908936164105,0.0235618936589614,0.0243326305367178,0.0273837177748184,0.0292436838925943,0.0274912079121,0.0303663850159153,0.027722094443557,0.023901103608321,0.0215982304721745,0.0208552526088544,0.0198894670706668,0.0193118164266624,0.0201957187637436,0.0197485403379259,commercial,9,autumn,1,1,304.8990695,304.8990695,0
17,2021-09-06,0.0207465892186975,0.0203652994392876,0.0207165698717511,0.0203361670788665,0.0203355007570898,0.0211610888305697,0.0219787702573611,0.0242002242188421,0.0428981521403549,0.0479465244525256,0.0491918484361021,0.043418200819169,0.0492651231035308,0.0587933236542673,0.0596134257734838,0.0595529920885604,0.0586820188006108,0.0331267843581034,0.0269940093196296,0.025525005771526,0.0232251255883924,0.0237258807798782,0.0218358252864853,0.0211632754793227,commercial,9,autumn,0,1,304.8990695,304.8990695,0
17,2021-09-07,0.0200277225206352,0.0194733603619622,0.0197897493007295,0.0200232582751175,0.0201219995199318,0.0207584925239568,0.0224166590005114,0.023754884606798,0.0427745616489519,0.0477810875849754,0.0486275830635137,0.0497266535713576,0.0494737472225886,0.0604324706783147,0.061634723870978,0.0644931757545307,0.0607519651249262,0.0339757889631225,0.0269062801610546,0.0253116105942564,0.0235443729286113,0.0234530012801924,0.0226058676206637,0.021827972710841,commercial,9,autumn,0,1,304.8990695,304.8990695,0
17,2021-09-08,0.0202277282265248,0.0207153978776072,0.0204563229592333,0.0204175099631456,0.0204239218071926,0.0208647884314239,0.022055363923562,0.0234003951119118,0.0429865752440841,0.0485018052990187,0.0496887170646651,0.0518959832564406,0.0508429420450904,0.0594004327506468,0.0615970996505856,0.0625378806842773,0.0542539858389181,0.0335282838878165,0.0257724717224049,0.0249551051252934,0.0237713247566714,0.0232719245696958,0.0223166098057478,0.0218622389601975,commercial,9,autumn,0,1,304.8990695,304.8990695,0
17,2021-09-09,0.0205889947081717,0.0207767424915369,0.0202694761762217,0.0199009043102429,0.0197562661856051,0.0199939322685482,0.0211579421703038,0.0232393879532728,0.0422634132045894,0.0487944336503203,0.0486202975052129,0.0488391593297648,0.0491389646143309,0.0577345303158269,0.0614968083962115,0.0633418681595011,0.0608128539589017,0.0333024269713463,0.0264080747602011,0.0253891313974288,0.0240469507923582,0.0243863369295486,0.0223627750904895,0.0221144216831605,commercial,9,autumn,0,1,304.8990695,304.8990695,0
17,2021-09-10,0.0210061909825009,0.0208281902729528,0.0205258307402389,0.0206386426290617,0.0207524548160627,0.0204105257605134,0.0210484346783594,0.0230934896302694,0.0412168425046032,0.0450984672279338,0.0477709783696036,0.0507688453367088,0.0490442021772416,0.0586924185112998,0.0577941768565166,0.0622273217622449,0.0583409968012489,0.0332311238635655,0.026990074033417,0.0246334593132292,0.0235195776856377,0.0231874958184052,0.0222910238661817,0.0218839389533917,commercial,9,autumn,0,1,304.8990695,304.8990695,0
17,2021-09-11,0.0185106708871799,0.0179685252429266,0.0181983385885506,0.0179654047091874,0.0178149326197632,0.0178592481361543,0.0204708364063135,0.020683509681938,0.0248874154445573,0.0266225236024563,0.0277922739968661,0.0275118064457389,0.0267274763088663,0.0286562154794033,0.026362052384046,0.0267993526946162,0.0265712489345031,0.0215514939950603,0.021159255966036,0.0191840855495634,0.0186458929976289,0.0192002244173916,0.0192159829447899,0.0191937394872825,commercial,9,autumn,1,1,304.8990695,304.8990695,0
17,2021-09-12,0.0193874653994537,0.0189557041651179,0.0189678535950113,0.0188096443875494,0.0183200714442513,0.0182381461035127,0.0188328432305519,0.0188328432305519,0.0192971226765584,0.0201043917619175,0.0216884571820116,0.0213277133472146,0.0244351774846881,0.0279119888478558,0.0303550054791354,0.0317298470529324,0.0281720216128482,0.02279642631554,0.0205169950793577,0.0189271371583859,0.0185683897020246,0.0187067992916237,0.0187501112930652,0.0187929925211752,commercial,9,autumn,1,1,304.8990695,304.8990695,0
17,2021-09-13,0.0200415210631574,0.020036001298021,0.0200247757146142,0.0195449583329577,0.0195139431699513,0.0195950871211311,0.0207080200143164,0.0226181673944444,0.0403348473296333,0.0442467083899328,0.0465756574842873,0.0463901998920875,0.0453506156878697,0.0573470479684079,0.0602711811538369,0.0610703781255895,0.0564602419549821,0.0326135816505831,0.0259221112371714,0.0244460406922818,0.0231016651617803,0.0229201186692426,0.0220680905649035,0.0211192000167342,commercial,9,autumn,0,1,304.8990695,304.8990695,0
17,2021-09-14,0.0196407319129721,0.0195427302948597,0.0193540778568756,0.0191191816120513,0.0191191816120513,0.0194774471127861,0.0206888439963822,0.0227318653882923,0.0425066074542513,0.0465420692961492,0.0475541498902504,0.0485185478452977,0.0468083241254085,0.0599644979842716,0.0597336521091627,0.0593729194355561,0.0579328380726504,0.0296641347860261,0.0248596704089672,0.0244925623211196,0.0229674807122023,0.0224266638253905,0.0214840833474182,0.0208029337004211,commercial,9,autumn,0,1,304.8990695,304.8990695,0
17,2021-09-15,0.0196787646752817,0.0195716790284882,0.019560526944915,0.0198689701291246,0.0199337801727434,0.0191716672804261,0.0206984410392788,0.0227454710245404,0.0404783275290636,0.0474745116165965,0.0500537373758117,0.050255583087604,0.0486797836716094,0.0581629144336557,0.0553843948563733,0.0558995258613987,0.0544993646158728,0.0320046197231432,0.0266038998815263,0.025103473443742,0.0231909021392305,0.0233321218666937,0.0218369912795398,0.0216189703356436,commercial,9,autumn,0,1,304.8990695,304.8990695,0
17,2021-09-16,0.0201274989338064,0.0206409485825177,0.0205161568886519,0.0203886744761397,0.0203822253915009,0.0205484347876365,0.0215908754811545,0.0233015208550001,0.042316411404785,0.0463295126533576,0.0491172369453273,0.0500170517991502,0.047767313377399,0.0580227755710364,0.0507711410463878,0.0583185330320239,0.0569054902222659,0.0324936978780126,0.0263881479368152,0.0248822998859504,0.0228073018832348,0.0227245976659226,0.0217793702159351,0.021166707083361,commercial,9,autumn,0,1,304.8990695,304.8990695,0
17,2021-09-17,0.019540950260497,0.0199752512873041,0.0199838548736663,0.0201082069433937,0.0202481031995133,0.0201775403869494,0.0215818790690381,0.0232823243164566,0.0412618697900995,0.0450603464489715,0.0479005720996938,0.0482689911878258,0.048626436876291,0.0593222151549268,0.0601842611465023,0.0625176544894603,0.0525492497026811,0.0337598679901738,0.0268210410485421,0.0260559286599394,0.0235786836459637,0.0238525678511166,0.0229813845278393,0.0219205539375951,commercial,9,autumn,0,1,304.8990695,304.8990695,0
17,2021-09-18,0.0188905744434742,0.0190574365788749,0.0191615280547388,0.0191151742099391,0.0190836896608908,0.0189850668085222,0.0209851309101651,0.0210483922829126,0.0261787312094832,0.0277214005574398,0.028777147761154,0.0285865117096156,0.0276363415493509,0.0302940328633424,0.0294927618322586,0.0303471888406472,0.0277725902679262,0.0213645812873597,0.0193799385106135,0.0182887865554417,0.0179808783783003,0.0182887865554417,0.0181235012648541,0.0183544338170191,commercial,9,autumn,1,1,304.8990695,304.8990695,0
17,2021-09-19,0.0182872184213435,0.0182787526813792,0.0183482034081123,0.0179654047091874,0.0181998179501628,0.0182639130294025,0.0205886288436696,0.0206219470183322,0.0245700527250207,0.0270296702930304,0.0268014686849754,0.0275406370412237,0.0251113507583198,0.0279648538506459,0.0302810128364011,0.0290040277438146,0.0259707048887153,0.0216855748247299,0.0183862892439512,0.0175385568927845,0.0176437509995312,0.0179947671575232,0.0179880058478761,0.01757782971228,commercial,9,autumn,1,1,304.8990695,304.8990695,0
17,2021-09-20,0.0176725111534743,0.0176725111534743,0.017487437497577,0.0175385568927845,0.0175385568927845,0.0174500452349688,0.0200230175888027,0.0200230175888027,0.0228323690334714,0.0228323690334714,0.0229574490805273,0.0228636135496586,0.0199434114102791,0.0199902781845599,0.0197209454917736,0.0200545883603808,0.0200545883603808,0.0184260762876904,0.0185874236056721,0.0178149326197632,0.01757782971228,0.0176725111534743,0.0176725111534743,0.0175128180905355,commercial,9,autumn,0,1,304.8990695,304.8990695,0
17,2021-09-21,0.0174134768457287,0.0174134768457287,0.0174134768457287,0.0168179890130123,0.0166829761712402,0.0166809650367781,0.0189491983628727,0.0190035812675923,0.0220565218658053,0.0226828434198339,0.0229574831748942,0.0231226989989546,0.0202363561075425,0.0202832484525984,0.0201451304294305,0.0203631910998386,0.0202050945441719,0.0187091931437256,0.0187378956950963,0.0179654047091874,0.0177569744153862,0.0179654047091874,0.0178149326197632,0.0176725111534743,commercial,9,autumn,0,1,304.8990695,304.8990695,0
17,2021-09-22,0.0186923337956485,0.0186923337956485,0.0182358659569821,0.0174030052107543,0.0172716041934399,0.017655231231413,0.017863785924412,0.0203373315080105,0.0329448470583838,0.0332218620889907,0.0335978568118121,0.0353934075328762,0.0355944760412394,0.0412381181293993,0.0439776837607301,0.0466889739654442,0.0438818667901991,0.0255103355535828,0.0223787013735536,0.0221267684069833,0.0212312688109805,0.0213274321143438,0.0205906534289733,0.019911735594495,commercial,9,autumn,0,1,304.8990695,304.8990695,0
17,2021-09-23,0.0189687095226271,0.0188262880563383,0.0186794198186353,0.0186923337956485,0.0186923337956485,0.0189793510117402,0.0198874221075619,0.0215298379488696,0.0332119517072564,0.0336249193955479,0.0348580459585676,0.0355422213757553,0.0348585027425455,0.0398030595106795,0.0362939537925756,0.0382441852960704,0.0391277082699918,0.0248475576719188,0.0222207878143946,0.0221268991187745,0.0211754413150161,0.0213275018272991,0.0202978034438574,0.0198450127446408,commercial,9,autumn,0,1,304.8990695,304.8990695,0
17,2021-09-24,0.0188262880563383,0.0186923337956485,0.0186038221378328,0.0186923337956485,0.0186923337956485,0.0189793510117402,0.020070127006669,0.0215058962685795,0.0331775641082211,0.033287533914769,0.0333446002907716,0.0351419606221526,0.0333613199071355,0.0384997632201986,0.0373380504078989,0.0372442990218756,0.0372007527285438,0.0245566809189711,0.0216690448669876,0.0217001833852658,0.0209905173530655,0.0210346787157962,0.0204402689377776,0.0198582357903351,commercial,9,autumn,0,1,304.8990695,304.8990695,0
17,2021-09-25,0.0176725111534743,0.0176725111534743,0.0175128180905355,0.0176725111534743,0.0176725111534743,0.0174748825285513,0.020195269314003,0.0202579325771567,0.0230538087008915,0.0233578964403992,0.0233265648088224,0.0233078131879089,0.0203054156437746,0.0202897498279862,0.0198745722537664,0.0201957549332557,0.0200689992827553,0.0184468023906449,0.0185546628499021,0.0176725111534743,0.0174500452349688,0.0175385568927845,0.0174134768457287,0.0174134768457287,commercial,9,autumn,1,1,304.8990695,304.8990695,0
17,2021-09-26,0.0174134768457287,0.0174134768457287,0.0174134768457287,0.0174134768457287,0.0174134768457287,0.017487437497577,0.0182813831867501,0.0184064632338059,0.0184194659608544,0.0186828389607845,0.0188333110502087,0.0188339424926903,0.0191952404318301,0.0197234923563543,0.0214102852812196,0.0216796562696113,0.0210007130495759,0.0200409443089762,0.0190622273584947,0.0186195533759136,0.0179620156579809,0.0181733229478561,0.0181735133775646,0.0177310734285348,commercial,9,autumn,1,1,304.8990695,304.8990695,0
17,2021-09-27,0.0189687095226271,0.0188262880563383,0.0188527727196146,0.0188262880563383,0.0188262880563383,0.0191716672804261,0.0203293498861023,0.0218972771692454,0.0360909278357243,0.0381888799139089,0.0414231022865865,0.0441868013424182,0.0472565033415718,0.0511437726878467,0.0524769794475528,0.0526000452874335,0.0507929021121022,0.0298138267723021,0.0243654425182295,0.0234770575354731,0.0222159468614457,0.0220896530914418,0.0211495756236945,0.0202553019946551,commercial,9,autumn,0,1,304.8990695,304.8990695,0
17,2021-09-28,0.0196092541564118,0.0201248258998522,0.018936682994983,0.0197022205082946,0.019221976773169,0.0192543067292719,0.0204718353661166,0.0220398723870745,0.0363044079855342,0.040134172606299,0.0426898790619765,0.0463256487394111,0.0464830124118045,0.0532420869801326,0.0512737173002441,0.0489170125841116,0.0468231128709255,0.030077370504756,0.0255816951513504,0.0247655036320572,0.0227162536280206,0.0233391866328098,0.0220182641399803,0.0205531215516255,commercial,9,autumn,0,1,304.8990695,304.8990695,0
17,2021-09-29,0.0194721195963,0.0201667833206168,0.0195059079138274,0.0202058867832231,0.0202105258223146,0.0202719489059919,0.0204718999266355,0.0223662661935342,0.0373652938522826,0.0391216719920066,0.039996638729462,0.0431362974184584,0.0418622789964768,0.0492430285158394,0.047505615725424,0.04356794241158,0.0448304739531996,0.0280294937408018,0.0228533922428665,0.0228331983724147,0.0220433945236533,0.0217335153165124,0.0212343711350431,0.0207868996213742,commercial,9,autumn,0,1,304.8990695,304.8990695,0
17,2021-09-30,0.0199529074585241,0.0196358966218007,0.019877527386237,0.0195948026935589,0.0195063775671156,0.0202560038658932,0.0216061652844529,0.0231735036540102,0.0397773898953103,0.0431559217783699,0.0466865552471056,0.0487993203108898,0.0468590304541573,0.0531754285337017,0.0533189255811508,0.050470797766989,0.044390143061875,0.0295969528270098,0.023985021954231,0.0234646423375023,0.0225010859637616,0.0222749076317408,0.0212655601325591,0.0208094840766953,commercial,9,autumn,0,1,304.8990695,304.8990695,0
17,2021-10-01,0.0182918027140349,0.0180752974700667,0.0179808783783003,0.0179808783783003,0.0179500072926357,0.0179654047091874,0.0205753400090063,0.0205753400090063,0.0234786621234633,0.0245038543871902,0.0256635747833344,0.0282768642216563,0.0287256063450066,0.0339851874317495,0.0351658167045952,0.0347955003425355,0.0310707857124991,0.0232327418496429,0.0219482132398341,0.0208167088942963,0.0190094099257578,0.0198404067390623,0.0201900413425373,0.0190270160992582,commercial,10,autumn,0,1,304.8990695,304.8990695,0
17,2021-10-02,0.0198549172409715,0.0201904881359741,0.0192148340866313,0.0196517334270289,0.0191785361602449,0.019433788415529,0.0211341732617278,0.0216306102446839,0.0249591475892709,0.0261752179434806,0.0275805993151831,0.0284653346768428,0.0297385380927866,0.0326269559765148,0.0344631946840205,0.0335984191086184,0.0300932307678825,0.0236662304475843,0.0220799178281402,0.0201653017372535,0.0193711934537634,0.0195295209834509,0.0195962949809835,0.0188828288665459,commercial,10,autumn,1,1,304.8990695,304.8990695,0
17,2021-10-03,0.0200802254648511,0.019850505095442,0.0195625134419874,0.0192711565167287,0.0191682666472737,0.0179770994066677,0.020650518348578,0.0210130857108483,0.0237657816540873,0.0249019036796879,0.0264307959701873,0.0272612589668711,0.0279542742019985,0.0321837826384781,0.0331006245652111,0.0332744692733566,0.0299516669164362,0.0226400473928471,0.0204194354161696,0.0189304731669085,0.0179042768582154,0.0186512928772177,0.0187270964312028,0.0177426892979222,commercial,10,autumn,1,1,304.8990695,304.8990695,0
17,2021-10-04,0.0182437372300779,0.0182526958079209,0.0176863790744223,0.0181673032006874,0.0181926721394732,0.0176314171146684,0.0205213303111006,0.0206039738602403,0.0235621493183517,0.0246471883320274,0.0253900372329497,0.0279734447281483,0.0263684334954922,0.0291705445393031,0.0316078663673157,0.0308512186052297,0.0279755698596692,0.0220341913721439,0.0200315408529703,0.0188101554136504,0.017994590988605,0.0186930750910888,0.0187515319859224,0.0177824149001893,commercial,10,autumn,0,1,304.8990695,304.8990695,0
17,2021-10-05,0.0182495056094855,0.0182535870634043,0.0176725111534743,0.0181409186126662,0.0178471561038786,0.01757782971228,0.0205390242491774,0.0206124420950376,0.0238133566324541,0.02472411744442,0.0261237443558706,0.0283368640315227,0.0265879958562982,0.0298541365857919,0.0328716546672515,0.0321074902059439,0.0287706033075371,0.0206916309222724,0.0202714600417193,0.0188638003514562,0.018091292773653,0.018545883202852,0.0183598021398705,0.0179654047091874,commercial,10,autumn,0,1,304.8990695,304.8990695,0
17,2021-10-06,0.0181235012648541,0.0179654047091874,0.0179753588167991,0.0179654047091874,0.0179654047091874,0.0178296245072137,0.0205755313942081,0.0205755313942081,0.0233694854223252,0.0237829286377596,0.0249806604794642,0.0251578246351131,0.0235595617451248,0.0233156949540129,0.0218480494979854,0.0215376889359028,0.0202056463917517,0.0182490428059587,0.0184450021393832,0.0176725111534743,0.0174500452349688,0.0176725111534743,0.0176725111534743,0.0174134768457287,commercial,10,autumn,0,1,304.8990695,304.8990695,0
17,2021-10-07,0.0175385568927845,0.0174134768457287,0.0174134768457287,0.0174134768457287,0.0174134768457287,0.0174134768457287,0.0201487225687664,0.0201487225687664,0.0228572808240149,0.0230920282741249,0.0233915523276664,0.0243907717882269,0.0235179214060056,0.0241084092416309,0.0235391568329845,0.0248027606489144,0.0240113557517335,0.0194410662420165,0.0191036814165488,0.0182764084220074,0.0178149326197632,0.0181580456445859,0.0181881390187072,0.0177426892979222,commercial,10,autumn,0,1,304.8990695,304.8990695,0
17,2021-10-08,0.0189824734883249,0.018989202663405,0.0188125048153452,0.0189946535941401,0.0189920889864826,0.0191448731722239,0.0203300809071817,0.0221599589721626,0.0360251285624669,0.0378195837461201,0.0423451865447539,0.0458809017524679,0.0485729373051151,0.0604071425004447,0.0558711123347941,0.0551055033418362,0.052089848461392,0.0302148754655103,0.0246653182070471,0.0240899679732781,0.0218771143835538,0.021790599847285,0.0208326748994198,0.0200524046548312,commercial,10,autumn,0,1,304.8990695,304.8990695,0
17,2021-10-09,0.0182580040755119,0.0182612087034114,0.0177284867894687,0.0178509411983194,0.0176725111534743,0.0176314171146684,0.0203301498602112,0.0203933424293753,0.02335034970512,0.0240099647448539,0.0251110428085625,0.0272300571953766,0.0256952760583504,0.0275789117516847,0.0271187116550555,0.0283036848943289,0.0244625997378049,0.0192608670266201,0.0190114014461753,0.0181235012648541,0.017800321246443,0.0179654047091874,0.0178149326197632,0.0177284867894687,commercial,10,autumn,1,1,304.8990695,304.8990695,0
17,2021-10-10,0.0178382631397075,0.0178626571157995,0.0176863790744223,0.0176725111534743,0.0178149326197632,0.0176587279124812,0.0185409504681865,0.0185409504681865,0.0185687705777634,0.0188338440238995,0.0192284038670178,0.0207872374208691,0.0229552614745779,0.0250870731163843,0.027506187335991,0.0258983377569841,0.0238482467608572,0.0206280070348237,0.0191423245012685,0.0183379164704666,0.0178934960399018,0.0187191709178122,0.0187810766105144,0.0177423586359003,commercial,10,autumn,1,1,304.8990695,304.8990695,0
17,2021-10-11,0.0198668825673301,0.0195099398446491,0.0187582268628906,0.0194297630256343,0.0190738956017627,0.0191184275970339,0.0206533120665565,0.0226622103896853,0.0369491558093021,0.0386100901802389,0.0423165481058073,0.0483831209473648,0.0480015605080797,0.0586962311227476,0.0628439595636187,0.0617779571154672,0.0587910184404447,0.0302436885372531,0.0260740642022466,0.0255061262351547,0.0231180767831816,0.0234407454185577,0.0225257897044703,0.0212085774621599,commercial,10,autumn,0,1,304.8990695,304.8990695,0
17,2021-10-12,0.0207257202525101,0.0210950777514732,0.0204557558793644,0.0206438845050834,0.0210226574314004,0.0199228717511893,0.0220090905684008,0.023206776948925,0.0389785723749539,0.0417641586645594,0.0462243128791259,0.0512518480255274,0.051941628344153,0.0619745487459211,0.0627951147871282,0.0640638280010163,0.0591586702185642,0.0318287013586836,0.0259023297797181,0.0252575939261165,0.0234853776116984,0.0236734996409439,0.0227382371870751,0.0214264461455802,commercial,10,autumn,0,1,304.8990695,304.8990695,0
17,2021-10-13,0.0211174499995649,0.0213558714831975,0.020353658832331,0.0185672537485926,0.0186923337956485,0.0189672537485455,0.0200713944474195,0.0216411712203845,0.0356281787494945,0.0370071452497529,0.039366334251459,0.0428441383495405,0.0421165619551566,0.048742797151866,0.0463943689128776,0.0449098814954731,0.0447376184632889,0.0280778864887273,0.0231377944846267,0.0226959197914657,0.0212014452466647,0.0211785486858,0.0204411742525994,0.0199676904672992,commercial,10,autumn,0,1,304.8990695,304.8990695,0
17,2021-10-14,0.0190662827141937,0.0189687095226271,0.0187448731722711,0.0188262880563383,0.0188262880563383,0.0189672537485455,0.0201965448856797,0.0217664423292807,0.0345094430498627,0.0357667166699248,0.0360443144754697,0.0382664906859335,0.0384747204686209,0.0452493998450511,0.0439735221665641,0.0450961202509004,0.0421995872053393,0.0258226868931022,0.0222249862263108,0.0219794258950048,0.0211927079503725,0.0211786291328906,0.020441224532031,0.0198858116323352,commercial,10,autumn,0,1,304.8990695,304.8990695,0
17,2021-10-15,0.0188262880563383,0.0188262880563383,0.0186286594314153,0.0186923337956485,0.0186923337956485,0.0189672537485455,0.020196615502292,0.0217666340029428,0.0331825993139739,0.035215188455118,0.0368856585541648,0.0398865630653132,0.0410315843361121,0.0477046937416276,0.0499249136072382,0.0489516693365553,0.0436252860862844,0.02599342867663,0.0222251980761478,0.0221300493057411,0.0212068316364886,0.0211787098375904,0.0204412749724684,0.0198199690055305,commercial,10,autumn,0,1,304.8990695,304.8990695,0
17,2021-10-16,0.0176725111534743,0.0176725111534743,0.0175256429157713,0.0175385568927845,0.0175385568927845,0.0174134768457287,0.0200716062763441,0.0201350792591532,0.0228111648002676,0.0233621474685901,0.0234728324434744,0.0235080412794181,0.0205967858313208,0.022200823837272,0.02089398512538,0.0218936772401258,0.0205257452819197,0.0188182552649355,0.0190070699706788,0.0179654047091874,0.0176178903776094,0.0178149326197632,0.0176725111534743,0.017487437497577,commercial,10,autumn,1,1,304.8990695,304.8990695,0
17,2021-10-17,0.0175385568927845,0.0175385568927845,0.0174134768457287,0.0175385568927845,0.0174134768457287,0.0174134768457287,0.0182821975585174,0.0182821975585174,0.0182821975585174,0.018541231866263,0.0186836533325519,0.0186148447973601,0.0190239787560846,0.0191904026285228,0.0205153837881329,0.0220024007795984,0.0200192802914813,0.0188187280054244,0.0179654047091874,0.0178149326197632,0.0177003312630512,0.0178149326197632,0.0176725111534743,0.017551559619833,commercial,10,autumn,1,1,304.8990695,304.8990695,0
17,2021-10-18,0.0188262880563383,0.0186923337956485,0.0186286594314153,0.0186923337956485,0.0184826637459948,0.0189915406061811,0.0192348082980461,0.0208138623678694,0.0330497515486437,0.0334903642539004,0.0341391600411711,0.0367124233309972,0.0396220980440313,0.0464516661524734,0.0471998827721861,0.0498782666290519,0.0456788763258663,0.0253173180503689,0.0222258370547407,0.0219800336295975,0.0212213849479517,0.0211789532580068,0.02016505138325,0.0197439825592031,commercial,10,autumn,0,1,304.8990695,304.8990695,0
17,2021-10-19,0.0188262880563383,0.0188262880563383,0.0185915406062282,0.0186923337956485,0.0185561815717704,0.0186857202269563,0.0193192547610174,0.0208941114154258,0.033062607249106,0.0335334162003417,0.0346617630524255,0.0376821281761042,0.0406069039711654,0.0495182173564212,0.0508544202445452,0.0503157915935872,0.0467212527551802,0.0258426217453706,0.0222260509803774,0.0219801864336237,0.0211116407797451,0.0211790347534874,0.0202990565786152,0.0197816980030432,commercial,10,autumn,0,1,304.8990695,304.8990695,0
17,2021-10-20,0.0188262880563383,0.0186923337956485,0.0185915406062282,0.0186923337956485,0.0185672537485926,0.0189672537485455,0.020071891185494,0.0216425195094439,0.0333962729186378,0.0348038658165777,0.0359631357151432,0.0388530287906146,0.0415020263865705,0.0495065840177961,0.0515667733458892,0.0498783470770417,0.0461718738262574,0.0260980900541303,0.0220757931774971,0.0219803394954408,0.0209822468183291,0.0209027406594779,0.0201651533385311,0.0196951430515159,commercial,10,autumn,0,1,304.8990695,304.8990695,0
17,2021-10-21,0.0185672537485926,0.0185672537485926,0.0185672537485926,0.0185672537485926,0.0185672537485926,0.0189672537485455,0.0200719627134914,0.0216427136568655,0.0331847356052501,0.0339413029638423,0.0353794817813332,0.038330176028526,0.041203584304647,0.0482672377922871,0.0496981758937187,0.0479655848597393,0.0451304310525018,0.025538319313737,0.0219335862952005,0.0218380713034322,0.020945301703993,0.0209028224057607,0.0201652044299578,0.0196951941429426,commercial,10,autumn,0,1,304.8990695,304.8990695,0
17,2021-10-22,0.0185672537485926,0.0185672537485926,0.0185672537485926,0.0185672537485926,0.0185672537485926,0.0189672537485455,0.020072034319456,0.0216429080159121,0.0331850936350728,0.0335795728063966,0.0350910645331104,0.0389951828454836,0.0403614595211263,0.0467732054777802,0.046069888053362,0.0449085469629695,0.0432867646894907,0.0248323966236889,0.0219338011130941,0.021704270484095,0.0207447051037679,0.0209029042411487,0.0201652555770754,0.0196952452900602,commercial,10,autumn,0,1,304.8990695,304.8990695,0
17,2021-10-23,0.0174134768457287,0.0174134768457287,0.0174134768457287,0.0174134768457287,0.0174134768457287,0.0174134768457287,0.0200721059821822,0.0201358645111844,0.0230089744848553,0.0232296923254144,0.023474188787892,0.0234799891125172,0.0207120319408425,0.02154284977556,0.0235686615812868,0.0223773890364523,0.0206990571284534,0.0186554101364624,0.0186990010314259,0.0176725111534743,0.0175000828178616,0.0176725111534743,0.0176725111534743,0.017462418308697,commercial,10,autumn,1,1,304.8990695,304.8990695,0
17,2021-10-24,0.0175385568927845,0.0175385568927845,0.0174255741089234,0.0175385568927845,0.0175385568927845,0.0174255741089234,0.0184075635481293,0.0184075635481293,0.018306770358709,0.0185415178088191,0.0186839392751079,0.0187158390248278,0.0190244076699187,0.0197184594527075,0.0190325278844143,0.0196638317044599,0.0191577932107865,0.0186693279017877,0.0179654047091874,0.0178149326197632,0.0175646506942171,0.0178149326197632,0.0176725111534743,0.017551559619833,commercial,10,autumn,1,1,304.8990695,304.8990695,0
17,2021-10-25,0.0186923337956485,0.0186923337956485,0.0185672537485926,0.0185672537485926,0.0185672537485926,0.0189672537485455,0.0200722493930202,0.0216434917870149,0.0331861690028937,0.0334930836691787,0.0355060385425751,0.0388081523434217,0.0388131340727502,0.0467507899993389,0.0469751017644769,0.0465612910319343,0.04496328732637,0.0250608158089339,0.0222273398894998,0.0219811070829969,0.0210210523128768,0.0210371043001976,0.0202993634617396,0.0197443403770029,commercial,10,autumn,0,1,304.8990695,304.8990695,0
17,2021-10-26,0.0186923337956485,0.0186923337956485,0.0186038221378328,0.0186923337956485,0.0186286594314153,0.0189672537485455,0.0201337267814848,0.0217687664636705,0.0337679167743055,0.0351253063008672,0.0370326867325614,0.0399185996437912,0.0400689102365918,0.0443515723598066,0.0439360591233276,0.0434322427182129,0.0435629148647175,0.0250271215162472,0.0220770829170016,0.0219812607379441,0.0210340512803861,0.0209032319888129,0.0201654604193655,0.0196954501323503,commercial,10,autumn,0,1,304.8990695,304.8990695,0
17,2021-10-27,0.0185672537485926,0.0185672537485926,0.0185672537485926,0.0185672537485926,0.0185672537485926,0.0189672537485455,0.0200723927761389,0.0216438809697658,0.0331868859184875,0.0332348277269349,0.0340925590530945,0.037493215885038,0.0394221176404122,0.0452387362577692,0.0480938606377138,0.0449898135436852,0.0423326728059911,0.0255146021132754,0.0220772979494319,0.0218389928662482,0.0211264728160962,0.021037268166619,0.0202994658782529,0.0197694619823963,commercial,10,autumn,0,1,304.8990695,304.8990695,0
17,2021-10-28,0.0188262880563383,0.0186923337956485,0.0185672537485926,0.0186923337956485,0.0186923337956485,0.0189672537485455,0.0201975444512797,0.0217691554359092,0.0337261231797672,0.0350503774522459,0.0385034160901459,0.0424225696606463,0.0399917578461854,0.042602049899783,0.04223307183632,0.0374356151327481,0.0350243762339073,0.0245653626813175,0.021676057059652,0.0215801120472559,0.020922233238136,0.020318060971545,0.0193863533646964,0.0186613131284685,commercial,10,autumn,0,1,304.8990695,304.8990695,0
17,2021-10-29,0.0170175334125936,0.016020221576706,0.0158110618359061,0.015842964705642,0.0154447580644597,0.0158850449544586,0.0163625733173768,0.0178405128051623,0.0294408124974891,0.0307031697392567,0.0325782793220317,0.0336139221539164,0.0340052098887117,0.0375341063051761,0.0352031369731446,0.0349833007386882,0.0339541373463991,0.0245319401812295,0.0211741984484435,0.0208622999624036,0.0200523986462643,0.0197532937860025,0.0189900713431313,0.0173778880216729,commercial,10,autumn,0,1,304.8990695,304.8990695,0
17,2021-10-30,0.014564237278932,0.0141748442683669,0.013964764913017,0.0140513960817735,0.0140589440538382,0.0140661365001407,0.0160627736348096,0.0163319879290109,0.0193688177777204,0.0198314265978406,0.0202372554861168,0.0206536319684339,0.0192151052060705,0.0202801066916812,0.02007606362993,0.0202002458026512,0.0194580847507342,0.0172678700402294,0.0169305989232453,0.0154461148630482,0.0152892735689567,0.0148896801834515,0.0147197359053384,0.0147810598913205,commercial,10,autumn,1,1,304.8990695,304.8990695,0
17,2021-10-31,0.0150160088263976,0.0150215535078433,0.0144075705347197,0.0142395218208337,0.0142066738062403,0.0142833372705721,0.0149986301428483,0.0150118984588217,0.014806277179161,0.0153552639477093,0.0162611186098633,0.0160736234398838,0.0176462190833021,0.0179518806555695,0.0181704900274616,0.0189927942628676,0.0188346977072009,0.0185332273721805,0.0167179971560762,0.0165858010347272,0.0163540065920879,0.0165844737884837,0.0170669697357095,0.0174134768457287,commercial,10,autumn,1,1,304.8990695,304.8990695,0
17,2021-11-01,0.0185672537485926,0.0185672537485926,0.0185672537485926,0.0186401338184538,0.0186719311743736,0.0190625178856044,0.0200727499987563,0.0216448505740128,0.0331886720315742,0.0333618469824849,0.0335553554060773,0.0361400709405721,0.0354432335199347,0.0420496274144993,0.0408776511561927,0.0405002944569857,0.0383086269943226,0.0248254577687551,0.0218019938903052,0.0218397583432854,0.0209843325076803,0.0210376764210388,0.0201657667765756,0.019720043347196,commercial,11,autumn,0,1,304.8990695,304.8990695,0
17,2021-11-02,0.0186923337956485,0.0186923337956485,0.0185672537485926,0.0186923337956485,0.0185672537485926,0.0189672537485455,0.0200728210622143,0.0216450434605419,0.0331890273488646,0.0337798859948187,0.0361465177671365,0.0386591285782459,0.0386363441535907,0.0447086133646335,0.0469819615694673,0.0450690577736173,0.0418453550093315,0.0249397258814672,0.0220785828076581,0.021982332088413,0.0209845050903642,0.0210377576364195,0.0201658175361885,0.0196958072491733,commercial,11,autumn,0,1,304.8990695,304.8990695,0
17,2021-11-03,0.0185672537485926,0.0185672537485926,0.0185672537485926,0.0185672537485926,0.0185672537485926,0.0189672537485455,0.0200728919494477,0.0216452358687467,0.0331893817850313,0.0339149597901241,0.0368155400207542,0.0426528803848761,0.0424112647426736,0.0445529510719738,0.0429261407464224,0.0419878021511919,0.0395391887722425,0.0248186543955356,0.0219363740030693,0.0217061082626487,0.0209232715622511,0.0209038843897107,0.0201658681699266,0.0196958578829114,commercial,11,autumn,0,1,304.8990695,304.8990695,0
17,2021-11-04,0.0186923337956485,0.0185672537485926,0.0185672537485926,0.0185672537485926,0.0185672537485926,0.0189672537485455,0.0200729626394637,0.0216454277416473,0.0332018324983062,0.0340029573570364,0.0372964084054782,0.0402513597225257,0.0399473181334322,0.0472508643107147,0.0500032538115904,0.0488994052951941,0.0441638750152627,0.0264169444802505,0.0220009603764693,0.0218402140019442,0.0209974038898526,0.0210379194389902,0.0201659186627952,0.0197201952334156,commercial,11,autumn,0,1,304.8990695,304.8990695,0
17,2021-11-05,0.0186923337956485,0.0186923337956485,0.0186286594314153,0.0186923337956485,0.0186923337956485,0.0189672537485455,0.0200730331113282,0.0216456190224225,0.0337062225375041,0.03595219761554,0.0384858163851479,0.0458256665809346,0.0435966258603737,0.051750719418113,0.0533188593629619,0.0497668307825734,0.0446135965611443,0.0270675851662921,0.0226525366504755,0.0218465526677493,0.0210486944310169,0.0209040457175741,0.020299923260531,0.0197080559760208,commercial,11,autumn,0,1,304.8990695,304.8990695,0
17,2021-11-06,0.0174134768457287,0.0175385568927845,0.0174134768457287,0.0174134768457287,0.0174134768457287,0.0174134768457287,0.0200731033441717,0.0201374317943107,0.0230353985467541,0.0235090601383616,0.0234787656775898,0.0245813252585393,0.0226357168995879,0.024030122283059,0.0252939866435367,0.0237377456046091,0.0211081564251259,0.0188659441519526,0.0186999983934154,0.0180741400387762,0.0176725111534743,0.0177558895068994,0.0178765092871064,0.0175385568927845,commercial,11,autumn,1,1,304.8990695,304.8990695,0
17,2021-11-07,0.0176725111534743,0.017821638376339,0.0174748825285513,0.0175385568927845,0.0175385568927845,0.0174134768457287,0.0184081324834135,0.0184081324834135,0.0184081324834135,0.0187568896140555,0.0188403394578617,0.018933029163599,0.0202395139018732,0.0209002744548599,0.0235979802561719,0.0222657186036473,0.0203676165267861,0.0186845082103922,0.0178689596104572,0.0178149326197632,0.0175385568927845,0.0176725111534743,0.0175385568927845,0.0174748825285513,commercial,11,autumn,1,1,304.8990695,304.8990695,0
17,2021-11-08,0.0185672537485926,0.0177488887694365,0.0180219611433909,0.0161180710938413,0.015896599681843,0.0155469152426729,0.0161351637827906,0.016857903313943,0.0278142215479443,0.0284655642446343,0.0289683364828483,0.0306089768218602,0.0322043747141097,0.0341811358070569,0.0345543552600905,0.0340695942009522,0.0336357884536187,0.0206802377379723,0.0179501476739033,0.0174480425702653,0.016401188580755,0.0164505336217491,0.0154169684645903,0.0150979394846193,commercial,11,autumn,0,1,304.8990695,304.8990695,0
17,2021-11-09,0.0143094754991462,0.0144172789225572,0.0144443071006295,0.0143977599265021,0.0143527223481089,0.014684461963174,0.0150638038838362,0.0160471325967193,0.0268570604758592,0.0278931277968442,0.0284139822695386,0.0289929579556468,0.0300410937118652,0.0340077364436487,0.0341653151680735,0.0339939570969736,0.0334875064997799,0.0212219156853907,0.0181596661084655,0.0179510036896651,0.0167494739919537,0.0166617226269085,0.0158574290991104,0.0152911680579601,commercial,11,autumn,0,1,304.8990695,304.8990695,0
17,2021-11-10,0.0145351033048561,0.0146193550891988,0.014607341639634,0.0146014547692839,0.014626044779754,0.0149791498381698,0.0156431229366162,0.0164768198067988,0.0275999498385066,0.0287163553784229,0.0292419832471142,0.029685493115453,0.0300597944885868,0.0340159447633305,0.0344521710174582,0.0347350108082075,0.033705093435571,0.0217473805282645,0.0187777553318819,0.0183005336847362,0.0170911380635258,0.0170082772128626,0.0159285434385503,0.0154534786487012,commercial,11,autumn,0,1,304.8990695,304.8990695,0
17,2021-11-11,0.0146906427803746,0.0147492061579535,0.01468657663009,0.0146932315378874,0.0148341863906769,0.0149818506333678,0.0156616931884445,0.016711938304297,0.0281046198428333,0.0287512018365668,0.0297087157282286,0.0315001347286581,0.0315887120303521,0.0339852916557084,0.0344609393734925,0.0341046426775506,0.0336164560057991,0.0221486473443532,0.0188175728699805,0.0183407080108893,0.017603312385031,0.0176371455859474,0.016294178743686,0.0158197841667004,commercial,11,autumn,0,1,304.8990695,304.8990695,0
17,2021-11-12,0.0147587002809794,0.0148802988668033,0.0147984361019417,0.0149108834403142,0.0149645727545126,0.0153029094328812,0.0158972526646283,0.0170861095368065,0.0287560648522569,0.0296220802051392,0.0306846692502386,0.0329330593619095,0.0322810219169858,0.0350741306628781,0.0367353242860905,0.0354688835849151,0.0337924904327816,0.022220147548695,0.0191721474816125,0.0189945173258076,0.0179262811740704,0.0177627443631422,0.0169652503425008,0.0161303221923526,commercial,11,autumn,0,1,304.8990695,304.8990695,0
17,2021-11-13,0.0138755424829512,0.0139159578488498,0.0137291099569015,0.0137530434419802,0.013771498203191,0.0137584268178974,0.0159875449754387,0.0157209334757847,0.0185785891878116,0.0193950826161724,0.0197938327254444,0.0202883877520936,0.0177153033756008,0.0188441117848251,0.0199239067595234,0.0198883288650779,0.0182693850477823,0.0155385997377156,0.0155043528115417,0.0142315432313903,0.0135694469663906,0.0137886232599512,0.0137515055837658,0.013839932559191,commercial,11,autumn,1,1,304.8990695,304.8990695,0
17,2021-11-14,0.0138579825475515,0.0139027017713277,0.0138176416288008,0.0138982229849272,0.0138000937663367,0.013761112275606,0.0143022539804425,0.0139441541695758,0.013876096965851,0.014184128220441,0.0146080780412385,0.0150037006688934,0.0158481705078232,0.0166792027513222,0.0167606297476884,0.0175330509432426,0.0165948129892462,0.0156696393440603,0.0144561945296786,0.0143541227424154,0.0135016924882883,0.0138786084245942,0.0137937619925307,0.0137356637121447,commercial,11,autumn,1,1,304.8990695,304.8990695,0
17,2021-11-15,0.0147194901743438,0.0153304051159566,0.0155362835975901,0.0157396736706068,0.0157686359230839,0.0158303502487336,0.0162952910824687,0.0175401600400532,0.029805229406068,0.0299480045281333,0.0306706268150565,0.0315914834567817,0.0321196465146164,0.0337428582212916,0.0335649570098943,0.03356127225108,0.0334574135624657,0.0228361147040396,0.0198199023840115,0.0188685141998035,0.017878868682695,0.0173552330935245,0.0165469070178807,0.0160746510087874,commercial,11,autumn,0,1,304.8990695,304.8990695,0
17,2021-11-16,0.0149066238817176,0.0147506999427854,0.0148265878333914,0.0147080135117036,0.0148688441485779,0.0155922376734597,0.0160177454642837,0.0174347200294938,0.029790352761296,0.0304293354760298,0.0322487896509768,0.0333880210411853,0.0324300115347594,0.0374208075058111,0.0430068143674379,0.0391294610171251,0.0362449122529108,0.024631684553385,0.0215238444573081,0.0208825467381753,0.0205227979566331,0.0201641452365765,0.0190425816973213,0.0185479809091421,commercial,11,autumn,0,1,304.8990695,304.8990695,0
17,2021-11-17,0.0168633222946647,0.0167038572632125,0.01627579923121,0.0166736067248746,0.0162424118992169,0.0168917190457896,0.0180909714420527,0.0197868364872036,0.0322488031151155,0.0324233821712689,0.0332589507961737,0.0351469553224497,0.0356753153775854,0.0404200172665054,0.038569203851417,0.0378785025658603,0.0353793848142494,0.0245826222082884,0.0214042071524888,0.0207253332280286,0.0198971449477227,0.0195767702291032,0.018478974287337,0.0175775761037553,commercial,11,autumn,0,1,304.8990695,304.8990695,0
17,2021-11-18,0.0159644195701387,0.0157827075174758,0.0160164554358062,0.015881970861468,0.0159448353473862,0.0162295559771988,0.0169168800018652,0.0183021390956904,0.0301733418882705,0.0307045977226062,0.0313062455764744,0.0334504257440992,0.0324367495390286,0.0385635337085278,0.0409829533910927,0.0383607827407006,0.0348040901621654,0.0245707692286267,0.0208751867682133,0.0202043896329168,0.0205206606638323,0.0201303509670555,0.0194520679270088,0.0190631761277885,commercial,11,autumn,0,1,304.8990695,304.8990695,0
17,2021-11-19,0.0169920906022877,0.0164670450738768,0.0169904692418646,0.0166944928251762,0.0161157225263015,0.0168319158157342,0.0171699953460174,0.0186655753314888,0.0316235238652725,0.0329568835961225,0.0332596808517615,0.0343378181948005,0.033999833080809,0.0380845919210393,0.0362499848208648,0.0351130523683674,0.0340995670004926,0.024571011648819,0.0216806196872494,0.0215833710669683,0.02092592679381,0.020764827743336,0.019895206110679,0.0196966388333699,commercial,11,autumn,0,1,304.8990695,304.8990695,0
17,2021-11-20,0.0172486394730913,0.0172939626132198,0.0174529132419582,0.0172995083238508,0.0176030934464366,0.0178182393593221,0.0200740500260676,0.02013891943729,0.0230131402931812,0.0231104444100148,0.0233370440121492,0.023333852229924,0.0204669184735428,0.0211746067935122,0.0218871902252891,0.0211282963338861,0.0200767208009961,0.0183608949840995,0.0184245693483327,0.0175385568927845,0.0174134768457287,0.0174134768457287,0.0174134768457287,0.0174134768457287,commercial,11,autumn,1,1,304.8990695,304.8990695,0
17,2021-11-21,0.0174134768457287,0.0174134768457287,0.0174925558064543,0.0174483001571473,0.0176067849488302,0.0177591337534142,0.0183851213590163,0.0180928833546486,0.0182835901018889,0.0184086701489447,0.0185426244096345,0.0184541259261208,0.0184411231990723,0.0184898027742637,0.0185339834209562,0.0184086701489447,0.0184086701489447,0.0184745632161869,0.0174134768457287,0.0174134768457287,0.0174134768457287,0.0174134768457287,0.0174134768457287,0.0174134768457287,commercial,11,autumn,1,1,304.8990695,304.8990695,0
17,2021-11-22,0.0185672537485926,0.0185672537485926,0.0185672537485926,0.0185672537485926,0.0187291605372096,0.019186426366951,0.0187932677864273,0.0199799374982846,0.0305260940339847,0.0310637343884345,0.0305079826815489,0.0299363219214628,0.0289598313673495,0.0291593384786855,0.0299691157664269,0.0294995473710748,0.0290669490257457,0.0204105592372507,0.0171418855840656,0.0169275833401305,0.0159091473671887,0.0157342021206695,0.0153967132043215,0.0148888903782924,commercial,11,autumn,0,1,304.8990695,304.8990695,0
17,2021-11-23,0.0142852518523204,0.014301607888246,0.0145211235352246,0.0150590175750999,0.0154689254157882,0.0159546347719589,0.015601625759274,0.0163730121926096,0.0261402170301959,0.0269907238723801,0.0270715469199579,0.0269764565890624,0.0265625060083287,0.0278023006264005,0.0270707724708786,0.0275661194181459,0.0277440789526981,0.019059311523368,0.0163854617153268,0.0163180259827397,0.0156119931152161,0.0158665428921929,0.015613575983394,0.0156305362105108,commercial,11,autumn,0,1,304.8990695,304.8990695,0
17,2021-11-24,0.0153286626125529,0.0156484223779555,0.0160019229096829,0.0160989839220672,0.0163330223653737,0.0171329683003439,0.0165316458281396,0.0169355493441615,0.0269070407438879,0.027383811726857,0.0279417372213627,0.0287500673102772,0.0291706334623922,0.0338698202351726,0.0338903764928919,0.0335758721298711,0.0324053944209368,0.0212178635252814,0.0180017757120276,0.0172182385676259,0.0166206859430536,0.016243810394287,0.015568902037053,0.0152303696444233,commercial,11,autumn,0,1,304.8990695,304.8990695,0
17,2021-11-25,0.0144831262024407,0.014521233717419,0.0144487348654671,0.0144101199231501,0.0147773172002727,0.0152629437213027,0.0154888327694834,0.0164529190060293,0.0275532699428106,0.0291066220900149,0.0296727122850888,0.0305796536649037,0.0321473065237964,0.0344139670282504,0.0351440242827701,0.0351438460137011,0.0337849513089562,0.021955915202165,0.0190925445145562,0.0183378269685956,0.0174282157575151,0.0167721172869869,0.0162142079449196,0.0155008764000809,commercial,11,autumn,0,1,304.8990695,304.8990695,0
17,2021-11-26,0.0146396526245781,0.0144714072935195,0.0146293722643696,0.0145694219964276,0.01466734843237,0.0150037516345315,0.0155196289636687,0.0164829703764451,0.0283013821291564,0.0295696881621523,0.030121130679684,0.0319766266456714,0.032416023950051,0.035404706233382,0.037360300994978,0.0368059775018575,0.0341710466711416,0.0224006693072526,0.019491504163532,0.0187314833612212,0.0177168692522318,0.0177230498822866,0.0163734588721461,0.0158071548030462,commercial,11,autumn,0,1,304.8990695,304.8990695,0
17,2021-11-27,0.0135796880661197,0.0136533475607537,0.0137709666521554,0.0138405313928023,0.0137434800684368,0.0137470934769322,0.0156873195304482,0.0153317500260581,0.0182012593259366,0.0189716053891767,0.019422136178855,0.019832472958903,0.0176629498708357,0.0190839763198386,0.019950030945967,0.0200898776812394,0.0182891869858529,0.0156731713633617,0.0155017689211122,0.0142227587637919,0.013667294790955,0.0134319642911567,0.0136701433381438,0.0136480018428027,commercial,11,autumn,1,1,304.8990695,304.8990695,0
17,2021-11-28,0.0137016650574479,0.0137613987338617,0.0140764582922999,0.013784550421232,0.0136905821014661,0.0136512491554219,0.0142862264180422,0.0138378858533228,0.0137210617123972,0.0141328678280253,0.0146104597588513,0.0151345516030504,0.0162778256440027,0.0166029567776751,0.0166807364493596,0.0173621147955804,0.0170799457402145,0.0160673780855874,0.0147623899814892,0.0143874885883889,0.01421416683477,0.0143775419727071,0.0142607812840834,0.0142413848949919,commercial,11,autumn,1,1,304.8990695,304.8990695,0
17,2021-11-29,0.015038373204361,0.015072766592515,0.0151868625249559,0.0147091647349697,0.0147216563301542,0.0150874256570367,0.0155965223909915,0.0166552316511102,0.0289670635628224,0.030342257517978,0.0313004249462437,0.0334750415519099,0.0325867307946953,0.0380121718849806,0.040385398361457,0.0399808840713277,0.0355878981299293,0.0240285432141594,0.0197397936728119,0.0192398540257967,0.018660829056681,0.0186434556072117,0.0182914649963646,0.0171083332062781,commercial,11,autumn,0,1,304.8990695,304.8990695,0
17,2021-11-30,0.0158138390395981,0.0157349369353264,0.0155846946055463,0.0155112137607539,0.0155401078473397,0.0155834811600109,0.0163067442099663,0.0176578987783008,0.0296208108943256,0.0304935575221162,0.0315451087895894,0.0332490234343885,0.0325006732844174,0.0373423745399731,0.0379552214849704,0.03672010821995,0.0338488979309651,0.0222099617468277,0.018146143652476,0.0177861822990677,0.0167662847987775,0.0167453938539059,0.0160850999434581,0.0164981420304262,commercial,11,autumn,0,1,304.8990695,304.8990695,0
17,2021-12-01,0.0166911275715323,0.0166499336388083,0.0167589495307092,0.0164067675394095,0.0161962508716078,0.016297609144655,0.0169430109468489,0.0182379446176293,0.0298621636042503,0.0308317791729745,0.031126327047225,0.0334877170061411,0.0324885945953415,0.0376513846410419,0.0393407771171524,0.0365927224279563,0.0337823511206869,0.0234876947975473,0.0196658734926458,0.0193677250505318,0.0182358940834027,0.0179433609490706,0.0170242134980783,0.0158627145083454,commercial,12,winter,0,1,304.8990695,304.8990695,0
17,2021-12-02,0.014468336910275,0.0144703948973983,0.0145441769276747,0.0144830540252851,0.0145207913093901,0.0148599470799944,0.0152719776962752,0.0163477822881464,0.0276171575793144,0.0284070814230615,0.0289391252504475,0.0305943244552513,0.0317933950785892,0.0345906210562461,0.037917872897263,0.0365275892115381,0.0336167648927483,0.0232024630230173,0.0205898560763207,0.0197855503202222,0.0182536067683946,0.0179030570912782,0.0169792365400547,0.0170958193925466,commercial,12,winter,0,1,304.8990695,304.8990695,0
17,2021-12-03,0.0153357765319447,0.0151995895975292,0.0152243908246948,0.0152515371630396,0.0147100667300886,0.0150516899371088,0.0155353723911026,0.0165871891578605,0.0280108070559913,0.0291519067068277,0.0298399802241054,0.0323907980480298,0.0319641441714022,0.0341353123747793,0.037493350351648,0.0353611622226889,0.0336212152360289,0.0238121460107936,0.0214075931807185,0.0201150244828808,0.0189290971810979,0.0188529471038761,0.0179395847357391,0.0171327963368894,commercial,12,winter,0,1,304.8990695,304.8990695,0
17,2021-12-04,0.0148417946110922,0.0147394358801825,0.0150821128549583,0.0148616371995749,0.0148676599197607,0.0147053081758373,0.0162995763058163,0.01550558033086,0.0179890922864115,0.0186519345393523,0.0192568903294335,0.0199210910481651,0.0172786790872208,0.0171726481950117,0.0177283851791863,0.0178349679163891,0.0172370567475979,0.015042965589693,0.0147012619325268,0.0135830231929627,0.0135409966387854,0.0135237280994268,0.0135483731820696,0.0135967897836686,commercial,12,winter,1,1,304.8990695,304.8990695,0
17,2021-12-05,0.0135826534840576,0.0136261401297602,0.0135815953363473,0.0138406380174824,0.0142441804688358,0.0142531778105672,0.0148691665664907,0.0145890251162839,0.0142614696064279,0.0137274114463838,0.0135101228188839,0.0136312094498743,0.0142750234377236,0.0148702161432933,0.0148725858718803,0.0150761955456062,0.0145399690067955,0.0139362952101343,0.013098001952265,0.0131986514391274,0.0131358670521246,0.0135057749952792,0.0138698168698596,0.0141127595276734,commercial,12,winter,1,1,304.8990695,304.8990695,0
17,2021-12-06,0.0151965567342615,0.0152873944974209,0.0157227841183399,0.0157906945705092,0.0161110696674697,0.0167654164563817,0.0162620890416454,0.0167305131864533,0.0270535835851375,0.0278174932475978,0.0284029455430848,0.0293470179964969,0.0309791352010167,0.0339961666275657,0.035327138310134,0.0338480978386287,0.0334861109410328,0.0227415871165635,0.019262338657988,0.0185774247781375,0.0172949520384844,0.0171770940730972,0.016282820774957,0.0158410193802973,commercial,12,winter,0,1,304.8990695,304.8990695,0
17,2021-12-07,0.0149447515294058,0.0149553792220306,0.0151183407279418,0.0149961814214209,0.014964813097543,0.0154093461823262,0.0158871223471908,0.0169747030166297,0.0282257040646959,0.0286567514547765,0.0294816569228211,0.0294180800822829,0.0297054688800572,0.0337456906804079,0.0337535512531681,0.0335973623164693,0.0326624730474574,0.0214917998282537,0.018099159570893,0.018162549263562,0.0168349386999082,0.0163515936396561,0.0154840897748969,0.0154191790919632,commercial,12,winter,0,1,304.8990695,304.8990695,0
17,2021-12-08,0.014603908022492,0.0145820272359833,0.0145789648724271,0.0145868653697154,0.0145438645017057,0.0151996702734478,0.0154109010320504,0.0164109681014003,0.0270552584876655,0.0278667055220515,0.0284230402977123,0.0286688381400051,0.0287682223457614,0.0339186450364007,0.0341114963539616,0.0337971884362578,0.0320686372896088,0.0206448803910777,0.017789590911464,0.0172816213848979,0.0160888051542377,0.0157050341592953,0.0153286170255589,0.015064791538245,commercial,12,winter,0,1,304.8990695,304.8990695,0
17,2021-12-09,0.0142706155017293,0.0142698005100633,0.0148185560944583,0.0154899469018309,0.0159327782976907,0.0168769219761965,0.0160802902410118,0.0166106767173209,0.0254495503460872,0.0261734299742538,0.0267312574116618,0.0276643194606275,0.0276766517603626,0.0331058662624465,0.0339103344040139,0.0336122642157378,0.0297345737604951,0.0202351638349586,0.0171204626150402,0.0165911360360254,0.0157026208025,0.0155229879918302,0.0153101549894542,0.0150467377223029,commercial,12,winter,0,1,304.8990695,304.8990695,0
17,2021-12-10,0.0143299824812424,0.0146816147465262,0.0152123491511565,0.0156952668149234,0.0160619793588322,0.0168618810401463,0.016251203647852,0.0167048955737754,0.0262893630000279,0.0274205449125383,0.0283803278709058,0.0292456324654923,0.0303191845781443,0.0339478614637645,0.034025825614457,0.0337900313936234,0.0315518719274541,0.021324692803777,0.0177638471366561,0.0178394061032559,0.0168398381572975,0.016581383737863,0.0157651526581429,0.015567053775707,commercial,12,winter,0,1,304.8990695,304.8990695,0
17,2021-12-11,0.0137933248579671,0.013840729906963,0.0137873723987929,0.0137392302621753,0.0137114017536973,0.0140416782704638,0.0155691348349156,0.0154013490926873,0.0173023357343901,0.0178135303747061,0.0185552221922373,0.0191046098209534,0.0165811486836858,0.0170218215110292,0.0171962456827125,0.016819221925039,0.0165341344642444,0.0145638833076217,0.0145651885292308,0.013639146584723,0.0134805170587732,0.0136816357481423,0.0136261841600095,0.0136083287731619,commercial,12,winter,1,1,304.8990695,304.8990695,0
17,2021-12-12,0.0136024260492161,0.0136195254176198,0.0139052969200579,0.0140060463360072,0.0142409699809505,0.0147197433629414,0.0151135952433374,0.0149988609717147,0.0148040163118052,0.014473608579038,0.0142279562119762,0.0138546648981705,0.0137503472368105,0.0141781103052897,0.0139812291826022,0.0141437692516026,0.0145166305702474,0.0145268793305176,0.0141810198423682,0.0144434873013613,0.0148552080106633,0.0148407766907759,0.0150779826481363,0.0155522556221452,commercial,12,winter,1,1,304.8990695,304.8990695,0
17,2021-12-13,0.01634648789305,0.016428048984061,0.0165505659048205,0.0168050414808714,0.016712010855352,0.0174281718785171,0.0168020232843589,0.0172456850150959,0.0283723286339031,0.0288885071334227,0.0286809384077369,0.029165564476638,0.0288046160272398,0.0305580351549337,0.0301934764180042,0.0305442347553262,0.0311911983259684,0.0219647659387304,0.0188351776333747,0.018519164133791,0.0179260914975114,0.0170832352242199,0.0164486032138615,0.0167527011167851,commercial,12,winter,0,1,304.8990695,304.8990695,0
17,2021-12-14,0.0160963846156303,0.0160668839347928,0.0160702574840493,0.0159389716355224,0.016110338649503,0.0166441596089896,0.0167717941415899,0.0176698031047983,0.0293496454794708,0.0302760883433117,0.030828387559716,0.0314586321503344,0.0318308749071798,0.0324127234769198,0.0323170965579833,0.0331691041138638,0.0331215313128325,0.0241001383970197,0.0205135518716477,0.0201614202805397,0.0188646430943269,0.01862654932472,0.0176681939574396,0.0172519892114707,commercial,12,winter,0,1,304.8990695,304.8990695,0
17,2021-12-15,0.0167373934858386,0.0159198711683875,0.0165712036894137,0.0158858039009139,0.0156659292294274,0.0166835337431996,0.0166465340552871,0.017755370016903,0.0300415291716464,0.0303603159614505,0.0316320918480375,0.0318913456055437,0.031900345162509,0.0335658296813713,0.0332041919549093,0.0331755960197831,0.0333499062669136,0.0242852369647502,0.0203499918690515,0.0192642608123844,0.0187251514498463,0.0173257492788854,0.0160692955483103,0.0161567086642846,commercial,12,winter,0,1,304.8990695,304.8990695,0
17,2021-12-16,0.0146426147654749,0.0143762230349672,0.0145990901162304,0.0143118515940006,0.0145473871191555,0.015224155256601,0.0152430564285052,0.0162340735756091,0.0267165635243286,0.0266423531192764,0.0271438217900902,0.0272066001402316,0.0271323611352106,0.0280667122030245,0.027594361563172,0.0274674601208071,0.0271784607289388,0.0186785239526157,0.0157060848081289,0.0157651763946373,0.0152358489136198,0.0152558325150604,0.0161163500799661,0.0163047617584456,commercial,12,winter,0,1,304.8990695,304.8990695,0
17,2021-12-17,0.0161772050129748,0.016844127141763,0.0168817956760449,0.0179649479603958,0.0185689279658697,0.0193711638897152,0.0177430821593051,0.0182675825907902,0.0249983127676999,0.0252715029841991,0.025383461595422,0.0259359777390981,0.0255462385838816,0.0263047965561181,0.0261080443810083,0.0260403615133958,0.0261520852878025,0.0176348983683447,0.0152855565773087,0.0160471141140937,0.0160895976534338,0.0167977833819142,0.0190865520627426,0.0197734162989892,commercial,12,winter,0,1,304.8990695,304.8990695,0
17,2021-12-18,0.0204109042834038,0.0211108378469755,0.021721366703905,0.0226105486035401,0.0230115908236325,0.0234931388677749,0.0218013449588322,0.021643838298469,0.0199904004092837,0.0189962657058658,0.0167433912163436,0.0161063265770298,0.0138897917659712,0.0143948688420662,0.014301381909932,0.0148472336603153,0.0146037228151489,0.0132536535807505,0.0157893034150771,0.0166844040288559,0.0175304809510069,0.0180163650410731,0.0185602459675182,0.0197947564963843,commercial,12,winter,1,1,304.8990695,304.8990695,0
17,2021-12-19,0.0205484349629474,0.0208973338991317,0.0220613477404153,0.0221774495699337,0.022465227900734,0.0235713178647363,0.0238306622044385,0.0230153595828558,0.0217393535226415,0.0199906452903146,0.0174057424058986,0.0133819297786895,0.0124043545224835,0.0129427953841747,0.0127541338581341,0.0132373138128628,0.0131955871511289,0.0156285977105046,0.0164420458562174,0.0166251853831608,0.0173241672991769,0.017566208090243,0.0179185253400439,0.0186130497118361,commercial,12,winter,1,1,304.8990695,304.8990695,0
17,2021-12-20,0.0192988781227581,0.0198843977656369,0.0200344910240576,0.0205580602253547,0.0213839910689468,0.0211507567218673,0.0199555417319432,0.019823099604647,0.0251976145810497,0.026061754819425,0.0265682725577813,0.0271678149788521,0.0273543851708966,0.029857136912865,0.0320379422243474,0.0327611150737957,0.0293274800046211,0.0200318821150407,0.0168484621615214,0.0163211745493184,0.0155674195955796,0.0155048781397906,0.0153989126814239,0.0155034389313784,commercial,12,winter,0,1,304.8990695,304.8990695,0
17,2021-12-21,0.0156031099161846,0.0162094599295988,0.0167793517011776,0.0179776402324239,0.0186193210824093,0.0192594170571994,0.0182548538696412,0.0182077381259818,0.0256338308209222,0.026106460063041,0.0270524150942156,0.0279223445073019,0.0278350965522911,0.0325332932508081,0.0339594912547217,0.0334970276228592,0.0291837896250909,0.0201383217600652,0.016961120848835,0.0164622030515988,0.0153580028072608,0.0154562423189645,0.0152288251417063,0.0149730670903839,commercial,12,winter,0,1,304.8990695,304.8990695,0
17,2021-12-22,0.0142852680274317,0.0149867909661647,0.0153125090477241,0.0157072933618867,0.0161115059821368,0.0166792213951415,0.016143892898458,0.01679096230682,0.0262474074691606,0.0274007804876964,0.0283745957514777,0.0286790323165863,0.0288855057125731,0.0329728831449521,0.0340246380927462,0.033794763628562,0.0319890881950987,0.0213355244896425,0.0176439123402541,0.0169181078653797,0.0163144700439615,0.0156608263269062,0.0154893724307078,0.0151196786194509,commercial,12,winter,0,1,304.8990695,304.8990695,0
17,2021-12-23,0.0144434013081242,0.014470786574288,0.0144259935278064,0.0143515597328502,0.0144787354190575,0.0150836052494766,0.01542861835077,0.0165253990780967,0.0277580330956098,0.0283197182815166,0.0288415095092578,0.0293961915085725,0.0296040983934632,0.030678421082339,0.032839035379661,0.0305897692533267,0.0316472273329773,0.022944738170459,0.0189925461034593,0.0190928435620099,0.0184097943667956,0.0180974261819988,0.0164416855874269,0.015982085310406,commercial,12,winter,0,1,304.8990695,304.8990695,0
17,2021-12-24,0.0148326438999626,0.0154880640127488,0.0149760101443133,0.0150028742610815,0.0144797562965912,0.0149633757410725,0.0153613616893617,0.0166814705037223,0.0278370469977045,0.0294434397560994,0.0305657618903769,0.0313827464627613,0.0322199783443213,0.0343069360450256,0.035944674696897,0.0363353666830138,0.033937378942313,0.0221453437769967,0.019088510089259,0.0186139223249163,0.0173030813220042,0.0170386809015964,0.0162211943382771,0.0154297121997268,commercial,12,winter,0,1,304.8990695,304.8990695,0
17,2021-12-25,0.0135986583390548,0.0135510726928112,0.0136395048177929,0.013551521054814,0.0135140118848712,0.0135835034140978,0.0152181333037941,0.014937084353691,0.0171489843638877,0.0175313010009314,0.0179123998625848,0.018442476294084,0.0162190102127167,0.0167796932426933,0.0174492736420756,0.0173179808863298,0.0167262725238368,0.0145311145042473,0.0140573305707154,0.0130768255320473,0.013171321225632,0.0130754994365817,0.0131063910723738,0.0132107845672519,commercial,12,winter,1,1,304.8990695,304.8990695,0
17,2021-12-26,0.0132477974146461,0.0136090946059111,0.0138634519690964,0.0141318095709831,0.0143618415881312,0.0146725902021599,0.015305861920065,0.0149877185722617,0.0144699538855566,0.0140423152766645,0.0131921074009089,0.0137788869094146,0.0152194931495887,0.0159279909340787,0.0159670251313324,0.0157807260539636,0.0149765725327024,0.0147391306740249,0.0133022369873657,0.0131830284763498,0.0132095855820353,0.013215300898782,0.0133094047403253,0.0137226688364555,commercial,12,winter,1,1,304.8990695,304.8990695,0
17,2021-12-27,0.0148352429876488,0.0151180814608084,0.0155927649956452,0.0156395771048055,0.0158510342025355,0.0165692282536458,0.0161662123930475,0.0167142520450915,0.0273008304084423,0.0279844398715564,0.0293567210742237,0.0295104856011857,0.0311204412051866,0.0339642483530803,0.034791149175838,0.034061031417878,0.0337127745932538,0.021846235633472,0.0188711387461411,0.0181542480064328,0.0169523194176361,0.0180305600609587,0.0171984394279025,0.0158357781785507,commercial,12,winter,0,1,304.8990695,304.8990695,0
17,2021-12-28,0.0151127912438075,0.015070609398246,0.0149776708937647,0.015061054465916,0.0150861153596775,0.0152562182626128,0.0158089239925347,0.0172951366648268,0.0283301055125226,0.0296235533401607,0.0297241914626447,0.0300722139423116,0.0306224722340514,0.0308128402523756,0.030256741543145,0.0306527616871409,0.0314373156718142,0.0224247185716855,0.0196639982962291,0.0189213487632522,0.0172177913427014,0.0169762058260269,0.0164558508134323,0.0157169342113341,commercial,12,winter,0,1,304.8990695,304.8990695,0
17,2021-12-29,0.0151795714645091,0.0151969497440795,0.0152210854551312,0.0151278607595701,0.0151542593768739,0.0154939975673792,0.0161682287336043,0.0170381318110395,0.0283362776168698,0.0296116205049232,0.0308514533246331,0.0323223952068605,0.0322759273712827,0.036238103317419,0.0386011704818872,0.0373948878070602,0.0345510313559254,0.0231716048531343,0.0204412127594152,0.0201350959128134,0.0182942567251661,0.0180658257175716,0.0168073301958257,0.0161780510511855,commercial,12,winter,0,1,304.8990695,304.8990695,0
17,2021-12-30,0.0155671611755949,0.0155915616036572,0.0154725650297464,0.0154673553661476,0.0154954033349522,0.0155776340811553,0.0165669504803564,0.0177814446576724,0.0291108866606448,0.0306725876712204,0.0309337167132483,0.0313566336318887,0.0320417700310354,0.0336353650285332,0.0340504463577077,0.0347598399802733,0.0347105784504721,0.0233354996261712,0.0201538555435287,0.0199833517369349,0.0182921406124944,0.0176880985837617,0.0162529139602886,0.0154499100900375,commercial,12,winter,0,1,304.8990695,304.8990695,0
17,2021-12-31,0.0145465397839457,0.0145918435171516,0.014601410649772,0.0145321137262506,0.0144314323676669,0.0147535074177848,0.0152636840717638,0.0163960950078438,0.0271118436999633,0.0275207033860773,0.028061140820689,0.0287260311104504,0.0290604508457405,0.0341525935611188,0.0343297537492914,0.0342242963937301,0.0339483628193098,0.0212756250279595,0.0178780523855209,0.0176758471684625,0.0165804588798127,0.0163889407396093,0.0152620781431576,0.0150919858662613,commercial,12,winter,0,1,304.8990695,304.8990695,0
18,2021-01-01,0.0128821440514472,0.0130598813548308,0.0132060805532972,0.013447278204375,0.0136801631000866,0.0138415746307751,0.015205905760365,0.0133773177470559,0.0159859410608934,0.016918718141289,0.0171108180005897,0.0171573726766392,0.0143941233157957,0.0151072250012564,0.0150067549629826,0.0147278844971258,0.0150235391497057,0.0135182913512524,0.013726508412536,0.0130136440036877,0.0124715465148276,0.0136601223724275,0.0131880613859718,0.0131754126459724,commercial,1,winter,0,1,506.9268522,506.9268522,0
18,2021-01-02,0.012893221304163,0.0135113503670067,0.0136330285411989,0.013728591990266,0.0138143836665368,0.01395741775853,0.0156832625561845,0.0144003804018442,0.0175509088204727,0.0180243458426404,0.0188227790045807,0.0184227900677637,0.0159864421720775,0.0160165016914499,0.0151366228655887,0.0155914423780371,0.015415275455809,0.0132383258379985,0.0140279516831042,0.0129577172318202,0.0126247701652001,0.0129928471489807,0.0129105685454006,0.0130423271034389,commercial,1,winter,1,1,506.9268522,506.9268522,0
18,2021-01-03,0.0131673606218516,0.0132866088088477,0.0136764996483143,0.0139725388900584,0.014164913653646,0.0143669521287668,0.0160030241481587,0.0157101904112564,0.0177936590596997,0.0183432242170505,0.0186843342577326,0.018517844085934,0.014893919062754,0.0148582970123198,0.0156066883820405,0.0153480274478762,0.0150300178796798,0.013890637143953,0.0132046521860046,0.0125852715487946,0.0125481420809638,0.012409933198291,0.0122155888320693,0.0125841998422988,commercial,1,winter,1,1,506.9268522,506.9268522,0
18,2021-01-04,0.0134128082310788,0.0138811075918042,0.0142050200954091,0.0142470626229827,0.01475784879379,0.0153228619713088,0.0144047742071331,0.0143807399493836,0.0245438050976718,0.0250335558698425,0.0258532172868852,0.0257786186901508,0.0255048699567041,0.0269311800604961,0.0266943864868249,0.026995542297133,0.0271840276380057,0.0183011696090372,0.0151710184945498,0.0150235615269586,0.013921846460136,0.0135734530368084,0.0129451536134675,0.0129117968687909,commercial,1,winter,0,1,506.9268522,506.9268522,0
18,2021-01-05,0.0128304304949255,0.0134495852392243,0.0135985870853695,0.0142653715510898,0.0148748667111457,0.015514854854498,0.0141270443216348,0.0144048949197999,0.0210906337163993,0.0242493324262865,0.0246705889209498,0.0251335761849953,0.0251756423386184,0.0265351424933207,0.0261792459253031,0.0265943516045657,0.0267851429584475,0.0180966044966541,0.0154348621208629,0.014743997941196,0.0138203384721012,0.0135605441269067,0.012979546863117,0.0129981672259446,commercial,1,winter,0,1,506.9268522,506.9268522,0
18,2021-01-06,0.0131657934971573,0.0136155576721031,0.0140203832530544,0.0144586595165679,0.0151816358328725,0.0161112173348352,0.0142297926090151,0.0144086680164408,0.0211863840202629,0.0242529360404255,0.0246649410459499,0.0245412649492348,0.0247844444738605,0.0261157433937015,0.0254520339115126,0.0257770648378122,0.0259654209907932,0.0171725735078437,0.0144791006966584,0.0140668276456109,0.0131408009547561,0.0131495157305482,0.0141910356221325,0.0146194447725462,commercial,1,winter,0,1,506.9268522,506.9268522,0
18,2021-01-07,0.0144655346113592,0.0155933326854358,0.0160805088846317,0.0170837980294328,0.0175488862295129,0.0181627335953039,0.0161232257197388,0.0140936910570407,0.0220316804560171,0.0208561775580821,0.0242821594523447,0.0243518635801923,0.0248194896160042,0.02573747842912,0.0251727892681551,0.0257734187998666,0.0259698515963684,0.0173471637543887,0.014501598620921,0.0140844578887095,0.0131281279608994,0.0132059022403824,0.0136543469795458,0.0142085027912248,commercial,1,winter,0,1,506.9268522,506.9268522,0
18,2021-01-08,0.014003194501957,0.0146467283902039,0.0157092884343016,0.0162231942058887,0.017396471592856,0.0180236510369381,0.0162312761008761,0.0137287176044941,0.02210320732917,0.0214719257164952,0.0238887970905914,0.0242287301706873,0.0244972832766997,0.0257313376578389,0.025404505285889,0.0257804168461695,0.0259696018284514,0.0174409532984181,0.01422884059462,0.014076767141428,0.0130656001783978,0.0130609199984243,0.0136915476435039,0.0141619435241224,commercial,1,winter,0,1,506.9268522,506.9268522,0
18,2021-01-09,0.013839600242751,0.0144722002347224,0.0147739429856884,0.0150438645231637,0.0161925322297697,0.0167697433581932,0.015615292215152,0.0127970721661754,0.0138115277744758,0.0144576173854429,0.0150690101582027,0.0151798223699512,0.0126948909254763,0.0128945309381419,0.0127954463388425,0.0128246424011552,0.013218448857153,0.0125986242009897,0.013355212928129,0.0139305467306043,0.0141493510643233,0.0143945432727821,0.014635189252315,0.0153830096674938,commercial,1,winter,1,1,506.9268522,506.9268522,0
18,2021-01-10,0.0153971249737955,0.0158361080493636,0.0158620966090882,0.0162108480584567,0.0160708821068008,0.0160336694664603,0.0166356398243062,0.0148378224390913,0.0142448763909538,0.0134222848721636,0.012938561913525,0.0133644733470595,0.0127168722287226,0.0133639433401503,0.0136081825934276,0.0137849259310582,0.013806981755283,0.0141948708581142,0.0142072279383011,0.0145177813251521,0.0144756595396072,0.0146190766768974,0.0146900063886157,0.0148754043406768,commercial,1,winter,1,1,506.9268522,506.9268522,0
18,2021-01-11,0.0153125475912894,0.0156360082389055,0.0157699221844417,0.0157134538927299,0.0160949259548051,0.0164111423322365,0.0153927107144288,0.0149839839096416,0.0252555774035359,0.0258266678734748,0.0262594849229312,0.0262187231701136,0.0258627412452892,0.0269422017144976,0.0264248324902024,0.0265982674737214,0.0267846884375378,0.0182233731328148,0.0154690556849231,0.0153192782810393,0.0147583885908025,0.0144425223911882,0.0136879073097765,0.0130605371432785,commercial,1,winter,0,1,506.9268522,506.9268522,0
18,2021-01-12,0.0123679111947892,0.0123393319336855,0.0126884889247971,0.0125846272752467,0.0127711983926419,0.0135869160207312,0.0133799443363438,0.0145329721092027,0.0257160355348834,0.0262590711962029,0.0272504794572733,0.0271430124177498,0.0271592472873169,0.0277702812674991,0.0277525439665949,0.0274315362523873,0.0276101336227816,0.0198214445044728,0.0158119476956163,0.0148383121729171,0.0139737780786099,0.0136608642297299,0.0130606862054493,0.0127586368191247,commercial,1,winter,0,1,506.9268522,506.9268522,0
18,2021-01-13,0.0120460119913804,0.0121233203213133,0.0125299752764671,0.0128773182514197,0.0131376715309682,0.0138541639762254,0.0134423784749674,0.0136544061621601,0.0247669677308576,0.0250728218240435,0.0258967968516891,0.0264639267470152,0.0263235831954619,0.0277922492902278,0.0279632219448628,0.0271464112824808,0.0268258938034494,0.0191082174588771,0.016276315352573,0.0154625584981001,0.0143746349665639,0.014540537018417,0.013261050641376,0.0133105887083747,commercial,1,winter,0,1,506.9268522,506.9268522,0
18,2021-01-14,0.0120882812038785,0.0121628427049593,0.0121839060253686,0.0125591892077026,0.0128238459833817,0.0136660169188941,0.0131888078962972,0.0136732928239157,0.0246940863090769,0.0250739202649605,0.0255012070904337,0.0262405518298668,0.0259810294752839,0.0274271606424721,0.0275243024585121,0.0267481879482544,0.0274698437084078,0.0190901133609213,0.0158268455680498,0.0156567546383084,0.0145333457562462,0.0143455535342119,0.0135923475983614,0.0131927310898403,commercial,1,winter,0,1,506.9268522,506.9268522,0
18,2021-01-15,0.0125141846961967,0.0121657778644862,0.012476888676172,0.0123689731587335,0.0124696941372197,0.0133590894454021,0.0136816581516234,0.0145917385255734,0.0264882653270625,0.0268859938359086,0.027938276865971,0.0272791841829862,0.0286515379879433,0.0289590495350978,0.0281664461054824,0.0291848790029605,0.0299911662937602,0.0205426328347492,0.0172577427853253,0.0174513550083149,0.0165424588171452,0.0164981628594179,0.0155981530792924,0.0141539598391095,commercial,1,winter,0,1,506.9268522,506.9268522,0
18,2021-01-16,0.0132432065404789,0.0130035607007021,0.0122877238267402,0.0135096592291506,0.0130058719997578,0.0122991295137974,0.0147081891749706,0.0143427087037761,0.017273595412613,0.0176232758174746,0.0179728136509271,0.0182680958901582,0.0161140805424029,0.0158420458922569,0.0159725199715016,0.0162300694694902,0.0162268623181183,0.0146816337206859,0.0140295919986745,0.0129917238060946,0.013475455363805,0.0140459279144861,0.0141589548369905,0.0136151385861706,commercial,1,winter,1,1,506.9268522,506.9268522,0
18,2021-01-17,0.0140215399113442,0.013852206191299,0.0137639147738319,0.013739686466659,0.013164994308165,0.0140799831385428,0.0138951066836921,0.0139579304059458,0.0140946930009883,0.0140870735901835,0.0138818500439872,0.0141756922521404,0.013498921902583,0.0134474282763125,0.0140687799250529,0.0137477836519794,0.0139438560678314,0.0144703957090509,0.0146847429258747,0.014847797966219,0.0154059578449721,0.0155677616637733,0.0157014743599078,0.0158756437568132,commercial,1,winter,1,1,506.9268522,506.9268522,0
18,2021-01-18,0.0165300142479642,0.0167606792932341,0.0171417558747447,0.0168695776030785,0.017103673636868,0.0177713416871248,0.0160876656738888,0.0162773033388495,0.0237018690433479,0.0242245444433518,0.0246535846181723,0.0248917211021175,0.0248039350870506,0.0261257535671189,0.0256498580121228,0.0261753702405403,0.0263709863750686,0.0175977588496836,0.0147821829166859,0.0146420207195314,0.0136832248127421,0.0135454832457419,0.0134013452372847,0.0135687415787621,commercial,1,winter,0,1,506.9268522,506.9268522,0
18,2021-01-19,0.0131493641454737,0.0134883510471377,0.0137771587149972,0.0143935392472003,0.0147200566822212,0.0154477082751957,0.0142585618686528,0.0139021686376819,0.0245599345782404,0.0246659418723419,0.0250868448984578,0.025124015062826,0.0248514822586824,0.0261384411438948,0.0260978199119939,0.0265998040098674,0.0267913438089168,0.0182905362184515,0.0148935990841579,0.0147401758876618,0.0142917093617444,0.0141410896145587,0.0132916662830251,0.0129390206586074,commercial,1,winter,0,1,506.9268522,506.9268522,0
18,2021-01-20,0.0122612009026518,0.0126605087833201,0.0130498200646988,0.0132319753913041,0.0134364570290715,0.0140922187723565,0.0136669883135367,0.0136384042970908,0.0247340280403717,0.025066218943091,0.0254874059455073,0.0266341288315882,0.025666657227959,0.0253677219481056,0.0267909830428168,0.0258359101309771,0.0259992470795112,0.0187635432634379,0.0147294271975315,0.01444515255229,0.0142450166875362,0.0135818321767082,0.0132240040154221,0.0128925373403741,commercial,1,winter,0,1,506.9268522,506.9268522,0
18,2021-01-21,0.0124723610020141,0.0129322678633316,0.013097335105088,0.0135265931808949,0.0136919893916158,0.0142337883056377,0.0137963951403377,0.014626279704647,0.0245842568284547,0.0246449139656798,0.0246699520385114,0.0251954203153792,0.0241291171749498,0.0249358636557694,0.0245723114682925,0.0242068028551337,0.0247699769545454,0.0166491908718645,0.0139108366054944,0.0138612878146973,0.0132440946940206,0.0135760767001932,0.0143157347278628,0.0144385951694034,commercial,1,winter,0,1,506.9268522,506.9268522,0
18,2021-01-22,0.0140295876525691,0.0144581662520148,0.0147357911299151,0.0152661142051355,0.0155633097714541,0.016099023810783,0.0148195981202369,0.0146414778963544,0.0243462559783657,0.0242565054713488,0.0246780638544657,0.0252677694449992,0.0248516327812653,0.0261428382022724,0.0262081446279629,0.0258148968677592,0.0259913440220103,0.0187671377647712,0.0149800095115327,0.0144189139497702,0.0144222884832101,0.0134101809302945,0.0132408654663517,0.0135793466882318,commercial,1,winter,0,1,506.9268522,506.9268522,0
18,2021-01-23,0.0122806796175639,0.012463177500537,0.0129469982515884,0.0130603386182383,0.013346035419846,0.0137891143810416,0.0140304414118133,0.0139076647615085,0.0150908949875068,0.0153344777149732,0.0153172825197558,0.0153264209855661,0.0128028511930674,0.0132515405851176,0.0133640569502524,0.013649332411688,0.0138047748584052,0.0129927743245395,0.0139992924027679,0.0142686458274146,0.0147794272893453,0.01505465160859,0.0155898746844865,0.0162395028686454,commercial,1,winter,1,1,506.9268522,506.9268522,0
18,2021-01-24,0.0162386732700795,0.0168824879347426,0.0172611585336436,0.0170915057043364,0.0178968471729547,0.0182054805848254,0.0182128747014932,0.0161086916950723,0.0145304757332835,0.01332180885439,0.0128762798704676,0.0121584811105478,0.0120158933887546,0.0137118824416494,0.0137003126707185,0.0139662723687817,0.0144783770738534,0.0151667487480733,0.0155445380868993,0.0159652011192311,0.016209964389926,0.0162171230277615,0.0162914840571484,0.0169177059667818,commercial,1,winter,1,1,506.9268522,506.9268522,0
18,2021-01-25,0.0178248523803127,0.0180456302648097,0.0177532356588597,0.0182198358228795,0.0182848924882057,0.0189595617098351,0.0171380088790758,0.0153594078759114,0.0210903237555023,0.0238621870382627,0.0242747936112587,0.0253669099816776,0.0241789912398465,0.0249477034802224,0.0250405487461182,0.0253898408534773,0.0255814846185091,0.0175222108346727,0.0142171224659003,0.0137706080126675,0.0132449417053829,0.0131099431606693,0.0139451231243692,0.0139906631602614,commercial,1,winter,0,1,506.9268522,506.9268522,0
18,2021-01-26,0.0138452798546302,0.0144547330978656,0.0148304064814392,0.015763867675527,0.0162024914579471,0.0167360855614976,0.0154490150758308,0.0135785826685305,0.0209255916158798,0.0242690480878284,0.0246901998201994,0.0252765796385199,0.0252431832109689,0.0261581889034604,0.0260141829716292,0.0262005871460945,0.0263875515331038,0.017902565562833,0.0148646326106964,0.0147206473908308,0.0133752488207473,0.0131368277792919,0.0132643743459098,0.013898242111641,commercial,1,winter,0,1,506.9268522,506.9268522,0
18,2021-01-27,0.0139150862051486,0.0147310090703795,0.0154635156557167,0.016610371046977,0.0174231061097461,0.017622658232296,0.0157117199357043,0.0138238003432877,0.0220638854079795,0.0238728976965639,0.0242909325235598,0.0250312195088424,0.025228376761228,0.0265428051667746,0.0261379363443273,0.0265911742111333,0.0267819655296585,0.0179769633294998,0.0151521269071102,0.0147324882317766,0.0137879411712144,0.0135567249342774,0.0127435765555845,0.0130351588344435,commercial,1,winter,0,1,506.9268522,506.9268522,0
18,2021-01-28,0.0130175160031391,0.0135387027526641,0.0138606207286968,0.0141381689908344,0.0144013141290416,0.015146567213839,0.0142905149022836,0.013041353481076,0.0241934421076849,0.0246630494094718,0.0250893339047208,0.0253553408773554,0.0255680981284531,0.0265453591793492,0.0262503717022545,0.0265868890608537,0.0267786256853057,0.0178969078812612,0.0151725177036806,0.0147597757974682,0.0135713054716358,0.0135728748587261,0.0129924502112995,0.0129766380612148,commercial,1,winter,0,1,506.9268522,506.9268522,0
18,2021-01-29,0.0128995917408404,0.0134136523670502,0.013874901564917,0.0143313900552493,0.0146230305084397,0.0157165537248453,0.0142140852936645,0.012746335067648,0.0208782816511645,0.0242742903904774,0.0250939431951599,0.0254431196225336,0.0259288166496054,0.0265621689190709,0.0266044468238449,0.0262208206968181,0.0263949596943777,0.0177578020392125,0.0143765740012923,0.0136420227092732,0.0131413717127632,0.0130834953720303,0.0128831128636377,0.0130887177668787,commercial,1,winter,0,1,506.9268522,506.9268522,0
18,2021-01-30,0.0127160990793176,0.0140127292959935,0.0131888110813461,0.0148345769544029,0.0149663789913737,0.0149647667802659,0.0144242840090403,0.0122167993631528,0.0139170636093077,0.0148334203440517,0.0157535846953082,0.0164657540930167,0.0131349976771559,0.013294855211639,0.0138165415715642,0.0134279454554113,0.0136747521262251,0.0121493557253922,0.0122099068782418,0.0121303384772827,0.0125878533989627,0.0126390320865892,0.0131644756372582,0.0135854308534883,commercial,1,winter,1,1,506.9268522,506.9268522,0
18,2021-01-31,0.0144437983040524,0.0143914716216618,0.0148747348958164,0.0153662006809922,0.0155291564576973,0.0162643282122593,0.016946622663461,0.0135817135868054,0.0108362427148558,0.010654951939491,0.0112488826978681,0.0118685110542848,0.0118931791433366,0.0122147107942155,0.0125684450427473,0.0124005210138835,0.0120981729518595,0.0121940651376521,0.0122492847293678,0.012805759803557,0.0131735814714901,0.0136980582463169,0.0142332440936884,0.0146304870094123,commercial,1,winter,1,1,506.9268522,506.9268522,0
18,2021-02-01,0.0154115371128801,0.0155042108885835,0.0157798936879383,0.0159119836202783,0.0161736959494833,0.0167150161745501,0.0151428165770808,0.0149838044371482,0.0240667661682274,0.0242425104029302,0.0246666662043269,0.0248198837686574,0.0245031576897258,0.0257416333263165,0.0257311153617489,0.0258050870436347,0.0263771445548347,0.0177618492500411,0.0145548628916738,0.0141118384471372,0.013450232987175,0.0133473488585269,0.0132391350935989,0.0134627728657829,commercial,2,winter,0,1,506.9268522,506.9268522,0
18,2021-02-02,0.0132019185707495,0.0137145380733793,0.0137165333556433,0.0142719626271834,0.0144316730446096,0.0148506900046606,0.0140933657851729,0.0140688366844791,0.0245855738738697,0.0246527596529332,0.0254650516896317,0.0259436770681595,0.0258870404013617,0.0273450329852748,0.027261394490633,0.0266418701949473,0.0271973870186513,0.0181420009585161,0.0157205097397802,0.0151029874767998,0.0137487692980697,0.0137894615186744,0.0131524047690878,0.0128298327461137,commercial,2,winter,0,1,506.9268522,506.9268522,0
18,2021-02-03,0.0122376533403458,0.0125921341407622,0.0129894376281779,0.0131337478951334,0.0133611083916367,0.0139595319617609,0.013647515052445,0.0142360870117631,0.0252384560570406,0.0258602221917377,0.0269212554247867,0.0269213225437032,0.0267309150519816,0.0277741112638617,0.0288106044158747,0.0283018661987507,0.0283663726204209,0.0196687210563197,0.0172306251232936,0.0166830183859676,0.0152423602900808,0.0151150147220399,0.0142389854957061,0.0137261065931547,commercial,2,winter,0,1,506.9268522,506.9268522,0
18,2021-02-04,0.0135723479536523,0.0131724267832379,0.0127435389497872,0.013103903633843,0.0129800854170827,0.0136631088801559,0.0132027346214171,0.0142643326994926,0.0251614939731729,0.0258548133087835,0.025897556002245,0.0260402319581183,0.0259208642402182,0.0269599057403351,0.0265499954279244,0.0262374150040919,0.0264119139609275,0.0180676379332804,0.0144088880491981,0.0139419589200924,0.0132959381091744,0.0132255976218505,0.0129959722197991,0.0128529013585317,commercial,2,winter,0,1,506.9268522,506.9268522,0
18,2021-02-05,0.0128042379786012,0.0133120689924563,0.013744385940087,0.0141382218681707,0.014406631407625,0.0150440805728543,0.0140485831178411,0.0146789053448636,0.02087508290259,0.023850492799774,0.0211065218679609,0.0239713999203531,0.0237647858343643,0.0249269112012499,0.0244919355645615,0.0253726069039334,0.0255722934837442,0.016977658162812,0.0139003231671877,0.013849280573381,0.0132283901582727,0.0136443384575649,0.0149173421067022,0.0149990351314677,commercial,2,winter,0,1,506.9268522,506.9268522,0
18,2021-02-06,0.0142349531928015,0.0148246977046512,0.0155820661260391,0.0161774807251173,0.0171422918660496,0.0170538890494757,0.0160263353120793,0.0138222520397315,0.0139719515564648,0.0140973052926559,0.0143898693733863,0.0143584080164249,0.0120629913402983,0.0125556825599402,0.0125812510365764,0.0130415048501757,0.0136027464096211,0.0134106883091089,0.0157461264870745,0.015750190420649,0.0156836763349449,0.0159984926520543,0.0162391446325778,0.016089802878726,commercial,2,winter,1,1,506.9268522,506.9268522,0
18,2021-02-07,0.0161220170885076,0.0165226292391126,0.0164563755314786,0.0164675447456675,0.0169791079986687,0.0167209109620259,0.0171717844165165,0.016294148619434,0.0160439337025085,0.0158259552790619,0.0149554291561625,0.0144484776702682,0.0144145294639305,0.0143929167031664,0.0136102197830604,0.0145192058246096,0.0148805034014848,0.014995462643994,0.0155151268206752,0.0155239533279585,0.0156604967783998,0.0159977544329351,0.0159943248854751,0.0159035265082695,commercial,2,winter,1,1,506.9268522,506.9268522,0
18,2021-02-08,0.0167192394348223,0.0167236383243524,0.0168237791773299,0.017146795747097,0.0171358839829818,0.01765856944294,0.0164487753546739,0.0148161378485024,0.0241949914969628,0.0246413380724856,0.0254558752961915,0.0256534165831344,0.025519969518491,0.0265341486664985,0.0261665361047654,0.0269691581845282,0.0267791634411956,0.0179914406275818,0.014846629153674,0.0146934832768358,0.0136213555246181,0.0135206271157118,0.0129934986396361,0.013178005936688,commercial,2,winter,0,1,506.9268522,506.9268522,0
18,2021-02-09,0.0130074517636299,0.0135630795120897,0.01375962387385,0.0142322449316469,0.0150448791295666,0.0156311110280313,0.0143279907592506,0.0132084404770407,0.0237770002094034,0.0246616853006499,0.0250959696937099,0.0254027879149155,0.0252573869488181,0.0265552538011686,0.0261578894723801,0.0262193843547593,0.026007428504215,0.0179009876788395,0.0149158651314378,0.0144831498247065,0.0132235458312966,0.0130786911882373,0.0129079108999939,0.0128533084236534,commercial,2,winter,0,1,506.9268522,506.9268522,0
18,2021-02-10,0.0128504611423473,0.0133237455243327,0.0137849077738052,0.0139001983011343,0.0144016572746539,0.0149661375337451,0.0140311673794798,0.0129387699871858,0.0238549574189337,0.0246695397434558,0.0251043095986504,0.025525601853813,0.0249577673812988,0.0257765958549623,0.0264673493434304,0.0258455913931844,0.026010680150421,0.017976841323319,0.0146579931496039,0.0142126642109664,0.0132966316864164,0.0133289808337819,0.0129167084196343,0.012747952929731,commercial,2,winter,0,1,506.9268522,506.9268522,0
18,2021-02-11,0.0118619462314938,0.012319230572496,0.012765839707664,0.0129109358700516,0.0131523770342898,0.0135311933667319,0.0149365609582763,0.0131658867427499,0.0149988754808597,0.0155280048488247,0.0156021896064973,0.016146451824858,0.0124703328835963,0.0127995707942897,0.0131138826709132,0.0132505792995584,0.0136406455995153,0.012692847847932,0.0132007668125869,0.0128302083630065,0.0130732232750648,0.0135067285239827,0.0140790160915999,0.0141244551557156,commercial,2,winter,0,1,506.9268522,506.9268522,0
18,2021-02-12,0.0144221253295873,0.0147260739014277,0.0150832984822834,0.0157415742243641,0.015979187011457,0.0160870487098698,0.0176870179028156,0.013934988661326,0.0151388067112825,0.0152471610639646,0.0155635820818839,0.0166069696011344,0.0133902230297391,0.0133560616090719,0.0141776099644778,0.0138707204115468,0.0138054167483877,0.0123513332038769,0.012248853656321,0.0121647164832533,0.0123295976701661,0.0129779349442619,0.0129272155026943,0.0136714714457962,commercial,2,winter,0,1,506.9268522,506.9268522,0
18,2021-02-13,0.0139634246049042,0.0139347890447225,0.0145869345952954,0.0146307347356246,0.0151565607545036,0.0154113948814439,0.0167692525408848,0.013039738106612,0.0151775312284434,0.0155728421946531,0.0161673877765644,0.0168009411308293,0.0134090760206415,0.0136664479940387,0.0142857392842388,0.0138956006458814,0.013822824522857,0.0123470697359757,0.0118505511926253,0.0117085684967274,0.0117114788402358,0.0121291674233431,0.0120740976670975,0.0124198204033986,commercial,2,winter,1,1,506.9268522,506.9268522,0
18,2021-02-14,0.012430125853813,0.0125769873970282,0.0131856822062918,0.0131285734869792,0.0135758042155712,0.0136661511738273,0.0152620725429489,0.0127482036521611,0.0158203450389959,0.016440907804858,0.0167745065750932,0.0175045329542133,0.0148458136274642,0.0153252559767745,0.0143369364682813,0.0139325041744088,0.0148256911172025,0.0124349606775211,0.0132007627001779,0.0123063261607058,0.0119865501142689,0.0129842966897618,0.0128875731401796,0.0123202808090966,commercial,2,winter,1,1,506.9268522,506.9268522,0
18,2021-02-15,0.012971226394705,0.0130133563449554,0.0127062820832034,0.0132840892152505,0.0133874386034249,0.0135024565609586,0.0148661991790833,0.0141927394856969,0.0179005945272418,0.0168127913396173,0.0170820942141427,0.0181090721702133,0.0145232802859935,0.015279336585612,0.0156843217799038,0.015570792810055,0.0157688213705908,0.0145654147623583,0.0146686003601112,0.0142174461317033,0.0144103523630524,0.0144775221223445,0.0146021343877332,0.0147307329392234,commercial,2,winter,0,1,506.9268522,506.9268522,0
18,2021-02-16,0.0148932275082546,0.0150054008252254,0.0152924070438718,0.0153136228890157,0.0154522063917033,0.0155038115611277,0.0169302596512947,0.015974730835804,0.0189540250958513,0.0193298862984983,0.0197196870260083,0.0200306208915941,0.016434113680947,0.0168845062555582,0.0170028282515412,0.0166015578638479,0.0165592593033742,0.015332279275376,0.0142029301953075,0.0139208973493779,0.013883199245129,0.0135050687549293,0.0136663203007185,0.013908386818991,commercial,2,winter,0,1,506.9268522,506.9268522,0
18,2021-02-17,0.0139035612669641,0.0140024632957808,0.0141185863949081,0.0138616875608061,0.0146201555188988,0.0146494072784765,0.015742269283738,0.01462101782013,0.0179408192311334,0.0184746661268843,0.0190441009964121,0.0192285171823187,0.0168678533807445,0.0169640385613358,0.0162176013036035,0.0167778336069206,0.0170683552972488,0.014593574843795,0.0144155171539987,0.01319295186916,0.0125711901593014,0.0125417022383017,0.0124298234987454,0.0128083774023939,commercial,2,winter,0,1,506.9268522,506.9268522,0
18,2021-02-18,0.0139372846584911,0.0140847976573248,0.0142407174077195,0.0138736502889027,0.014318587923839,0.0141026462933333,0.0143817972955565,0.0154600225716893,0.0260342710929506,0.0272326881185369,0.0275114578656038,0.0279609771796072,0.0280327733877557,0.0290631985806947,0.0275590024874399,0.0288812275015831,0.0292088920819781,0.0197598185510803,0.0172359147969762,0.0170053503982912,0.0146729372836397,0.0149109280118764,0.0141038124299158,0.0132019373643798,commercial,2,winter,0,1,506.9268522,506.9268522,0
18,2021-02-19,0.012307951370956,0.0123480090778074,0.0122550165076744,0.0124523167131668,0.0125242268877081,0.0126848216285522,0.0134191294930654,0.0149426493722625,0.0258609773998729,0.026673548526142,0.0269678701577096,0.027196183881324,0.0267346593345622,0.0282475600203552,0.0270191908220304,0.0277123623617181,0.0279593799694362,0.0185216595355886,0.0166570132852804,0.0161300725483067,0.0146021396836331,0.0150686483316907,0.0142695243750864,0.0136469644476663,commercial,2,winter,0,1,506.9268522,506.9268522,0
18,2021-02-20,0.0121595253308999,0.0122920518275688,0.0119345535815804,0.0121697514945541,0.0123378442230168,0.0118842903811489,0.0143467819501726,0.0140313346876795,0.0168163101607403,0.0178145194006616,0.019011035857114,0.0185914522837499,0.0164136906260313,0.0163508177927079,0.0162404789092967,0.0169481397752268,0.01668782137589,0.0139115746377379,0.0147439878185154,0.013492748639522,0.0130346403337604,0.0135943518219255,0.0136555049344792,0.013613277651682,commercial,2,winter,1,1,506.9268522,506.9268522,0
18,2021-02-21,0.0141949416258232,0.0142566072276041,0.0138831761047804,0.0143036406272897,0.0143161482842283,0.0142373479525033,0.0149626534442599,0.0149616629042485,0.0141776823046516,0.0152631017548187,0.015999132233786,0.0160052629540122,0.0158678097222882,0.0159020342939774,0.0167042212603263,0.0164238211917365,0.0161118709604701,0.0165607017215474,0.0154164361855314,0.015410511194388,0.0154552414845664,0.0154249707118377,0.0154526244300924,0.0150904215071629,commercial,2,winter,1,1,506.9268522,506.9268522,0
18,2021-02-22,0.0158543023620754,0.0157083467444261,0.0157507561181442,0.015683423579479,0.0157810052735805,0.0160534749996705,0.0168537245692886,0.0193476864653705,0.0311259547825356,0.0315298389501079,0.0315463176504017,0.0316781472527523,0.0304133037706747,0.0317934981548091,0.0315292945299465,0.0314474454486387,0.0316287111518708,0.0228541306864883,0.0199623857399881,0.0198635135382252,0.0189663082045621,0.0190583021561608,0.0182971085577775,0.0170778196810139,commercial,2,winter,0,1,506.9268522,506.9268522,0
18,2021-02-23,0.0167197239381469,0.0164850652446898,0.0156211582978124,0.0163589791170452,0.0164638706615258,0.0159815877349545,0.0172890318652181,0.0188940507452595,0.0300693921839475,0.031517149985719,0.0315461224569606,0.031677912019631,0.0304130184879532,0.0317932278869676,0.0314637539802916,0.0314472802849578,0.0316284909336296,0.0225979830989088,0.0199622806358276,0.0198634384638248,0.0180459019473342,0.0186239502027221,0.0177436696665459,0.0165869413687857,commercial,2,winter,0,1,506.9268522,506.9268522,0
18,2021-02-24,0.016447167946982,0.0158950358251503,0.0154654369457951,0.0158515967883892,0.0158491488226895,0.0158927900821269,0.017256020598015,0.0188922709697069,0.0306077373661501,0.0315294527560806,0.0315459212933738,0.0316776695917186,0.0304127244796339,0.0317969430154772,0.0315935131639705,0.0315445989158535,0.0316385073969906,0.0228538664484697,0.0199621723169731,0.0198633610932144,0.0183678825424168,0.0186503906480473,0.0178130808163171,0.0168876546980717,commercial,2,winter,0,1,506.9268522,506.9268522,0
18,2021-02-25,0.0162254039796619,0.016200767101878,0.0166752147531381,0.0166869073061486,0.0167006289905636,0.0167979080457151,0.0180324344147843,0.0199144044319367,0.0314798613084168,0.0315292509915146,0.0316204124455061,0.03170137775538,0.0315726063983009,0.0328262368797645,0.0316369039424977,0.0324312254176223,0.0326106435436627,0.0228537283990298,0.0199620608155024,0.0198632814493068,0.0191832626918933,0.0190581783754043,0.0183189282122989,0.0175052000420512,commercial,2,winter,0,1,506.9268522,506.9268522,0
18,2021-02-26,0.0168433372657872,0.0168433372657872,0.0164101471572616,0.0168433372657872,0.0168433372657872,0.0167012893789408,0.0183518164506751,0.0199290306281862,0.0314796702233054,0.0315290435276793,0.0323530828867571,0.0333469830612312,0.0306993918843825,0.0331820656771141,0.0363265033177425,0.0340665659930599,0.0332303419426089,0.0231698865760591,0.0199619461644355,0.0198631995556876,0.0192062546119293,0.0190581346988074,0.0183189009144258,0.017973970674422,commercial,2,winter,0,1,506.9268522,506.9268522,0
18,2021-02-27,0.0156895603627744,0.0156895603627744,0.0156895603627744,0.0156895603627744,0.0156895603627744,0.0156895603627744,0.0183517771951051,0.0178926882639661,0.0195794038863341,0.0212721284077203,0.021358554562369,0.0196222054668318,0.017727249934867,0.0176409058960897,0.0163212129828542,0.0173944392778227,0.0174304398952147,0.0147647250406654,0.0151719718870629,0.0140514418195513,0.0138008521591101,0.014202334226718,0.014242887740333,0.0139688924237872,commercial,2,winter,1,1,506.9268522,506.9268522,0
18,2021-02-28,0.0142727704460764,0.0142964031502715,0.0136627263631924,0.0142848517180748,0.0143055188564095,0.0134044772536658,0.0144550265516454,0.0142906594460192,0.0136949350057324,0.0144313036358418,0.0156023177827153,0.0143005918239448,0.015668425316251,0.0160773471721607,0.0151182134114058,0.0162233100015162,0.0162642643037267,0.0150680986193215,0.0142839736418487,0.0143517824526239,0.0142124664550741,0.0133897899220799,0.012422196528039,0.0123845130018398,commercial,2,winter,1,1,506.9268522,506.9268522,0
18,2021-03-01,0.0130726067699922,0.013264418517638,0.0134183117790061,0.0136280522595759,0.0137354232851823,0.014287888157468,0.0135405711574579,0.0141378457115659,0.0250773574931912,0.025931048206312,0.0264095916383941,0.026302989569771,0.0248474292875885,0.0253570343798285,0.0262611680314436,0.0250361449114049,0.0258529369319634,0.0185915686521024,0.0145827072832977,0.0143168560048942,0.0147402801194711,0.0134598039146919,0.0136535372653777,0.0137481067664008,commercial,3,spring,0,1,506.9268522,506.9268522,0
18,2021-03-02,0.0132713176673283,0.0135396480548923,0.0142512669856447,0.0138729906429671,0.0140070968726625,0.0150793182876588,0.0141975316023014,0.0144614166217283,0.0272644713384025,0.0266535082068903,0.0267005243132409,0.029444555194056,0.0264324766917156,0.0273506317631592,0.0304965038051269,0.027829334908976,0.0279660278858895,0.0215049065390896,0.0170649760833242,0.0167694358817493,0.0175045004788656,0.0157107222808386,0.0147954935511453,0.0159899839451157,commercial,3,spring,0,1,506.9268522,506.9268522,0
18,2021-03-03,0.0137738907493999,0.0137624124736048,0.0152332684815215,0.0138250016986896,0.013957141239668,0.0156593419113327,0.0147317058775961,0.0158346624661185,0.0308967918330341,0.0282377666857611,0.029721622154577,0.0317863298731459,0.0303921374829544,0.0317907753863374,0.0334755437335003,0.0314457815345727,0.0316264925997828,0.0230574785800925,0.0199122332848072,0.0193943369281527,0.019205753290953,0.0175591242302249,0.0171371477358451,0.0179738232270761,commercial,3,spring,0,1,506.9268522,506.9268522,0
18,2021-03-04,0.0168121480126948,0.0159645558510777,0.0168433372657872,0.0158068319778183,0.0152794782029438,0.0165042691931332,0.0156676172866891,0.01771105464974,0.0300649385149769,0.0308963530721496,0.0303620364825881,0.0312780322448364,0.0301064177310871,0.0317904338910878,0.0314619947977007,0.0314455728430313,0.0316280980813558,0.0222476502663975,0.0199611940818743,0.0197763259210933,0.0175384775922133,0.0179726940457643,0.0171374031359345,0.0157235288277857,commercial,3,spring,0,1,506.9268522,506.9268522,0
18,2021-03-05,0.0152534640858125,0.0152481364179771,0.0148523730321289,0.0152712817164818,0.0152837036514238,0.0153843403052853,0.016646248543119,0.0183181919916264,0.0296049534392254,0.0313435452230949,0.0315438525630215,0.0315689214589276,0.0304097009506576,0.0321277585025866,0.0315583445382931,0.0314745367939393,0.0316421046763468,0.0228524872949015,0.0195105170895812,0.0197616279408659,0.0191021640021566,0.0185999303234177,0.0177482362569983,0.017652581521996,commercial,3,spring,0,1,506.9268522,506.9268522,0
18,2021-03-06,0.0151287529384515,0.0150594953087725,0.0155657067785619,0.0152559942587475,0.0156924376352999,0.0156691776342469,0.0177057641371161,0.0184171099225016,0.0212920969488778,0.0215011027582923,0.0213423657768926,0.0214999151031769,0.0181949049780241,0.0184074444622634,0.0182464760364695,0.0181905951480669,0.0182070040434032,0.0166422839971509,0.0165769136161369,0.0156895603627744,0.0156895603627744,0.0156895603627744,0.0156895603627744,0.0156895603627744,commercial,3,spring,1,1,506.9268522,506.9268522,0
18,2021-03-07,0.0156895603627744,0.0156895603627744,0.0156895603627744,0.0156895603627744,0.0156895603627744,0.0156895603627744,0.0165603761742101,0.0165603761742101,0.0165603761742101,0.0167893245537857,0.0170481995481917,0.0169222515007815,0.0170810038759051,0.0171302103674752,0.0168716031432993,0.0169152042652702,0.0169152042652702,0.0168263192608154,0.01591850874235,0.0158001128001712,0.0156895603627744,0.0158001128001712,0.0158001128001712,0.0156895603627744,commercial,3,spring,1,1,506.9268522,506.9268522,0
18,2021-03-08,0.016953889703184,0.016953889703184,0.0168433372657872,0.016953889703184,0.0168433372657872,0.0172433372657916,0.0183513791771614,0.0199278437429347,0.0314774838557367,0.0315266697571762,0.031543065057656,0.0316742274614947,0.0306374983608528,0.0329290233432888,0.0315121540311076,0.0314911322399222,0.0316762562375185,0.0227520708757728,0.0199606343438943,0.0198622625410153,0.0183612676918244,0.0186785601756109,0.0178060375671086,0.0166765215530547,commercial,3,spring,0,1,506.9268522,506.9268522,0
18,2021-03-09,0.0151399091577823,0.0147840808457318,0.0151594840043703,0.0149072698172876,0.0144472105510644,0.0153919949089421,0.0153492311891443,0.0162999876906593,0.0296263729261249,0.0284816059727726,0.0285040228424937,0.0300817760728021,0.0280314871593407,0.0293738402930731,0.0303085436543341,0.0287438695866317,0.0288356804066447,0.0212440205680728,0.0177197056764852,0.0174356983308888,0.0170610595051774,0.0158271483437207,0.014761391584718,0.0153904167741863,commercial,3,spring,0,1,506.9268522,506.9268522,0
18,2021-03-10,0.0133585058558523,0.0131955555287953,0.0132602784955772,0.0127724324643135,0.0130881958768067,0.0133260789232924,0.0129214567509854,0.0140445323484505,0.0245559618355763,0.0246538535647129,0.0246796871248373,0.0249697371910639,0.0241696060397326,0.0249441145700673,0.0246386446884837,0.0249962042970537,0.0247968625605179,0.0172504387338413,0.0140084997435005,0.0136271264644943,0.013139824269462,0.0131885493018021,0.0140685666804797,0.0140726427646087,commercial,3,spring,0,1,506.9268522,506.9268522,0
18,2021-03-11,0.0140921819381404,0.0146855632353889,0.0149117075849457,0.0158682734292711,0.0162642666236764,0.0168215345109247,0.015063562370915,0.0157016730697928,0.0212548005046877,0.0210927618894274,0.0238536519082533,0.0241893098964883,0.0237058194071589,0.0245117036579239,0.0243475547591276,0.0241862865314355,0.0247517541436963,0.0163439251711863,0.0136202065632672,0.0140165042991744,0.0136589577600915,0.01411856919411,0.0149042272294165,0.0149681747890558,commercial,3,spring,0,1,506.9268522,506.9268522,0
18,2021-03-12,0.015186246626236,0.0155674719213171,0.0159761952230628,0.0171277471323084,0.01753806626671,0.0179465161221377,0.0159219733992147,0.0165908694483085,0.0220235912052053,0.0209012283890051,0.0209473941898569,0.0212822299712067,0.0229937738512881,0.0212036894780982,0.0208929411690992,0.0208860220978007,0.0210723126177555,0.0157639026773863,0.0140259481012442,0.0148185905507118,0.014678409690314,0.0152911952125856,0.0173412261809528,0.0175020479581998,commercial,3,spring,0,1,506.9268522,506.9268522,0
18,2021-03-13,0.0169962414015403,0.0173843012463123,0.0179540062291137,0.0177873988392907,0.0180138327106463,0.018458622738845,0.0168520239158335,0.0169895545224266,0.0171339404556093,0.0168006638265585,0.0162773166703011,0.0163833000231621,0.0154825027338345,0.0157418101995931,0.0158281332225254,0.01614240960822,0.0165022810684801,0.0160662618189862,0.0175640279797978,0.0179935004028456,0.0181149557199928,0.0175785963866832,0.017687668404387,0.0181601210212459,commercial,3,spring,1,1,506.9268522,506.9268522,0
18,2021-03-14,0.0183669437521956,0.0184830615659428,0.0182732684095499,0.0180443193986962,0.0180268894436815,0.018386437011455,0.0181405914648241,0.0179333581114876,0.0175792902417265,0.0165588532169502,0.016548054071452,0.0162926934107613,0.0155900520428672,0.0158042434467241,0.0159558693909805,0.0162506200782408,0.0161020127828135,0.0166310556936291,0.0166771669236609,0.0167088744926176,0.0168225525761399,0.0166987853765737,0.0167101456909635,0.0171440185926705,commercial,3,spring,1,1,506.9268522,506.9268522,0
18,2021-03-15,0.0171940597342107,0.0174704233033692,0.0177142194620569,0.0176165276219888,0.0176337659061978,0.0181365376410406,0.0166053601708525,0.0164763073005057,0.0251002553537125,0.0255523103565234,0.0259586955081219,0.0270974548937929,0.0263538095012927,0.0275384038520891,0.027989190835683,0.0279290902415448,0.0281149765032974,0.0201550421664507,0.0165299652430449,0.0159860830666422,0.0151388702236031,0.0152281721374893,0.0144731982555949,0.0141874132870842,commercial,3,spring,0,1,506.9268522,506.9268522,0
18,2021-03-16,0.0133258448737697,0.0134546844691114,0.014097694712974,0.0139052391529028,0.0140786036050275,0.015104150893293,0.0145543164668547,0.0154098229087293,0.027121357190675,0.028541657232026,0.0289835334682798,0.0289006289718948,0.0291814855360216,0.0303885534742226,0.0299528224395987,0.029039693460811,0.0299152810572327,0.0209814542896927,0.017963295964975,0.0179000504942891,0.0172162689102526,0.0163358884757343,0.0154142266839796,0.0161850458242509,commercial,3,spring,0,1,506.9268522,506.9268522,0
18,2021-03-17,0.0144677710231638,0.0152027494617365,0.0158240118184932,0.0158162207807433,0.0158829597434715,0.0166418594915476,0.0164363381930489,0.017943081252806,0.031475126325713,0.0315241101531505,0.0315404380956297,0.031671061635463,0.0304047105752388,0.0317853572328171,0.0338380048455736,0.0315059531241929,0.0316574890128233,0.022949349356919,0.0199592198258801,0.0198612521710052,0.0192040475759559,0.0184209329017735,0.0172191112032886,0.0179733215461945,commercial,3,spring,0,1,506.9268522,506.9268522,0
18,2021-03-18,0.0157276387604506,0.0156221959632885,0.0164135835282334,0.0158737587867043,0.0164744578470159,0.0169363031826601,0.0182382242237734,0.0199022477487222,0.0314748440709141,0.0315238037050831,0.0315401235831395,0.0316920271977069,0.0305148033405344,0.0333549451600597,0.0352910127772881,0.0339626092096741,0.0345082401666975,0.0231409768864975,0.0200696029103976,0.0198611312046628,0.0192039104807678,0.0190570315782608,0.0183182114640842,0.0179732812240804,commercial,3,spring,0,1,506.9268522,506.9268522,0
18,2021-03-19,0.0168433372657872,0.0168433372657872,0.0168433372657872,0.016065936015017,0.0159666475538318,0.0172077882061732,0.017461000836649,0.0188249536967289,0.0314774536680358,0.0323366456220706,0.0345128494774923,0.0366330967603056,0.0329535366600399,0.0375427372572547,0.0383428071407606,0.038428173517277,0.0374894418181863,0.0235790421788433,0.0199588788620097,0.0198610086253834,0.0192037715575846,0.0190569662026452,0.0183181706043244,0.0179732403643206,commercial,3,spring,0,1,506.9268522,506.9268522,0
18,2021-03-20,0.0156895603627744,0.0156895603627744,0.0156895603627744,0.0156895603627744,0.0156895603627744,0.0156895603627744,0.0183507360771059,0.0184159497932792,0.0212905149544836,0.0213883355287436,0.021355728670657,0.0212711762630998,0.0184217440317407,0.0184054406026974,0.0181766488879625,0.0184334997399219,0.0184498031689652,0.0165761753520863,0.0166867277894831,0.0158001128001712,0.0146445185990142,0.0154637377279683,0.0147324042872899,0.014739850315721,commercial,3,spring,1,1,506.9268522,506.9268522,0
18,2021-03-21,0.0151913722278276,0.015228753025394,0.0147513636534298,0.0150323638636942,0.0149994668078305,0.0146698124664314,0.0157416446275878,0.0158101890395028,0.0154065224726041,0.0164569683651737,0.0165599477160809,0.0165925378147296,0.0165925378147296,0.0167519754000996,0.0167145827579405,0.0165599477160809,0.0165533565475348,0.0165599477160809,0.0153490980690555,0.0149942837417775,0.0146872281700774,0.0145919405670671,0.0147118989410698,0.014654305576756,commercial,3,spring,1,1,506.9268522,506.9268522,0
18,2021-03-22,0.0154701785436714,0.0154494229049493,0.0149459889323993,0.0152154335058328,0.0147427563764013,0.0147299483479833,0.0153057607196155,0.016800640975713,0.0283201485414543,0.0286781844798334,0.0298574804326096,0.0303757691512686,0.0287745941409174,0.0312332812302675,0.0315346769092059,0.0314678453962867,0.0311193006074431,0.0208120321574281,0.0180543877457047,0.017250757621258,0.0154543192454016,0.0154032628234473,0.0152751440824632,0.0144737898042997,commercial,3,spring,0,1,506.9268522,506.9268522,0
18,2021-03-23,0.0136190785602491,0.0140411978052857,0.0131491452195904,0.0139916040061292,0.0140481256006389,0.0143003471697733,0.0154924373355165,0.0171734444318558,0.0294182331459676,0.031328926737191,0.0316378376175998,0.0332161257159546,0.0306239248385584,0.0324787358952696,0.0356091343988957,0.0334286245187388,0.0336844634859876,0.0229031858951309,0.0199581708630607,0.0199710553492453,0.0191960245614179,0.0190566964887599,0.0183180020331461,0.0179730717931423,commercial,3,spring,0,1,506.9268522,506.9268522,0
18,2021-03-24,0.0168433372657872,0.0168433372657872,0.0168433372657872,0.0168433372657872,0.0168433372657872,0.0172433372657916,0.0183504973080863,0.0199254500983023,0.0314953073673323,0.0318175846117539,0.0331031581039945,0.0348809133705611,0.0321683917978496,0.032112140547859,0.0318696660396164,0.0310977692410661,0.0301643196912181,0.0198856159388027,0.0157559306832186,0.0150697618216536,0.0140917719719521,0.0138784741716814,0.0131087440174132,0.0124918266764607,commercial,3,spring,0,1,506.9268522,506.9268522,0
18,2021-03-25,0.0119280771911398,0.0120258861147718,0.0120194519661034,0.0121003515524186,0.011976240474914,0.012469344454968,0.0127410150620012,0.013754876840289,0.0245503226097889,0.0255624693934777,0.0267957464314841,0.0268734205435059,0.0265147804338645,0.0284886998288401,0.0294849564558568,0.0296043452272604,0.0294379998140661,0.0191106517281671,0.016267811184449,0.0158488005015295,0.0146887619668617,0.0146629347788348,0.0136430952201787,0.0126871869475133,commercial,3,spring,0,1,506.9268522,506.9268522,0
18,2021-03-26,0.0119228517120759,0.012046096653546,0.0120917958881662,0.0121851425890073,0.0121325766526764,0.0125433791624611,0.0130870613501156,0.0140617366907711,0.0254192489438601,0.0271852841549338,0.0288885302664576,0.0286096106301567,0.0281999562745058,0.031731287270987,0.0317558687231405,0.0312509025831421,0.0308125203875056,0.0193242808222991,0.0160501740309177,0.0158877140681766,0.0145594964359817,0.0146956617812543,0.013948372697639,0.0130248256744799,commercial,3,spring,0,1,506.9268522,506.9268522,0
18,2021-03-27,0.0111803442302685,0.0113882177866516,0.0112034540523164,0.0113260944756996,0.0111725322185666,0.0112565033238586,0.0127022497256969,0.0126769899607097,0.0159014034508744,0.0169072372542203,0.0175510421361755,0.0181369326620992,0.0148139252615656,0.0150081670074192,0.0156818596388203,0.0152327690703944,0.0151978129395967,0.0133489782336719,0.0135378392302966,0.0123473462752726,0.0114889687841153,0.0116738630651544,0.0116742921472761,0.0114946270445904,commercial,3,spring,1,1,506.9268522,506.9268522,0
18,2021-03-28,0.0117391009566255,0.0115260687441323,0.0114818460556998,0.0113251964769545,0.0112468072707482,0.0114614923010714,0.0118063873406798,0.0115618908645066,0.01180781644715,0.0125771868850097,0.0132178953864174,0.0134344789747362,0.0144011010724434,0.0140928905793048,0.0137119324100154,0.0135955425422171,0.0135622758599248,0.0142556322845351,0.0134643940508017,0.0131909162127944,0.0121645937608234,0.0127326215191318,0.0124299099538648,0.0120250415172952,commercial,3,spring,1,1,506.9268522,506.9268522,0
18,2021-03-29,0.0131677373931277,0.0131744807185251,0.0128422732182494,0.0130188007711711,0.0126204709840639,0.0128777846774969,0.0136470052666781,0.01533779285194,0.0271207722140387,0.0293325015566556,0.0317581851090667,0.0317308192718739,0.0297237917514322,0.0321307134222417,0.0321855534372347,0.0319185649899952,0.0320122236349513,0.0219038661300957,0.0187073710464148,0.0184897692824205,0.0163360248556424,0.0165456126243975,0.0162285560860287,0.0158035144152262,commercial,3,spring,0,1,506.9268522,506.9268522,0
18,2021-03-30,0.0147805922936006,0.0147510174935454,0.01424353759588,0.0146303416154249,0.0144676008674909,0.0132255496338634,0.0148413511964833,0.0177530147363532,0.0295071441122965,0.0315767093391558,0.0322494441231373,0.0338095513554657,0.0314911452307931,0.033982902278785,0.0345078722614211,0.0331907170366291,0.0339787294111944,0.0229464240623612,0.0200674095253649,0.0194938916290332,0.0191329968179926,0.0187126029455915,0.0178975248973726,0.0176187528123993,commercial,3,spring,0,1,506.9268522,506.9268522,0
18,2021-03-31,0.0166355495475827,0.016081836464517,0.0163628257107365,0.0165105661988913,0.0165098139932831,0.016861517119609,0.0178007865764757,0.0197685003347788,0.0315375443416875,0.0323398541111969,0.0332180796046474,0.0344198877738701,0.0320371454792697,0.0362064850500219,0.0364823193717785,0.0356952639070504,0.0362087035970331,0.0229461831680504,0.0200220329005002,0.0199247959045949,0.0192234433996721,0.0190561218816839,0.0183176429037236,0.0179727126637198,commercial,3,spring,0,1,506.9268522,506.9268522,0
18,2021-04-01,0.0168433372657872,0.0168433372657872,0.0168433372657872,0.0168433372657872,0.0168433372657872,0.0172433372657916,0.0183499898625508,0.0199240727461344,0.0314705372826836,0.0315191277635757,0.0315353245905398,0.031664899206252,0.0303972369908765,0.0318841133642367,0.0315644614345672,0.0314911617754524,0.031676680605178,0.0224201987270261,0.0196361288337177,0.0193987880172437,0.0183964535928301,0.018359309960723,0.0174828160729347,0.0169971418028445,commercial,4,spring,0,1,506.9268522,506.9268522,0
18,2021-04-02,0.015954755741291,0.0159106169833075,0.0159523080228001,0.0158663397523074,0.0158945817818616,0.0161206175006037,0.0173240858301764,0.0186785086227683,0.0305886586941534,0.0315162869663854,0.0315349575962929,0.031550124873678,0.0303339690866984,0.03177776884912,0.0314557475805798,0.0314378330951621,0.0316158946805686,0.0228465573170825,0.0199562687877757,0.0198591442866449,0.018948394113666,0.0190559718886513,0.0183175491580783,0.0175559611038794,commercial,4,spring,0,1,506.9268522,506.9268522,0
18,2021-04-03,0.015671826082195,0.0154962632818865,0.0150497925063738,0.0149597848229525,0.0148652309696853,0.0147812189145115,0.0169964238468677,0.0171996237006195,0.0202642534268777,0.0201522801498074,0.019929659856018,0.0201151264640739,0.017597775378842,0.0176704766586846,0.0177425295220019,0.0179314388250755,0.0179314388250755,0.01652676310256,0.0163159169540777,0.015927118182027,0.0152882887842222,0.0156867467076285,0.0156940553506824,0.0151837245963379,commercial,4,spring,1,1,506.9268522,506.9268522,0
18,2021-04-04,0.0155753054855636,0.0155967697281044,0.0151292295256857,0.015588596841929,0.015601720955395,0.0150160331897514,0.017097442136449,0.01717769352415,0.019432492547074,0.0201465012568535,0.0202772074089866,0.0204318928684422,0.0178278226972483,0.0174218080402586,0.0165648065129035,0.0170414014033873,0.0164945829950944,0.0136618277311435,0.0140793077249242,0.0129051460917437,0.0125507781464939,0.012891456663402,0.0124505919898185,0.0123447766089036,commercial,4,spring,1,1,506.9268522,506.9268522,0
18,2021-04-05,0.0124089803403148,0.0124216088204097,0.0126800178037687,0.0123128630275234,0.0123216990878026,0.0126419873761269,0.0138540619972265,0.0142089965142614,0.017730955558876,0.0187088441950033,0.0188788858578838,0.0185995627405556,0.0162021219361176,0.0162594523848245,0.0159753763348967,0.017008088002525,0.0171076263377534,0.0165554748110618,0.0154158277107523,0.014571896716754,0.0118865141393637,0.0124251101124913,0.0119446998586061,0.0127254050187822,commercial,4,spring,0,1,506.9268522,506.9268522,0
18,2021-04-06,0.0136050374643181,0.0136540676745406,0.0146595503925381,0.0142463612374395,0.014261734142067,0.0155805450466748,0.0162958821324531,0.0179512146486764,0.0301129862907724,0.030518329414032,0.0305320952351335,0.0308436294166153,0.0297359143550101,0.0304623541727162,0.0286564581401461,0.0295672227388591,0.0306094268094028,0.0214923053636284,0.0185547084050426,0.0185530198303713,0.0170516286877323,0.0172447499565368,0.0161476868588878,0.0153566150911905,commercial,4,spring,0,1,506.9268522,506.9268522,0
18,2021-04-07,0.014431893232931,0.014465029106115,0.0142899496934379,0.0145157149942123,0.0145629446924352,0.0148191888464888,0.0157549648409771,0.0173728003737231,0.029361711166754,0.0311082175154177,0.031500113135227,0.0315802949829875,0.0303939635516353,0.0317751758420348,0.0314523878779266,0.0314362484797212,0.0316137818599807,0.0218572579108053,0.0196050981769908,0.019374233345234,0.0178365792656098,0.0180697351761407,0.0171926710688916,0.0164122701452795,commercial,4,spring,0,1,506.9268522,506.9268522,0
18,2021-04-08,0.0156128424673904,0.0155768897944456,0.015283220543835,0.0159970646507868,0.015763274205211,0.0157675392909104,0.0172705035097227,0.0192715650106654,0.0311217499144201,0.0315165739279734,0.0315327035487374,0.0316679065419018,0.0303934062374731,0.031877529918042,0.031662846997092,0.0318718098471595,0.031695060717588,0.0228450546187121,0.0199550550698612,0.0198582773452774,0.0192006761067977,0.019055509519922,0.0183172601776224,0.0179723299376186,commercial,4,spring,0,1,506.9268522,506.9268522,0
18,2021-04-09,0.0168433372657872,0.0168433372657872,0.0168433372657872,0.0168433372657872,0.0168433372657872,0.0172433372657916,0.0183494506187566,0.0199226090844074,0.0314678410637128,0.0315162004401217,0.0315531186084896,0.0342750228544965,0.0313543002030573,0.0352625271049929,0.0369623152821385,0.0340510625195632,0.0338892059368535,0.0230860046644386,0.01995484866868,0.0198581299158622,0.0192005090201272,0.0190554308909005,0.018317211034484,0.0179722807944802,commercial,4,spring,0,1,506.9268522,506.9268522,0
18,2021-04-10,0.0156895603627744,0.0156895603627744,0.0156895603627744,0.0156895603627744,0.0156895603627744,0.0156895603627744,0.0183493814804338,0.018413821141366,0.0212876122473292,0.0213842717387274,0.0213520519082613,0.0213588329346401,0.0184178737555348,0.0185276435517862,0.018253639656165,0.018430984060388,0.0184470939756211,0.0166006213769592,0.0168037691349898,0.0158001128001712,0.0146159783794774,0.0149887416400079,0.0146899118815369,0.0147885101256648,commercial,4,spring,1,1,506.9268522,506.9268522,0
18,2021-04-11,0.0151908867407596,0.015225818180677,0.0152330247811279,0.0149778235061907,0.0152087859183159,0.0154089059214687,0.0158647634318331,0.0165591674906999,0.0165591674906999,0.0166697199280967,0.0165591674906999,0.0167960263328599,0.016701919914055,0.0167502198929925,0.0171763199519908,0.0166697199280967,0.0166697199280967,0.0167881158702755,0.0156895603627744,0.0156895603627744,0.0156895603627744,0.0158001128001712,0.0156895603627744,0.0156895603627744,commercial,4,spring,1,1,506.9268522,506.9268522,0
18,2021-04-12,0.0168433372657872,0.0168433372657872,0.0168433372657872,0.0168433372657872,0.0168433372657872,0.0172433372657916,0.0183492422719937,0.0199220435717651,0.0314828592019008,0.0331228147540937,0.0345618380866069,0.0371308830931951,0.0329904719960571,0.0378143262132085,0.0400710212377393,0.0370847012999362,0.0358824010488423,0.0234713664254244,0.0199542236283912,0.0198576834585131,0.0192323241339584,0.0190551927803143,0.0183170622153676,0.0179721319753638,commercial,4,spring,0,1,506.9268522,506.9268522,0
18,2021-04-13,0.0168433372657872,0.0168433372657872,0.0168433372657872,0.0168433372657872,0.0168433372657872,0.0172433372657916,0.0183491722431016,0.0199218534933438,0.0337685956954495,0.0367253603591069,0.0387557377403566,0.0417733519165335,0.0370683750667793,0.0424292934320332,0.043287768536852,0.0402676999448532,0.0398450848456812,0.0251159476105281,0.0200823854807528,0.0199680858339983,0.0193103854023618,0.0191656651846916,0.0183170121947305,0.017993547978857,commercial,4,spring,0,1,506.9268522,506.9268522,0
18,2021-04-14,0.0168433372657872,0.0168433372657872,0.0168756583646141,0.016953889703184,0.0168433372657872,0.0172433372657916,0.0183491019587188,0.0199216627214475,0.0333007913500341,0.0355433001418948,0.0354251261476386,0.0338664729021483,0.0337796781209853,0.0365658705578422,0.0340418414093972,0.0359733539859588,0.0354091602981516,0.0228435040513948,0.0200643551259633,0.0198573827872097,0.0182348275095999,0.0186939779710667,0.0178826557613603,0.0172760135858367,commercial,4,spring,0,1,506.9268522,506.9268522,0
18,2021-04-15,0.0163571286289834,0.0167982332200868,0.0160034445947827,0.0159538026918199,0.0159207996471042,0.0154438454613941,0.0169211947375275,0.0185948458001495,0.0301078219601977,0.0317944722411466,0.032099708945791,0.0322672197455226,0.0307903125493048,0.0353634494880202,0.0333395030938553,0.0352367420809974,0.0347075682320482,0.0228864992068094,0.0199535911313879,0.0198572316749393,0.0188971544805141,0.019054951829075,0.0183169116208431,0.0178138342952331,commercial,4,spring,0,1,506.9268522,506.9268522,0
18,2021-04-16,0.0168433372657872,0.0168433372657872,0.0167888004207146,0.0168433372657872,0.0168433372657872,0.0169536297849909,0.0183489607068066,0.0199212793234002,0.031563028990312,0.0324399554472656,0.0337575449759117,0.0341601485969051,0.0321185669302052,0.0366053042969611,0.0363202968487959,0.0370246244271133,0.0358609087977323,0.0229872487444051,0.0200639313702267,0.0199676325419375,0.0191993192339629,0.0190548709915291,0.0183168610973769,0.0179719308573731,commercial,4,spring,0,1,506.9268522,506.9268522,0
18,2021-04-17,0.0156895603627744,0.0156895603627744,0.0156895603627744,0.0156895603627744,0.0156895603627744,0.0156895603627744,0.0183488897811077,0.0184130484709963,0.021286558605916,0.0216502665410117,0.0217385056059682,0.0219379964890664,0.0184164689003172,0.018400429227845,0.0188071538949321,0.0183041911930121,0.0183202308654842,0.0170621524300697,0.0166848814934849,0.0158001128001712,0.015700252571192,0.0156895603627744,0.0156895603627744,0.0156895603627744,commercial,4,spring,1,1,506.9268522,506.9268522,0
18,2021-04-18,0.0156895603627744,0.0156895603627744,0.0156895603627744,0.0156895603627744,0.0156895603627744,0.0156895603627744,0.0165588855815055,0.0165588855815055,0.0165588855815055,0.0165588855815055,0.0166694380189023,0.0170787679868482,0.0168198929924422,0.0168679815394838,0.0170247399218063,0.0169137136725656,0.0167878339610811,0.0169926808904452,0.0158001128001712,0.0158001128001712,0.0156895603627744,0.0156895603627744,0.0156895603627744,0.0156895603627744,commercial,4,spring,1,1,506.9268522,506.9268522,0
18,2021-04-19,0.0168433372657872,0.0168433372657872,0.0168433372657872,0.0168433372657872,0.0168433372657872,0.0172433372657916,0.0183487474352378,0.0199207004434276,0.0325499085382179,0.0360732964559841,0.0369794902916754,0.0384383320429172,0.0345755001452857,0.0390855549733817,0.0406353640658861,0.039333264197265,0.0382195166038788,0.0246324508961368,0.0200632915555202,0.0199671755314329,0.0192979396623363,0.0190546272525933,0.018316708760542,0.0179824707289558,commercial,4,spring,0,1,506.9268522,506.9268522,0
18,2021-04-20,0.0168433372657872,0.0168433372657872,0.0168433372657872,0.0168433372657872,0.0168433372657872,0.0172433372657916,0.0183486760572211,0.0199205067030968,0.0327217834282984,0.0336424607804981,0.0355426601458826,0.0374296595384636,0.0342813399114275,0.0391444658922333,0.0404825884748821,0.0394108575193343,0.038279102670324,0.024949848826696,0.0202303527051475,0.0199670225785401,0.0193438917984834,0.0191650981151139,0.0184272102136412,0.0180260011639362,commercial,4,spring,0,1,506.9268522,506.9268522,0
18,2021-04-21,0.0168433372657872,0.016953889703184,0.0168648032899175,0.016953889703184,0.016953889703184,0.0172540294742092,0.0184591570080514,0.0200308651055271,0.0332375176386792,0.0366814901287061,0.0389460171511764,0.0375156363184375,0.0366818504282961,0.0402195000525453,0.0381734536686307,0.0404765707506337,0.0390152058378668,0.0237356571058519,0.0201812589039493,0.020085265335219,0.0191984543318793,0.0191650164161807,0.0184271591518079,0.0179716764744073,commercial,4,spring,0,1,506.9268522,506.9268522,0
18,2021-04-22,0.0168433372657872,0.0168433372657872,0.0168433372657872,0.0168433372657872,0.016953889703184,0.0172433372657916,0.018348532996708,0.0200306708333866,0.0326103780767346,0.0354727695424407,0.0367608466669629,0.0378940166891628,0.0358366535115895,0.0395713335035283,0.0379501356234799,0.0380312478647688,0.0379066174468783,0.0239383568851892,0.020241386477181,0.0199667160202977,0.0192974188830498,0.0191649346173847,0.0184271080275604,0.0181168892065308,commercial,4,spring,0,1,506.9268522,506.9268522,0
18,2021-04-23,0.016953889703184,0.016953889703184,0.016919884257396,0.016953889703184,0.016953889703184,0.0172433372657916,0.0183484613565775,0.0199199239442069,0.031526973873024,0.0327670182768539,0.0344463497382819,0.0341278107816863,0.032311009983774,0.035863626779195,0.033154966423884,0.0345777923511624,0.0340856142808075,0.0228411246720129,0.0199518808821426,0.0198560100683355,0.0191981065262636,0.019054300305553,0.0183165044186418,0.017971574178638,commercial,4,spring,0,1,506.9268522,506.9268522,0
18,2021-04-24,0.0156895603627744,0.0156895603627744,0.0156895603627744,0.0156895603627744,0.0156895603627744,0.0156895603627744,0.0183483896714786,0.0184122625844363,0.021285486942425,0.0213812963118616,0.0213493598553827,0.0214132327683404,0.0184150400156626,0.0182806758452444,0.0181062504948899,0.0181848664758078,0.0182008347040473,0.016573828946459,0.016573828946459,0.0156895603627744,0.0156895603627744,0.0156895603627744,0.0156895603627744,0.0156895603627744,commercial,4,spring,1,1,506.9268522,506.9268522,0
18,2021-04-25,0.0156895603627744,0.0156895603627744,0.0156895603627744,0.0156895603627744,0.0156895603627744,0.0156895603627744,0.0165585994552619,0.0165585994552619,0.0165585994552619,0.0166691518926587,0.0169134275463219,0.0167475049728247,0.0169453435145612,0.0169932174669201,0.0170511884530176,0.0176023649338629,0.0169134275463219,0.016751226724801,0.01591850874235,0.01591850874235,0.0156895603627744,0.0158001128001712,0.0158001128001712,0.0156895603627744,commercial,4,spring,1,1,506.9268522,506.9268522,0
18,2021-04-26,0.016953889703184,0.016953889703184,0.0168433372657872,0.0168433372657872,0.0168433372657872,0.0172433372657916,0.0183482462512978,0.0199193400870193,0.0314618192264189,0.0329524527314447,0.0344400534142376,0.0340731209177628,0.0344094314408083,0.0366183367597061,0.0318463757239371,0.0320034324762765,0.0331841139320432,0.0228403257095456,0.0199512355663036,0.0198555491284505,0.0191975841277273,0.0190540544709476,0.0183163507720135,0.0179714205320097,commercial,4,spring,0,1,506.9268522,506.9268522,0
18,2021-04-27,0.0168433372657872,0.0168433372657872,0.0168433372657872,0.0168433372657872,0.0168433372657872,0.0172433372657916,0.0183481745586886,0.0199191454927942,0.0321920723899335,0.0355224866491832,0.0374542824879728,0.0387111873968136,0.0353401199725774,0.0394651207664715,0.0393710648962203,0.0405026934329931,0.0392647716814183,0.0244165454768793,0.020305848579536,0.0200843438810063,0.0194633531037101,0.0192829209161126,0.0185452479425824,0.0180705076966151,commercial,4,spring,0,1,506.9268522,506.9268522,0
18,2021-04-28,0.016953889703184,0.016953889703184,0.0168540294742048,0.0168433372657872,0.0168433372657872,0.0172433372657916,0.0183481029060434,0.0199189510070429,0.0318055781418647,0.0335981756026573,0.0362823850854371,0.0359794559391825,0.0338452421276328,0.0384374808616957,0.0377264146800701,0.0385942742355197,0.0378460224575567,0.0239624532625264,0.0203056336216003,0.0202100700511082,0.0192963743771499,0.0191644430851965,0.0184268008199428,0.0179713181425422,commercial,4,spring,0,1,506.9268522,506.9268522,0
18,2021-04-29,0.016953889703184,0.016953889703184,0.0168433372657872,0.0168433372657872,0.0168433372657872,0.0172433372657916,0.0183480313145815,0.0199187566873606,0.0334732753986168,0.0371841294580133,0.0381969831222473,0.0381282394462583,0.0349405761769519,0.0383049796015565,0.0370099930690734,0.03746198720508,0.0367768074972763,0.0229724752088716,0.0201795391357301,0.0199656409871694,0.019197062138559,0.0190538088289861,0.0183161972457875,0.0179712670057837,commercial,4,spring,0,1,506.9268522,506.9268522,0
18,2021-04-30,0.0168433372657872,0.0168433372657872,0.0168433372657872,0.0168433372657872,0.0168433372657872,0.0172433372657916,0.018347959805504,0.0199185625912931,0.0315855282305987,0.0325123613830783,0.0347097643571252,0.0354191230775231,0.031593429689013,0.0346720665074554,0.0349815198791579,0.0347081453501239,0.034298448284655,0.0228392617680256,0.0199503762289221,0.0198549353160352,0.0191968884736565,0.0190537271043261,0.018316146167875,0.0178567110336226,commercial,4,spring,0,1,506.9268522,506.9268522,0
18,2021-05-01,0.0152180112265138,0.0151089047513041,0.014866063175644,0.0149871564653738,0.014944514707377,0.0149424144371219,0.0179291750848722,0.017502617474073,0.0205664189714658,0.0211095499909394,0.0212201024283362,0.0211846003103422,0.0181910551590327,0.018238745013112,0.0179621067794571,0.0180408659808011,0.0180408659808011,0.0165256378208887,0.016462051348783,0.0156895603627744,0.0156895603627744,0.0156895603627744,0.0156895603627744,0.0156895603627744,commercial,5,spring,1,1,506.9268522,506.9268522,0
18,2021-05-02,0.0156895603627744,0.0156895603627744,0.0157873828188121,0.0157010834853809,0.0156895603627744,0.0158742252539801,0.0183001578140174,0.0183001578140174,0.0211095092590485,0.0211095092590485,0.0212200616964453,0.0212865459855269,0.0180725981190176,0.0182386533663575,0.0181909940611963,0.0189588611844258,0.0183340296737891,0.0166361495263946,0.016816879439843,0.01591850874235,0.0156895603627744,0.0158001128001712,0.0158001128001712,0.0156895603627744,commercial,5,spring,1,1,506.9268522,506.9268522,0
18,2021-05-03,0.0158001128001712,0.0156895603627744,0.0156895603627744,0.0156895603627744,0.0158001128001712,0.0156895603627744,0.018410669602847,0.018410669602847,0.0212782608659996,0.0218469066628489,0.0219057851606549,0.0225421933198066,0.0197919644143225,0.0203412051522698,0.0202732009460966,0.0199684417374818,0.0198960209679548,0.0184568543031628,0.0176981284855652,0.0165000338692375,0.0163326211489589,0.016446440615641,0.0164402519898836,0.0160908345092714,commercial,5,spring,0,1,506.9268522,506.9268522,0
18,2021-05-04,0.0164172715433127,0.0164216203930438,0.0159458649362792,0.0163946167522119,0.0160913854289656,0.0159169534764655,0.0190984107700898,0.0195590300622859,0.0221237765289083,0.0238145385241524,0.0246141533688009,0.0248160412740512,0.0212048121993287,0.0215052900470947,0.0219172602179023,0.0179301916097401,0.0179301916097401,0.0165255158872246,0.016462051348783,0.0158001128001712,0.0156895603627744,0.0156895603627744,0.0156895603627744,0.0156895603627744,commercial,5,spring,0,1,506.9268522,506.9268522,0
18,2021-05-05,0.0156895603627744,0.0156895603627744,0.0156895603627744,0.0156895603627744,0.0156895603627744,0.0156895603627744,0.0183000361664091,0.0184105886038059,0.0211200798198577,0.0213383359910156,0.0217826438985025,0.0220275136261318,0.0187984363619927,0.0196540498650869,0.0195083066384923,0.0203363171371038,0.0202663639527466,0.0190644997587164,0.0182447434125792,0.0169257579568307,0.0165189396085092,0.0164751841787179,0.0168389845792226,0.0161849464793223,commercial,5,spring,0,1,506.9268522,506.9268522,0
18,2021-05-06,0.0179721569541973,0.0176151688624868,0.0174123997299181,0.0172334095666117,0.0172037540727574,0.0176053941499137,0.0187989095120136,0.0212748083715428,0.0384013468538255,0.0414100143384987,0.0444778773817468,0.0469930685751624,0.0395005715657837,0.0458665670418986,0.0465865572382704,0.0458145446910015,0.0451512866719918,0.0285685041534209,0.0230911577142774,0.0220745892053748,0.0210723164433348,0.0204545232538608,0.0204886795022697,0.019415454437433,commercial,5,spring,0,1,506.9268522,506.9268522,0
18,2021-05-07,0.0185435324960888,0.0186220869848608,0.0181895171520297,0.0187122650880027,0.0187459228680363,0.0183902868718539,0.0203566972649379,0.0220643305597578,0.0416876931666897,0.046457789340613,0.0481543916071727,0.0500370146969319,0.0433199496844154,0.0482295981495236,0.0481268550258526,0.0466997782403095,0.0459129363448321,0.0288800935826856,0.0235589919979288,0.0225539503226273,0.0213777726513502,0.0190531596956577,0.0183157915374572,0.0179708612974534,commercial,5,spring,0,1,506.9268522,506.9268522,0
18,2021-05-08,0.01591850874235,0.0160113316932348,0.0157549307437884,0.0160009146986785,0.0160193945420118,0.0162044197809237,0.0192191644988544,0.0196396904819331,0.0247122570568883,0.0259396830138812,0.026318066283296,0.0267435717935976,0.0234881731174434,0.022802290718613,0.0218681262547664,0.0224159973087056,0.0219252956160342,0.0191083968320513,0.0191013176570654,0.0176465838213784,0.0173937453750048,0.0181336186028719,0.0176662417124334,0.0174542167687933,commercial,5,spring,1,1,506.9268522,506.9268522,0
18,2021-05-09,0.0176684560278441,0.0176196992678881,0.0168250750690608,0.0174869551129059,0.0169557164425447,0.0161299163389159,0.0177902447336411,0.0182404546681712,0.0180054499875888,0.0194687624760828,0.0195015871624152,0.0201504032977731,0.0201977662446591,0.0202921558948817,0.0214978882825341,0.0214432989633302,0.020052977829332,0.0190311148245841,0.0176081422398477,0.0180098770843467,0.0173948158720776,0.018145656088444,0.0180912565282692,0.0172193160463402,commercial,5,spring,1,1,506.9268522,506.9268522,0
18,2021-05-10,0.0187143474979659,0.0186168410360719,0.0179641265080297,0.0180895164188507,0.0180394629933593,0.0179966636683913,0.0196569624148373,0.0218300233883792,0.0400545950518941,0.0460118906021713,0.0470186947228733,0.0474298606108261,0.0408688401972019,0.0474693977166216,0.0486183836436016,0.0469451365556317,0.0458697899543042,0.0288196077660293,0.0234668264904903,0.0229640437695017,0.021373569318256,0.0216805909490694,0.0207456768629869,0.0195077111371056,commercial,5,spring,0,1,506.9268522,506.9268522,0
18,2021-05-11,0.0185307733319023,0.0186158414485479,0.0182855780934374,0.0187492016540537,0.0187876044784737,0.0187049111544681,0.0183471846696048,0.020027011088392,0.0339551171265843,0.0356205462390087,0.034057978742572,0.0353894588078753,0.0333144810554806,0.037804955672561,0.0379161582256486,0.0387248316055921,0.0386263649244995,0.0249735587436972,0.0206663728961607,0.0204216729022812,0.0193170509439693,0.0191633936721238,0.0184261449367724,0.0181394545148901,commercial,5,spring,0,1,506.9268522,506.9268522,0
18,2021-05-12,0.016953889703184,0.0168433372657872,0.0168433372657872,0.0168433372657872,0.0168433372657872,0.0172433372657916,0.0182461536830519,0.0199162716858098,0.0316955723737228,0.0335568376280301,0.0364620814685739,0.0385501769584145,0.0349314680350306,0.0385995661786614,0.0417809156466218,0.041466897143993,0.0401249014986278,0.0248546550522878,0.0201817579107418,0.0201035560172878,0.0192602090971328,0.0192817108921192,0.0184260957354078,0.0179706130580072,commercial,5,spring,0,1,506.9268522,506.9268522,0
18,2021-05-13,0.0168433372657872,0.0168433372657872,0.0168433372657872,0.0168433372657872,0.0168433372657872,0.0172433372657916,0.018347047259293,0.019916085680149,0.0334459442014564,0.0379505695230199,0.0400248735135844,0.0403986876995373,0.0375646366905121,0.0421214217403307,0.0426627193756997,0.0413297390408279,0.0388983749683798,0.0248153682385014,0.0205972693192827,0.0202046131493106,0.0193167172332121,0.0194075122854307,0.0186703224402129,0.0180471111007579,commercial,5,spring,0,1,506.9268522,506.9268522,0
18,2021-05-14,0.0170722856453627,0.0170722856453627,0.0168976108934828,0.016953889703184,0.016953889703184,0.0172648032899219,0.0184575315420915,0.020144849068672,0.0350184282029184,0.0396400750609622,0.0411903727014352,0.0403420678307731,0.0385792669984465,0.0432568441785789,0.0420397948944883,0.042648138000913,0.0421072663199494,0.0253164112740451,0.0214617807337202,0.0203410055694074,0.0194480440524924,0.0194074343944613,0.018670273758357,0.0181157792836641,commercial,5,spring,0,1,506.9268522,506.9268522,0
18,2021-05-15,0.0160443884538345,0.01591850874235,0.0158231758979012,0.01591850874235,0.01591850874235,0.0157549307437884,0.0185758597236584,0.0186388878781042,0.0213928715354024,0.023006221456341,0.0239008373239054,0.0237830583406197,0.0212080810879706,0.0205761447845525,0.0202863001278364,0.0209353758334882,0.0199329687880899,0.0170738504496514,0.0173193343448777,0.0164820084825112,0.0159430976435758,0.0160443884538345,0.0160443884538345,0.0158583526182928,commercial,5,spring,1,1,506.9268522,506.9268522,0
18,2021-05-16,0.01591850874235,0.01591850874235,0.0158231758979012,0.0158001128001712,0.01591850874235,0.0158001128001712,0.0166683096268781,0.0172852843481485,0.0168852846053052,0.0180391641945665,0.0186067821402375,0.0204491454145491,0.0196559924700903,0.0199286456283595,0.0211084734517887,0.0195389944752013,0.019115330866978,0.0188722719206862,0.01730183821207,0.0156895603627744,0.0156895603627744,0.0156895603627744,0.0156895603627744,0.0156895603627744,commercial,5,spring,1,1,506.9268522,506.9268522,0
18,2021-05-17,0.0168433372657872,0.0168433372657872,0.0168433372657872,0.0167973200075163,0.0164155706922304,0.0171076124005771,0.0175512326229654,0.0191345818330264,0.0313850366764481,0.0316604812821404,0.0319347367168636,0.0337611258689246,0.0322285522530248,0.0368500726646735,0.0381999549906667,0.0374267187018823,0.0370268238646699,0.0233351158418024,0.0204346514412788,0.0202072290059346,0.0194229645319167,0.0194072035147672,0.0185442497470637,0.0180357415084983,commercial,5,spring,0,1,506.9268522,506.9268522,0
18,2021-05-18,0.0170722856453627,0.016953889703184,0.0168433372657872,0.016953889703184,0.016953889703184,0.0172433372657916,0.0183467106262134,0.01991517196179,0.0315597131172635,0.0328471857907755,0.0339168581425136,0.0357209385768791,0.0324883449269948,0.0352788950956522,0.035565140046335,0.0365482066348568,0.0361984184257201,0.0228816772109781,0.0201755770706258,0.0199628109406663,0.0191938547525221,0.0190522994708511,0.0183152538969531,0.0179703236569493,commercial,5,spring,0,1,506.9268522,506.9268522,0
18,2021-05-19,0.0168433372657872,0.0168433372657872,0.0168433372657872,0.0168433372657872,0.0168433372657872,0.0172433372657916,0.0183466446409581,0.0199149928589544,0.0315630296401761,0.0336496255278643,0.0362239230597958,0.0375748430097215,0.0344077193389759,0.0391352716835571,0.0390938508552447,0.0402991193602815,0.0403787148573788,0.0231379949142204,0.0204353498634713,0.0202069451973541,0.0192590648836305,0.0192811724387064,0.0185441551442035,0.0179702765246242,commercial,5,spring,0,1,506.9268522,506.9268522,0
18,2021-05-20,0.016953889703184,0.016953889703184,0.0168540294742048,0.016953889703184,0.016953889703184,0.0172433372657916,0.0184571315861344,0.0200253675317525,0.0329201518261665,0.0354931848870222,0.0388939323190728,0.0398853775582225,0.0366945293457632,0.0420460915689854,0.0417944961097743,0.0431583275933509,0.04263890211923,0.0259978006872506,0.0219181043523412,0.0210494798642275,0.0193040878874778,0.0192810975904543,0.018544108364046,0.0180693681180787,commercial,5,spring,0,1,506.9268522,506.9268522,0
18,2021-05-21,0.0170722856453627,0.0170722856453627,0.016976952800914,0.0170722856453627,0.0170722856453627,0.0173424756394036,0.0185754625485222,0.020143587100213,0.0345499770441342,0.0376619351995214,0.0387945209980095,0.0381732225081762,0.036018607049088,0.0391105253687535,0.0370866558123291,0.0371936602323358,0.038044077561611,0.0243261607360617,0.020235133031268,0.0199921214529974,0.0192366347253671,0.0191626273856573,0.0184256660077308,0.0179701833303302,commercial,5,spring,0,1,506.9268522,506.9268522,0
18,2021-05-22,0.0158001128001712,0.0158001128001712,0.0156895603627744,0.0158001128001712,0.0158001128001712,0.0156895603627744,0.0184570021582252,0.0185197665279543,0.0214661866555548,0.0220803254247701,0.0224256654114412,0.0223483245654954,0.0193667257540696,0.0196838610656501,0.0201680447158334,0.0204913298472263,0.0194575675319194,0.0175143753753702,0.0174072893532607,0.0165670053225436,0.0161515359446508,0.0160443884538345,0.0160443884538345,0.0158231758979012,commercial,5,spring,1,1,506.9268522,506.9268522,0
18,2021-05-23,0.01591850874235,0.0159363708646231,0.0158116053059853,0.0158001128001712,0.0158001128001712,0.01574383399047,0.0165574953757354,0.0167864437553109,0.0167501226452745,0.017045318749717,0.0171850529438142,0.0171317890638018,0.0178416929485694,0.0188042664418552,0.0174166575501115,0.0181836137357921,0.018384008992525,0.0173250403642441,0.0165782384057969,0.0163171179308533,0.0161100199917946,0.016177383736756,0.016177383736756,0.0159307659528205,commercial,5,spring,1,1,506.9268522,506.9268522,0
18,2021-05-24,0.0171981653568472,0.0171981653568472,0.0169886011221581,0.0170722856453627,0.0170722856453627,0.0172865943491415,0.0184568749331867,0.0201430668445018,0.0356657498103209,0.0394519477238183,0.0422481867098943,0.0438591104035294,0.0385317449157606,0.044623155652076,0.0456220473445567,0.0463940861409031,0.0456848657015407,0.0274693504556717,0.0226211517170607,0.0217594078371522,0.0196286960522742,0.0205244283428372,0.019561510571677,0.0181868124347121,commercial,5,spring,0,1,506.9268522,506.9268522,0
18,2021-05-25,0.0175491106760324,0.01763903754099,0.016976952800914,0.0176350242621856,0.0176412137203665,0.0173424756394036,0.0192517754987766,0.0210594032214553,0.0386428279807022,0.0423846894427374,0.0453256535978262,0.0482010044138221,0.0410255626840183,0.0470345442963992,0.0483063141280225,0.0478367066337105,0.04448289424979,0.0282969005247995,0.0231338362215221,0.0226054923054691,0.0207020841916517,0.0207348885382628,0.0201255757965598,0.0188765311799035,commercial,5,spring,0,1,506.9268522,506.9268522,0
18,2021-05-26,0.0180617881074548,0.0180906681005719,0.0173962795108634,0.0181828542319349,0.0176839664804674,0.0175363851311763,0.0193784046383577,0.0220280131522351,0.0408647730771156,0.045510631535979,0.0471976015046766,0.0460741045764877,0.0415884825040779,0.0481261006006867,0.0500719801396186,0.048384570403995,0.048125188536389,0.0289861546923397,0.0247983822632846,0.022437061748057,0.0204689843429746,0.0204139629726907,0.0199376659962049,0.0186201635102158,commercial,5,spring,0,1,506.9268522,506.9268522,0
18,2021-05-27,0.0176407215023396,0.0176027574844678,0.0171627335158098,0.0175667180446783,0.0171981653568472,0.0174845428558377,0.0189066849590269,0.0215020441249508,0.0395808110400682,0.0458118515843094,0.0485162009808156,0.0464657070644101,0.0436725000922723,0.0481163174579184,0.0476563230514509,0.0508572675065942,0.0504941394119593,0.0295514037143573,0.0253491690589661,0.0236250480254247,0.0215459397703223,0.021525204629609,0.0206501280329084,0.0197108942837475,commercial,5,spring,0,1,506.9268522,506.9268522,0
18,2021-05-28,0.0193086017554188,0.0186508630934833,0.018275965783192,0.0191744274222562,0.0186203737337165,0.0185984256009837,0.0206070703889306,0.0224739074773746,0.0390814931259677,0.0442060218740589,0.0478687624695472,0.0494819051329056,0.0434641516507324,0.0507143356482797,0.044637467383084,0.0449218632940004,0.0472501390914235,0.0282710622169697,0.0237969907053913,0.0233023453203194,0.0211833936482086,0.0218984857823268,0.0204002524001887,0.0193823047055488,commercial,5,spring,0,1,506.9268522,506.9268522,0
18,2021-05-29,0.0172693374969135,0.017523434388224,0.0171542776655213,0.0163608618856497,0.0166393537738179,0.0172037083942186,0.0207031046708043,0.0201549380891682,0.0238973721923259,0.0237663007624426,0.0234058751780432,0.0279533016330052,0.02060528488637,0.0193618217167739,0.0223311305414187,0.0189534182489336,0.0181960854666575,0.016636824708778,0.0168004027073396,0.01591850874235,0.0157773634697122,0.0160034723460463,0.016365124902653,0.0161505853285387,commercial,5,spring,1,1,506.9268522,506.9268522,0
18,2021-05-30,0.0168111207371037,0.0172523035529002,0.0164066568359245,0.0173195232086122,0.0179235654253387,0.0166929117830379,0.0190148077436822,0.0196868720517084,0.0200766546906097,0.0205101239721711,0.021138181906058,0.0226318320639669,0.0238670540348311,0.0222725915122288,0.0238340446471943,0.0222219676661553,0.02170431179744,0.020627335819224,0.0191015521728675,0.019025255038933,0.0188667490899283,0.0190577687360266,0.0189981622673773,0.0186482526382964,commercial,5,spring,1,1,506.9268522,506.9268522,0
18,2021-05-31,0.0201166629276873,0.0200976523525693,0.0194233129308111,0.0201156734129891,0.0200813281307056,0.0200058908134003,0.0217100101690274,0.0231024389391003,0.0425133410322485,0.0484724647227437,0.0521295845527643,0.0502387458838737,0.0452831180669332,0.0521357830555082,0.0546297808566618,0.0516147684177928,0.0506871373912692,0.0313503588618167,0.0246979371534766,0.0241427078567427,0.022950306342048,0.0226076532502685,0.0217040001739117,0.0206242853961116,commercial,5,spring,0,1,506.9268522,506.9268522,0
18,2021-06-01,0.0191110888272387,0.0190998286153329,0.0185845420894795,0.0190646372072366,0.0194356305700262,0.0199242009767785,0.0221362089885729,0.0249560031160267,0.0431541763326336,0.0531780083557053,0.0550062095233749,0.0498627196209966,0.0458412972836145,0.0587238423881146,0.052334939887215,0.0506352113639544,0.0522693238612967,0.0319216132652155,0.0255890874922713,0.024961515387983,0.0227612511130457,0.0228123619853838,0.0224097838546181,0.0211165459442174,commercial,6,summer,0,1,506.9268522,506.9268522,0
18,2021-06-02,0.0206353349420586,0.0208433490570809,0.0199503071478437,0.0210612239177805,0.0190593801951771,0.0187710341776701,0.0221644350129087,0.0230970606456997,0.0415115529471078,0.0509267062259761,0.0537447132827576,0.0534568846371553,0.0438007537692519,0.0492885785164362,0.0500396884806924,0.0460007559973425,0.0453318816554414,0.0287675111078645,0.0252795638233814,0.0246352554865845,0.0223830442074607,0.0231777373609069,0.0222771144709293,0.0208528290842973,commercial,6,summer,0,1,506.9268522,506.9268522,0
18,2021-06-03,0.0205032139370806,0.0202702508888038,0.0200463125022633,0.0202292526546296,0.0208799181265807,0.0198028116045262,0.0226146207548164,0.0252354966952469,0.0437403335596558,0.0528555224599983,0.056049992595922,0.0517285474833555,0.0485025037394686,0.0566072267666676,0.0530230739188471,0.0542486745122969,0.0546647101478591,0.0314499041204246,0.0255923067959997,0.0255712051758287,0.0231656074421103,0.0240980481702072,0.0219967650579563,0.0210137727684537,commercial,6,summer,0,1,506.9268522,506.9268522,0
18,2021-06-04,0.0206351134855569,0.0208158520889768,0.0196839060222319,0.0204206600860777,0.02026068233363,0.0200731959424204,0.0231689710386747,0.0253467709630525,0.0440584425282255,0.0543954079125401,0.0535788236452321,0.0519041120048914,0.0452393900785293,0.0522548956353303,0.0505849089566622,0.0517033170826044,0.0508394299714716,0.0306979394531131,0.0262061639460522,0.0256135210378488,0.0231749581284816,0.0241239258849605,0.0233095098933593,0.021102455268677,commercial,6,summer,0,1,506.9268522,506.9268522,0
18,2021-06-05,0.0194630097942086,0.0190850684064649,0.0185871913648426,0.0189393390161754,0.0178289198805919,0.0179240110981391,0.0221223095693664,0.0223782508152584,0.0262697463318842,0.0294635801141721,0.0306845922535091,0.0298226504985255,0.0264636040431098,0.0265416064185704,0.0251121986985316,0.0241888385414128,0.0235692379155701,0.0193199666347059,0.0186201899829418,0.0176342980712886,0.0182349609650618,0.0190437066160759,0.0192030866947408,0.0183134446616594,commercial,6,summer,1,1,506.9268522,506.9268522,0
18,2021-06-06,0.0180593639383099,0.0187562991862988,0.0179653464937571,0.0179917730577189,0.0179458523111306,0.017897116734041,0.0191557097328829,0.019879582617805,0.0202055114467519,0.0226612377903841,0.0249238037440067,0.0227129707142611,0.0251646607454192,0.0242332591404071,0.0227125976056089,0.0231749227785903,0.0213163098162543,0.0203545959980383,0.02062091295822,0.0205062752347196,0.018921492108254,0.0195691662256482,0.0195746016021042,0.01886844791528,commercial,6,summer,1,1,506.9268522,506.9268522,0
18,2021-06-07,0.0214360547008552,0.0207058325978257,0.0199301999535949,0.0201432804289011,0.0195897752119255,0.0174450321027621,0.0206813847418598,0.023685991050448,0.0398657168372422,0.0470332351599936,0.0416185527115766,0.0420795100022104,0.0435751351560562,0.0483652931951731,0.0468468011472893,0.0512820072019153,0.0491257446583279,0.0294472141288077,0.0254322183363162,0.0249600055592471,0.0229073862894477,0.019508856408869,0.018669221459457,0.0184861511473157,commercial,6,summer,0,1,506.9268522,506.9268522,0
18,2021-06-08,0.0179388739558686,0.0198804788318621,0.0193734285371643,0.0205351791964429,0.0206932262322377,0.0204598154810693,0.0227644700794408,0.0247554834890948,0.0410770204363855,0.0402119046435849,0.0366613167187883,0.037878401805584,0.0361476926568694,0.0458469492501786,0.0458827802289344,0.039561785549975,0.0410445053723758,0.0244061791392658,0.021378264146493,0.0214575308575234,0.0198793459274626,0.0203199898777678,0.0193955225477253,0.0185901013194965,commercial,6,summer,0,1,506.9268522,506.9268522,0
18,2021-06-09,0.0188175202102169,0.0183037883769228,0.017881992818431,0.0203150433959395,0.019815826388647,0.0196969376146151,0.0218608616275228,0.0237936964718753,0.0395902586944431,0.0449614979815716,0.0470269382551505,0.047385737714629,0.0428217191892277,0.0487650899259259,0.0450125602880589,0.0396120810165135,0.0387601216088839,0.0243895187912512,0.0209264737852719,0.020622037563697,0.0196338573826781,0.0207451370577911,0.0214957983507245,0.0187759145670321,commercial,6,summer,0,1,506.9268522,506.9268522,0
18,2021-06-10,0.0197871093503148,0.0200505865098434,0.0187553961106077,0.0178689097070914,0.0169990860604251,0.0172433372657916,0.0184660124909261,0.0204440279314158,0.0341428294121247,0.0364954919326682,0.037196887974322,0.0359132688299542,0.0349916497956153,0.0402508128089783,0.0370439651763906,0.0375167605360329,0.0379009953753808,0.0243395810804565,0.0214674814464911,0.0212421660362256,0.0197269493997075,0.0202015973008865,0.0192962675118549,0.0186892956247664,commercial,6,summer,0,1,506.9268522,506.9268522,0
18,2021-06-11,0.0180010173198771,0.0176695681607552,0.0172283158198959,0.0179873610833023,0.0180080090466871,0.0177710402867387,0.0196541653153353,0.0214101490241602,0.0377921049302831,0.0415126853731849,0.0446514682572104,0.0463800593262331,0.0418486434264951,0.0486633610049917,0.0501011275308232,0.0490600593031689,0.047764322430215,0.0283981444275102,0.0241805842075248,0.0231465995488464,0.0215644556118506,0.0222996716837397,0.0214242063225991,0.0202512839993892,commercial,6,summer,0,1,506.9268522,506.9268522,0
18,2021-06-12,0.0164944157420677,0.0166518933608761,0.0167919362231121,0.0168848511141612,0.0165068325606854,0.0163549432625608,0.0195946945925412,0.0203834647830031,0.0242181423753011,0.025494188093327,0.0260198708576455,0.0247021181188883,0.0218962512086911,0.0234379464669196,0.0219544768642727,0.0216773156829211,0.0211297474967041,0.0189480172617011,0.0193501370650203,0.0172368165715289,0.0159588073461636,0.0161049817601922,0.0160831754345363,0.0158231758979012,commercial,6,summer,1,1,506.9268522,506.9268522,0
18,2021-06-13,0.0167758818068055,0.017644134473709,0.0172241738639514,0.0179062723524717,0.0180130149537494,0.0171630446158969,0.0206647824198649,0.0214811387959084,0.0244043833231359,0.0273763880066404,0.0280802616409757,0.0270586016444967,0.0214016170775614,0.0232080853658798,0.0232725580842711,0.0231404339450286,0.0227876385069176,0.020088727388165,0.0202207515065744,0.0164445931613217,0.0158231758979012,0.0160925966313824,0.0160936288652583,0.015846549912098,commercial,6,summer,1,1,506.9268522,506.9268522,0
18,2021-06-14,0.0167799426733473,0.0164238112902373,0.0158942192189761,0.01591850874235,0.0159822810677321,0.01574383399047,0.0184091894413405,0.0187052353247511,0.0212185408863715,0.0223612307137665,0.023432457898203,0.0219623985463939,0.0194273297242462,0.0190536817473079,0.0185068397403723,0.019325411988954,0.0188707638210176,0.0174263789671543,0.0165726037861798,0.0156895603627744,0.0157661073543833,0.0158001128001712,0.0158001128001712,0.0158001128001712,commercial,6,summer,0,1,506.9268522,506.9268522,0
18,2021-06-15,0.0171083944594915,0.0171289624626913,0.016953889703184,0.016953889703184,0.016953889703184,0.0173198842574004,0.0184556617335997,0.0200213779320156,0.0337384142892516,0.0363734346575283,0.039522503782739,0.0394199404037087,0.0376981905043787,0.045500699360998,0.0439250339776536,0.0463583669018399,0.0431690377643687,0.0273940771271165,0.0222612192893314,0.0213388437315905,0.0198520170546188,0.0202385605923642,0.0193282287516108,0.0186586295268441,commercial,6,summer,0,1,506.9268522,506.9268522,0
18,2021-06-16,0.0179926744576226,0.0180261033021968,0.0174666381382349,0.0175072897337767,0.0176276603116425,0.0177192547078851,0.0196372681933261,0.0218877660713259,0.0387981808980349,0.0419331151499432,0.0447909175967414,0.0447633284727501,0.0424653215436746,0.0485118820336901,0.0498903437034707,0.0466810836268443,0.0446941012840762,0.0290490132307066,0.0235089772222999,0.0229671482870917,0.0211033312783288,0.0216637134617399,0.0202660879868996,0.0195518594208789,commercial,6,summer,0,1,506.9268522,506.9268522,0
18,2021-06-17,0.0180269777847753,0.0184404715686195,0.0177540292475788,0.018035466256041,0.0185222338802901,0.0180888950170871,0.0198745367538775,0.0227672174514016,0.0394268065072877,0.0479801418367862,0.0467848849306992,0.048413884916708,0.0412072130927682,0.0450619415138077,0.0434559626967497,0.044118772282995,0.0442192289895623,0.027872397047676,0.0235361974872936,0.0225116906705899,0.0209314763264813,0.0211928230876888,0.0202656694776916,0.0184303862227865,commercial,6,summer,0,1,506.9268522,506.9268522,0
18,2021-06-18,0.0175829821770052,0.0175872739536518,0.0171221595521119,0.0175647987079177,0.0175832803230188,0.0174601032795712,0.0188251805237166,0.0210415541957535,0.0388426219489556,0.0434329468434807,0.0484176517507861,0.049450527504211,0.0451980807909595,0.0512329876900114,0.0519793642646769,0.0476007359358868,0.0514945050891206,0.0295101572926355,0.0245317163639417,0.0239079094587491,0.0215657874480083,0.0218589184665492,0.0204360051301296,0.0192269661270215,commercial,6,summer,0,1,506.9268522,506.9268522,0
18,2021-06-19,0.0172917020824086,0.0172557833602022,0.0165359537810381,0.0164783112838086,0.0164617614816378,0.0162765815321468,0.0198148703030584,0.0201166443378448,0.0253515440746971,0.0285177915146897,0.0293999167997445,0.0297838108524537,0.0248985421832554,0.0251661011380544,0.0225922648584186,0.0242413981044822,0.0236612481609492,0.0213348351352099,0.0196836745079138,0.018516889283347,0.0173551531913038,0.018007461352665,0.0181028491668246,0.0172290289263949,commercial,6,summer,1,1,506.9268522,506.9268522,0
18,2021-06-20,0.0180626908449194,0.0170065463234236,0.0168176150344023,0.0168077736114066,0.01645530491185,0.0164093945453138,0.0177980923616812,0.0189286599997312,0.0197513263067655,0.0223805261224691,0.0220464858658957,0.0236624195374326,0.0239493197478441,0.0251638332597801,0.022770114392248,0.0233038706557806,0.0227944952718275,0.0220987409008622,0.0194348392275185,0.0186801421262014,0.0174492846698378,0.0181872001882758,0.0181380346285699,0.0172004840093123,commercial,6,summer,1,1,506.9268522,506.9268522,0
18,2021-06-21,0.0193498475757827,0.0191355530290728,0.0182050656893792,0.0187098215247484,0.0185982900900995,0.0181927490862977,0.0197517931969916,0.0232923746259986,0.0417397583539113,0.0472558852125166,0.0483171296730414,0.050924050631944,0.0459067104146796,0.0544763700592538,0.0545194445267699,0.0523685316819933,0.0527153157722973,0.0318707773313272,0.0256177171947032,0.024957798555216,0.0226555641557597,0.0228393597595681,0.0219322899062965,0.0203639078845763,commercial,6,summer,0,1,506.9268522,506.9268522,0
18,2021-06-22,0.0200721044110183,0.019548573647192,0.0182264944307771,0.0186811710268364,0.0180901110123588,0.0185827515959086,0.0208590245485782,0.0246279815397386,0.0439732281103358,0.0483962473045338,0.0511148450360906,0.052258469653302,0.0481163549729007,0.0540123962316156,0.0537171428037708,0.0541669805138105,0.0534159813449977,0.0320954589920775,0.0258284562254712,0.025147934492586,0.0227193449222908,0.0229714431663188,0.0220452548233136,0.020697115100873,commercial,6,summer,0,1,506.9268522,506.9268522,0
18,2021-06-23,0.0201930984817962,0.0196420947982305,0.0185185044940453,0.0187365762751671,0.0198598027246296,0.0184927878358351,0.0217797497017789,0.0249442845688613,0.0441456714469277,0.0496475858393424,0.0531046167229097,0.0515632453322793,0.0480644909699121,0.0554392324204256,0.053871508461464,0.0558920888079789,0.0546822511007048,0.0319562388606341,0.0272246437826917,0.0252525952969272,0.0233502947509759,0.0242801708706641,0.0234651600535819,0.021638161954633,commercial,6,summer,0,1,506.9268522,506.9268522,0
18,2021-06-24,0.0210047713073405,0.0204014752920754,0.0193914163776052,0.0208363474673611,0.0207680464295125,0.0201858338793444,0.0227302323139764,0.0255733927327852,0.0461991434743352,0.0505509816213166,0.0536713108484933,0.054896591004538,0.0474033318522344,0.0572430874133963,0.053831927976084,0.058160158189638,0.0550954692004645,0.0322119134429692,0.0272697611116877,0.0258825626537074,0.0236248888409882,0.0237471819187026,0.0234851938989738,0.0218639462921607,commercial,6,summer,0,1,506.9268522,506.9268522,0
18,2021-06-25,0.0209738744242897,0.021902830059683,0.019907541707206,0.0203334134128024,0.0201953172408564,0.0203814504324438,0.02269911616674,0.02458774850203,0.0433750214131057,0.0514913208764959,0.0533860233502781,0.0537266656560656,0.0490771899682326,0.056589700693055,0.054841686213243,0.0559665897574781,0.0531913136233907,0.0321276411251351,0.0266447652813442,0.0251764429480966,0.0231966094289372,0.0236388042314398,0.0228277886368243,0.0216546928907921,commercial,6,summer,0,1,506.9268522,506.9268522,0
18,2021-06-26,0.0188784932465333,0.0194435301292659,0.018197896624263,0.0183936985390259,0.0188488783108421,0.017064865881392,0.0221002562949417,0.0224311446819222,0.0278598717399748,0.0294969654957464,0.030483590410195,0.0312942624704669,0.0263549502268486,0.0266723862659122,0.0234272917283365,0.0255458942313064,0.0251189147720225,0.0216353182967535,0.0213015664528754,0.0193216140728208,0.0184160491316763,0.0194396551306166,0.0194692564448249,0.0179149531688712,commercial,6,summer,1,1,506.9268522,506.9268522,0
18,2021-06-27,0.0187037006216483,0.0187127393756434,0.0178218966115001,0.0187800144340555,0.0187583392621655,0.0179271766810528,0.0198590304012921,0.0199500870740103,0.0209052495723457,0.021485391790488,0.0203628447767975,0.0218204963498385,0.0236203542158744,0.0233879777865289,0.0228923564407118,0.0245597823865341,0.0226030255608641,0.0210578098085373,0.0194954519209913,0.0193776721055018,0.0171231946873553,0.0184631619823536,0.0177406715666016,0.0176325461712545,commercial,6,summer,1,1,506.9268522,506.9268522,0
18,2021-06-28,0.0169944799884232,0.0176406454411881,0.0171348860451204,0.018009620338468,0.0180373550959227,0.0173087076468056,0.018842999432083,0.0201051890500345,0.036567058955153,0.0385131248832135,0.0407159092304007,0.0410505049238757,0.0380080599561569,0.0428590287868776,0.0396974515195057,0.0416239281808313,0.043634743086219,0.0260962860418127,0.022165795500933,0.0217470445054466,0.0201296517986902,0.0204863222980897,0.0200269676692215,0.0188125369599156,commercial,6,summer,0,1,506.9268522,506.9268522,0
18,2021-06-29,0.0183758490340358,0.0180804841708537,0.0175348091450612,0.0181603659299007,0.018081073341023,0.0173653822090024,0.0188875752224132,0.0201177100211933,0.0353315270141148,0.0404240594223868,0.0445667206599806,0.0427871036795678,0.0370811215069832,0.0446151498984028,0.0414036626253631,0.0424194644745112,0.0423730592607059,0.0266998738927216,0.0225566787427727,0.0216721473999665,0.0202318538340993,0.0199336966751285,0.0189938813989942,0.0182850910902541,commercial,6,summer,0,1,506.9268522,506.9268522,0
18,2021-06-30,0.0175338580556592,0.0175948188668633,0.0170845428558333,0.0175587525113156,0.0175622321007945,0.0174240088814347,0.0188155567286653,0.0209577865342364,0.0365679389278575,0.0423875844316071,0.043751442792446,0.0448736750248566,0.0354084129476581,0.0415614888314071,0.0408673023831265,0.0434470511620191,0.0430769379956854,0.0250566137499131,0.0212782692610845,0.020877368417314,0.0197382962622981,0.0200363221385656,0.0194764144595003,0.0192838068871424,commercial,6,summer,0,1,506.9268522,506.9268522,0
18,2021-07-01,0.0185528491058471,0.0185932091534676,0.0183617696195702,0.0186320940729095,0.0185698276806602,0.0188096531619352,0.0206668282968454,0.0229936253698521,0.0409190459479824,0.0469957164784113,0.0473573181622482,0.0462671332305872,0.0445731021850307,0.0511925660501249,0.0495913133823001,0.0511570042411469,0.050399430698791,0.0303897518791702,0.0254138663459866,0.0242017928215107,0.0221876810244824,0.0227947792132801,0.0220336503750709,0.0202105549156867,commercial,7,summer,0,1,506.9268522,506.9268522,0
18,2021-07-02,0.0198991337837453,0.0194165366027278,0.0185622217592006,0.0193212997756543,0.0185900718539885,0.0187646334863447,0.0206891732004438,0.0230763980540544,0.0418552653105154,0.0493193516318669,0.051239369050064,0.0473521705721301,0.0462861365053022,0.052159346503255,0.0498209212079279,0.053040735504735,0.0488184698326186,0.0293516852678915,0.0249535583992517,0.0243799405807257,0.0221441953407722,0.0228982902550845,0.0221271225306824,0.0203344550408175,commercial,7,summer,0,1,506.9268522,506.9268522,0
18,2021-07-03,0.018100900604324,0.0187472492085259,0.0169006300266067,0.0177024290278881,0.0176901722160922,0.0171660897768509,0.0211378914491276,0.0212493083926963,0.0248594031609682,0.0264142982133998,0.0279306428493312,0.0265493007947973,0.0241729874678648,0.0238549324607211,0.0223856986757341,0.0228594857508901,0.0224452230530218,0.0183807503030561,0.0195179827017378,0.0184329815847363,0.0171830466018471,0.0183987881246536,0.018347345715896,0.0172708521171423,commercial,7,summer,1,1,506.9268522,506.9268522,0
18,2021-07-04,0.0177199019845895,0.0177996598486495,0.0172677283660022,0.0178612899400886,0.0178070728188896,0.0169610327326776,0.0187869297218376,0.0193997144068305,0.0182426006628488,0.0182391899528717,0.0182571798468311,0.0187197823333011,0.0179944731227945,0.0205797943104343,0.0186128894386166,0.02094560827546,0.0207062996910175,0.0176500216649229,0.0185588252367098,0.0179208345321373,0.0166611875097173,0.0161483687697782,0.0158001128001712,0.0156895603627744,commercial,7,summer,1,1,506.9268522,506.9268522,0
18,2021-07-05,0.016953889703184,0.0168433372657872,0.0168433372657872,0.016953889703184,0.016953889703184,0.0172433372657916,0.0184549487723191,0.0201378386935754,0.0338074162214503,0.0381892569942873,0.0420557100120783,0.0409685572365326,0.040120668297873,0.0441293984521281,0.0426036318862724,0.0369408576796562,0.0374949827479386,0.0238883745508506,0.0203756655575706,0.0199578517450426,0.0192314914141651,0.0194044826575785,0.0185425492113208,0.0180564736986792,commercial,7,summer,0,1,506.9268522,506.9268522,0
18,2021-07-06,0.0170722856453627,0.016953889703184,0.0169424756393992,0.0170722856453627,0.0170722856453627,0.0172433372657916,0.0185733206379688,0.0203745487939488,0.0360443493384499,0.0407447587341514,0.0434116743223305,0.0446509403866899,0.0401472679458242,0.0484772496805894,0.0487861979420159,0.049524602206405,0.0467749541989899,0.028300539397701,0.0241940039012343,0.0237147864748864,0.0211535004731489,0.0211569383592269,0.0208029368916395,0.0194673172310118,commercial,7,summer,0,1,506.9268522,506.9268522,0
18,2021-07-07,0.0190386885772938,0.0184943258024224,0.0179366820531696,0.0185916895113857,0.0185663086120113,0.0182132128145542,0.019945846926632,0.0227718422487028,0.0403788265105887,0.0465596028969174,0.0499138832230283,0.0483449411732287,0.0453562897616376,0.0509023978254567,0.0512169724683626,0.0525567219697899,0.0504084412443047,0.0303912135288841,0.0257021488552049,0.0238571461320193,0.0222626768062931,0.0229556324309816,0.0213974121022247,0.0201394305744466,commercial,7,summer,0,1,506.9268522,506.9268522,0
18,2021-07-08,0.0195388968183056,0.019477883879589,0.0180589361518279,0.018580039489348,0.0185513922834424,0.0180599808390011,0.0208355325308775,0.023857858916201,0.0426735889181233,0.0498854374688434,0.0497233502749313,0.0485822935022288,0.0466739122508912,0.0530435053991229,0.0503771365824132,0.0523853791857399,0.0505448020094948,0.0289080747193916,0.0252525010444418,0.0245457170660839,0.0216739403343323,0.0223271402641362,0.0214377945246047,0.0199049500746832,commercial,7,summer,0,1,506.9268522,506.9268522,0
18,2021-07-09,0.0195518663923632,0.0199941404389319,0.0180408469082884,0.0186162754985558,0.018559265450962,0.0181142921822594,0.0208394143861867,0.0239450035631064,0.0424027238848203,0.0476455133644497,0.0503207701970826,0.0506287729135751,0.0456039800095769,0.0537376095299959,0.0539569316243888,0.0560363931775262,0.0538245985857233,0.0317476543483034,0.0260372500230567,0.0252179504576069,0.0230306237578826,0.0237293532720142,0.0221803012115861,0.0207923711974457,commercial,7,summer,0,1,506.9268522,506.9268522,0
18,2021-07-10,0.0188571392952454,0.0182120950860367,0.0172670865006429,0.0180259236871708,0.0174524073065391,0.0170058562944796,0.0208110056128507,0.021275280131207,0.0263874344730676,0.0285635747253203,0.0290549629159887,0.0306963096152012,0.0267081912873933,0.0266385260950138,0.0258313616280576,0.0269671491221338,0.0263246308842855,0.0223813781065573,0.0229891009562716,0.0206588585429245,0.0198647681738266,0.0195385770445161,0.0205800516235675,0.0193816537686014,commercial,7,summer,1,1,506.9268522,506.9268522,0
18,2021-07-11,0.0216069110147935,0.0198002984719183,0.0163724512496002,0.0167518566087356,0.0166771882376384,0.0163776136276791,0.0182705414600857,0.0198943233686195,0.0193860595198819,0.0219369393944665,0.0219060177108847,0.020869521281964,0.0233722466190946,0.0237826560582214,0.021974127434482,0.0244618036234156,0.0223118999306415,0.0176713740213828,0.0176455075709369,0.0175022268802873,0.016554836601156,0.017261371232185,0.0171947107770211,0.0165880675865938,commercial,7,summer,1,1,506.9268522,506.9268522,0
18,2021-07-12,0.0179327136037191,0.0175133645947827,0.017436100144066,0.0178440806607855,0.0178411233118536,0.0177950012648722,0.0198630783715979,0.022186710492729,0.0408066895232948,0.0490485259544323,0.0504651202208738,0.0498107729117284,0.0431739756200512,0.0536051192984986,0.0515135615325662,0.0568947451102909,0.0522038342126358,0.0308652089026453,0.0267007591125274,0.0245892465754625,0.0220300251346081,0.0225012536268962,0.0212561747154655,0.0200708018400971,commercial,7,summer,0,1,506.9268522,506.9268522,0
18,2021-07-13,0.0190548229163212,0.0189967899638503,0.0182350027014695,0.0185683153295096,0.0185498365129522,0.0180636867537552,0.0204395838360622,0.0240454837758251,0.044010631661638,0.0481674840147818,0.0508165085843526,0.0514216301376916,0.047120635885035,0.0534673343386042,0.0561122888151082,0.0563406268874983,0.053773457544525,0.0317789331949485,0.0270582363529033,0.0254842122824662,0.0229574751468971,0.0233701099922916,0.0230001494030045,0.0209817275075686,commercial,7,summer,0,1,506.9268522,506.9268522,0
18,2021-07-14,0.0203911387495894,0.0202926533105926,0.0185211665024363,0.0187652293840662,0.0186378896939557,0.0186658378069445,0.0210089991177997,0.0231800083837329,0.0422909215441698,0.0480716082913677,0.0502745650392098,0.0485103845556962,0.0454833199405634,0.0511431520980227,0.049165465205296,0.0513531074403569,0.0489471468214573,0.02990006186575,0.0250963857771875,0.0244793810841375,0.0225742249359151,0.0229846300782675,0.0221942656912313,0.0203105654238127,commercial,7,summer,0,1,506.9268522,506.9268522,0
18,2021-07-15,0.0197499691416084,0.0189466726995549,0.0182046276146528,0.0186533087227088,0.0185600543707063,0.0182145172658065,0.0205550757603308,0.0228706948040671,0.0403823725477719,0.0410727433633621,0.0469136669297285,0.0458575970541545,0.0457475993526692,0.051516136811265,0.050343581591429,0.0525347820216282,0.0523184432938053,0.0296345330710847,0.0261981343766072,0.0248038582356824,0.0223264260266633,0.0230827632527536,0.0216705969156636,0.0205069135348636,commercial,7,summer,0,1,506.9268522,506.9268522,0
18,2021-07-16,0.0203096724236143,0.0194653200142085,0.0182566366230689,0.0187510037834055,0.0186300059730495,0.0183197359951295,0.0209094804260022,0.0226385561543825,0.042507155825526,0.0500043441847078,0.0514064321697377,0.0495672380810324,0.0473530551299603,0.055019739947513,0.0510701013464212,0.0522214795365137,0.0527955142691932,0.0303012533091018,0.0262048225192316,0.0247393262656333,0.022176006624867,0.0225569146752958,0.0217393149572533,0.0203711220087276,commercial,7,summer,0,1,506.9268522,506.9268522,0
18,2021-07-17,0.01772972992437,0.0175826894204314,0.0168767111279214,0.0168395755631174,0.0167886015513912,0.0165943172214216,0.0207429502087418,0.021720726195192,0.0261501656885075,0.0300958978525688,0.0303623232055372,0.0298500261300196,0.0264464426117659,0.0257989174065187,0.024915586359089,0.0241912375381849,0.0239693304234901,0.0200137402452438,0.0214340153765413,0.0190903232319242,0.0179942813073854,0.0193890984245883,0.0187653757564911,0.0177318078512505,commercial,7,summer,1,1,506.9268522,506.9268522,0
18,2021-07-18,0.0198344397338595,0.0191898244921912,0.0177170420144366,0.0188538781911518,0.0187216142142613,0.0172055705174674,0.0201061488445999,0.0211171561021205,0.0210356622457424,0.024189371273133,0.0255481161839755,0.024058526048542,0.0263903746906354,0.0265982741113608,0.0248653790458723,0.0260771430035216,0.0248773142098984,0.0190605461592593,0.0177233334966848,0.0164759604109102,0.0160058604887437,0.0167640693186761,0.0172413549457173,0.0160186313616324,commercial,7,summer,1,1,506.9268522,506.9268522,0
18,2021-07-19,0.0179140756112768,0.0176086301234821,0.016919884257396,0.016953889703184,0.016953889703184,0.0174003268151151,0.0196130199340229,0.0208795290585085,0.0356918699258639,0.0369200039851547,0.03826365830864,0.0384205316380109,0.0341805552130774,0.0414255219413745,0.0405494236919944,0.0463223559981556,0.0454029724769645,0.0268043130600546,0.022882223519302,0.0217525744653427,0.0194661011965278,0.0199656640652553,0.018668265459375,0.0182344502149164,commercial,7,summer,0,1,506.9268522,506.9268522,0
18,2021-07-20,0.0174188709474945,0.0178848368515347,0.0170143133809272,0.0175752601409325,0.017988423321357,0.0181041913128078,0.0196786164663748,0.0214603177196075,0.0405876569291679,0.0455854401260085,0.0473203611905281,0.0470612873946985,0.0425328091624984,0.0521414559205298,0.050009986307507,0.0531511493959292,0.0504047066180312,0.029363805917166,0.0256434076131729,0.0235459849624089,0.0217829236600127,0.0214976194301201,0.0213293485043103,0.0196442445711579,commercial,7,summer,0,1,506.9268522,506.9268522,0
18,2021-07-21,0.0187773920455837,0.0186526005739045,0.0178405157623221,0.0179662300024442,0.0179527495127065,0.0180312697474562,0.0195551833652003,0.0228672550054364,0.0424446057788234,0.048165515811827,0.0485572849134177,0.0494567588581656,0.0467099040384594,0.0521235434840216,0.0514869988821032,0.0528366594819773,0.051587945472938,0.031516764838199,0.0258409802763384,0.0245805022010789,0.0220955145472191,0.021825542933076,0.0208943786851082,0.0198737259318939,commercial,7,summer,0,1,506.9268522,506.9268522,0
18,2021-07-22,0.0189822167800394,0.0189128801038677,0.0178436914485884,0.0180783684870929,0.0180377273316221,0.0178230643778661,0.0202636525911435,0.0232579578141515,0.042212217281948,0.0466311045581084,0.0487153100082404,0.0496471061111249,0.0467462902280938,0.0509805182111364,0.0507134901612611,0.0524980769300489,0.0515687254746125,0.0310390253511972,0.0258416530533125,0.024598350773351,0.0218092788209358,0.0218189572866609,0.0209185506362597,0.0196809314210751,commercial,7,summer,0,1,506.9268522,506.9268522,0
18,2021-07-23,0.0190022805362511,0.0183495285541467,0.0174442702208588,0.018058605902877,0.018025872376519,0.0179925720413169,0.0201238298673062,0.0230202445482521,0.0418254753441226,0.0478380880382001,0.0475855443200085,0.0475577994479242,0.045457535078212,0.0507256130043143,0.0501351271687163,0.0510881078069425,0.0490211470642295,0.0308672565207729,0.0264149261828165,0.0239028486812569,0.0220999015690306,0.0222856959568613,0.0214062098880303,0.0204790542742073,commercial,7,summer,0,1,506.9268522,506.9268522,0
18,2021-07-24,0.0181865401353613,0.0185347537612502,0.0170671987692816,0.0177699882952675,0.0169109537889572,0.0172475294496498,0.0215856710179925,0.0213368607879376,0.0267821234775726,0.0283620841664166,0.0272908392862808,0.0282832164357772,0.0253595432079922,0.024946672913252,0.0228745800081956,0.0235620288582475,0.0238204351552025,0.0193778855957431,0.0201022378944614,0.0195277402055748,0.018017298204593,0.0184765294283806,0.0185278776783001,0.0181329123577313,commercial,7,summer,1,1,506.9268522,506.9268522,0
18,2021-07-25,0.0187029505445797,0.0187628622923197,0.0181609388422795,0.0187801771826365,0.0187424578740509,0.0177386870354456,0.0190225546641698,0.0201542087682088,0.0192341290301367,0.0223639878047072,0.0239186328193824,0.0227344787491626,0.0249717874957192,0.0248040158039114,0.0237199196713847,0.0190368572825021,0.0192724014365048,0.0201362843592503,0.0201997420413125,0.0195874651653236,0.0184789933241697,0.0187778422626702,0.0187973786929416,0.0182295355800972,commercial,7,summer,1,1,506.9268522,506.9268522,0
18,2021-07-26,0.0199493524759714,0.0199211060415706,0.0192560426826835,0.0199408661277429,0.0194464099738786,0.0188024991823137,0.0209716737809421,0.0241945226419483,0.0413680148425694,0.0504591739321748,0.0523810973608491,0.0495746972238328,0.0469965583692766,0.0535031394338502,0.0534683045920428,0.0535610155517324,0.0503713764846349,0.029330135920793,0.0255541530873246,0.0243780434441468,0.022606735621225,0.0229266519672726,0.022120675235068,0.0211409236798228,commercial,7,summer,0,1,506.9268522,506.9268522,0
18,2021-07-27,0.0208084196641987,0.0203779522277698,0.0190474247582176,0.020063391695246,0.0200340460642996,0.0191777960063396,0.0217404489339578,0.0235169862968289,0.0412575304054223,0.0472948395110251,0.050651783763288,0.0507636882946139,0.0468208285538312,0.0520074402743946,0.0512638495657737,0.0520137827339601,0.051034426622092,0.0302113405266373,0.0255061359051907,0.0244083354186326,0.0225099762592405,0.0229394154072296,0.0213592369518174,0.0203829813888767,commercial,7,summer,0,1,506.9268522,506.9268522,0
18,2021-07-28,0.019988651918672,0.0194827339808105,0.0185607145038144,0.0193789890873295,0.0192415249308941,0.0176690954282694,0.0204638631463555,0.0220878418825066,0.0377358522802484,0.0448249747675997,0.044755218193002,0.0500045730253443,0.0449032658031164,0.0511093051008219,0.0506954379720869,0.0532073044913087,0.0529483776022352,0.030621753977796,0.0261811337748466,0.0247538039639172,0.0227588998730351,0.0226920903246261,0.0220697351193805,0.0206992831679444,commercial,7,summer,0,1,506.9268522,506.9268522,0
18,2021-07-29,0.0194443808610839,0.0193288171064205,0.0188145581152429,0.0191102186117835,0.0191383476922662,0.0186948224367071,0.0207893032584789,0.0233628828432685,0.0421295682296523,0.0503743285930955,0.0538813015399011,0.0524262891483889,0.0483304795211401,0.0501395353384075,0.0502644036971391,0.0503392517140016,0.0512294601044601,0.0305878541067257,0.0259424220427428,0.0243889831197647,0.0225065542783759,0.022955718846277,0.0221785727077855,0.0204438561417181,commercial,7,summer,0,1,506.9268522,506.9268522,0
18,2021-07-30,0.0195623295849732,0.0194343889810384,0.0186124302852983,0.0191514699322761,0.0185407519616842,0.0186756470133352,0.0207680062246184,0.0232541543014611,0.0422625011891091,0.0503897032904385,0.0446319722725194,0.0497118772490452,0.0453042452501206,0.0514348323612646,0.0481470523173558,0.0521019419488154,0.0479826146256018,0.0290518611484154,0.025508496376209,0.0249499526206769,0.0219613600712301,0.0216314755061038,0.0212940896882181,0.0201410389514948,commercial,7,summer,0,1,506.9268522,506.9268522,0
18,2021-07-31,0.0175749379167229,0.0178554535832768,0.0168467686286094,0.0172512700103778,0.0172831481129338,0.0167745352541185,0.0204807630859927,0.0208014832730328,0.0251801756127039,0.0277986103742962,0.0308698525493524,0.0281173359049772,0.024784780597596,0.0253096702784905,0.0233674634957147,0.0244355852967216,0.0233223442641345,0.0189932430959749,0.0194927631290621,0.0178769494332272,0.0175393617581361,0.0179945650393241,0.0184777204043048,0.0185691760259452,commercial,7,summer,1,1,506.9268522,506.9268522,0
18,2021-08-01,0.0193105773692537,0.0191693812665629,0.0188346178950616,0.0185188156585063,0.0184685274373022,0.0186378744378802,0.0195364001405167,0.0214090538277083,0.0222953244019055,0.0249784263136009,0.0263726170427013,0.02616243463514,0.0254819290097699,0.0277352314612511,0.0278040173062923,0.0286033516020359,0.0276679400096629,0.0258918518473149,0.0219952937245461,0.0185814948289479,0.0163452908843575,0.01591850874235,0.0160539195209994,0.0160335166351394,commercial,8,summer,1,1,506.9268522,506.9268522,0
18,2021-08-02,0.0180094463273527,0.0184439638793256,0.0174489424788328,0.0180757311221278,0.0180070283306826,0.0180738896238705,0.0192741023511485,0.0217217755357069,0.0409620266097246,0.0467588648900927,0.0497549761979008,0.0524097603715205,0.0455084760605874,0.0541695242686265,0.0557789186004459,0.0585412390388956,0.0588927594115018,0.033513571075132,0.0285711653034964,0.0271664240748776,0.0244514371492103,0.0250305398798107,0.0193628509963098,0.0191694736171444,commercial,8,summer,0,1,506.9268522,506.9268522,0
18,2021-08-03,0.0183099574709217,0.0177629059375298,0.0172724039184715,0.018160217818289,0.0186475007273279,0.0178477366557686,0.0204778282266251,0.0234053249620078,0.0423548965687562,0.0495375600877534,0.0508448640945223,0.0530960087229381,0.0461105789559243,0.054491753787618,0.0514748460059987,0.0540605901726862,0.0530893981305002,0.0323094152514282,0.0264873325018495,0.0258638726385839,0.0240996095622116,0.024258800773728,0.023983256366372,0.0221267556739987,commercial,8,summer,0,1,506.9268522,506.9268522,0
18,2021-08-04,0.0199429199408599,0.020478254244854,0.0203623946441081,0.0191815339104851,0.0188119915942739,0.0190067756917328,0.0216439694344341,0.0241842408416058,0.0438760519939728,0.0495927346901519,0.05180207982461,0.0505844119907771,0.0486185049582483,0.052335769224773,0.0523804303804665,0.0499029554494978,0.0510282459364062,0.0304974471453123,0.0264216763505893,0.0258358644862775,0.0233674438603144,0.0243578099448268,0.0227866004587159,0.0215605756615139,commercial,8,summer,0,1,506.9268522,506.9268522,0
18,2021-08-05,0.020953570746117,0.0208862515199833,0.0193143870518646,0.0202049584870968,0.02014537769406,0.0197054511946151,0.0219931407620021,0.02501161802898,0.0462926421446139,0.0525357069000558,0.0551491071434701,0.0511743647767687,0.0465694381310319,0.0519404763109814,0.0495925769935116,0.0532049890771515,0.0529694324208242,0.0323698432719818,0.0271276442747989,0.0259699586117145,0.0233567297162596,0.0236385897842363,0.022365560465426,0.0214163361527335,commercial,8,summer,0,1,506.9268522,506.9268522,0
18,2021-08-06,0.0209507079983488,0.0209207925539368,0.0194851364969463,0.0210200454181429,0.0193840135487446,0.0184103368335402,0.021660351113173,0.0241006520922113,0.0431319785077214,0.0532431977260412,0.049888760310649,0.0467913432686687,0.0408549021610683,0.0456484078814993,0.0494451417557228,0.0510508345959218,0.0490327438344002,0.0294711798808147,0.0252209897248665,0.0246776594907395,0.0223344208266274,0.0238276602820655,0.0230690703464632,0.0214149324973072,commercial,8,summer,0,1,506.9268522,506.9268522,0
18,2021-08-07,0.0203071410253683,0.0195048539665577,0.0183605758112465,0.0189901104596669,0.0195426972846485,0.0182675762394267,0.0218991179127731,0.0216252755177303,0.0248352892761619,0.0266070216073538,0.0271475361940563,0.0283591916016827,0.0230622096856147,0.0239561268370598,0.022084410712366,0.0227285301522419,0.0221261063353765,0.0194947400200198,0.019864236771311,0.018742535456054,0.0181041180659668,0.0190203065051164,0.0191851951700439,0.0185545813005033,commercial,8,summer,1,1,506.9268522,506.9268522,0
18,2021-08-08,0.0191837856559,0.0192412818467199,0.0184750235732132,0.0188313784629349,0.0188071012630571,0.0183485721985398,0.0196819911249712,0.0204922132568232,0.0220116992214285,0.0245005154453691,0.0243094402970752,0.0238439950977995,0.0243571916312178,0.0245162387157111,0.0238479374353162,0.0233304558676945,0.0232949319440817,0.0212057071486758,0.021237124526411,0.0204984483425242,0.0180374498800106,0.0196435399808093,0.0195051900013396,0.0179867731429825,commercial,8,summer,1,1,506.9268522,506.9268522,0
18,2021-08-09,0.0205801720001694,0.0206357197046476,0.0197476492606844,0.0199306621814957,0.0205074097081696,0.0201026231337743,0.0220750375834864,0.0248949430548157,0.0460607270599353,0.0516566404154338,0.0517888953069486,0.0527421833612496,0.0457362446987889,0.0528599474540898,0.051022628545058,0.0474018665484365,0.0466667983954682,0.0302973316539578,0.0259942210197482,0.025459166609549,0.0223677187685286,0.0239279508943407,0.0231635718905956,0.0214159437371265,commercial,8,summer,0,1,506.9268522,506.9268522,0
18,2021-08-10,0.0207586970676375,0.0208381101259579,0.0199625468009357,0.0202641647182905,0.0202312117576293,0.020578746920573,0.0224710469064706,0.0252335335782127,0.0444812682735358,0.0518710866209346,0.0544145971613512,0.0487627807972919,0.0447123952355408,0.0548293646061692,0.0535915809801999,0.0530325613875524,0.0520678180772102,0.0310113166888092,0.027607096728609,0.0256321079387919,0.0231708229186233,0.0240887600844169,0.0232887091334847,0.0218381718816174,commercial,8,summer,0,1,506.9268522,506.9268522,0
18,2021-08-11,0.0220736002051961,0.0227244685491275,0.0205654356869545,0.0214951801729693,0.0212571008763688,0.0203241506499659,0.0226150805383848,0.0253903452249944,0.046628504179467,0.0530155138892347,0.0573659496672771,0.0554214843202743,0.050302101436244,0.0514788920043586,0.0510718065189911,0.0563809260849637,0.0523883201351848,0.0308046380731704,0.0269669118275507,0.0256712850362399,0.0231549598538132,0.0241714236558801,0.023955806394613,0.021825695426836,commercial,8,summer,0,1,506.9268522,506.9268522,0
18,2021-08-12,0.0218130454034392,0.0229408652794928,0.0203554469082555,0.0218642315555028,0.0218412624371578,0.0211041388946927,0.0243155736339359,0.026226080998303,0.0442248973083485,0.05029920816136,0.0542942118115686,0.0523444196229971,0.0480711090134659,0.0535139324867029,0.0485548967933887,0.0431348936365911,0.043930311508423,0.0283283050300346,0.024365554468181,0.0238626951374536,0.0219103476716696,0.0218656692340351,0.0220922937405485,0.0198240959335441,commercial,8,summer,0,1,506.9268522,506.9268522,0
18,2021-08-13,0.0209116048108882,0.0215793335411854,0.0208092349388484,0.0188922333802029,0.0177948847260661,0.0181696082860388,0.019574164124319,0.0214510139254681,0.0370971934180025,0.0410038612803192,0.0393854812122144,0.039654634407545,0.0369211603549403,0.0405810002984387,0.0388638780018574,0.0404831979539104,0.0408181608840744,0.0251021527285892,0.021771432111118,0.0218648824039035,0.0196632041107541,0.0203077024576232,0.0193799478718578,0.0188328795853822,commercial,8,summer,0,1,506.9268522,506.9268522,0
18,2021-08-14,0.0168549735435636,0.0176892399939477,0.0164121017302829,0.0177236658702381,0.0177667913870666,0.0169523909976613,0.0207644038812488,0.0209456343914985,0.0241392744843461,0.0265667609274796,0.0273777997166317,0.0273696611289566,0.0224247210247574,0.0215444158938243,0.0208748937978958,0.0224348017720301,0.0215491350473055,0.0176519059988713,0.019968207924917,0.018384123286037,0.0176673034504469,0.0190026483070786,0.0191291126210423,0.0178873386862139,commercial,8,summer,1,1,506.9268522,506.9268522,0
18,2021-08-15,0.0187829466180018,0.019377776370329,0.0173258455632579,0.0187374895894488,0.0174182072821689,0.0164508894789499,0.0178130985041176,0.0182541865133115,0.0198830442364106,0.0220645381268096,0.0227969610882422,0.0221001836104133,0.0237940941053226,0.0239898483235423,0.0229089016271821,0.0239972010532501,0.0230812971647694,0.021265664289924,0.0202064191366048,0.0202837974423758,0.0181209407227082,0.0199944691776822,0.0192853807663253,0.0185439888740964,commercial,8,summer,1,1,506.9268522,506.9268522,0
18,2021-08-16,0.0184476143306313,0.0188739903183599,0.0191296375900596,0.0191903125575265,0.0192623365702329,0.0194840340647091,0.0211047448305575,0.0239204148892029,0.0430635158876307,0.0506167615384807,0.0522576353489881,0.0509891526680825,0.0466648518131728,0.051858606277293,0.0533895217362703,0.0536675170493192,0.0519954462413216,0.0294257973789079,0.0267745879535483,0.02572906311225,0.0227624791255777,0.022980893053194,0.0221508183599466,0.0204706053594555,commercial,8,summer,0,1,506.9268522,506.9268522,0
18,2021-08-17,0.0195203712329719,0.0193972338864836,0.0181839030221715,0.0186457120822088,0.0185469399453461,0.0181101163189888,0.0201311566973167,0.0233952782169819,0.0438988945377721,0.0502269765018707,0.0503355535050071,0.0500584700712657,0.04555959320851,0.0518820583244427,0.0540511219293561,0.055851356664261,0.0546152445782729,0.0323534086695071,0.0270251473540643,0.0257049838365086,0.0231203548648722,0.0235634548330469,0.0227528507560676,0.0210611500249584,commercial,8,summer,0,1,506.9268522,506.9268522,0
18,2021-08-18,0.0209165505069395,0.0201571788394401,0.0191072162676106,0.0195960902288563,0.0201085765565032,0.0187872027027236,0.0215231408513649,0.0246654015248469,0.043406615642375,0.0504537924767005,0.0514193322848872,0.0498619898744393,0.0460990679589616,0.05252188199299,0.0533461807470046,0.0525429323403133,0.0530977216602585,0.0317657371369667,0.0265224848759872,0.0257351902144413,0.0232344820400393,0.0242348344851942,0.0234465441736772,0.0215499279147354,commercial,8,summer,0,1,506.9268522,506.9268522,0
18,2021-08-19,0.0210542275167747,0.0217963145513321,0.0201537416881444,0.0212383295493619,0.0211887202342715,0.0205659854407799,0.0217634290458209,0.024049393033804,0.0410153537734281,0.0493791264647341,0.0512227253479299,0.0496924450906422,0.0472122761575698,0.0501412171773305,0.0484415780197126,0.043092447546953,0.0433948012360626,0.0268405071047224,0.0225527972631391,0.0220819768595639,0.0202037345852831,0.0207387011996155,0.0193098451468032,0.0180907969173945,commercial,8,summer,0,1,506.9268522,506.9268522,0
18,2021-08-20,0.0171714491597349,0.0176043231963451,0.0170489741576792,0.0172824990892244,0.0176059435354157,0.0174359645353307,0.0188565897483886,0.0201038196521843,0.0337320307747005,0.0364443588480703,0.03700391075441,0.037309603230291,0.0351551398759383,0.0383714030875608,0.0388983531308833,0.0390461503070036,0.0387844171132987,0.0241993343206448,0.0202566936506211,0.0204185045723317,0.0192763870594058,0.0193793532045905,0.0185426520412187,0.0180679117952514,commercial,8,summer,0,1,506.9268522,506.9268522,0
18,2021-08-21,0.0159968010235082,0.0160176753278684,0.0157773634697122,0.0159853647769535,0.0160063581061757,0.0157773634697122,0.0184551238768304,0.0191121559173848,0.0216183308686951,0.0243498307829465,0.0254343914637214,0.0261772390245506,0.0215368352277019,0.0223507605173296,0.0216604978593468,0.0219960394746612,0.0211224795818579,0.0182224180226298,0.0182688612587556,0.017909257696661,0.0167710031581074,0.0176587538249922,0.0172462702287226,0.017274746970322,commercial,8,summer,1,1,506.9268522,506.9268522,0
18,2021-08-22,0.0173212790236614,0.0173633860871581,0.0173604973630009,0.0169284192746175,0.0168947116562823,0.0161382792543532,0.016669120640725,0.0173882873303182,0.0185533054373702,0.0194780916941083,0.0209968081329253,0.0194441440160031,0.0203470532341651,0.0212348983787131,0.0228240673256664,0.0217335221609914,0.0211159107957419,0.0201913185437777,0.0185353142779935,0.0186780719308664,0.0187527587984555,0.0187990502993647,0.0188278471795666,0.0188250436790165,commercial,8,summer,1,1,506.9268522,506.9268522,0
18,2021-08-23,0.018960939275385,0.0189000045435125,0.0187803252956625,0.0186737437556516,0.0181959112783877,0.0178837931714004,0.0196678231159222,0.0221653670429087,0.0406090071204308,0.0462075667065461,0.0495936433324024,0.0506838315808885,0.0435806776789696,0.0528463387967434,0.0512201311696747,0.0526690332149236,0.0483727297421451,0.0305918951230215,0.0251940285044783,0.0239540950701874,0.021573018214928,0.0225270511249252,0.0216779775964803,0.0196607060663855,commercial,8,summer,0,1,506.9268522,506.9268522,0
18,2021-08-24,0.0192855009180722,0.0191779770170424,0.0176747541655318,0.0184492458681009,0.0176626852491936,0.017777187960616,0.0194781464185768,0.022954249465401,0.0429456272267615,0.0480585758406782,0.0502203808914726,0.0488976998164174,0.0439222687074097,0.0500062313101697,0.0501926371245174,0.0522117920957698,0.0504729666835459,0.0305424990891735,0.0250232647158766,0.024428748326099,0.0218565300998921,0.0222322563975744,0.0218472464064807,0.0197412454807332,commercial,8,summer,0,1,506.9268522,506.9268522,0
18,2021-08-25,0.019004759158397,0.0193698760436662,0.0175967251969823,0.0180503881698352,0.0176015594204586,0.0178891063045488,0.0195908260597065,0.0219821665545078,0.0443007263070386,0.0503360470834165,0.049883537831538,0.0508108273023534,0.0446262266606101,0.0533938971236326,0.0550193836305563,0.0526334658715883,0.0509720951296533,0.0321898235319082,0.0264171181739453,0.0251814798407964,0.0222613669298864,0.0230068046626452,0.0216188697575809,0.0205141177901904,commercial,8,summer,0,1,506.9268522,506.9268522,0
18,2021-08-26,0.019040627571689,0.0188938613521936,0.0183464521954624,0.018513556632176,0.0185338599579287,0.0184272016332494,0.0201848188942271,0.0237360758514859,0.0438443186392056,0.0521475921704947,0.0550110821300421,0.0508748415048389,0.0458913274423363,0.0520888923009538,0.0514094906414977,0.0554485329576198,0.0526801220599796,0.0310172953051537,0.0255564962972617,0.0249083915026236,0.0222271765963184,0.02246272845851,0.0212436876782486,0.0204453451330847,commercial,8,summer,0,1,506.9268522,506.9268522,0
18,2021-08-27,0.0190559628835121,0.0194268550807158,0.018854253810085,0.019240925195621,0.0185592405893733,0.0182924179257928,0.0208062334386849,0.0229004529490743,0.0410495464192138,0.0470101175427203,0.0488824227480467,0.0474885467563052,0.0449070665932118,0.0508758655302958,0.0475250116111036,0.0503051182127811,0.0502303664464064,0.0298263279731273,0.0258348985374724,0.0244190279791829,0.0222883496237601,0.0223286879156887,0.0215476634041937,0.0203974997094009,commercial,8,summer,0,1,506.9268522,506.9268522,0
18,2021-08-28,0.0179330860834406,0.0180375635837764,0.0172015851086153,0.0173303619411723,0.0174077196862693,0.0172177663369331,0.0199322885261975,0.0212929797988361,0.0260359097521864,0.0285115088916807,0.0285017372869906,0.0284979122970507,0.0253098546263151,0.0239121609500219,0.0235817925615387,0.0239110884512339,0.0241197458742287,0.0195268008211335,0.0206292994296175,0.0190028721583532,0.0174079167136661,0.0177769372361499,0.0172584288403391,0.0172468639921494,commercial,8,summer,1,1,506.9268522,506.9268522,0
18,2021-08-29,0.0177551692381579,0.0177491778449856,0.0168731472139902,0.0174092307195616,0.0173383729135115,0.0166690156561347,0.0183471261504754,0.0192639425496249,0.0205459435784061,0.0229590082184104,0.0232482710346254,0.0236140260140164,0.0238553072604005,0.0239624483398003,0.0233067779168529,0.0240435398566492,0.022822245713211,0.0218331646333629,0.0201974002936292,0.019344492047496,0.0174195223242601,0.0193530446840026,0.0183094008027156,0.0166512497659026,commercial,8,summer,1,1,506.9268522,506.9268522,0
18,2021-08-30,0.0197428407546422,0.0202507278297508,0.0176943305053978,0.0198190343838014,0.0192273279618115,0.0179212433616192,0.0196888279414111,0.0239566471657671,0.0433648622528492,0.049670927915562,0.0520152276618226,0.0508823394434732,0.046835125358116,0.0541611236371208,0.0519038772991313,0.0515239077480179,0.0518361279842733,0.0305299629433061,0.0264535524806929,0.0251296399395611,0.0224526113545225,0.0220910755410834,0.021674414531866,0.020388559140351,commercial,8,summer,0,1,506.9268522,506.9268522,0
18,2021-08-31,0.0190738839037215,0.0189472992713503,0.0186418198496033,0.0185762899093268,0.0186624155905768,0.0186203499863215,0.020563755639702,0.0240919455535615,0.0455677042766421,0.0495343364908957,0.0548411462880811,0.0517491178140622,0.0440023746755874,0.0465187824332513,0.0491217037966983,0.0460855442011449,0.045516779580321,0.0293594579017199,0.0238167790671856,0.0231445611027598,0.0220258449804871,0.02134414255433,0.0200963315801112,0.0194164183733181,commercial,8,summer,0,1,506.9268522,506.9268522,0
18,2021-09-01,0.0176361320230394,0.0173649703294013,0.0173175515792554,0.0173175515792554,0.0173175515792554,0.0177175515792598,0.0188560260934379,0.0210506786005171,0.039616776042072,0.0442484284432274,0.0428944748309048,0.0442173990890281,0.0382177964785157,0.0422004254057366,0.0417691939657194,0.0428994083042153,0.0429650303323905,0.0273158552501567,0.0220373318081654,0.0221363926588228,0.0210311879248353,0.0202535131140643,0.019640711080202,0.018815379183224,commercial,9,autumn,0,1,506.9268522,506.9268522,0
18,2021-09-02,0.0176583958224555,0.0176623776038171,0.017834634939088,0.0176718112835705,0.0173113567945834,0.0182840248907462,0.0197871127818251,0.0220636181130433,0.0416338269084056,0.0456617925494514,0.0463832735753578,0.047799042143811,0.0428916560152819,0.0489721748090067,0.0486231838507716,0.0473573546081577,0.0478469122919973,0.0295604280987559,0.0232724787947304,0.0227157940052718,0.0219052709941688,0.0213551052401455,0.0210145340908743,0.0201084741612986,commercial,9,autumn,0,1,506.9268522,506.9268522,0
18,2021-09-03,0.0181731716905658,0.0185846662900247,0.0181223966311387,0.0179637727102345,0.0179688090419863,0.0180242172098785,0.0195138502618178,0.0219546309201381,0.0401237137829684,0.0467046956545312,0.04102622683273,0.0435334796553483,0.0403753859867984,0.0442568209029987,0.0477568657157052,0.0502438609695437,0.0479883878373392,0.0305269994060327,0.0239449477625391,0.0232112939475007,0.0217370260700417,0.0219001867251643,0.0205515630527314,0.0196416702978372,commercial,9,autumn,0,1,506.9268522,506.9268522,0
18,2021-09-04,0.0168532818066136,0.0167817199377263,0.0170525544493834,0.0168463403481221,0.0169221466021067,0.0169807323782376,0.0194347816416633,0.0204857349081659,0.0258586729995693,0.0287327539535576,0.0280054320707671,0.0288598801911123,0.0247922520219419,0.0252345462973222,0.0249513667021173,0.0234094201711511,0.0226912202464923,0.0174947655135059,0.0189757451594971,0.0178652599680976,0.0172266702060757,0.0168080181749895,0.0175931537568756,0.0174259838414038,commercial,9,autumn,1,1,506.9268522,506.9268522,0
18,2021-09-05,0.0177670413117427,0.0179047394986689,0.0178775471057749,0.0179515932896974,0.0170013498188279,0.0177208928042973,0.0174726518343464,0.0190043592373105,0.0211722068026581,0.0240826747621348,0.0226870498067831,0.0229255870838944,0.024519979862294,0.0241238559105541,0.0222361689898791,0.0239457181513273,0.0219734382080512,0.0205696203011488,0.0194136392857117,0.0188396992967584,0.0175791437003512,0.0168435162812468,0.0177976519608057,0.0172964229996458,commercial,9,autumn,1,1,506.9268522,506.9268522,0
18,2021-09-06,0.018307399180969,0.017990242311829,0.0183729585488308,0.0180021022256012,0.0179894044348331,0.0188969910520237,0.0198848315414795,0.0238343801874934,0.0447822929642249,0.0506989669821001,0.0508386808179279,0.043752805021065,0.0464043189200118,0.0515233057355171,0.0498494040355222,0.0498455765223093,0.0506740027259054,0.0298952394551071,0.0253056670065114,0.0240567701897436,0.0217990866709031,0.0223190904946788,0.0204379348817057,0.0196454226913981,commercial,9,autumn,0,1,506.9268522,506.9268522,0
18,2021-09-07,0.0185323265911061,0.0178011233752237,0.0178556247897362,0.0180443835776458,0.0180221201105166,0.0184630138044025,0.0209383463822186,0.0241833905738636,0.0448213291894456,0.0503913223966276,0.0502251664846404,0.0500913804796039,0.0466182381721467,0.053049603720527,0.051593887779108,0.0529222806294049,0.0513008198955757,0.0300066085104055,0.0251124387926523,0.0237453542218353,0.0220626062450247,0.0220113393187059,0.0212242600547112,0.0203440300117374,commercial,9,autumn,0,1,506.9268522,506.9268522,0
18,2021-09-08,0.0186805981140735,0.0189433095828065,0.0183578821096145,0.0181475671561976,0.0181054306760414,0.0185099320430133,0.0205751894741956,0.0234467183357001,0.0447438543764297,0.0504680495861411,0.0505725599072454,0.0514112812476296,0.0476190603999229,0.0521025823838127,0.0520438706412705,0.0519443861483935,0.0462457500754543,0.029620229188468,0.0239905469536604,0.023411325376792,0.0223006581449321,0.0217834793477208,0.0208546135555567,0.0203450639099333,commercial,9,autumn,0,1,506.9268522,506.9268522,0
18,2021-09-09,0.0190238771055276,0.0189308826999469,0.0180508668830831,0.0176618042542703,0.0175816999220629,0.0178847713532345,0.0198848413836141,0.023144173563084,0.0441292852962763,0.0516169572242481,0.0504179397755154,0.04985655885178,0.0471473424847412,0.0520296361397885,0.0511453903466366,0.0508644928736852,0.05135939990162,0.0293363786938683,0.0245467065473924,0.0237612173236595,0.0225175920947082,0.0228890389554451,0.0209446230698028,0.0206383093406683,commercial,9,autumn,0,1,506.9268522,506.9268522,0
18,2021-09-10,0.0194588882488677,0.0192789539853649,0.0188179123393743,0.0188110869159365,0.0187056383625017,0.018159191194304,0.0197025229898383,0.0230692794415505,0.0424614846956144,0.0478510619126435,0.0499864837043193,0.0515778006699641,0.0470355760794489,0.0530990311787807,0.0493560685276128,0.0506865407022697,0.0490264167666484,0.0294839231786747,0.0251392896780197,0.0230031064226641,0.0219938540750593,0.0216807025707113,0.0208622887626117,0.0203613675132437,commercial,9,autumn,0,1,506.9268522,506.9268522,0
18,2021-09-11,0.0169256847107184,0.016177383736756,0.0163028881967692,0.016177383736756,0.0160443884538345,0.0160835568781104,0.0188267619178465,0.0201551597024926,0.0245882466834806,0.0264155453340193,0.0278925136637221,0.0270662498369379,0.0247746701739061,0.0244364677300899,0.0217704134769944,0.021687332279051,0.0218393216953094,0.0184910377973027,0.019197180802258,0.0172860058248713,0.0168472875259098,0.0174530979660968,0.0174088666375835,0.0169253015232036,commercial,9,autumn,1,1,506.9268522,506.9268522,0
18,2021-09-12,0.017294293677435,0.0166909297100026,0.0167365481147651,0.0166928659367946,0.0163110230476587,0.016275004172061,0.0170995766851552,0.0175844356914637,0.0187098204896277,0.0199176247313638,0.0215999706759037,0.0206770741099393,0.0224278546826783,0.0231405087263215,0.0231797947877385,0.0231016901169282,0.0221222937525609,0.0195452772524032,0.0184498571477278,0.017145886727227,0.0167038589413147,0.0167850607351821,0.0167278013910445,0.0166514751402811,commercial,9,autumn,1,1,506.9268522,506.9268522,0
18,2021-09-13,0.0179119475742055,0.017921594721717,0.017843264477149,0.0174817142855321,0.017467145256483,0.0176401882172245,0.0190636028977698,0.0223436298449171,0.0422490752669296,0.0482578911004246,0.0494703699043081,0.047545710817734,0.0436567001836966,0.0507563200749009,0.0507878529517525,0.0500203267392867,0.0483055565500685,0.0287330423672557,0.0241613475561526,0.0229177500376699,0.0216443643057138,0.0214876342740598,0.0206879850763364,0.0195934443573198,commercial,9,autumn,0,1,506.9268522,506.9268522,0
18,2021-09-14,0.0181145056740876,0.0179717483834286,0.0174442200982007,0.0173311606397688,0.0173311606397688,0.0175981653568517,0.0193419013921936,0.0228887900848356,0.0446578262211121,0.0503237590822427,0.0506929116143632,0.049621991035347,0.0450551628006681,0.0530105268206482,0.0501043795143527,0.0481292847334818,0.0487139440693717,0.026291493174796,0.023049112674273,0.022903127983252,0.021466787500224,0.0209285903823957,0.0200170495868578,0.0192816384021479,commercial,9,autumn,0,1,506.9268522,506.9268522,0
18,2021-09-15,0.0181081255248617,0.0180089247759309,0.0177362953970107,0.0181520600247574,0.0180882659221558,0.0174240088814347,0.0193440447469021,0.0226326485289679,0.0417891533458398,0.0502337198725968,0.0518295735661861,0.0501267937151378,0.0462540632403413,0.0523460804393576,0.0486383697593919,0.047596956207149,0.0482098957448713,0.0293863102397469,0.0249935045706892,0.0236211961796976,0.0217690379597478,0.02193204182283,0.0204736729884571,0.0201818160229819,commercial,9,autumn,0,1,506.9268522,506.9268522,0
18,2021-09-16,0.0186225277893012,0.018883972964064,0.0182873965681539,0.0181181344580164,0.0180792520486823,0.0182384352347233,0.0198848440135651,0.0233032371975025,0.0441803955368361,0.0491797418065947,0.0511114138324243,0.0503066826993129,0.0457357015461914,0.0523330934311593,0.0444710582321922,0.0504945230987203,0.0496008596420733,0.0296300850603556,0.0247459970309706,0.0234362061784126,0.0213933472583835,0.0213112733941676,0.0203976607537616,0.0197231620019858,commercial,9,autumn,0,1,506.9268522,506.9268522,0
18,2021-09-17,0.0179193857340888,0.0181824100276744,0.0179387289373361,0.01805375978058,0.0180391275121388,0.0179741682798559,0.0197069052095389,0.0230235474292142,0.0426601140372669,0.0468532423678895,0.048754662404356,0.0480919546433632,0.0458505368250894,0.0527128577397705,0.0514449284078968,0.0513794187360139,0.0448973867068511,0.030121340771315,0.0250599245634377,0.0245153582056022,0.0221094697604082,0.022390980331652,0.0215729164499279,0.0203483199084304,commercial,9,autumn,0,1,506.9268522,506.9268522,0
18,2021-09-18,0.0172142313433373,0.0170121608941906,0.0168428068320823,0.0167735054068184,0.0167888092294805,0.0167377101252418,0.0192735303946587,0.0206243345058243,0.0262482827381622,0.0282104604042652,0.02952644983136,0.0285722484358531,0.0254663776235935,0.0251643607344216,0.0227959268720044,0.0225229142689175,0.0213116017879019,0.0181165269393509,0.0175776184561608,0.0164632059134724,0.0161910601933626,0.0164632059134724,0.0163171179308533,0.0163358447984942,commercial,9,autumn,1,1,506.9268522,506.9268522,0
18,2021-09-19,0.0163171179308533,0.0163171179308533,0.0163775600164977,0.016177383736756,0.0162394055403498,0.0163216057703284,0.0188374693947414,0.020021079738931,0.0244549268760205,0.0272006666895427,0.0269328528568232,0.026953128303221,0.0231535653090708,0.0237748799029317,0.0243129448106717,0.0237235773901003,0.0223867417867081,0.0193633794919375,0.0165726037861798,0.0158001128001712,0.0157549307437884,0.0160443884538345,0.0160443884538345,0.0158348242191454,commercial,9,autumn,1,1,506.9268522,506.9268522,0
18,2021-09-20,0.01591850874235,0.01591850874235,0.0157549307437884,0.0158001128001712,0.0158001128001712,0.0157218814616014,0.018299101106185,0.018299101106185,0.021108452551216,0.021108452551216,0.0212190049886128,0.0211396970674072,0.0181894089994477,0.0182362757737345,0.0179927817186991,0.018284044194741,0.018284044194741,0.0166815299304889,0.016816879439843,0.0160443884538345,0.0158348242191454,0.01591850874235,0.01591850874235,0.0157773634697122,commercial,9,autumn,0,1,506.9268522,506.9268522,0
18,2021-09-21,0.0156895603627744,0.015492745488666,0.015196615663492,0.0146181492077612,0.0145346620430312,0.014515392329443,0.0168441474185764,0.0169129008686241,0.0198642180145978,0.0204369948288561,0.0208718238264053,0.0213686965885331,0.018448335135404,0.018495227480466,0.0183677050004957,0.0185568077661267,0.0184170735720294,0.0169317677146056,0.0169498747227646,0.016177383736756,0.01599316189203,0.016177383736756,0.0160443884538345,0.01591850874235,commercial,9,autumn,0,1,506.9268522,506.9268522,0
18,2021-09-22,0.0165228932511758,0.0164288647981409,0.0160371015247697,0.0152380049068118,0.0151570297486729,0.0155830848704993,0.0158234687200523,0.018343041486287,0.0315253329687492,0.032241828951209,0.0343216089842051,0.0360291701876396,0.0339690643185068,0.0372713024296776,0.0377705455132101,0.0389348474398942,0.0385896537519437,0.02330638631901,0.0205723180401016,0.0203387474350886,0.0194707650261137,0.019539411142346,0.0188026324568806,0.0181625061124343,commercial,9,autumn,0,1,506.9268522,506.9268522,0
18,2021-09-23,0.0171981653568472,0.0170722856453627,0.0169424756393992,0.0166432760314522,0.0165407110110146,0.016972754616566,0.0176206090881999,0.0193062101527239,0.0317999506903967,0.0333868940555534,0.0354248390779464,0.0350256640595798,0.0330777066222413,0.037709581714681,0.035094370330359,0.0361671184853823,0.0367214298619122,0.0232090422541171,0.020432766842512,0.0203388781468799,0.0194214389043436,0.0195394808553014,0.0185438010330716,0.018103537948619,commercial,9,autumn,0,1,506.9268522,506.9268522,0
18,2021-09-24,0.0170722856453627,0.016953889703184,0.0168756583646141,0.0168372359269456,0.0166777806447776,0.0172540294742092,0.0181887792315063,0.0193359867313594,0.0319358893143242,0.0334104664869361,0.0335342542572223,0.0348335346868755,0.0322854864164175,0.03732891064374,0.0359066279259459,0.0355076187195185,0.0353629262868973,0.0228505152631974,0.0199451283845822,0.0199617392931891,0.0192580105997286,0.0192806763051055,0.0186697247721875,0.0181152302974946,commercial,9,autumn,0,1,506.9268522,506.9268522,0
18,2021-09-25,0.01591850874235,0.01591850874235,0.0157773634697122,0.01591850874235,0.01591850874235,0.01574383399047,0.0184568252217324,0.0185194884848941,0.02132420783904,0.0216038940300081,0.0215725623984273,0.021563266831337,0.0185348714781671,0.0185192056623767,0.0181449713915048,0.0184252107676341,0.01831499687194,0.0167053275944427,0.0168006604388915,0.01591850874235,0.0157218814616014,0.0158001128001712,0.0156895603627744,0.0156895603627744,commercial,9,autumn,1,1,506.9268522,506.9268522,0
18,2021-09-26,0.0156895603627744,0.0156895603627744,0.0156895603627744,0.0156895603627744,0.0156895603627744,0.0157549307437884,0.0165574667039077,0.0166680191413045,0.0166795116471186,0.0169122947949678,0.0170452900778893,0.0170494893259864,0.0173624618471679,0.0175615344221059,0.0175943771143301,0.0179014642102551,0.0174831604407004,0.0178748529311707,0.0169691269388872,0.0166073166299455,0.0160443884538345,0.0162020912593483,0.0161992284768829,0.0159679830041502,commercial,9,autumn,1,1,506.9268522,506.9268522,0
18,2021-09-27,0.0171981653568472,0.0170722856453627,0.0170359645353263,0.0170722856453627,0.0170722856453627,0.0174240088814347,0.0185753474753206,0.0201432747586659,0.0367239220662659,0.0416459136257022,0.0433315999684319,0.0443127358210996,0.0437373507725585,0.0455299285503071,0.0461401836390472,0.0461165818986811,0.0457175866524417,0.0273651132754983,0.0228206780669976,0.0219894544861251,0.0207303890312181,0.0206378544059075,0.019710974150897,0.0184624837148603,commercial,9,autumn,0,1,506.9268522,506.9268522,0
18,2021-09-28,0.0175435792229762,0.0179614388718682,0.0170845428558333,0.0175691194317646,0.0172390902968902,0.0174479961219932,0.0187012912005305,0.0208281583421129,0.0390324632961845,0.0453015679769863,0.0461063113364229,0.046262419764483,0.0427961344023282,0.0465924059155728,0.0463072241874156,0.0468180413617411,0.0458540887472852,0.0288636008203681,0.0243449442575768,0.0235259307944,0.0214513456213278,0.0221204651379503,0.0208640864817023,0.0191586871814275,commercial,9,autumn,0,1,506.9268522,506.9268522,0
18,2021-09-29,0.0178576056215538,0.018432638986132,0.0174009029552828,0.0181378909200304,0.0181474084685934,0.0181854381514398,0.0187013557610494,0.0206046975200311,0.036744938555807,0.0387495326251789,0.0394742241567059,0.041230069062786,0.0382115854078057,0.0435220132581319,0.0411416955128041,0.0385465250584475,0.0409037921785166,0.0258961219951157,0.0211676744261735,0.0212446245174785,0.0204769649391084,0.0201697532165284,0.0197098613934442,0.0189543251122578,commercial,9,autumn,0,1,506.9268522,506.9268522,0
18,2021-09-30,0.0179199505885471,0.0174769178609539,0.0176727889255458,0.0174870074767813,0.017463330603116,0.0182157351729812,0.0196338136495793,0.0215457042681316,0.0405401251633099,0.0440097321853041,0.0467739989683748,0.0462553376863907,0.0418608582679305,0.0459061099943722,0.0447127452940834,0.0435006709620462,0.0407365497904685,0.0274712703490851,0.0223342174979623,0.0218807255273673,0.0209376741752528,0.0207303128014063,0.019742660256353,0.0192050322256229,commercial,9,autumn,0,1,506.9268522,506.9268522,0
18,2021-10-01,0.0163458396971584,0.0162745128381071,0.0161910601933626,0.0161910601933626,0.0161637746762427,0.016177383736756,0.0187873190369116,0.0201463380858075,0.024734237920003,0.0266649219621517,0.0275922777392019,0.0287693035461527,0.024023881123408,0.0244577581407926,0.0238894028768303,0.02381486460111,0.0234532327531736,0.0193633732090013,0.0196600365888204,0.0187213387743021,0.0170519292656282,0.0177242585277605,0.0177006763653245,0.0165636871100154,commercial,10,autumn,0,1,506.9268522,506.9268522,0
18,2021-10-02,0.0173414802169326,0.0176553000403218,0.0168349341704125,0.0171785481507714,0.0168198477017356,0.0171236066700939,0.0193221253386918,0.0211837652528359,0.0263045189097255,0.0282371899621166,0.029365346656302,0.028140773562093,0.024615279658648,0.0235106262800932,0.0229303198802576,0.0232961487292216,0.0229845271287781,0.0197318833744116,0.0197295863338815,0.0180056465854441,0.0171885632289463,0.0172895852240716,0.017222017189822,0.0166296043272325,commercial,10,autumn,1,1,506.9268522,506.9268522,0
18,2021-10-03,0.0176096146513254,0.0174050557111726,0.0171026701221791,0.0168535070246552,0.0168101979785311,0.0160396579355097,0.0187925100292147,0.0203638498378129,0.0248177038009851,0.0264161149863005,0.0275712813502418,0.0269037961950876,0.0234653217674358,0.0232585986373102,0.0225475981418324,0.0228746344710106,0.0221216623057223,0.0186859829624367,0.0181573728647416,0.016883512887117,0.0161233556717141,0.0166703913365211,0.0166716332231001,0.0159805359409585,commercial,10,autumn,1,1,506.9268522,506.9268522,0
18,2021-10-04,0.0162452878762152,0.0162562298653187,0.0159307659528205,0.0162151215825732,0.0162346446679248,0.0158821876323136,0.0187091984899145,0.0193955023473889,0.0239768220599605,0.025918925131527,0.0260620845454489,0.0278779640355096,0.022050224536742,0.0214231119439469,0.0220665689546044,0.0215493283835794,0.0211788079749514,0.018323244518581,0.0177888883953179,0.0167989230494532,0.0160967536018477,0.0166450058312496,0.01666126361379,0.01599316189203,commercial,10,autumn,0,1,506.9268522,506.9268522,0
18,2021-10-05,0.0162503132985249,0.0162592913759286,0.01591850874235,0.0162000907159799,0.0160443884538345,0.0158348242191454,0.0186908387407129,0.0193405312616151,0.0243671272749154,0.0261819258046029,0.0271019100979948,0.0279262532375909,0.02299197710622,0.0226275124519049,0.0227856524397411,0.022170957301995,0.021165746346451,0.0172698297245504,0.0180932592610639,0.0169205074435058,0.0162886503431687,0.0165824767898254,0.0164632059134724,0.016177383736756,commercial,10,autumn,0,1,506.9268522,506.9268522,0
18,2021-10-06,0.0163171179308533,0.016177383736756,0.0161100199917946,0.016177383736756,0.016177383736756,0.0160573739299823,0.0188122814218255,0.019286111450095,0.0234346807608679,0.0240781162768154,0.0248021119799357,0.0238622061186328,0.0211444846867283,0.020572189760033,0.0195938696481395,0.0196242177324744,0.0184176254196093,0.0165251263231122,0.0166909997283585,0.01591850874235,0.0157218814616014,0.01591850874235,0.01591850874235,0.0156895603627744,commercial,10,autumn,0,1,506.9268522,506.9268522,0
18,2021-10-07,0.0158001128001712,0.0156895603627744,0.0156895603627744,0.0156895603627744,0.0156895603627744,0.0156895603627744,0.0184102784764897,0.0184102784764897,0.0211305435082543,0.0213461374881427,0.0218258727350229,0.0235470790898321,0.0212748192393372,0.0205094229026833,0.019461220245568,0.0202287860593414,0.0200571979576251,0.0172066687652881,0.0170896089168618,0.0163171179308533,0.0160443884538345,0.0161947568065908,0.0162214371063471,0.0159805359409585,commercial,10,autumn,0,1,506.9268522,506.9268522,0
18,2021-10-08,0.0171981653568472,0.0171981653568472,0.0170601032795667,0.0171981653568472,0.0171981653568472,0.0174003268151151,0.0185760784964001,0.0204536495082221,0.0376656203373992,0.0416651179897901,0.0450497185182646,0.0446746487412736,0.0422346854279587,0.0482676437812432,0.0446714050305353,0.0445905307978963,0.0442929950940682,0.0269122457083391,0.0228202146050889,0.0224135252683585,0.0202220681492836,0.0201579553931284,0.0192476374295309,0.0182869234190694,commercial,10,autumn,0,1,506.9268522,506.9268522,0
18,2021-10-09,0.0162280690870745,0.0162481295771221,0.0159679830041502,0.0160443884538345,0.01591850874235,0.0158821876323136,0.0185761474494296,0.0186393400186018,0.0228148129669334,0.0247484909591914,0.025646246343023,0.0264082446513641,0.0220276225135764,0.0208460551333368,0.0198780481895863,0.0209407417088212,0.0202280309662066,0.017157590820167,0.0172001959129133,0.0163171179308533,0.0160314741403825,0.016177383736756,0.0160443884538345,0.0159679830041502,commercial,10,autumn,1,1,506.9268522,506.9268522,0
18,2021-10-10,0.0160443884538345,0.0160443884538345,0.0159307659528205,0.01591850874235,0.0160443884538345,0.015906326376554,0.0167869480571742,0.0167869480571742,0.0168974159985835,0.0182874528548557,0.019139291876668,0.0202136063283297,0.0200949892349845,0.019592752803668,0.020029401023947,0.01904352096729,0.019158378713883,0.0176517538139484,0.0171092088451879,0.0163689969429094,0.0160186313616324,0.0167077770199107,0.0167440081019103,0.0159555034493797,commercial,10,autumn,1,1,506.9268522,506.9268522,0
18,2021-10-11,0.0178677580733347,0.0175582630989476,0.0170121295213055,0.0175271595336123,0.0171981653568472,0.0173769528009184,0.0187239137898816,0.0213792782446677,0.0399963780480678,0.043849008352467,0.0450213816444314,0.0467871496755634,0.0416805143362667,0.0466716089769571,0.0485433624364446,0.0482724277140594,0.0477668814971249,0.0280769025090345,0.0243525160828809,0.0239110449697397,0.0215151332423894,0.0218521570350689,0.0209786322989493,0.0194979783240487,commercial,10,autumn,0,1,506.9268522,506.9268522,0
18,2021-10-12,0.0185821175552233,0.0185593901296076,0.0178246416939853,0.0179829990068395,0.0184400080715795,0.0176572898830461,0.0198940161016892,0.0229193596873018,0.0422764225045543,0.0465532954893051,0.0490151025974533,0.049354967798536,0.0448006772464418,0.0492459966461313,0.0488789265424515,0.0502004759602494,0.0496177771428093,0.0298460042648364,0.0241738788977391,0.023641036080218,0.0219274436225199,0.0221031679662054,0.0212091593236265,0.0198121092703868,commercial,10,autumn,0,1,506.9268522,506.9268522,0
18,2021-10-13,0.019390242824709,0.0193481842512641,0.0180035777419645,0.0168433372657872,0.016953889703184,0.0172433372657916,0.018347477964808,0.0199172547379755,0.0366157342948211,0.038778970195071,0.0398685319427447,0.0412435620878652,0.0379002108273729,0.0424445456911609,0.0421132320993662,0.0419631092385771,0.0419519352605089,0.0266290557541806,0.0217084117195089,0.0212784618051403,0.019645264618564,0.0195843525597111,0.0186706300870094,0.0182120773459916,commercial,10,autumn,0,1,506.9268522,506.9268522,0
18,2021-10-14,0.0171981653568472,0.0171981653568472,0.0170003268151107,0.0170722856453627,0.0170722856453627,0.0172433372657916,0.0184581007934092,0.0200279982372126,0.0338476921214572,0.0353713040436795,0.0354374325851427,0.0370651701138405,0.0354010390553402,0.0400208389617723,0.038321860213593,0.0396849265115328,0.0386250554205065,0.0241722928143922,0.0204935917808467,0.0202088817296131,0.0194370948292229,0.0194080849673957,0.0186706803664411,0.0181397142908955,commercial,10,autumn,0,1,506.9268522,506.9268522,0
18,2021-10-15,0.0170722856453627,0.0170722856453627,0.0168976108934828,0.016953889703184,0.016953889703184,0.0172433372657916,0.0184581714100215,0.0200281899108748,0.0335223373693268,0.0386162652727239,0.0397821743462254,0.0398183287579206,0.0370537837783214,0.0402235273192864,0.0401134013760059,0.040609523034357,0.0387432472739567,0.0241961467638047,0.0204514321713459,0.0203420283338469,0.0194495980174654,0.0194081656720956,0.0186707308068785,0.0180815249132114,commercial,10,autumn,0,1,506.9268522,506.9268522,0
18,2021-10-16,0.01591850874235,0.01591850874235,0.0157886987363865,0.0158001128001712,0.0158001128001712,0.0156895603627744,0.0183476897937327,0.0184111627765499,0.0214132370415418,0.0217966839776936,0.021924881387059,0.0220228615862054,0.0187776659864634,0.0188323047997312,0.0186476805164535,0.0188466598161524,0.0187164400792376,0.0170338020982295,0.0172006866367919,0.016177383736756,0.0158702319784175,0.0160443884538345,0.01591850874235,0.0157549307437884,commercial,10,autumn,1,1,506.9268522,506.9268522,0
18,2021-10-17,0.0158001128001712,0.0158001128001712,0.0156895603627744,0.0158001128001712,0.0156895603627744,0.0156895603627744,0.0163925910853819,0.016449333623907,0.0165279087562371,0.0167872294552507,0.0169131091667352,0.0168559809407264,0.0172175954221999,0.0172652305898688,0.0171190912600976,0.0173319266263731,0.0173319266263731,0.0170324953891434,0.016177383736756,0.0160443884538345,0.0159430976435758,0.0160443884538345,0.01591850874235,0.0158116053059853,commercial,10,autumn,1,1,506.9268522,506.9268522,0
18,2021-10-18,0.0170722856453627,0.016953889703184,0.0168976108934828,0.0166845809723768,0.0161529816361753,0.0172648032899219,0.0170569358544038,0.0187240355194763,0.0317909858779114,0.034067265787513,0.0367679636193903,0.036755143953055,0.0354235218944573,0.037891843091017,0.0367327572633665,0.0385650801803147,0.0377104720692725,0.0234826393462509,0.0204378160828588,0.020209489464206,0.0194625210916541,0.0194084090925119,0.0184266072909754,0.0180143816969247,commercial,10,autumn,0,1,506.9268522,506.9268522,0
18,2021-10-19,0.0170722856453627,0.0170722856453627,0.0168648032899175,0.016953889703184,0.0162154478142756,0.0164121616745727,0.017099825660379,0.0189269425673806,0.0319316468528657,0.034509599289134,0.036785213128082,0.0374711176302763,0.0360520257463325,0.0399682622283372,0.0387033121117691,0.039041021526222,0.0386923652952439,0.0237108887056769,0.0204537627744124,0.0202096422682322,0.0193655434384635,0.0194084905879926,0.0185450541678296,0.018047722539859,commercial,10,autumn,0,1,506.9268522,506.9268522,0
18,2021-10-20,0.0170722856453627,0.016953889703184,0.0168648032899175,0.016953889703184,0.0168433372657872,0.0172433372657916,0.0183479747028826,0.019918603027035,0.0347595602183744,0.0382701717277642,0.0388372931638588,0.0388387917151496,0.0368284463945336,0.0395132453608589,0.039529035417379,0.0386622301738487,0.0382452909639909,0.0240405810172345,0.0203069033655932,0.0202097953300494,0.0192511982807001,0.0191642965672984,0.0184267092462565,0.0179712265688559,commercial,10,autumn,0,1,506.9268522,506.9268522,0
18,2021-10-21,0.0168433372657872,0.0168433372657872,0.0168433372657872,0.0168433372657872,0.0168433372657872,0.0172433372657916,0.01834804623088,0.0199187971744566,0.0338328466759495,0.0379306573107859,0.0385461185305581,0.0384641727108275,0.0366161341577679,0.0398721008751756,0.0383469073290237,0.0380469124831626,0.0376450642789713,0.0235766775270932,0.0201795838846257,0.0200840688928451,0.0192185643879858,0.0191643783135812,0.0184267603376833,0.0179712776602827,commercial,10,autumn,0,1,506.9268522,506.9268522,0
18,2021-10-22,0.0168433372657872,0.0168433372657872,0.0168433372657872,0.0168433372657872,0.0168433372657872,0.0171581439962379,0.0183481178368446,0.0199189915335033,0.0332753966703318,0.0367213372289608,0.038287674571476,0.0392230198374794,0.0362252097246881,0.0385968655892274,0.036774391736985,0.0363604390310336,0.0373712074682344,0.0231240605753258,0.0201797987025194,0.0199658263920189,0.0186236497809232,0.0190893357891463,0.0180641488048643,0.0176275141463899,commercial,10,autumn,0,1,506.9268522,506.9268522,0
18,2021-10-23,0.0155204592758052,0.0154894262421908,0.0155821917693844,0.0156313037413438,0.0156315753777094,0.0156895603627744,0.0183481894995708,0.0184119480285812,0.0212850580026227,0.0215006951295713,0.0217845739743536,0.0218450026750731,0.0186818239812888,0.018524408175158,0.0187333791231664,0.0185617656645639,0.0185777052968165,0.0168899289005205,0.0169284568656113,0.01591850874235,0.0157661073543833,0.01591850874235,0.01591850874235,0.0157328174461244,commercial,10,autumn,1,1,506.9268522,506.9268522,0
18,2021-10-24,0.0158001128001712,0.0158001128001712,0.015700252571192,0.0158001128001712,0.0158001128001712,0.015700252571192,0.0166691194556281,0.0166691194556281,0.0165800330423616,0.0167875153978068,0.0169133951092913,0.0169452948590153,0.0172180243360341,0.01726587396062,0.0170782901419368,0.0173322125689293,0.0173322125689293,0.0169004807958394,0.016177383736756,0.0160443884538345,0.0158231758979012,0.0160443884538345,0.01591850874235,0.0158116053059853,commercial,10,autumn,1,1,506.9268522,506.9268522,0
18,2021-10-25,0.016953889703184,0.016953889703184,0.0168433372657872,0.0168433372657872,0.0168433372657872,0.0172433372657916,0.0183483329104088,0.0199195753046062,0.0321213547859547,0.0344001176089184,0.0370584519610724,0.0383009524487061,0.0351295613591726,0.0390683798012799,0.0378072940030859,0.0385687256067338,0.0389953108715124,0.0232488577014353,0.0204393189176181,0.0202105629176055,0.0192855976925059,0.0192831018895071,0.018545361050954,0.0180147395147246,commercial,10,autumn,0,1,506.9268522,506.9268522,0
18,2021-10-26,0.016953889703184,0.016953889703184,0.0168756583646141,0.016953889703184,0.0168976108934828,0.0172433372657916,0.0184026782437464,0.0200303223716027,0.0346665032818658,0.0381423640836937,0.0396374967208189,0.0394716082056228,0.0365400575556202,0.0395472708872052,0.038564724674326,0.038250936754617,0.0390417433797249,0.0234433405112906,0.0203065387516226,0.0202107165725527,0.0192971071014537,0.0191647878966336,0.018427016327091,0.0179715336496904,commercial,10,autumn,0,1,506.9268522,506.9268522,0
18,2021-10-27,0.0168433372657872,0.0168433372657872,0.0168433372657872,0.0168433372657872,0.0168433372657872,0.0172433372657916,0.0179546910109622,0.0196240181020808,0.0319594564933889,0.0341413540878117,0.0365674989087234,0.0373359103674293,0.035238397289916,0.0377875322893964,0.0385559629631502,0.038421500833625,0.0381732508126287,0.0238332184169429,0.0203067537840529,0.0200849904556612,0.0193788144173569,0.0192832657559286,0.0185454634674674,0.018036955228902,commercial,10,autumn,0,1,506.9268522,506.9268522,0
18,2021-10-28,0.0170722856453627,0.016953889703184,0.0168433372657872,0.016953889703184,0.016953889703184,0.0172433372657916,0.0184591003590093,0.0200307113438415,0.0338445092581628,0.0366636905501248,0.0393293368701477,0.0411618989343483,0.0349732411408966,0.0367603387162456,0.0373737537657384,0.0344201029440167,0.0328629043175725,0.0228414461992856,0.019807719741741,0.0194375307997773,0.0185657842370096,0.017985451889745,0.0171210168409135,0.0164072558153953,commercial,10,autumn,0,1,506.9268522,506.9268522,0
18,2021-10-29,0.0147993922782734,0.0138868471762468,0.0136867166947511,0.0136609730125526,0.0132447788501958,0.0134852060336654,0.0143064518149795,0.0159589447620795,0.0286485970195938,0.0307197238169516,0.0318469874532289,0.0323947766324678,0.0308743300072017,0.0326371427382999,0.0318014370273201,0.0322589824295323,0.0322518428311906,0.022457431354624,0.0186747796179341,0.0184491947163243,0.0177340269982072,0.0174491848858213,0.0167615631559642,0.015207582574617,commercial,10,autumn,0,1,506.9268522,506.9268522,0
18,2021-10-30,0.0125511686854223,0.0122212092940992,0.0119041390282878,0.011860836034931,0.0118353217517094,0.0116768805496742,0.0141387918973891,0.0145716916814438,0.0175260800400268,0.0179488817830519,0.0182586708067829,0.0188426771445279,0.0163405934634801,0.0167308268395772,0.0170081325430168,0.0171835366859353,0.0167782542355657,0.0148663113503445,0.0145772174760789,0.0132537114123551,0.0131249007322151,0.0127020477486681,0.0126853545809554,0.0127402846406453,commercial,10,autumn,1,1,506.9268522,506.9268522,0
18,2021-10-31,0.0130052774974523,0.0130182869542861,0.0124168746588142,0.0123301780545424,0.0123124152308409,0.0121387534854071,0.0131459157687681,0.0131697827123117,0.012958686643262,0.0134896775258215,0.0142792646283337,0.0140318428668499,0.0153516354768514,0.0154629712340946,0.0155064475052112,0.0168815658717184,0.0163946309286136,0.0160979120610814,0.0144141154933436,0.0143359293059091,0.0141943145751217,0.0144625714804414,0.014951940877739,0.0153659420954835,commercial,10,autumn,1,1,506.9268522,506.9268522,0
18,2021-11-01,0.0168433372657872,0.0168433372657872,0.0168433372657872,0.0168433372657872,0.0168433372657872,0.0172308936447538,0.018348833516145,0.0199209340916043,0.0314647555506544,0.0324174813287818,0.0337439509342616,0.0348874470783858,0.0316511586687274,0.0367905110051177,0.0354028619447251,0.0353130273021603,0.0353175750413438,0.0230714553585533,0.0200635497982418,0.0200857559326985,0.0192532839700516,0.0192836740103485,0.0184273226843011,0.0179933060310308,commercial,11,autumn,0,1,506.9268522,506.9268522,0
18,2021-11-02,0.016953889703184,0.016953889703184,0.0168433372657872,0.016953889703184,0.0168433372657872,0.0172433372657916,0.018348904579603,0.0199211269781334,0.0325170123868562,0.0356867003402483,0.0374860450952624,0.03785731643066,0.0344682582730946,0.0377370906725575,0.0375504424897214,0.0373822622517154,0.037780871876946,0.0231800651031531,0.0203080386422793,0.0202117879230218,0.0192534565527355,0.0192837552257291,0.018427373443914,0.0179718907665134,commercial,11,autumn,0,1,506.9268522,506.9268522,0
18,2021-11-03,0.0168433372657872,0.0168433372657872,0.0168433372657872,0.0168433372657872,0.0168433372657872,0.0172433372657916,0.0183489754668364,0.0199213193863382,0.0320759052075224,0.0346972958055428,0.0376513864710581,0.0414095862450547,0.0362434185295354,0.0383869777711651,0.0365614203634863,0.0370946180883184,0.0370936154664382,0.0230923409758567,0.0201823715924948,0.0199676641705728,0.0191993550797495,0.0191654402975314,0.0184274240776521,0.0179719414002515,commercial,11,autumn,0,1,506.9268522,506.9268522,0
18,2021-11-04,0.016953889703184,0.0168433372657872,0.0168433372657872,0.0168433372657872,0.0168433372657872,0.0172433372657916,0.0183490461568524,0.0199215112592389,0.0329062755449229,0.0357765344720046,0.0381483606231594,0.0391341776292363,0.0349599269897118,0.0386267715074553,0.0397235878569237,0.0393789416026235,0.039039752463511,0.0244834470112446,0.0202755669940512,0.0200862115913574,0.0192648971365167,0.0192839170282999,0.0184274745705207,0.0179934579172504,commercial,11,autumn,0,1,506.9268522,506.9268522,0
18,2021-11-05,0.016953889703184,0.016953889703184,0.0168976108934828,0.016953889703184,0.016953889703184,0.0172433372657916,0.018349116628717,0.019921702540014,0.0340980222891269,0.037935686608482,0.0393378882352315,0.0439345001060558,0.0373695735252537,0.0417338005339509,0.041479256863852,0.040313791654821,0.0400007686475853,0.0251321378581994,0.0208823632250538,0.0201143621891124,0.0193102503388562,0.0191656016253949,0.0185459208497455,0.0179827344385838,commercial,11,autumn,0,1,506.9268522,506.9268522,0
18,2021-11-06,0.0156895603627744,0.0158001128001712,0.0156895603627744,0.0156895603627744,0.0156895603627744,0.0156895603627744,0.0183491868615604,0.0184135153117078,0.0213086612310165,0.0221940126380767,0.022455157525412,0.0233770182307865,0.0193259664670568,0.01866011058348,0.0188371340221372,0.0187033521023562,0.0185797000207958,0.017076125967129,0.0169294542276009,0.0161468781934574,0.01591850874235,0.01591850874235,0.01591850874235,0.0158001128001712,commercial,11,autumn,1,1,506.9268522,506.9268522,0
18,2021-11-07,0.01591850874235,0.0159449085311103,0.01574383399047,0.0158001128001712,0.0158001128001712,0.0156895603627744,0.0166696883909124,0.0166696883909124,0.0166696883909124,0.0169212026076394,0.0169354312983743,0.0172572166589587,0.0172486108482223,0.0170206897372032,0.0172475995052657,0.0172140728870112,0.0176604300350563,0.0169139640445756,0.0160443884538345,0.0160443884538345,0.0158001128001712,0.01591850874235,0.0158001128001712,0.01574383399047,commercial,11,autumn,1,1,506.9268522,506.9268522,0
18,2021-11-08,0.0168433372657872,0.0153826727065033,0.0157898360948123,0.0136440702618399,0.013529470156061,0.0132379021465,0.0138712725044936,0.0149293253395431,0.0254733225416407,0.0267013068094307,0.0274883560021173,0.029471724612443,0.0269553529621361,0.0285688860323709,0.0278497827203047,0.0283051367405605,0.0290235061694431,0.0182929534129057,0.0157094638701381,0.01529585172129,0.0143187251240446,0.0143874617678592,0.0133484366586323,0.0127304654189809,commercial,11,autumn,0,1,506.9268522,506.9268522,0
18,2021-11-09,0.012081522399007,0.0121529960878616,0.0121761212725139,0.0122293743236937,0.0122364725472438,0.0125806101077063,0.0129754935936448,0.0140273897525028,0.0248930924367591,0.0258475664416103,0.0264874474604947,0.0271029720173199,0.0266289910694763,0.0286683242132132,0.0284162113778977,0.0290230236336382,0.0287049615689349,0.018852151245048,0.0159342674722861,0.0157943445639697,0.0146946821833928,0.0146262867002875,0.0138707553432263,0.0130925096511866,commercial,11,autumn,0,1,506.9268522,506.9268522,0
18,2021-11-10,0.0122532188543022,0.0123898613384001,0.0123003643236831,0.0124295168863569,0.0124627108829835,0.0127815473085759,0.0135028134311122,0.0146363832617372,0.0256085203645215,0.0266662618752956,0.027308687639544,0.0277905951054003,0.0273087837377652,0.0291277229991565,0.0287630066186634,0.0296484727503143,0.0298256978473514,0.0193419530640236,0.0165280331647418,0.0161188458344091,0.0150113076287489,0.0149459136798358,0.0139167516725201,0.0135023222413243,commercial,11,autumn,0,1,506.9268522,506.9268522,0
18,2021-11-11,0.0123540862999965,0.012454506785968,0.0123339609986446,0.0124105578736159,0.0125823930263982,0.0127743422496396,0.0134909801992614,0.0150037504945353,0.0261408861348834,0.0271520958076955,0.028330365722384,0.0304719929104254,0.027801957320638,0.0304458265865964,0.0307253815745897,0.0305436699560354,0.0305786115433571,0.019761648202193,0.0166091128196448,0.0161867768335511,0.0154873193814114,0.0155690681997974,0.0142758716395696,0.0138593448802987,commercial,11,autumn,0,1,506.9268522,506.9268522,0
18,2021-11-12,0.0127091088756046,0.0126620172433586,0.0124396428202452,0.0126730931871714,0.0126663712334239,0.0130273584745846,0.0137481237567548,0.0153489018812756,0.0267806868360012,0.0282079856169134,0.0299512116035123,0.0319697456021186,0.0286941663348775,0.032021063812208,0.031731287353462,0.0317168809147611,0.0313428305250035,0.019797243922305,0.0169193820220288,0.0167801065925403,0.0157428940914414,0.0156254965475628,0.0148670996925757,0.0140759292333413,commercial,11,autumn,0,1,506.9268522,506.9268522,0
18,2021-11-13,0.0118766538916159,0.0118238200821719,0.0114295429025111,0.0114687324117486,0.0115163898872251,0.0115256030459714,0.01403773289481,0.0139175743116634,0.0168065942193414,0.0175744714157551,0.017881380732897,0.018193244614328,0.0154188114218357,0.0157292413680793,0.0154577458467031,0.0155898638503488,0.0155762028559666,0.0132063569616202,0.0132853288456793,0.0120976164501231,0.0115350085337761,0.0117093997547359,0.0115686048441531,0.0116944906278166,commercial,11,autumn,1,1,506.9268522,506.9268522,0
18,2021-11-14,0.0116564648771517,0.0116884890535236,0.0115918671941405,0.0117028688339715,0.0115994607183721,0.0115647721188624,0.0121263818117035,0.0116315380345948,0.0119963157644032,0.0125825730341648,0.0129275300689315,0.0130778116249851,0.0136170123928383,0.0140422217672942,0.0136681654199817,0.0143149858962831,0.0139049703894351,0.013342661353414,0.0122708538042072,0.012227354316542,0.0114765734853464,0.011870342021424,0.0116437751771901,0.0116693405753768,commercial,11,autumn,1,1,506.9268522,506.9268522,0
18,2021-11-15,0.01257045071824,0.0132505911617442,0.0132938409428336,0.0134657849564996,0.013487084335263,0.0135100558721087,0.0140720957748073,0.0157153325711917,0.0275334991058583,0.0275216365579551,0.0283566955638608,0.0293391433714114,0.0278404942704857,0.0296957212726671,0.0302711346415512,0.0308726610871426,0.030691928464963,0.0202260900555111,0.0174961885182909,0.0166119848420448,0.0156873621540551,0.01529067852861,0.0145273087658184,0.0140899868703773,commercial,11,autumn,0,1,506.9268522,506.9268522,0
18,2021-11-16,0.0129761528517334,0.012677467757943,0.0125395201804999,0.0124463123906403,0.0126224279146823,0.0132770034019077,0.0140278247863548,0.0156681463640381,0.0277137430793359,0.0284672448817087,0.0305891996575782,0.0317540540706422,0.0306252216508826,0.0321482449213302,0.0327942374665329,0.0318879539798161,0.0322046563077177,0.0228642366823311,0.019150592489278,0.0185292562157384,0.0182204405805155,0.0179112983989589,0.0168213112498289,0.0163302481652613,commercial,11,autumn,0,1,506.9268522,506.9268522,0
18,2021-11-17,0.0146741234713051,0.0145749912546109,0.0141498473051164,0.0146242084702768,0.0141866372841532,0.0146224862966998,0.0160802173146021,0.0178290825159628,0.031108728740368,0.0315197645770145,0.0319029797187353,0.0345784719873689,0.0308874204974327,0.0334597528377772,0.032463068300317,0.032456679337231,0.032528344980549,0.0228573006714801,0.0189890115768888,0.0183596549712446,0.0175798069224891,0.0173229181064417,0.0162802202939341,0.0154007441302083,commercial,11,autumn,0,1,506.9268522,506.9268522,0
18,2021-11-18,0.0138370041698894,0.0137220574565469,0.0137345801195124,0.013606920091469,0.0135754768942722,0.0137470733384142,0.014771752241666,0.0164505650068244,0.0286412732466356,0.0299432115681539,0.0306731676362423,0.0320036069145492,0.0304576619794673,0.0321768387102297,0.0318662539700502,0.0316918363301096,0.0318385807616431,0.0228468527465955,0.0184644381292484,0.0178523028886115,0.0182297297013289,0.0178870772899635,0.0172383764732634,0.0168136747749214,commercial,11,autumn,0,1,506.9268522,506.9268522,0
18,2021-11-19,0.0147729657512149,0.0143160902362127,0.014679499713894,0.0144975064291346,0.0136981556340167,0.0143808270697108,0.0150572722749117,0.0166962053166158,0.0300152729804875,0.0314587580304341,0.0317444743158026,0.0334162432285942,0.0306060162305498,0.0329440259333748,0.032086847388273,0.032122415932528,0.0322920413642871,0.0228470951667878,0.0197479957108459,0.0195187690900618,0.0192020103113087,0.0185456903847661,0.0176568350886595,0.0179698880164267,commercial,11,autumn,0,1,506.9268522,506.9268522,0
18,2021-11-20,0.0149923563414699,0.0151012800348124,0.0155854803661242,0.0150910528460913,0.0156895603627744,0.0156895603627744,0.0183501335434565,0.0184150029546872,0.0212892238109491,0.0213865279277953,0.0215830416017554,0.0215909282137543,0.0186788975014341,0.0188024143427236,0.0184262874893832,0.0183065010373741,0.0183227183901818,0.0165836318247998,0.0166861252558337,0.0158001128001712,0.0156866693868529,0.0156053108340824,0.0155731646782095,0.0156895603627744,commercial,11,autumn,1,1,506.9268522,506.9268522,0
18,2021-11-21,0.0156895603627744,0.0156002770689056,0.0156316780359884,0.0155293948608284,0.0156895603627744,0.0156255288350506,0.0161899892891236,0.0159531001244947,0.0165596736190468,0.0166702260564436,0.0167886219986224,0.0167141716123895,0.0167026791065754,0.0167513586817731,0.0167847539387177,0.0166702260564436,0.0166702260564436,0.0167284658745652,0.0156895603627744,0.0156895603627744,0.0156895603627744,0.0156895603627744,0.0156895603627744,0.0156895603627744,commercial,11,autumn,1,1,506.9268522,506.9268522,0
18,2021-11-22,0.0168433372657872,0.0168433372657872,0.0168433372657872,0.0168433372657872,0.0167222134550046,0.0172433372657916,0.0164391045310516,0.0178507902040383,0.0280928375720804,0.028462157710857,0.0278046120395361,0.0270779064040343,0.0261318716286176,0.0265619158431499,0.025728569674804,0.0263103628567494,0.0264441014620059,0.0176310466646779,0.0150182996809114,0.0148823274805557,0.013917353781874,0.0137147060888568,0.0131331759577856,0.0126245317629403,commercial,11,autumn,0,1,506.9268522,506.9268522,0
18,2021-11-23,0.0120888710482185,0.0120732840103896,0.0122361041091524,0.0127604276776015,0.0131259653091264,0.0136134728325022,0.0132425792977401,0.0141263984568248,0.0242704468243739,0.0250256864310659,0.0250642706447912,0.0248975658913466,0.0244731700898252,0.0257136005317869,0.0248983428417874,0.0253820703794439,0.0255707723454514,0.017078959350251,0.0145659142904329,0.0144237128269932,0.0135928525631084,0.013668663117992,0.0132944845814336,0.0131243595023378,commercial,11,autumn,0,1,506.9268522,506.9268522,0
18,2021-11-24,0.0129043061158492,0.0131856664085026,0.0135100666501504,0.0136358079095857,0.0137983777936184,0.0143794798009176,0.0140058492707449,0.0139186668835245,0.0250664049238403,0.0254468723970359,0.0258754668349241,0.0265655479562145,0.0266001012259733,0.0277334328932509,0.0275232780539545,0.0274164686532891,0.0280169633561373,0.0188429141516178,0.0158378602395024,0.0151315739671699,0.0145747719413667,0.0142562168293229,0.0134930376954978,0.0129573860300908,commercial,11,autumn,0,1,506.9268522,506.9268522,0
18,2021-11-25,0.0121763138696461,0.0122522400102318,0.0122371879394135,0.0124145650155581,0.0126906432884224,0.0131264628364399,0.01337715453596,0.014601681586309,0.0256204389897906,0.0270969333363765,0.0278335171762374,0.0293782530835198,0.0278698971995468,0.0302187138999705,0.0294765088131361,0.0295083445255728,0.0303398049003301,0.0195594688426995,0.0168384413369533,0.0161468003634055,0.0153330839690603,0.0146982657735237,0.0141926984516807,0.0135377653203842,commercial,11,autumn,0,1,506.9268522,506.9268522,0
18,2021-11-26,0.0123740271849293,0.0121385114037313,0.0123724555132392,0.0122811294743006,0.0124374601845657,0.0127587231115614,0.01330743895981,0.0147368797452255,0.0265046474150727,0.0281696386309282,0.0289597142232249,0.0314316828793131,0.0285322946627029,0.0317480463974406,0.0317148715551082,0.0318235895018046,0.0319872290784668,0.0199646726589967,0.0171974993127288,0.0165048640652634,0.0155841828390175,0.0156039885348865,0.014302641639527,0.0138242427978853,commercial,11,autumn,0,1,506.9268522,506.9268522,0
18,2021-11-27,0.011287436293131,0.0113145072452133,0.0114495694194786,0.0115437905175784,0.0114496859389036,0.0114813269951352,0.0134712473206864,0.0133156543129413,0.0165341534334077,0.0172353018287909,0.0175491702580519,0.0177371236318248,0.0153963314796187,0.0157187985023385,0.0152390927665758,0.0159755797887347,0.0155717346209558,0.0133283182492358,0.0132767344039222,0.0120840069179583,0.0116256119143805,0.0113625727984821,0.0115884794056878,0.0114845400934592,commercial,11,autumn,1,1,506.9268522,506.9268522,0
18,2021-11-28,0.0115315502850991,0.0115549333166049,0.011914456945371,0.0115946702885611,0.0115034916041482,0.0114640458824618,0.012123019994609,0.0113086182795889,0.0117260730108757,0.0125741801937122,0.0129003941633717,0.0131538914631451,0.0140198558140793,0.0140376598128736,0.0137569499692813,0.0143089811879209,0.014323589000692,0.0137230903431034,0.0125585750796465,0.0122514085608815,0.0121128186550179,0.0123149142403471,0.012001475639954,0.0120581552582508,commercial,11,autumn,1,1,506.9268522,506.9268522,0
18,2021-11-29,0.0128063954453303,0.0128287415942437,0.012916064605302,0.0124981499834203,0.0125009108673477,0.0128562037250397,0.0134079596654997,0.0149884812051826,0.026889336523869,0.0283545511429722,0.0300326329262419,0.031915525017676,0.0295056551990868,0.0321032550961519,0.031824601299863,0.0319636244680368,0.0321297265811045,0.0214833287063661,0.0174505459770312,0.0169970091993982,0.0164472336252218,0.016470094618591,0.0161376889540438,0.0149481173445904,commercial,11,autumn,0,1,506.9268522,506.9268522,0
18,2021-11-30,0.0137113496688842,0.0136065686268343,0.0132632563119671,0.0133738334208614,0.0133364247948924,0.0131474072807211,0.0141673562113623,0.0158741925483038,0.0279860015071612,0.0296505565025073,0.0310172835211786,0.0320502467582684,0.0301864126262577,0.0321098322630975,0.031631834465302,0.0316318860223453,0.0310611481051504,0.0196841414285869,0.0159146058526294,0.0156102181364164,0.0146081760724972,0.0146730037921414,0.0140679018521094,0.0146454105325863,commercial,11,autumn,0,1,506.9268522,506.9268522,0
18,2021-12-01,0.01471656972869,0.0144958891067154,0.0144169553147404,0.0139677741256489,0.0137839050307933,0.0139294715202803,0.0147496776334379,0.0163594253030063,0.0277125017681229,0.0291146608676574,0.0298088457881084,0.0319595147643978,0.0302046829615705,0.0318945438619209,0.0316124171841015,0.031577553060405,0.0317427909192372,0.0209454669601058,0.0174001205181373,0.0171507370594484,0.0160459957171485,0.0157986633841019,0.0149190044371967,0.0137984969369184,commercial,12,winter,0,1,506.9268522,506.9268522,0
18,2021-12-02,0.0121888715241939,0.0122238552124532,0.0123374496113667,0.0122579542732588,0.0123159376525282,0.0126770410207984,0.013116331603735,0.0143822694901995,0.025578394358857,0.0262717056896533,0.0269446619932842,0.0283687049575606,0.0276982601853268,0.029810203718118,0.0307531724418071,0.0313676029550651,0.0307305065569329,0.02070179066412,0.018376915366816,0.0176080637647081,0.0160960736479542,0.0157810015015172,0.0148824785554717,0.0150214783427431,commercial,12,winter,0,1,506.9268522,506.9268522,0
18,2021-12-03,0.0132584336890365,0.0128944247496591,0.0130209696651798,0.0129469018217087,0.0124871324657455,0.0128331562017523,0.0133299189336518,0.014717886620306,0.0259550949599198,0.027108294011605,0.0276832911300491,0.0300518618010535,0.0282962107970025,0.0311395116299871,0.0314841612543373,0.0314425254573242,0.0316221511634514,0.0212783630235257,0.0190974124960001,0.0178428918650911,0.0167118903228651,0.01670633256119,0.0158259325977759,0.0150305532920656,commercial,12,winter,0,1,506.9268522,506.9268522,0
18,2021-12-04,0.0125501950508663,0.0124513266399158,0.0128473435433598,0.012513157565554,0.0125644466630309,0.01241468029391,0.0140307829910546,0.0132625146058223,0.016252497391258,0.0168508527868988,0.0171584987762041,0.0177075019556859,0.0149159232274963,0.0147981645110766,0.0149643054677116,0.0149238715784365,0.014588736987326,0.0127204051625003,0.0125834511368904,0.0115491280950212,0.0116163739394289,0.0115287025837902,0.0114634145791048,0.011479236417449,commercial,12,winter,1,1,506.9268522,506.9268522,0
18,2021-12-05,0.0114925124774734,0.0115170827596999,0.011617432417691,0.0119260044636616,0.0122733755060312,0.012235843099499,0.0127692046675298,0.011969679166138,0.0115864416785503,0.0114984290860423,0.0118170755083346,0.0117768254903495,0.0122304615764779,0.012535700636638,0.0122574088721782,0.0124176047039469,0.0121378210896441,0.0121207802516812,0.0117762948433875,0.0120225567109212,0.0123720164721277,0.0126458509435967,0.0127688563726816,0.0128726940014056,commercial,12,winter,1,1,506.9268522,506.9268522,0
18,2021-12-06,0.0137486841744424,0.0136369659590727,0.0140534208681326,0.0143110597218457,0.0144675416565925,0.0149358346790286,0.0141654329069804,0.0142117776292027,0.0251966449330106,0.0258508324992084,0.0262855840294312,0.0271605371652557,0.0266722357295093,0.0277652189388093,0.0282325220012822,0.0280707257988812,0.02839656897074,0.0201456997349482,0.016832852483736,0.0163016114386162,0.0151351096939579,0.0150142889036571,0.0141495569257914,0.0134361872250678,commercial,12,winter,0,1,506.9268522,506.9268522,0
18,2021-12-07,0.0125743181649743,0.0126140212241865,0.0127719195541746,0.0126894215823327,0.0127084904884335,0.0132543902794835,0.0136811120081316,0.0150135025131958,0.026036521997933,0.0262788131679473,0.0267045810258735,0.0269386804250747,0.0267205399179499,0.0279223376132685,0.0277880895718336,0.0280990279775414,0.028288115020108,0.0189851514206613,0.015744701288982,0.0158967795921896,0.0147456763199707,0.0143274399535818,0.0132757771447779,0.0132350411164626,commercial,12,winter,0,1,506.9268522,506.9268522,0
18,2021-12-08,0.0122782753058142,0.0122476487984119,0.0122786702030472,0.0123606440418114,0.0123075368745615,0.0127756827100219,0.013199595115628,0.0143231839921138,0.0251476240046313,0.0258677717534377,0.0263882520031898,0.0268872032596261,0.0259828379679119,0.0275163269090215,0.0270934099428457,0.027328063488775,0.0274885513255435,0.0183076502402441,0.0155978646307184,0.0151824249469397,0.0140456248503505,0.0137154254153137,0.0130772120425572,0.0127420944628677,commercial,12,winter,0,1,506.9268522,506.9268522,0
18,2021-12-09,0.0119668402097243,0.0120088624915561,0.0125441784881539,0.0131168566756739,0.0134882375234004,0.0143425163724395,0.0135006738374096,0.0130836000525515,0.0219766741621214,0.0242693763928575,0.0246968592255778,0.0256275557264621,0.0252657027854099,0.0265362196468457,0.0266645186821081,0.0266209932192767,0.0264009787830666,0.0179274171261299,0.0149539653400772,0.0145317207473694,0.0137231363565951,0.0133552366436562,0.0129797586527969,0.0127389575712276,commercial,12,winter,0,1,506.9268522,506.9268522,0
18,2021-12-10,0.0124486056113193,0.0127287065000179,0.0131322155731116,0.0135291767341859,0.0137981361517012,0.0145202314613361,0.0138510105502583,0.0133842278491177,0.0244566211203109,0.0254633851041268,0.0262882411808429,0.0274644824797384,0.026648908976018,0.0269748740954157,0.0274518244469126,0.0275926653802518,0.0272347068197516,0.0189686499400092,0.0156097580721399,0.0157299489814668,0.0147667704087694,0.0145686140751455,0.0138067286176854,0.0134134066181313,commercial,12,winter,0,1,506.9268522,506.9268522,0
18,2021-12-11,0.01143398678777,0.0116014637243124,0.0114783190598213,0.0115130483412523,0.0114744436728879,0.0117703515005467,0.0133816583653109,0.0131438605427596,0.0156826791446787,0.0161671692227344,0.0167780614573818,0.0170812054431939,0.014375585332247,0.0145391548861846,0.0144871672314732,0.0141338850557921,0.0141027130053403,0.0123942899243529,0.012498763507931,0.0116832140860195,0.0114661616919758,0.0116162714804531,0.0115390914338341,0.011469843621172,commercial,12,winter,1,1,506.9268522,506.9268522,0
18,2021-12-12,0.0116238517288335,0.0118113215836776,0.0120454562136263,0.0121329049683796,0.0122568781687174,0.0125983147626845,0.0129761760579703,0.012608456984619,0.0127773652509797,0.0124842904450176,0.0124241599041739,0.012284843042083,0.0120736414498864,0.0123606156338612,0.0121885307327154,0.0124433733488967,0.0125175187273003,0.0126513692174314,0.0123086280955684,0.0124631918031932,0.0126456258610354,0.0125571527125148,0.0126557143908244,0.0130248610608491,commercial,12,winter,1,1,506.9268522,506.9268522,0
18,2021-12-13,0.0137665845722671,0.0138119384518872,0.0139228566198644,0.014195334999119,0.0140262356028014,0.0146522863827068,0.0140906074065201,0.0149849092644229,0.0263428642409014,0.0266312970618714,0.0266593359384205,0.0266265098530115,0.0262218359326745,0.0279690942031221,0.0274479656237869,0.027674559263285,0.028241524511383,0.0194675048837304,0.0168530357275581,0.0165926836475144,0.0160256765670041,0.0152208932291229,0.014324123506771,0.0145449809971638,commercial,12,winter,0,1,506.9268522,506.9268522,0
18,2021-12-14,0.0138961239639835,0.0138325344202919,0.0136477215557286,0.013545769343001,0.0133701060846156,0.0138889999594627,0.0143707341676003,0.0157526528028375,0.0272151046808192,0.0278949490370167,0.0282783751311982,0.0286407686032228,0.0288930280903642,0.0294021057012196,0.0292728071216379,0.0305189557416168,0.0299937102256554,0.0214430695217492,0.0183597011235475,0.0180934164181777,0.0168241742748188,0.0166385585161412,0.0157312053758352,0.0153135612464773,commercial,12,winter,0,1,506.9268522,506.9268522,0
18,2021-12-15,0.0143442324596181,0.0136169146616994,0.0142521044675695,0.0135846506889932,0.0133937747117077,0.0144463901761538,0.0144188900727231,0.0158945946252586,0.0278168701109894,0.02793466593158,0.0291488476270288,0.0296615300351325,0.028820302921306,0.0300885675134449,0.0302757947845722,0.0306252893167163,0.0308545215554912,0.0215835227029848,0.0180785561806505,0.0170433727587584,0.0165675677583176,0.0152403485760587,0.0139694403868729,0.0139777963475791,commercial,12,winter,0,1,506.9268522,506.9268522,0
18,2021-12-16,0.0123168177372048,0.0121357142693814,0.0123945886004012,0.0121723722117814,0.0121886502857791,0.0126464453348289,0.0130326099332779,0.0140092906969764,0.0248209386093319,0.0246818977995323,0.0250909176636753,0.0250471894358612,0.024897739113099,0.0257459112673667,0.0248781322446855,0.0250129514296952,0.0248055823516416,0.0165602052464793,0.0137350167738868,0.0136382910757573,0.0129628651262129,0.013052129911551,0.0139015018161187,0.0140533074127856,commercial,12,winter,0,1,506.9268522,506.9268522,0
18,2021-12-17,0.0139431791897209,0.0145952209259927,0.014578445296045,0.0150558315039203,0.0156115648454021,0.0163628747870096,0.0146307892604737,0.0149890615612922,0.0217942986713431,0.0208871132933644,0.0209144581056539,0.023940056768341,0.0234141290212848,0.0241317544172469,0.0238818730129805,0.023793640284202,0.0239694549686886,0.0156993970516001,0.0133715685181913,0.0140894535093379,0.0140880915489886,0.0146050891981462,0.0167395214328932,0.0172673339178657,commercial,12,winter,0,1,506.9268522,506.9268522,0
18,2021-12-18,0.0177577885730903,0.0182837241547238,0.0187923915280162,0.0199311667709403,0.0203449720955211,0.0208142638845067,0.0164709546767493,0.0139870152796408,0.0123723937723264,0.0140597248275131,0.0144128524154372,0.0143819618177623,0.0125193022883486,0.0130747048949116,0.0134409989381193,0.0138034884888612,0.0146206102166817,0.0145462581699724,0.0162513264638557,0.0166082129161852,0.0167973527670251,0.0169397424013122,0.0171181773372676,0.0180231005507306,commercial,12,winter,1,1,506.9268522,506.9268522,0
18,2021-12-19,0.0185550396144247,0.018690943230002,0.0196973388819232,0.0197209132831945,0.0199209174871701,0.0209340267771046,0.0210534190175882,0.0173288687127071,0.0144795090950302,0.0135518078561716,0.0135297675854719,0.0119452785122064,0.0132929748179784,0.0143718153179255,0.0147370255259189,0.0146211452030471,0.0151617749697454,0.0159189671769685,0.0157144098076166,0.0157589821983225,0.0161201803712613,0.0161955673657127,0.0163277692839823,0.016869601466898,commercial,12,winter,1,1,506.9268522,506.9268522,0
18,2021-12-20,0.017365826049992,0.0178513222158007,0.0178938463810446,0.0184075017835086,0.0190621582151724,0.0188165232316146,0.0173423689929076,0.0146616675320085,0.0209508838379792,0.0242484842358409,0.0246578225514149,0.0250862841218062,0.0251297726940454,0.0265039407069319,0.0260329660761219,0.0269434199587561,0.0267572544633946,0.0178498330467656,0.01478725785727,0.0143600449252884,0.0135535198142114,0.0133663940191752,0.0137406617937493,0.0136835902327983,commercial,12,winter,0,1,506.9268522,506.9268522,0
18,2021-12-21,0.0137401888259344,0.0142617446298985,0.0145820487593839,0.0156037880504648,0.0160685851818796,0.0165287867557691,0.015389845645177,0.0133514827240854,0.0238815946950386,0.0242599966143599,0.0250689551317101,0.0257398164585759,0.0255468214498031,0.026918777966691,0.0266788705110168,0.0265997197539021,0.0263897781711594,0.0178652774125322,0.0148649925063398,0.0144457442964172,0.0133925759955186,0.0133321138090095,0.0130420637385601,0.0129302893240173,commercial,12,winter,0,1,506.9268522,506.9268522,0
18,2021-12-22,0.0127376612410458,0.0131392260941615,0.0134536664871082,0.0136831062617889,0.0140295093349727,0.0144948243658949,0.0138679627594752,0.0137978278683335,0.024401996761341,0.0254438131012577,0.0262679943658667,0.0264309435281224,0.0265748319504541,0.027730783086453,0.0273782021174773,0.0282344226478156,0.0276088024644438,0.0189764183152725,0.0155554640544642,0.0148256166199845,0.0142629254990978,0.0136679947916213,0.0131991277891368,0.0128767451970167,commercial,12,winter,0,1,506.9268522,506.9268522,0
18,2021-12-23,0.0122050852806153,0.0122748697205003,0.0122357737310937,0.0125742970733932,0.0126497531358215,0.0132176917434484,0.013375181797897,0.0145577653673361,0.0257979594047331,0.0262615162861287,0.0266926591995119,0.0270744918562491,0.0266396529817389,0.0273668735238554,0.0282869872043735,0.0271530919839948,0.0284521103436838,0.0201494639429209,0.0166958490814,0.0168996112760378,0.0162499469108338,0.0160037587660781,0.014398125039303,0.0139017343776971,commercial,12,winter,0,1,506.9268522,506.9268522,0
18,2021-12-24,0.0125701970954382,0.0133285625692576,0.0127403231773022,0.0127077814487338,0.0122786748842848,0.0127715760919598,0.0131762036581161,0.0146604549146716,0.0257338902530795,0.0272667460496967,0.0286139578501565,0.0299654122553956,0.0278964081055696,0.0296102339331776,0.0294051864778601,0.030466617435165,0.0306893251016547,0.0197227579391891,0.0168679989462803,0.0164422725017708,0.0151937739584023,0.0149706707522079,0.0142073487843919,0.0134776449643011,commercial,12,winter,0,1,506.9268522,506.9268522,0
18,2021-12-25,0.0111366586304774,0.0111719743091517,0.0113174390087834,0.0112547331509637,0.0112631579010154,0.0113560993882594,0.0129916762475759,0.0123241832494055,0.0155453389894186,0.0158881169131494,0.0161848313445455,0.016491583140716,0.014072486556934,0.0142576295988175,0.0142663400558756,0.0144113945334491,0.014134364959987,0.0122675954692395,0.0119828119532371,0.011320004120065,0.0112656384021998,0.0111946241916766,0.0114984032475299,0.0116170280932622,commercial,12,winter,1,1,506.9268522,506.9268522,0
18,2021-12-26,0.0119876300255998,0.012210245115038,0.012301110013282,0.0124103332112593,0.0125389436299175,0.0127635751132474,0.0132704985376958,0.0121246332331865,0.0113347192180437,0.0112528161376732,0.0114970701803324,0.0119470587631003,0.0129930493417231,0.013385038164655,0.0131528784666408,0.0127501382763546,0.0124247716437511,0.0124787560280148,0.0115638491956914,0.0116964071708663,0.0120207162010324,0.0122825681410879,0.0127928917584431,0.0127273313561895,commercial,12,winter,1,1,506.9268522,506.9268522,0
18,2021-12-27,0.0136183194382299,0.0137554743691538,0.0141474310474167,0.0141362791576108,0.0143243062428089,0.014943139386592,0.0140904055125143,0.01393041673924,0.0252869078912769,0.0258710768626263,0.0266962312219186,0.0274097696527735,0.027213273093415,0.0280163542349761,0.0277103710705409,0.0276905707275155,0.0278912239894308,0.0193542970057261,0.016622707724082,0.0159724624958912,0.0148631748641016,0.0159077064926369,0.015069122992159,0.0135000870006914,commercial,12,winter,0,1,506.9268522,506.9268522,0
18,2021-12-28,0.0128127675696943,0.0128521330242797,0.0127169244139666,0.0128436092774934,0.0128552302646988,0.0130602365902061,0.0136354723832943,0.0153583688002623,0.0261088062143163,0.0272040816190507,0.0270980214632646,0.0272872598487419,0.0276825298249951,0.0277777773004681,0.027382783231627,0.0275568287491145,0.0283189507861506,0.0196575269857329,0.0174302259781293,0.0167738523030418,0.0151110023213736,0.0149499296151023,0.0144217993161924,0.0134345900541509,commercial,12,winter,0,1,506.9268522,506.9268522,0
18,2021-12-29,0.0128080479987126,0.0128935362124421,0.0128900738012268,0.0129083709800938,0.0129333490573852,0.0132759811870154,0.013970329367039,0.0150642276568324,0.0261828896521385,0.0273987319027494,0.0289427578426467,0.0309271294378776,0.0286785519036741,0.0315431983512274,0.0315727616113241,0.0313087006747561,0.0313608025849617,0.0206764831979581,0.0182574302530622,0.0179888951887821,0.0161864476349931,0.0159871681374994,0.014788435354293,0.0140648455279178,commercial,12,winter,0,1,506.9268522,506.9268522,0
18,2021-12-30,0.0132144128504228,0.013354823605069,0.0130831446884762,0.0131600638038248,0.0131802337899635,0.0132839569826217,0.0143576289508529,0.0158545933450189,0.0268658806078635,0.028225747833324,0.0284177732842071,0.0290353318516126,0.0292789454942842,0.0311413272515291,0.0307743510707063,0.0315037922067328,0.0317401151021938,0.0207606180445914,0.0179642563426773,0.0178463287859637,0.0161728798784958,0.0156100602760941,0.0142357163723266,0.0134935724290124,commercial,12,winter,0,1,506.9268522,506.9268522,0
18,2021-12-31,0.0121750355805894,0.0123596966258938,0.0122936778787275,0.0123107712054579,0.0122501166587629,0.0126132282744507,0.0131288812881179,0.0143769860853785,0.0251551608692604,0.0255412414485462,0.0262059355520981,0.0269433132737204,0.0260977687552115,0.0283498540118488,0.0279314622374372,0.0281688690063856,0.0283362036891685,0.0188381726139555,0.015690180048818,0.0155344221526342,0.0144547731331785,0.0143498722354374,0.0130353579290429,0.0127898692863834,commercial,12,winter,0,1,506.9268522,506.9268522,0
19,2021-01-01,0.0076721398174508,0.0073734315902143,0.0073098170938674,0.007103116668677,0.0068598573530886,0.0072522273490342,0.0064179924701278,0.0064175220814137,0.0067744740217938,0.0076589777393311,0.007900222153226,0.0078729164776326,0.008209576825261,0.0088570486722811,0.0088366901704147,0.0085895199267058,0.0088969249404548,0.0087649039073161,0.0089651299475373,0.0086439908365758,0.008044707595234,0.0090969346577619,0.0078988394421164,0.0084248859713563,commercial,1,winter,0,38,1008.784406,38333.807428,0
19,2021-01-02,0.0076694211243186,0.0081363186984651,0.0080443304796112,0.0081282967777534,0.0081322771532374,0.0079255197282512,0.007870105586041,0.0078889818197998,0.0082406540455922,0.0086788032247102,0.0095097220267289,0.0090254117530547,0.009689256920273,0.009679989038073,0.0088862105926106,0.0094183372037814,0.0092403799307814,0.0084425859289134,0.0092712735495803,0.0085315926473126,0.0081985456154796,0.0087044133444233,0.0084666476446894,0.0084530760639909,commercial,1,winter,1,38,1008.784406,38333.807428,0
19,2021-01-03,0.0084462418734807,0.0084427414572859,0.008571657185679,0.0088862910273362,0.008608487070836,0.0086726112483538,0.0086687589222714,0.0087119563080194,0.008572260388458,0.0091632562998863,0.0094914359086325,0.0092758149181676,0.0087617900275521,0.008699410224127,0.0095217576910218,0.0092756647555364,0.0089465430880763,0.009196332375126,0.0083172762344284,0.0082563193952387,0.0078573763813249,0.0075338824493196,0.0068751980041378,0.0065971742727361,commercial,1,winter,1,38,1008.784406,38333.807428,0
19,2021-01-04,0.0065950152084049,0.0063480092662564,0.0062120877769513,0.006322916225232,0.0060864432679057,0.0063023375462011,0.0057072101870933,0.0056656853376074,0.0053392091094195,0.005782351295767,0.0065831114562001,0.0063837577976144,0.007393693487475,0.0074202397763258,0.0075083080609232,0.0078208964762283,0.0079700310989836,0.0076217655448512,0.0073803512971937,0.0073226965833105,0.006861821347382,0.0066918751578762,0.0064059967474179,0.0060745727828339,commercial,1,winter,0,38,1008.784406,38333.807428,0
19,2021-01-05,0.0060800273110078,0.0057931908225061,0.0058230961391275,0.0055083101186642,0.0054842763957534,0.0054213444214267,0.0053076526595575,0.0049490623051914,0.001894393401632,0.0050218161336356,0.0054221804920854,0.005758837340943,0.0071214937663153,0.007600247631201,0.0079085778918872,0.0084414234848644,0.008567754991276,0.0074690688289772,0.0077216884312859,0.0071344094482648,0.0068587334364881,0.0067748767439629,0.0064928208544921,0.0061496633027838,commercial,1,winter,0,38,1008.784406,38333.807428,0
19,2021-01-06,0.0058933834320979,0.0058464851122106,0.0056852765705308,0.0055626383757669,0.0055418703016955,0.0053011385078588,0.0053515294135768,0.0052781103974547,0.0019046925941881,0.0050347690209556,0.0054267503370913,0.0051734582517004,0.0067770110853065,0.0071226723879062,0.0068042194509732,0.0072189951343879,0.0073927683589011,0.0066208421694712,0.0068642712002455,0.0065500691591391,0.0060855251290892,0.0059140065984094,0.0059156217619629,0.0056136879616362,commercial,1,winter,0,38,1008.784406,38333.807428,0
19,2021-01-07,0.005618787720261,0.0053260328696858,0.0052477214847453,0.0050351218940429,0.0050043554636405,0.0050400062929272,0.0047834312428048,0.0046680938324084,0.0024830196042644,0.0016392052447456,0.0050341066672571,0.0049761422130995,0.0067547442851969,0.0066871235914093,0.0065654058750126,0.0073399917514704,0.0074688455019029,0.0067663006970002,0.0068540337356254,0.0065375056369645,0.0061551386422111,0.0061774100771721,0.0061765939031813,0.0057619549779535,commercial,1,winter,0,38,1008.784406,38333.807428,0
19,2021-01-08,0.0058565819453361,0.0055710198034797,0.0052882129879738,0.0052567810017472,0.0049877747732717,0.0049133684556674,0.0045000079909116,0.004365047098161,0.002466582683936,0.0021492235415029,0.0046419323976885,0.0048485311472238,0.0064353098416255,0.0066418762726729,0.0068283703705498,0.0072663688871669,0.007367068894672,0.0068444897499598,0.0065713238306549,0.0065201343499898,0.0061164615303001,0.0061658119842333,0.0056205281036838,0.0058099103361363,commercial,1,winter,0,38,1008.784406,38333.807428,0
19,2021-01-09,0.0052939188289284,0.0052212007800878,0.0054299052772401,0.005445125910057,0.005183312119308,0.0050531278443153,0.0047310253519026,0.0047568414552769,0.0046545415596134,0.0051920164805164,0.0058354841409387,0.0058837880842238,0.0065556419980763,0.006774333103869,0.0067708011513511,0.0067692635225691,0.0067525439260021,0.0067948796700166,0.0066797011133356,0.0061622252961909,0.0061569368898418,0.0061000228776257,0.0060837065498937,0.0056952087239343,commercial,1,winter,1,38,1008.784406,38333.807428,0
19,2021-01-10,0.0057899994700402,0.0055647042939132,0.0059945274297962,0.0063549875948445,0.0066041739373156,0.0069424647974872,0.0066254993664552,0.0064707430207307,0.006381887388503,0.0060371147361088,0.0064794848014899,0.0063025438597501,0.0067541873409674,0.0067717201133024,0.0068342336647715,0.0067775828460574,0.007030460787221,0.0071036466586789,0.0078998486632636,0.007994216176093,0.0080944646118984,0.0081554853705845,0.008247655619601,0.0082851695985346,commercial,1,winter,1,38,1008.784406,38333.807428,0
19,2021-01-11,0.0078595513060028,0.0078650985177959,0.0079073745524273,0.0079598796403545,0.0080091405539174,0.0079701034870077,0.0065565741085374,0.0062159639366075,0.0060399251264663,0.0065634570255769,0.0069775577598288,0.0068110124863959,0.0077034397060533,0.0074193203662227,0.0072228122808173,0.007417738420114,0.0074286626151998,0.0075446179999682,0.0075940999366154,0.0075619839580978,0.0076482077711769,0.0075083406006879,0.0074949820395,0.0071353281749379,commercial,1,winter,0,38,1008.784406,38333.807428,0
19,2021-01-12,0.0071514623022952,0.0071253179492323,0.0073019703702459,0.0068336136138835,0.0068118541457799,0.0070971895124786,0.0067667075637272,0.0067686614106173,0.006528911162704,0.0070157751176452,0.0080498179412475,0.0082512581570584,0.0090371067853,0.0100626094109802,0.0106539029720433,0.0107494058745673,0.0113476207878614,0.0090749248367859,0.0080509702507493,0.0072027535285223,0.0069788729272399,0.0068441166343362,0.0068349919502202,0.0065795157646499,commercial,1,winter,0,38,1008.784406,38333.807428,0
19,2021-01-13,0.0065116852186693,0.0064620769021016,0.0063388087319723,0.0064221452823647,0.0064020717271315,0.006144777307589,0.0060040805472093,0.0059526561743796,0.0055867729241146,0.0059004073514436,0.0080688957965579,0.0085359601505787,0.008230038902077,0.0104967648400323,0.0116166874385279,0.0109562604884145,0.0110529409984177,0.0084587201036665,0.0084907353746911,0.0078151863406292,0.0074751154050301,0.0077380825908541,0.007189005653813,0.0074825348220899,commercial,1,winter,0,38,1008.784406,38333.807428,0
19,2021-01-14,0.0068537933085491,0.0067971812611443,0.0066390327853365,0.0064771106326557,0.0064498093159942,0.0061626601695599,0.0060469818553528,0.0059928892640541,0.005516316263883,0.0060823912406254,0.0074953093015435,0.0084953565559812,0.0082091071880024,0.0105511624079428,0.0114657882938308,0.0113815646950439,0.012419249201088,0.0083952334090932,0.0080707550766639,0.0080317649785442,0.0075317624683632,0.0075600259749648,0.0075030124595804,0.0073014129615508,commercial,1,winter,0,38,1008.784406,38333.807428,0
19,2021-01-15,0.0073377362729154,0.0068235094408835,0.0071607664652585,0.0070472166257579,0.007028417755431,0.0070477972918802,0.0072684773521564,0.0069361747401095,0.0073310775482196,0.0085503564348227,0.0105952953464114,0.0102793550279865,0.0115595853131723,0.0122936252718047,0.0124171448476307,0.0124237976562472,0.0124576980671522,0.0096893688932677,0.0092751253304183,0.0096160008453652,0.0094100867281065,0.0095766381473162,0.0094736036843434,0.0083873998014637,commercial,1,winter,0,38,1008.784406,38333.807428,0
19,2021-01-16,0.0092683692527848,0.0088125430855313,0.0080824337739852,0.009387791583322,0.0086588772655653,0.0078185297748199,0.0084356115912369,0.0081526558729918,0.0082190859750092,0.0084686982224798,0.008838221743509,0.0090528343779775,0.0100290336729712,0.0097682738976005,0.0099737122810751,0.0102424772761379,0.0102281440123781,0.0101734666921496,0.0095222798384269,0.0091486897037438,0.0097107314892452,0.0100539117313438,0.0100555165321477,0.0095790052059676,commercial,1,winter,1,38,1008.784406,38333.807428,0
19,2021-01-17,0.0101048412284599,0.0097982859621637,0.0095377745603084,0.0095097122501506,0.0087833060899019,0.0090463818414769,0.0084706860916664,0.0081727570847575,0.0080659501887292,0.0081454468680002,0.0074364588776546,0.0077816191076987,0.0069395502225535,0.0071702197981673,0.0072266813758213,0.0062170593983591,0.0061762339142272,0.005903406810727,0.0059235553787054,0.00588532219448,0.0055081658763053,0.0055820154343121,0.0055631925014322,0.0055415673558824,commercial,1,winter,1,38,1008.784406,38333.807428,0
19,2021-01-18,0.0055459853702572,0.0057489469117004,0.0060191026710107,0.0063306714608502,0.0066534249138557,0.0067266407970421,0.0052243197863587,0.0050814634565307,0.0045020620596746,0.0049813140035116,0.0053927857467678,0.0054976227597527,0.0066964979327245,0.0066161105880027,0.0064672564371887,0.0070125027414735,0.0070316612277154,0.0069629823281446,0.0070155364186266,0.0069809500485561,0.0066745442946068,0.0066382484511972,0.0066351184080041,0.0064548408591997,commercial,1,winter,0,38,1008.784406,38333.807428,0
19,2021-01-19,0.0065918097360878,0.0065694356221447,0.0063452721653859,0.0060234608661115,0.0059958337209705,0.0059381543430523,0.005857824250516,0.0058069714227451,0.0053667157253494,0.00541905175295,0.0058238551290303,0.0057265193394355,0.006776963816026,0.0071141097439803,0.0076963694776682,0.0083337403717015,0.0085065085111015,0.0077108420240264,0.0072460607878021,0.0071269078364659,0.007356649062993,0.0073401093694587,0.0070582165140836,0.0067718559691919,commercial,1,winter,0,38,1008.784406,38333.807428,0
19,2021-01-20,0.0069858145132109,0.0066923072956209,0.0065615385882353,0.0066464524496668,0.0066349619526355,0.0063259413048646,0.0059787737075092,0.0059245232109799,0.0055601415393977,0.0058312431587371,0.0066090471696709,0.007882600498354,0.0076579504446452,0.0067643132560834,0.0094042697295247,0.0087061358977461,0.0090316894621054,0.0081968280722281,0.0070556173596637,0.0069017825136164,0.007349372898489,0.006844317507909,0.0068312076676149,0.0067066333253693,commercial,1,winter,0,38,1008.784406,38333.807428,0
19,2021-01-21,0.0067779500467057,0.0064787943863817,0.0065524238249905,0.0064485426505355,0.006423610962242,0.006260524565356,0.0060161695209138,0.0059504207310317,0.0054315600800388,0.0054355636510467,0.0054441311431752,0.0062068205917651,0.0061654334009521,0.0058474799741125,0.0062434564288275,0.0057013113178968,0.0063597617801431,0.0062648311364829,0.0063374856733029,0.0063107118736472,0.0059432276907213,0.0059538406787674,0.0062367561075751,0.0059975733368368,commercial,1,winter,0,38,1008.784406,38333.807428,0
19,2021-01-22,0.0062361475016169,0.0059508447292131,0.0059893033248354,0.0058972216412635,0.0058729650970454,0.0058588865211311,0.0057002540820314,0.0056229110043327,0.0051848919450409,0.0050396973269006,0.005619239636965,0.0064369677127338,0.0068276916034357,0.0076500237511059,0.008481127488364,0.0080360599306442,0.008688539428196,0.0082648483077767,0.0073684531644151,0.0069021074072295,0.0075727507907141,0.0065714078103551,0.0065463306832429,0.0070947172352168,commercial,1,winter,0,38,1008.784406,38333.807428,0
19,2021-01-23,0.0064875590461802,0.0066757376435251,0.0064429421216549,0.0063888493092918,0.0063703056446404,0.006250191870282,0.0062673695235018,0.0063100401118431,0.0060703543389508,0.0062335979627508,0.0062494235698465,0.006195391932423,0.0066485709203068,0.0066008809859593,0.0065316282519068,0.0071172562472383,0.0071255428458776,0.007010520223731,0.0068252948416526,0.0065467374233906,0.006278781893423,0.0062252637781155,0.0059529862847531,0.0056279949665178,commercial,1,winter,1,38,1008.784406,38333.807428,0
19,2021-01-24,0.0056387945745338,0.0053726466126741,0.0051941158691173,0.0053083115516663,0.0056076073157735,0.0061582045477062,0.0058378936724077,0.0059080552150281,0.0056759188315505,0.0051890434717496,0.005440017806663,0.005452349899217,0.0057087119889114,0.0059598325713652,0.0059770933745631,0.0062272384239829,0.0063458381652079,0.0066601008883565,0.0078308654520633,0.0080185599776726,0.008176265357459,0.0083484226213399,0.0084530189719163,0.0086144733745329,commercial,1,winter,1,38,1008.784406,38333.807428,0
19,2021-01-25,0.0081989582393861,0.008358814405465,0.0083686471853744,0.0085126572965545,0.0085833722539724,0.0086031902839906,0.0068408671349084,0.0056266263905028,0.0019881014176367,0.0045969716549276,0.0049928410289137,0.0059498356350037,0.0060000742179317,0.0054297937370292,0.0058552782858377,0.006213973849906,0.0062314447682994,0.0068516417328303,0.0064379268188732,0.006091858882537,0.0062025593775848,0.0060192629955227,0.0060135156778785,0.0060570737660573,commercial,1,winter,0,38,1008.784406,38333.807428,0
19,2021-01-26,0.0059832602003,0.0056945772596662,0.0057456837608134,0.0054081860288796,0.0053819362820014,0.0054207405235049,0.0049540951702639,0.0048577946364197,0.0017823229711808,0.0050127461854918,0.0054187187960291,0.0058707715154882,0.0070820299789429,0.0067997503610561,0.0070020324218207,0.0073994726291909,0.0076667202312374,0.0072531023174979,0.0070849327357674,0.0070501926950908,0.0063798499517,0.0061495960735476,0.0058632857077707,0.0053050791595473,commercial,1,winter,0,38,1008.784406,38333.807428,0
19,2021-01-27,0.0052962204875411,0.0049978003498783,0.0048678478540166,0.0047081756136839,0.0046855989880941,0.0047875894551268,0.0044561258979607,0.0046139818987188,0.0025173275769238,0.004629264386126,0.0050275300624732,0.0056335154943487,0.0071186803391384,0.0075440237945823,0.0076943382043499,0.0083614428410915,0.0084838517993985,0.0073399620960968,0.0073993159139437,0.0070926390047271,0.0068089019903404,0.0067431122490753,0.0061839648626607,0.0061371060985513,commercial,1,winter,0,38,1008.784406,38333.807428,0
19,2021-01-28,0.0061270522616828,0.0060295306623911,0.0059565218150428,0.0059118164618668,0.0058423535857607,0.0058052616447305,0.0052463338049032,0.0046911048862795,0.0049985306361843,0.0054153760632812,0.0058262364215516,0.0060290816298617,0.0074616435536246,0.0079687342120989,0.0082975952602887,0.0087514356117524,0.009147582193284,0.0072783266034739,0.0074429839053024,0.0071374462433078,0.0066237498487443,0.0067811343948679,0.0065089325303513,0.0061230369479076,commercial,1,winter,0,38,1008.784406,38333.807428,0
19,2021-01-29,0.0059154146437179,0.0058644136105284,0.0057938980613473,0.0055695041278171,0.0055427698902881,0.0052791143437189,0.0048246094477923,0.0044192050544384,0.001684533373835,0.0050281134871673,0.006408012477566,0.0066802620752343,0.0077801197973227,0.0083951065988048,0.0091910840102747,0.0088589071826265,0.0091419912583749,0.0071470571854635,0.0066442294599916,0.0060411519449044,0.0062028136826582,0.0062386975191314,0.0062422043138752,0.0057578072309306,commercial,1,winter,0,38,1008.784406,38333.807428,0
19,2021-01-30,0.0053504955251471,0.0048049055944518,0.0055304308944371,0.0047622374112876,0.004965409991672,0.0052850150696422,0.0047938412108565,0.0048131930832252,0.0047586594989201,0.0055463292111877,0.0065265714049796,0.0071362813889241,0.0069228263778434,0.0071507889694134,0.0077947037974787,0.00743418973054,0.0076778794503421,0.0076404810841969,0.0070600047119369,0.0067561849974439,0.0064425905062102,0.0066878904961061,0.0061887065781283,0.0061513379103611,commercial,1,winter,1,38,1008.784406,38333.807428,0
19,2021-01-31,0.0056281781882701,0.0058438878735918,0.0057358041131852,0.0055699145140615,0.005544969618365,0.0057329026496626,0.005494313360448,0.0054437270153157,0.0054553317750188,0.00594846565658,0.0065098215255448,0.0071153722014773,0.007141000447231,0.0073923357610642,0.0078417711487569,0.0076925687635224,0.0074181505180584,0.0074751535329744,0.0064805414035141,0.0064848653570774,0.0067475006172559,0.0069016110468728,0.0072064307202889,0.0074595055971328,commercial,1,winter,1,38,1008.784406,38333.807428,0
19,2021-02-01,0.0070100185064209,0.0071713869292224,0.0073384893439385,0.0075070019066068,0.0076355610624148,0.0076916713065442,0.0061659147459447,0.0053615199287178,0.0048544867323674,0.0049838824990968,0.0053896407427945,0.0054180083572708,0.0063632687016489,0.0062232484871198,0.0065331396874278,0.0066244858262296,0.0070222694246863,0.0070884743888216,0.0067377305752197,0.0064059572460684,0.0063972904173666,0.0063402600471803,0.0063323361409532,0.006032317892419,commercial,2,winter,0,38,1008.784406,38333.807428,0
19,2021-02-02,0.0060276893181564,0.0057473402160834,0.0060263725656092,0.0057250346596448,0.005956933675464,0.0060058712180504,0.0058418323270181,0.0055068965613355,0.0053981532700234,0.0054138801438616,0.0062065077249813,0.0065528547397325,0.007806322294504,0.0085888732585994,0.0093980739286198,0.0084739692094567,0.0094027203884969,0.0075006441484854,0.0080073561561366,0.0074821056629043,0.0067571283588546,0.007012884773614,0.0067779070550212,0.0066519700511587,commercial,2,winter,0,38,1008.784406,38333.807428,0
19,2021-02-03,0.0067181534263697,0.0066846465948534,0.0064558968519496,0.0066369191858965,0.0066297494301325,0.0064737468252908,0.0065269599548051,0.0065207696114006,0.0060640803441423,0.0066249799054676,0.0086429488290088,0.0095491890263459,0.0085314679742479,0.0104743150236717,0.0122713027836078,0.0122733969106616,0.0123551128166851,0.008903501989376,0.0094308634102117,0.008987889672837,0.0081830173353666,0.0082836552374927,0.0082108361529024,0.0078652159717999,commercial,2,winter,0,38,1008.784406,38333.807428,0
19,2021-02-04,0.0084881626316463,0.0079431775336504,0.0071732362903552,0.0075764358150608,0.0071403946233493,0.0068183583970744,0.0066358413086722,0.0066081818523404,0.0059985336943092,0.0068587652461176,0.0077701177871775,0.0081760346719288,0.0079420941706881,0.0098426858382312,0.0104538150788679,0.0102196799996906,0.0107641836171599,0.0074994632194356,0.0067285202257422,0.0063952276604066,0.0064000599625038,0.0063209931481749,0.0063191436273075,0.0059553930979073,commercial,2,winter,0,38,1008.784406,38333.807428,0
19,2021-02-05,0.0060051423294306,0.0059539696692576,0.0057342851950344,0.0056671404262339,0.005643483660634,0.0055306807343598,0.0054469593645838,0.005074016052049,0.0016528587043096,0.0046492015479845,0.0017987519980233,0.0046205478304418,0.005780969388163,0.0060159004615582,0.0062162356837535,0.0074256405216429,0.007634516966674,0.0064777276593641,0.0063519308209408,0.0063031733330587,0.0060356685412759,0.0059488800930166,0.0056923167100919,0.0055584901187285,commercial,2,winter,0,38,1008.784406,38333.807428,0
19,2021-02-06,0.0056370558111229,0.005590290602859,0.0053430605185432,0.0052921321370475,0.0050200539380824,0.0051065320649571,0.0047932606585761,0.004820551202047,0.0046602480407192,0.0049182745069116,0.0052440682856944,0.0051621156334692,0.0057413258073523,0.0059591264202465,0.0059321581917344,0.0059504917971571,0.0059367530476571,0.0061902009118483,0.0056820851275644,0.0056574294794306,0.0058000224442281,0.005613974646547,0.0055980455060292,0.0057262072408442,commercial,2,winter,1,38,1008.784406,38333.807428,0
19,2021-02-07,0.005816284479922,0.0055553653134838,0.0059153472895715,0.0062862189243446,0.0066732364101453,0.0069736287079253,0.0065573309367747,0.0065081570896408,0.0065691873121254,0.0065613874658076,0.0065498211065597,0.0065429978915277,0.0065453997735589,0.0065310536717524,0.0070093911949463,0.0066084949873311,0.007101205657139,0.0072745542829164,0.0081309033992225,0.0082447640568433,0.008335404196258,0.008451878253994,0.0085101426149714,0.0085480321602516,commercial,2,winter,1,38,1008.784406,38333.807428,0
19,2021-02-08,0.0081739728010822,0.0082178332591852,0.0082322065898189,0.0082995466115974,0.0083067386330302,0.0083188182510897,0.0067709138094359,0.0057134784095934,0.0049687955031004,0.0053692126323657,0.0061691995169703,0.0062417382869081,0.0073273640323319,0.00700433439787,0.0069660581344959,0.0077823285118233,0.0074179827237842,0.0072932767087978,0.0070005400719557,0.0069514009879184,0.0065384887418373,0.0066049366468472,0.0063266201678409,0.0060479871282342,commercial,2,winter,0,38,1008.784406,38333.807428,0
19,2021-02-09,0.0060193116603001,0.0057394914737313,0.0057637377322517,0.0057078745531348,0.0054457595791302,0.0055042082641909,0.0052688348980279,0.0051865601579798,0.0045709129851114,0.0053964821291633,0.0058174734094759,0.0060018739749615,0.0071116550710113,0.0078190646026344,0.0079328291274819,0.0078739220038314,0.0077091289068488,0.0072417220193948,0.0071246285849944,0.0068138956286751,0.0062195422198574,0.0061842122106764,0.0061834514745469,0.0059316436823961,commercial,2,winter,0,38,1008.784406,38333.807428,0
19,2021-02-10,0.0058769748465398,0.0058365891690807,0.00567251308089,0.0058033826262189,0.0055451606304479,0.0055259009709437,0.0050895760974219,0.0049756546999768,0.0046573660775505,0.0054129959627524,0.0059824548181077,0.0066922762245203,0.0068286839594927,0.0071849291925472,0.0086862377529238,0.0079754043734199,0.008469453302499,0.0073606588659732,0.0069315072671786,0.0066030473207799,0.0063290889567015,0.0065206650254217,0.0062419009828028,0.0060409926948944,commercial,2,winter,0,38,1008.784406,38333.807428,0
19,2021-02-11,0.0061654027158295,0.0061099042722698,0.0058688426179885,0.006074418032275,0.0060621729723243,0.0057947633305149,0.0059997362424468,0.0060142215960871,0.0058870357146576,0.0066422910645931,0.0066974405138404,0.0072378995417933,0.0066544295691569,0.0068583492251185,0.0071961283984187,0.0068530454751546,0.0068278758567276,0.0069402530947982,0.0068108990834838,0.0067632245747561,0.0065810160936023,0.0064592646652936,0.0061886526241636,0.0062077404875169,commercial,2,winter,0,38,1008.784406,38333.807428,0
19,2021-02-12,0.0061458127284853,0.0061319922228775,0.0059645727882612,0.0055920669124416,0.0055616639878906,0.0059584098959284,0.005270377029551,0.0052493366603302,0.0057229331951342,0.0061461455493971,0.0064678825846762,0.0074774213789253,0.0072805486914177,0.0072257545826642,0.0081283895349099,0.0078347085826907,0.0078133027228129,0.0077671867443515,0.0069412136660562,0.0068708032742022,0.0065722512435752,0.0063193710523007,0.006550719930481,0.006124520615728,commercial,2,winter,0,38,1008.784406,38333.807428,0
19,2021-02-13,0.0064066596191714,0.0066885444489716,0.0069569958717015,0.0072100885654187,0.0074428764565996,0.0076077434023149,0.0063687060724138,0.0060538516002526,0.0060271371413509,0.0063616925588413,0.0069700716221766,0.007588649155797,0.0072474612904696,0.0074490390448934,0.0081646490041954,0.0077911269458739,0.0077674773396162,0.0076957710446224,0.0069031738522103,0.0068425526426931,0.0069446928661567,0.006570548477039,0.0070412733462658,0.0065752284570762,commercial,2,winter,1,38,1008.784406,38333.807428,0
19,2021-02-14,0.0067820575247117,0.0068985314002919,0.0070185527547762,0.0071306877693003,0.0072704846904889,0.0074717514507786,0.0061797633383936,0.0062636228661887,0.006611764799082,0.0072058923701281,0.007551398981807,0.0082366020055135,0.008631193559961,0.0090048452019291,0.0081354593633985,0.0078225142597286,0.0085839774313963,0.0077257654601514,0.0084708362688585,0.0083397246415294,0.0077643570123071,0.0088743425340143,0.0086025484511948,0.0078807529224699,commercial,2,winter,1,38,1008.784406,38333.807428,0
19,2021-02-15,0.0086251666385386,0.008652484015354,0.0081518916744314,0.0081508086445488,0.0081407207335949,0.0084283304349957,0.007423020567754,0.0074255733959893,0.0086939439461005,0.00761961468097,0.0078834030803166,0.0089191494099888,0.0083974515841192,0.0090838610001416,0.0095252291650695,0.0094254172178158,0.0096161835068849,0.009616923877595,0.00954666831956,0.0095080093426947,0.0096010159878907,0.009466567415625,0.0094579700207719,0.0093037050967623,commercial,2,winter,0,38,1008.784406,38333.807428,0
19,2021-02-16,0.0091991661983695,0.0091897897793568,0.0096134388004373,0.0091957728034617,0.0091813170082584,0.0090275804635062,0.0092269441387263,0.0092625520174243,0.0096664648279085,0.0100111772782754,0.0103650979143745,0.010649412133755,0.0100779889576384,0.0105030874557606,0.0107066035627024,0.0103379138308157,0.0103204981175744,0.010498170228787,0.009442165209623,0.0095143296090318,0.0095086475117842,0.0090153920493869,0.0089938034582976,0.0092472141328017,commercial,2,winter,0,38,1008.784406,38333.807428,0
19,2021-02-17,0.008978497366565,0.0089663731123765,0.0087670920667922,0.0082338455641071,0.0083762653155173,0.0083358972223251,0.0079296345339887,0.0079501968843319,0.0087173437581095,0.0091871398238901,0.0097405479978359,0.0099025039062331,0.0105882351312676,0.0105780425943609,0.0099218511820292,0.0105418590896494,0.0108420451960691,0.0097622543288007,0.0096115999548955,0.0088065586755809,0.0081196865187433,0.0083065520257688,0.0080553115051883,0.0080706574591611,commercial,2,winter,0,38,1008.784406,38333.807428,0
19,2021-02-18,0.0081959738486326,0.0082160935419825,0.0082696342736288,0.0077378826528295,0.0084747369180606,0.0071195473284631,0.0073914197521088,0.0074595082659588,0.0067896029100866,0.0079329047406691,0.008208330019312,0.0085181168024606,0.0098194984442568,0.0101310047402513,0.009663349364114,0.0110715400051551,0.0117338974391754,0.0089127385004822,0.0093268693907179,0.0091771456178686,0.007589390487718,0.0079980728275025,0.0079103995276907,0.0073449473168096,commercial,2,winter,0,38,1008.784406,38333.807428,0
19,2021-02-19,0.0075559768056365,0.0075319369061829,0.0071719159288886,0.007479677571286,0.0074851175926479,0.0069827918927637,0.0071455666796402,0.0071669713490138,0.0066698196461273,0.0076961652454844,0.0093025592139453,0.0096576324901191,0.0087760799924893,0.011658765042457,0.0111153023204045,0.0123482468105373,0.0124069699111586,0.0077151772180149,0.0086512961556593,0.0082715504387105,0.0075520679028012,0.0082103210033403,0.0081553491723639,0.0079524625507409,commercial,2,winter,0,38,1008.784406,38333.807428,0
19,2021-02-20,0.0082902881369531,0.008233306070751,0.0075315965097516,0.0077996610828468,0.0080340619303415,0.0072450448806398,0.0080055646615821,0.0077996915835125,0.0077426015966238,0.008619017814013,0.0098278568606063,0.0093202175461137,0.0102740962983204,0.0101856347670754,0.0101631073483686,0.0108863209676013,0.0106357982480954,0.0093830574486952,0.01023947339578,0.0096470396681891,0.0088564760183685,0.0095373241346277,0.0095417136505191,0.0093299170996492,commercial,2,winter,1,38,1008.784406,38333.807428,0
19,2021-02-21,0.0099882379215774,0.0100048767087492,0.009395113856268,0.00997891266366,0.0099819259658309,0.0093124578151046,0.0096891400543661,0.0102570801362295,0.0094999655765245,0.0105408827832167,0.0111937306021751,0.0111680189252059,0.0109953402762151,0.0109800453460264,0.0118502357503063,0.011549831402044,0.0112608296072041,0.0117409798235106,0.0114270139187149,0.0111324039465358,0.0113136341258788,0.0110999213162919,0.0110818776659715,0.010790876104795,commercial,2,winter,1,38,1008.784406,38333.807428,0
19,2021-02-22,0.0105011530264592,0.0102515493671328,0.0104284192142563,0.0102252066925868,0.0102119585712846,0.010229956358758,0.0103059866891132,0.0113527977637815,0.011892342847081,0.0121349044874059,0.0121353381374137,0.0121437198868651,0.0121055219826851,0.0121590966634813,0.0125575901499416,0.0121799552209783,0.0122209408997254,0.0119065963752136,0.0118304978239927,0.0118278959239464,0.0116523027347734,0.0118067061507349,0.0117872509775543,0.0109958975639979,commercial,2,winter,0,38,1008.784406,38333.807428,0
19,2021-02-23,0.011730117601056,0.0114711581203004,0.0105932505474469,0.0113703450803191,0.0113805649108236,0.0103269301862613,0.0108601135459244,0.0109895081486031,0.0110418655752559,0.0121503452505778,0.012211109685777,0.0123220902905184,0.012139785614436,0.012773979738651,0.0128356133294497,0.0143867423734506,0.0139202246202393,0.0118163182508825,0.0118304950580937,0.0118278939483043,0.0107746175960245,0.0115657068634629,0.0114490532846112,0.0106062604525214,commercial,2,winter,0,38,1008.784406,38333.807428,0
19,2021-02-24,0.0115639783695247,0.0109722048948184,0.0104873653496291,0.010884949524236,0.0108628894929188,0.0103506866559518,0.0109162798355218,0.0110498379322168,0.0119030227762954,0.0123038540477125,0.0131437495368922,0.0129890262324138,0.0122763589717088,0.0146795228400913,0.0152603002260123,0.0157527907683523,0.0148846755971028,0.011906631796294,0.0118304922075976,0.0118278919122356,0.0110955044638457,0.011579617152309,0.0114959336418028,0.0109021092082166,commercial,2,winter,0,38,1008.784406,38333.807428,0
19,2021-02-25,0.011340793561985,0.0113073714790484,0.0117484176009903,0.0117484176009903,0.0117484176009903,0.0114363803123935,0.0116277662387586,0.01182962278768,0.0122445775586709,0.0129201477840223,0.0145580795130823,0.0134375459666264,0.0146028140358109,0.0157290295478526,0.0147148284830753,0.0161805187815428,0.0165451777422774,0.0119846403356677,0.0118304892733483,0.0118278898163433,0.0117973709061379,0.0118067028933466,0.0117872489416866,0.011490494684401,commercial,2,winter,0,38,1008.784406,38333.807428,0
19,2021-02-26,0.0117484176009903,0.0117484176009903,0.0114405216353413,0.0117484176009903,0.0117484176009903,0.0113584354956155,0.0117881144216439,0.0118296200578927,0.0123486051322845,0.01289404259663,0.0156347962260156,0.0159704931385403,0.0139590865824917,0.0160678040869538,0.0188691600716547,0.0174932915690901,0.0171473314503208,0.0129891200594518,0.011830486256215,0.011827887661248,0.0118105996364129,0.0118067017439625,0.0117872482233215,0.0117781711117428,commercial,2,winter,0,38,1008.784406,38333.807428,0
19,2021-02-27,0.0117180550509122,0.0117180550509122,0.0117180550509122,0.0117180550509122,0.0117180550509122,0.0117180550509122,0.0117881133886025,0.011432982049267,0.0103534368333584,0.0118681050119585,0.0118672391087909,0.0103177745964702,0.0116155017872618,0.0115191540723115,0.0102692229971406,0.011368168953933,0.0113588422103685,0.0102018142280193,0.0106221900973291,0.0103017699805563,0.0097633566408922,0.0102247713342639,0.0102190894000797,0.0097319238084141,commercial,2,winter,1,38,1008.784406,38333.807428,0
19,2021-02-28,0.0101685831377301,0.0101644651006117,0.0092899496482744,0.0101012400924139,0.010102209945219,0.0089208822054198,0.0095921066659651,0.0096114987176798,0.0090192482943257,0.0098461948906279,0.0109550238225166,0.0095693753443215,0.0109789533022174,0.0113040035698555,0.0103479557007467,0.0114882158439099,0.0115254091960698,0.010336017202353,0.0104421393977673,0.0103288990920097,0.0101367672319855,0.0090896931884945,0.0078113768640426,0.0068362569033476,commercial,2,winter,1,38,1008.784406,38333.807428,0
19,2021-03-01,0.0058808729538792,0.005775190876689,0.0058400950701359,0.0057801301919209,0.0058411457717624,0.0059422222901344,0.0055783454581902,0.005810157085449,0.0059013622758442,0.0066981291839628,0.0071577682252986,0.0069217923164127,0.0068568555893204,0.0061349553266576,0.0078958866868279,0.0065486885746653,0.0073140774882802,0.0080023398104661,0.006867599661858,0.0067012903966861,0.0077916526736591,0.0065272345374664,0.0068150273246975,0.0074246062751304,commercial,3,spring,0,38,1008.784406,38333.807428,0
19,2021-03-02,0.0069907526163429,0.0068783647981759,0.0075557891179639,0.0067965697420795,0.0067640590729826,0.0075002305022722,0.0066694940528866,0.0066421775182596,0.0080939754136746,0.0074281449416016,0.0078008333789984,0.012108645691985,0.0083124116158498,0.010100392950784,0.0122111365862409,0.0118357901018968,0.0122696005696437,0.0107696113397757,0.0092011136316795,0.0090272109533491,0.0104481105140414,0.0088307280156026,0.0086867203503712,0.0102303804271364,commercial,3,spring,0,38,1008.784406,38333.807428,0
19,2021-03-03,0.0086175407489816,0.0084812778755099,0.0100953521867962,0.0081663900623624,0.0083408060096629,0.0099651832587064,0.0080987408755641,0.0080820542071987,0.0117654104136763,0.0098972686948253,0.0120110824397214,0.0132158297558464,0.0121114646753645,0.0131833127305692,0.016493235001127,0.0140507799609955,0.0143584975686011,0.0121072145317006,0.0117990594839486,0.0114273662713223,0.0118105864437556,0.0104927711010478,0.0108909244876218,0.0117781672315495,commercial,3,spring,0,38,1008.784406,38333.807428,0
19,2021-03-04,0.0117484176009903,0.0110277591623446,0.0117484176009903,0.0107297841821738,0.0101304184009616,0.0110427865096148,0.0093348844329458,0.0098931703044881,0.0117045695139473,0.0121202273489012,0.0123200338474995,0.0124643102199511,0.0122725586393035,0.014081855695999,0.0130584075282956,0.0145792326298671,0.0148128732854682,0.0119065575492601,0.0118304664645686,0.0117369149046945,0.0103431041069755,0.011020270516274,0.0109279070907647,0.0098619563945924,commercial,3,spring,0,38,1008.784406,38333.807428,0
19,2021-03-05,0.0104825140534668,0.0104540891591682,0.0097944772201651,0.0103545063485959,0.0103640401542915,0.0097453403059052,0.0103840441097736,0.0105069652858159,0.0115988413400276,0.0122670272713502,0.0124036635062837,0.0124894174725156,0.0124828280190771,0.0157925497430063,0.014864891103623,0.0140707709822437,0.0143581638310858,0.0119724448811745,0.0113435055980178,0.0117329149484175,0.0118105807238236,0.0116247107678034,0.0115175025859938,0.0116760378958826,commercial,3,spring,0,38,1008.784406,38333.807428,0
19,2021-03-06,0.0113480976802176,0.011272278918203,0.0116130442245625,0.0114697078539939,0.0117185046588501,0.0115303850896758,0.0113085952270465,0.0117898326709024,0.0118654902242254,0.0119764694739324,0.011867217476366,0.0119439933114124,0.0117839851723637,0.0120080200703592,0.0119128261158716,0.0118893508526139,0.011889782665649,0.0118054972069749,0.0117414064523156,0.0117180550509122,0.0117180550509122,0.0117180550509122,0.0117180550509122,0.0117180550509122,commercial,3,spring,1,38,1008.784406,38333.807428,0
19,2021-03-07,0.0117180550509122,0.0117180550509122,0.0117181450079092,0.0117180550509122,0.0117180550509122,0.0117202142436737,0.0117409712564754,0.0117409712564754,0.0117409712564754,0.0119654379675061,0.0122192454793572,0.0120644639565422,0.0122201087511391,0.0122214036588119,0.0120148070415459,0.0120888535814309,0.0120888535814309,0.012001708502497,0.0119425217619428,0.0118264434224083,0.0117180550509122,0.0118264434224083,0.0118264434224083,0.0117180550509122,commercial,3,spring,1,38,1008.784406,38333.807428,0
19,2021-03-08,0.0118568059724865,0.0118568059724865,0.0117484176009903,0.0118568059724865,0.0117484176009903,0.0117589439167796,0.0117881029144461,0.0118295888240703,0.0121335267217646,0.0121874362775851,0.0128087059157013,0.0125720812351067,0.0125614900568077,0.0150347462734197,0.0134866452470173,0.0137103812552877,0.0139573530032089,0.011906539312183,0.0118304517346218,0.0118278630029672,0.0110547201182984,0.0115755509195181,0.0114569828962956,0.010643032578699,commercial,3,spring,0,38,1008.784406,38333.807428,0
19,2021-03-09,0.0102171703790967,0.0098934181811239,0.0102386082470956,0.0098188924704249,0.0092832648331112,0.0097910342212551,0.008983118194939,0.0084911707748821,0.0114150568683369,0.0106829331432076,0.0119524931637496,0.0123518388720391,0.0120322381430419,0.0124425196497364,0.0125028627360911,0.0125016390707859,0.0125073173823259,0.0104176346752499,0.0096815179549074,0.0095523801973783,0.0098877844111661,0.0088733014623758,0.0084925035015327,0.0094974275944428,commercial,3,spring,0,38,1008.784406,38333.807428,0
19,2021-03-10,0.007968046973549,0.0075542486503083,0.0076676976882604,0.006738578936948,0.0066734984964936,0.00653124213969,0.0061351849143906,0.0060598103575963,0.0054117569454055,0.0056593397502192,0.0060143829194459,0.0073703205625549,0.0062034909230454,0.0075126361334859,0.0085988276404191,0.0085503187892393,0.0081229107817424,0.0068129956044573,0.0064252964195261,0.0061059478775462,0.0060084200693614,0.0060230629319881,0.0057649322867656,0.0057609069669598,commercial,3,spring,0,38,1008.784406,38333.807428,0
19,2021-03-11,0.0057543269720926,0.0054590839972691,0.005377829837276,0.0051608039499115,0.0051271153094054,0.0052098461551379,0.0048911336882686,0.0047719333304754,0.0020058593471226,0.0017793555315701,0.0046489737773166,0.0048526330139594,0.005794270661808,0.0051164013784733,0.0058680961321433,0.0055669850107617,0.0061474266547047,0.0058985957506131,0.006025112805367,0.0062741567137566,0.0059145866764502,0.0062012668307761,0.0062315991025266,0.0059249398234627,commercial,3,spring,0,38,1008.784406,38333.807428,0
19,2021-03-12,0.0059308523987335,0.0058898173543833,0.0057477368560513,0.0053474562466168,0.0053103817971458,0.005236791896288,0.0050996935524196,0.0049235237226803,0.0024817241769464,0.0016363661087637,0.0016840354725685,0.0018695347595868,0.0051004831145349,0.0017107842258044,0.0017186517851725,0.0017263333774327,0.0017356227484284,0.0051019340131605,0.0053799631484677,0.0053554994064306,0.0051561179221774,0.0052907996805126,0.0053457479187555,0.0051887024764229,commercial,3,spring,0,38,1008.784406,38333.807428,0
19,2021-03-13,0.0052980494090562,0.0052506838039345,0.005078880438067,0.0052007303215459,0.0051850131678781,0.0050410230776297,0.0050113555623943,0.0050579077344627,0.0048681955437221,0.0051759570947419,0.0051887509105203,0.0051430556347117,0.005653208750435,0.0056077130829057,0.0054022345928907,0.0053098019603204,0.0053017182479052,0.0052964997339359,0.005583921310282,0.0053944175780074,0.0057113531230033,0.0061796134218365,0.0065212557013515,0.0068858419738945,commercial,3,spring,1,38,1008.784406,38333.807428,0
19,2021-03-14,0.0072752509983573,0.0075793410460037,0.0076780268570601,0.0079396931210942,0.0080991104353659,0.0082561905172297,0.0077082548300701,0.0076729441143736,0.0074813263405889,0.0074055070677795,0.0072502143910088,0.0072121664296989,0.0071329259438768,0.0072077776335637,0.0074492778114638,0.0076089504079195,0.0077610367466992,0.0079537264172099,0.0087606575065925,0.0088221146596003,0.0088534978791237,0.0089143884376156,0.0089512857769802,0.0089675047301726,commercial,3,spring,1,38,1008.784406,38333.807428,0
19,2021-03-15,0.0084880065306639,0.0085259499625423,0.0085739126132946,0.0085646593507861,0.0086011671221823,0.0086910687532728,0.0070278946888315,0.0058468029754947,0.0059032660814819,0.0063089292417301,0.0066937181971821,0.0077266515697198,0.0083326977605951,0.0080534299495415,0.0088085746997053,0.0087522412966507,0.0087701648060251,0.0094932535720967,0.0087087274963201,0.0082441195005276,0.008067199042385,0.0083089908239419,0.008185928901058,0.0078176248006299,commercial,3,spring,0,38,1008.784406,38333.807428,0
19,2021-03-16,0.0079898293227246,0.0079442351817295,0.0072030810794406,0.0075767915818046,0.0075896873700631,0.0075812498546872,0.0075424571740511,0.007608664255816,0.00794133347109,0.0093077045778513,0.0097498290833997,0.0100987976874491,0.0110663557530995,0.0121712041861612,0.0121984992844547,0.0121733393281729,0.012195434683594,0.0102270294587925,0.0100404442700937,0.0101044535875043,0.0101072137395295,0.0094080282535232,0.0092497084248083,0.0103590881197259,commercial,3,spring,0,38,1008.784406,38333.807428,0
19,2021-03-17,0.0095717627445376,0.010243058390943,0.010727387858414,0.0107223420342884,0.010724851038828,0.011002816041578,0.0100142839524511,0.0100861840502517,0.0121334646815009,0.0121600994064566,0.0122156256827184,0.0128318761867083,0.0121735969499765,0.01422138034625,0.0166248420673827,0.0150663901519086,0.0154157163741287,0.0120053519233,0.0118304145104635,0.0118278364142827,0.0118105415565189,0.0113158316421144,0.0109231588849111,0.0117781540294211,commercial,3,spring,0,38,1008.784406,38333.807428,0
19,2021-03-18,0.0108529077114286,0.0107491779601992,0.0114750169968647,0.0109343479546551,0.0114765863827277,0.0114591635474964,0.0117880890208418,0.0118295511128585,0.0122136604351832,0.0122877266603451,0.0129174223061419,0.0148542308374735,0.0138195198285969,0.0166954114084573,0.0181891612924001,0.0176980833172554,0.0188613630036288,0.0129337362751846,0.011938798425305,0.0118278332309579,0.0118105379487508,0.0118066727144744,0.0117872300798915,0.0117781529683128,commercial,3,spring,0,38,1008.784406,38333.807428,0
19,2021-03-19,0.0117484176009903,0.0117484176009903,0.0117484176009903,0.0110729937281017,0.0110049395870102,0.0117589439167796,0.0110572583348421,0.0108905614839183,0.0130050569771722,0.0143570453946676,0.0158263848902567,0.0182610836261525,0.0157409659658586,0.0198863851013186,0.0203056811793508,0.0212548294917758,0.0213873048210395,0.0146808507987374,0.0118304055377301,0.0118278300051874,0.0118105342928775,0.0118066709940635,0.0117872290046347,0.0117781518930559,commercial,3,spring,0,38,1008.784406,38333.807428,0
19,2021-03-20,0.0117180550509122,0.0117180550509122,0.0117180550509122,0.0117180550509122,0.0117180550509122,0.0117180550509122,0.0117880859907605,0.011789802141186,0.0118654485927939,0.0118680228184323,0.0118671647432195,0.0118631822702536,0.0120083963748191,0.0120079673372128,0.0118458752304159,0.0121288087254993,0.0121292377631057,0.0117413870243143,0.0118497753958104,0.0118264434224083,0.0107819266845338,0.0116392226274237,0.0108944066455967,0.0109133049978434,commercial,3,spring,1,38,1008.784406,38333.807428,0
19,2021-03-21,0.0113620249794634,0.0113793308455307,0.0107155071177544,0.0110594290518891,0.0110623809562595,0.010479087258412,0.0110590017542113,0.0111005953103373,0.0106545503268523,0.011635453822731,0.0117409599812615,0.0117418176154364,0.0117418176154364,0.011851492438195,0.0118614735267438,0.0117409599812615,0.0117331560653324,0.0117409599812615,0.0113887045896685,0.011045282377849,0.0107548408834923,0.0106774396529112,0.0106520061723407,0.0105579388068989,commercial,3,spring,1,38,1008.784406,38333.807428,0
19,2021-03-22,0.0104384884635129,0.0104348510937243,0.0097475845455546,0.0100998137612637,0.0095197656936718,0.0090057447096412,0.0089078962036014,0.0088811284124713,0.0091014048220614,0.0095091791897368,0.0108932755562366,0.0122115157514133,0.0111251701074118,0.0123639593630998,0.0124005990637168,0.0124895384279042,0.0125652267504238,0.0099196824847148,0.0100608847802469,0.0093839116016182,0.008355709223517,0.0084879991718071,0.0090921054115868,0.0086258219388375,commercial,3,spring,0,38,1008.784406,38333.807428,0
19,2021-03-23,0.0088818527842255,0.0092963891118493,0.0082475737919233,0.0092054764594925,0.0092304634207057,0.008912176594222,0.0092516504682588,0.0093491799046546,0.0114338533239131,0.0120460930038533,0.0123778466797984,0.0149361792248956,0.0130754508570985,0.0149573797798542,0.0172447049546522,0.016372252945216,0.0172613870829656,0.0120809783608124,0.0118303869061788,0.0119362050684326,0.0118105192101931,0.0118066638963296,0.011787224568551,0.0117781474569723,commercial,3,spring,0,38,1008.784406,38333.807428,0
19,2021-03-24,0.0117484176009903,0.0117484176009903,0.0117484176009903,0.0117484176009903,0.0117484176009903,0.0117589439167796,0.0117880797073652,0.011829525833422,0.0130199037860733,0.0138625883029215,0.0150650530578035,0.0167906934544204,0.0150356437338829,0.0141113262549819,0.0150422224541945,0.0129801685840453,0.0129524673598468,0.0109669837890511,0.0077666550657613,0.0073710874551198,0.0070548761787766,0.0070264180492891,0.0070246187039823,0.006631345525861,commercial,3,spring,0,38,1008.784406,38333.807428,0
19,2021-03-25,0.0066848106535299,0.0066534012843351,0.006434930850614,0.0065800450162957,0.006039437707139,0.0057965954216271,0.0061365858438094,0.0060906786031225,0.005655401190213,0.0070800979845654,0.0092126865323215,0.0105568376919954,0.0103259103250799,0.0126761121176183,0.0126823534958049,0.0128448879909011,0.0129583853248615,0.0096681138457821,0.0084855298580484,0.0081678384740401,0.0076887640682974,0.0078200485205434,0.0075442274600823,0.0069203471944966,commercial,3,spring,0,38,1008.784406,38333.807428,0
19,2021-03-26,0.00693155645288,0.0068915160243332,0.0066797009547201,0.0068316871557137,0.0065557454247874,0.0064010148837631,0.0066975674286764,0.006392236452643,0.006687453065351,0.0087080037494197,0.0108876902522772,0.0120287351463602,0.0120471213117772,0.0127963502436984,0.0128108941480319,0.0129416263620748,0.0130539795271937,0.0101423855723462,0.0082407416920847,0.0081823797264796,0.0075402189982274,0.0078358430043762,0.0078355431946941,0.0072733904294733,commercial,3,spring,0,38,1008.784406,38333.807428,0
19,2021-03-27,0.0074335887359131,0.007405126122246,0.0069002485088297,0.0070574951413524,0.0065205918094503,0.0066034641605934,0.0061387126914678,0.0064389992034718,0.0067197968051513,0.0075864919774099,0.0082304425928865,0.0087204208085571,0.0085943174799207,0.0087972089139202,0.0095605425028097,0.0091038777438027,0.0091176775226082,0.0088109873771709,0.0089860393522292,0.0086656720062336,0.0078425074804761,0.0080525727164603,0.0080433392945185,0.0076429520802594,commercial,3,spring,1,38,1008.784406,38333.807428,0
19,2021-03-28,0.0079895619957757,0.0074726456904851,0.0073081931572673,0.0068960378547974,0.0066131291879431,0.0071469465853997,0.0065623862211042,0.0070586704450239,0.0072137618763018,0.0078990683646202,0.0084757442057058,0.008635936128791,0.0096318698321652,0.0092562813014738,0.0089721615643181,0.0088722428085326,0.0088809773830835,0.0095738591183869,0.009571886679075,0.0092589391409668,0.0083000803078455,0.0089290589997907,0.0086267771532449,0.0081464775686609,commercial,3,spring,1,38,1008.784406,38333.807428,0
19,2021-03-29,0.008281721104348,0.0082879611972256,0.0078612990863814,0.0080121164320031,0.0076372461547933,0.0074001849375367,0.0073544305955009,0.0073933106859541,0.0076777197113748,0.0086340631923486,0.0105466112188945,0.0117208758727592,0.0107688170422461,0.0124681273758943,0.012661527651636,0.0126661327532397,0.0127704642447567,0.0114886279014583,0.0106809947389752,0.0105774482836112,0.0091099325925694,0.0095356412049328,0.0099528914924188,0.0098458585485193,commercial,3,spring,0,38,1008.784406,38333.807428,0
19,2021-03-30,0.0098985464923441,0.0098550520445863,0.0093647343327708,0.0097729501423261,0.0096042966939629,0.0080791463963315,0.0085872995622622,0.0098649545477478,0.010373146022139,0.0120456580224783,0.0126323334696686,0.0141632930265094,0.0130131796915474,0.0152218791986857,0.015479280578217,0.0155622618187852,0.0168948909795543,0.012185023087693,0.0119387407046462,0.0118193794067327,0.0118104912225032,0.0116057778347748,0.011527183871661,0.0115642853430338,commercial,3,spring,0,38,1008.784406,38333.807428,0
19,2021-03-31,0.0116523685966796,0.0110733118675162,0.0113708829427639,0.0115393163477089,0.0115300997950003,0.0114882316458262,0.0113516466816644,0.0117859610111365,0.0128020031510465,0.0139359523711806,0.0143714693688805,0.0159786010628561,0.0144290055450293,0.0181463371931143,0.0183156785448199,0.0185429924911958,0.0194071513446643,0.0127634343665119,0.0118944379675862,0.011891879099273,0.0118315329038922,0.0118066487750908,0.0117872151177768,0.011778138006198,commercial,3,spring,0,38,1008.784406,38333.807428,0
19,2021-04-01,0.0117484176009903,0.0117484176009903,0.0117484176009903,0.0117484176009903,0.0117484176009903,0.0117589439167796,0.0117880663535353,0.0118294895873124,0.0124316147372937,0.012949987703387,0.0133168946126911,0.013642534907026,0.0125998225952032,0.0150040972573883,0.0148845724545919,0.0142174344666297,0.0140514603163239,0.0119510533710207,0.0115397863061882,0.0114518316934242,0.011079097136025,0.0112758052763189,0.0111980879104352,0.011024354308163,commercial,4,spring,0,38,1008.784406,38333.807428,0
19,2021-04-02,0.0110709239931039,0.0110195553554892,0.0110625968180122,0.0109582540690431,0.0109331458962732,0.010675757755962,0.0109844815227417,0.010842125556409,0.0120385164958868,0.0122970893789445,0.0124363596779513,0.012515670099488,0.0122618280124769,0.0136225064760019,0.0149509586046453,0.0142838048850366,0.0147340788229097,0.0119063970760188,0.011830336851566,0.0118277809436416,0.0116468939434969,0.0118066448279057,0.0117872126507861,0.0114991911400351,commercial,4,spring,0,38,1008.784406,38333.807428,0
19,2021-04-03,0.0117180550509122,0.0115768144673577,0.0109777971027975,0.0109103362060209,0.0106301859684573,0.0104624491460667,0.0106365133958591,0.0109215908921252,0.0112408785921635,0.0110989579843567,0.0108700518293333,0.0110380817768479,0.0116237061090351,0.0116201160821247,0.0117112126287914,0.0117770518525495,0.0117770518525495,0.0117400867019584,0.0117251201682092,0.0117197424058,0.0111013713976371,0.0115861218070453,0.01156867914236,0.0109145425570288,commercial,4,spring,1,38,1008.784406,38333.807428,0
19,2021-04-04,0.0112786626681061,0.0112675558767715,0.0106744651584597,0.0112212635668752,0.0112188005046805,0.0105300006707832,0.0106957161000614,0.010741604580628,0.0101979568776279,0.0108871472007996,0.0110229436922872,0.0111458214223908,0.0116659507995043,0.0111980605903933,0.0103851581333296,0.0109517157783538,0.0104528351444415,0.0090756981091495,0.009551205671463,0.0091352111729207,0.0088118222020413,0.0089969220980695,0.008521700694883,0.0082432239925309,commercial,4,spring,1,38,1008.784406,38333.807428,0
19,2021-04-05,0.0082561807756822,0.0082331560766271,0.0083878517861868,0.0078978761612052,0.0078751074513551,0.0079700228272332,0.0075986712147243,0.0078983387168448,0.0085691145874292,0.0094743242652317,0.009635521010346,0.0093343365716313,0.0100742359425204,0.010064007191633,0.0098938526117435,0.0109399566917174,0.0109987601841835,0.0117395263746653,0.0106506137068234,0.0105778566686353,0.0081425889104039,0.008626796405836,0.0082212367315746,0.0089795124213429,commercial,4,spring,0,38,1008.784406,38333.807428,0
19,2021-04-06,0.0087080972692132,0.0087431727813177,0.0097531394840739,0.0093035420028971,0.0093068595250111,0.0101630830138819,0.0098420524974879,0.009978306193781,0.0109002911335957,0.0114579631909357,0.0117858417545101,0.0121957660282827,0.012105027614592,0.0122052711504379,0.0120425506858731,0.0122401548911247,0.012300025904659,0.0105854438223529,0.0104177685181658,0.0105693690998979,0.0097723816920797,0.010176024902432,0.0097745851417642,0.0093496978973038,commercial,4,spring,0,38,1008.784406,38333.807428,0
19,2021-04-07,0.0095858367260618,0.0095334012152661,0.0091979615175104,0.0094587650876392,0.0094418371227008,0.0092279169908549,0.0094657371520129,0.009563792466216,0.0108472722089681,0.0120569097977856,0.0122451973266452,0.0123440688425603,0.0121801991873961,0.0131255523709618,0.0125788211189551,0.0132638462419388,0.0133617809012891,0.011464662532557,0.0115138285212936,0.0114340486076004,0.0105787321784923,0.0110178590866205,0.0109092752691806,0.0104551570212187,commercial,4,spring,0,38,1008.784406,38333.807428,0
19,2021-04-08,0.0107577127301533,0.0107161791587293,0.0104266739542836,0.0111486625321208,0.0108615460858992,0.0103385448438176,0.0109265468387109,0.0114048503116269,0.01214753312011,0.0122888741717191,0.0126667651104676,0.013322364691244,0.0123406503949775,0.014703558600208,0.0155060261247658,0.0160287328415483,0.0157807922972394,0.0119628233659959,0.0118303049116209,0.0118277581293951,0.0118104528336463,0.0118066326603076,0.0117872050460372,0.0117781279344585,commercial,4,spring,0,38,1008.784406,38333.807428,0
19,2021-04-09,0.0117484176009903,0.0117484176009903,0.0117484176009903,0.0117484176009903,0.0117484176009903,0.0117589439167796,0.0117880521629092,0.0118294510698985,0.012654074387343,0.0132074068389252,0.0144935575737815,0.0173994125674483,0.0153196307396435,0.0180439307616426,0.0204377423438498,0.0184492866574267,0.0186790664465351,0.013768417864459,0.0118302994800109,0.0118277542496737,0.0118104484366286,0.0118066305911228,0.0117872037527968,0.011778126641218,commercial,4,spring,0,38,1008.784406,38333.807428,0
19,2021-04-10,0.0117180550509122,0.0117180550509122,0.0117180550509122,0.0117180550509122,0.0117180550509122,0.0117180550509122,0.0117880503434796,0.0117897461240304,0.0118653722057636,0.0118679158765897,0.0118670679863143,0.0118687637668651,0.0120082945254453,0.0121312861942325,0.0119241284025614,0.0121287425234063,0.012129166468544,0.0118610072883408,0.0119658180880641,0.0118264434224083,0.0107870203665879,0.0111849970168565,0.0108763664093982,0.0109813056640642,commercial,4,spring,1,38,1008.784406,38333.807428,0
19,2021-04-11,0.0113771554833942,0.0113872082558832,0.011380950856371,0.0111199635150084,0.0113590114330407,0.0114947113140589,0.0111393370976616,0.0117409394490146,0.0117409394490146,0.0118493278205108,0.0117409394490146,0.0119424394725689,0.0118501751885623,0.0118514462406396,0.0123152888374367,0.0118493278205108,0.0118493278205108,0.0119654061600453,0.0117180550509122,0.0117180550509122,0.0117180550509122,0.0118264434224083,0.0117180550509122,0.0117180550509122,commercial,4,spring,1,38,1008.784406,38333.807428,0
19,2021-04-12,0.0117484176009903,0.0117484176009903,0.0117484176009903,0.0117484176009903,0.0117484176009903,0.0117589439167796,0.0117880466800996,0.0118294361879869,0.0121687364833588,0.013322952897245,0.0143032419494688,0.0165245445997628,0.0145130796910975,0.0180873425926507,0.0207582118608632,0.0192835869674928,0.0186673543825033,0.0136330551108348,0.0118302830315822,0.0118277425007961,0.0118421235339847,0.0118066243250548,0.0117871998365042,0.0117781227249255,commercial,4,spring,0,38,1008.784406,38333.807428,0
19,2021-04-13,0.0117484176009903,0.0117484176009903,0.0117484176009903,0.0117484176009903,0.0117484176009903,0.0117589439167796,0.011788044837234,0.0118294311859231,0.014961241372308,0.0168362383364176,0.0185940702987898,0.0216925045907517,0.0189351260050627,0.0230550585351658,0.0249108346058397,0.0233867532362962,0.0236606355235539,0.0160588716420351,0.0128243397669484,0.0124476613851969,0.0119188190171995,0.0119150105904188,0.0117871985201717,0.0117991672349245,commercial,4,spring,0,38,1008.784406,38333.807428,0
19,2021-04-14,0.0117484176009903,0.0117484176009903,0.011780106013741,0.0118568059724865,0.0117484176009903,0.0117589439167796,0.011788042987645,0.0118294261656101,0.016066592538884,0.0186882286860066,0.0183085347311115,0.0167977784228837,0.017550491270689,0.0190946407244598,0.0173902031274479,0.0196615177787656,0.0192030570086308,0.0122371963381058,0.0119897422159849,0.0118277345883934,0.0115945375496799,0.0118066201051066,0.0115409162136875,0.011269333686642,commercial,4,spring,0,38,1008.784406,38333.807428,0
19,2021-04-15,0.0114384698634092,0.0117484176009903,0.0110574251836396,0.0110295256197741,0.0110107374112072,0.0101523818929185,0.0105769378185093,0.0106923271730822,0.012144948667228,0.0127080317299908,0.0132906629284239,0.0139344043380534,0.0134495043452693,0.0172500163822004,0.0164782468516673,0.0191306514360557,0.0189326784128512,0.0123476453063514,0.0118602392856768,0.0118277306117547,0.0118104216469871,0.0118066179842327,0.0117871958734904,0.0117743984879258,commercial,4,spring,0,38,1008.784406,38333.807428,0
19,2021-04-16,0.0117484176009903,0.0117484176009903,0.0117484176009903,0.0117484176009903,0.0117484176009903,0.0115715429484905,0.0117880392704894,0.0118294160761878,0.0131144359690399,0.0147174958020434,0.0156865358858457,0.0163545928662482,0.0156823748727947,0.0189468508189672,0.0195151316676139,0.0209677713526465,0.0202639167084907,0.0140372282204315,0.0119873338240975,0.0119387744849524,0.0118104171264664,0.0118066158569288,0.0117871945439255,0.0117781174323468,commercial,4,spring,0,38,1008.784406,38333.807428,0
19,2021-04-17,0.0117180550509122,0.0117180550509122,0.0117180550509122,0.0117180550509122,0.0117180550509122,0.0117180550509122,0.0117880374040237,0.0117897257905996,0.0118653444783579,0.0120923437692525,0.0122045600221736,0.0123836847867071,0.0120082575555712,0.0120078354589272,0.012467812879357,0.0120053028790632,0.0120057249757072,0.0122196126604592,0.0118497268090736,0.0118264434224083,0.0117285379591625,0.0117180550509122,0.0117180550509122,0.0117180550509122,commercial,4,spring,1,38,1008.784406,38333.807428,0
19,2021-04-18,0.0117180550509122,0.0117180550509122,0.0117180550509122,0.0117180550509122,0.0117180550509122,0.0117180550509122,0.0117409320303516,0.0117409320303516,0.0117409320303516,0.0117409320303516,0.0118493204018478,0.0122200499119533,0.0119662424001023,0.0119675078881823,0.012167079447232,0.0120888143553071,0.0119653987413823,0.012166235788512,0.0118264434224083,0.0118264434224083,0.0117180550509122,0.0117180550509122,0.0117180550509122,0.0117180550509122,commercial,4,spring,1,38,1008.784406,38333.807428,0
19,2021-04-19,0.0117484176009903,0.0117484176009903,0.0117484176009903,0.0117484176009903,0.0117484176009903,0.0117589439167796,0.0117880336580797,0.0118294008425043,0.0129790973300879,0.0151775032551874,0.016414752920724,0.0179172572512149,0.0161834922063669,0.0194115456378994,0.021631156735709,0.021425044419138,0.0211271298295674,0.0150304332294217,0.0121517080928999,0.0119361029679639,0.0119076012345387,0.0118066094427463,0.0117871905350614,0.0117885963317331,commercial,4,spring,0,38,1008.784406,38333.807428,0
19,2021-04-20,0.0117484176009903,0.0117484176009903,0.0117484176009903,0.0117484176009903,0.0117484176009903,0.0117589439167796,0.0117880317797109,0.0118293957440745,0.0155446279630932,0.016755542964593,0.0183767043943168,0.019718841359545,0.0177942562202059,0.0212403754245455,0.0231611790014295,0.0229533574437563,0.0223729264122431,0.0160576387856028,0.0131830214074236,0.0123918148647862,0.0119528192484109,0.0119291566590318,0.0118955775648656,0.0118313233022724,commercial,4,spring,0,38,1008.784406,38333.807428,0
19,2021-04-21,0.0117484176009903,0.0118568059724865,0.0117694634273219,0.0118568059724865,0.0118568059724865,0.0117694268250299,0.0118964182699816,0.0119377790093874,0.015258539569581,0.0183771762919806,0.0200544113231222,0.0190866362113717,0.0194290799158724,0.0219812550453888,0.0211704547332679,0.0240148384484334,0.023039750579411,0.0149817889756394,0.0130428675806146,0.0126469156358536,0.0118103943658853,0.0119149935175633,0.0118955762211331,0.0117781107380582,commercial,4,spring,0,38,1008.784406,38333.807428,0
19,2021-04-22,0.0117484176009903,0.0117484176009903,0.0117484176009903,0.0117484176009903,0.0118568059724865,0.0117589439167796,0.0117880280149605,0.0119377738969626,0.015281330718315,0.0183296685117529,0.0191537766141194,0.0199078578683434,0.0191691449940985,0.0220033993262991,0.0209790348867923,0.0215059457164223,0.0214106273429619,0.0146816311211678,0.0131911027777374,0.0124263666582055,0.0119075875298207,0.0122963888032967,0.0119142208386066,0.0119205297065185,commercial,4,spring,0,38,1008.784406,38333.807428,0
19,2021-04-23,0.0118568059724865,0.0118568059724865,0.0118234661838962,0.0118568059724865,0.0118568059724865,0.0117589439167796,0.0117880261296939,0.0118293804083143,0.0144022603265194,0.016016717124987,0.0174059381986719,0.0169948426367652,0.0162546686759526,0.0187189455533324,0.0168006657612589,0.0183649354247399,0.0178183165007741,0.0121755205094819,0.0118302213803652,0.0118276984642125,0.0118103852131059,0.0118066008388768,0.011787185157643,0.0117781080460643,commercial,4,spring,0,38,1008.784406,38333.807428,0
19,2021-04-24,0.0117180550509122,0.0117180550509122,0.0117180550509122,0.0117180550509122,0.0117180550509122,0.0117180550509122,0.011788024243244,0.0117897051093744,0.0118653162766871,0.0118678375758827,0.0118669971428175,0.011868678008948,0.0120082199533434,0.0118917213972763,0.0117816521596497,0.0118892000980807,0.0118896203146133,0.0117413252767978,0.0117413252767978,0.0117180550509122,0.0117180550509122,0.0117180550509122,0.0117180550509122,0.0117180550509122,commercial,4,spring,1,38,1008.784406,38333.807428,0
19,2021-04-25,0.0117180550509122,0.0117180550509122,0.0117180550509122,0.0117180550509122,0.0117180550509122,0.0117180550509122,0.0117409245007136,0.0117409245007136,0.0117409245007136,0.0118493128722098,0.0120888068256691,0.0118956808707573,0.0120896467195701,0.0120909065604216,0.0121934197415002,0.0126295268799282,0.0120888068256691,0.0119297810880737,0.0119425217619428,0.0119425217619428,0.0117180550509122,0.0118264434224083,0.0118264434224083,0.0117180550509122,commercial,4,spring,1,38,1008.784406,38333.807428,0
19,2021-04-26,0.0118568059724865,0.0118568059724865,0.0117484176009903,0.0117484176009903,0.0117484176009903,0.0117589439167796,0.0117880204690287,0.0118293650436514,0.0124112730636192,0.0145321189203848,0.0161176576041963,0.0155936833287349,0.0167902377735875,0.0182345284748622,0.0145224139774702,0.0150109621043129,0.0161864243089256,0.0119744753004293,0.0118302043983694,0.0118276863342155,0.011810371465776,0.0118065943695451,0.0117871811143107,0.011778104002732,commercial,4,spring,0,38,1008.784406,38333.807428,0
19,2021-04-27,0.0117484176009903,0.0117484176009903,0.0117484176009903,0.0117484176009903,0.0117484176009903,0.0117589439167796,0.0117880185823811,0.0118293599227508,0.0138464233526392,0.016418377424288,0.0177190918045926,0.0193075176557324,0.0179199430374037,0.0210431771782575,0.0217561932814616,0.0232812854738742,0.0223753198046628,0.0150327001766945,0.0129993885939244,0.0120652465782528,0.0120711041299391,0.0120310589244071,0.0120116464777359,0.0118753003933367,commercial,4,spring,0,38,1008.784406,38333.807428,0
19,2021-04-28,0.0118568059724865,0.0118568059724865,0.0117589005092407,0.0117484176009903,0.0117484176009903,0.0117589439167796,0.0117880166967851,0.0118293548047047,0.0130157387416288,0.0147864308380028,0.016841774175307,0.0170057407529642,0.0163249090316421,0.0197651390141167,0.02005708951943,0.0217485831319764,0.0215263879693241,0.0151400914970817,0.0124128711486459,0.012319821582457,0.011926412328226,0.0119149784299058,0.0118955667913472,0.0117781013082723,commercial,4,spring,0,38,1008.784406,38333.807428,0
19,2021-04-29,0.0118568059724865,0.0118568059724865,0.0117484176009903,0.0117484176009903,0.0117484176009903,0.0117589439167796,0.0117880148127993,0.0118293496910288,0.0145122955440954,0.0173852880582717,0.0183606381492955,0.0188952112148545,0.0175782951212048,0.0200058566987059,0.0196078964683167,0.0205627617804109,0.0200235371543519,0.012851996127885,0.0121668230325966,0.0119725299942936,0.011810357729219,0.011806587905283,0.0117871770741469,0.0117780999625681,commercial,4,spring,0,38,1008.784406,38333.807428,0
19,2021-04-30,0.0117484176009903,0.0117484176009903,0.0117484176009903,0.0117484176009903,0.0117484176009903,0.0117589439167796,0.0117880129309815,0.0118293445832376,0.0136814491384281,0.014777226607964,0.016435000194211,0.0174255214005399,0.0152000662822828,0.0173380812226858,0.0182337919377753,0.0183049661697124,0.0179250500250526,0.0129067508817047,0.0118301817842278,0.0118276701812572,0.0118103531590899,0.011806585754634,0.0117871757299913,0.0117780986184125,commercial,4,spring,0,38,1008.784406,38333.807428,0
19,2021-05-01,0.0113858666518688,0.0112925608243008,0.0110650762636651,0.0111989901917498,0.0111578437133126,0.0111548853884712,0.0115906648470318,0.0111523042002328,0.0115056605284523,0.0118606863569114,0.0119690747284075,0.0119039333462028,0.0120023256150113,0.0120035806111712,0.0117778589039806,0.0118854106113702,0.0118854106113702,0.0117400570892828,0.0117383837610695,0.0117180550509122,0.0117180550509122,0.0117180550509122,0.0117180550509122,0.0117195198700547,commercial,5,spring,1,38,1008.784406,38333.807428,0
19,2021-05-02,0.0117186959580469,0.0117189249027635,0.0117224965051343,0.0117202532822667,0.0117206200428109,0.011723460893066,0.0117867549838371,0.0117867549838371,0.0118606852850195,0.0118606852850195,0.0119690736565157,0.0120039417270154,0.011886245667639,0.0120035781994145,0.0120023240071735,0.0126855097349758,0.0120589955590778,0.0118484443888871,0.012086266086025,0.0119425217619428,0.0117180550509122,0.0118264434224083,0.0118264434224083,0.0117180550509122,commercial,5,spring,1,38,1008.784406,38333.807428,0
19,2021-05-03,0.0118264434224083,0.0117180550509122,0.0117180550509122,0.0117180550509122,0.0118264434224083,0.0117180550509122,0.0118951422856342,0.0118951422856342,0.0120261723594771,0.0124156032087215,0.0124665537799241,0.0130354534403842,0.013236549163948,0.0135941684212947,0.0134077570405789,0.0132826017101945,0.0132808469873098,0.0133089798878467,0.0127383440585519,0.012309600013952,0.0121398888573617,0.012267498662144,0.0122630578949262,0.0119187077064149,commercial,5,spring,0,38,1008.784406,38333.807428,0
19,2021-05-04,0.0122462368909553,0.0122489043851784,0.0118951900165109,0.0122290837889176,0.0119321177291425,0.0118951900165109,0.012396313853615,0.0128081516334995,0.0126172663266497,0.0136953723966569,0.0137337216152831,0.0137172076332762,0.0141645362508136,0.0141714151550864,0.0139321713872473,0.0117770190310933,0.0117770190310933,0.0117400538805022,0.0117383837610695,0.0118264434224083,0.0117180550509122,0.0117180550509122,0.0117180550509122,0.0117180550509122,commercial,5,spring,0,38,1008.784406,38333.807428,0
19,2021-05-05,0.0117180550509122,0.0117180550509122,0.0117180550509122,0.0117180550509122,0.0117180550509122,0.0117180550509122,0.0117867517825843,0.0118951401540805,0.011871164992017,0.0120851487947973,0.0123452519446751,0.0124079606360895,0.0124284378367442,0.01320929522221,0.0129215490237161,0.0136172693832653,0.0136463494631308,0.0137589685617872,0.0131301797030846,0.0127153578586729,0.0123124339835677,0.0122875440707064,0.012649722006118,0.011997864766805,commercial,5,spring,0,38,1008.784406,38333.807428,0
19,2021-05-06,0.0126633405669975,0.0123117671432467,0.0121074516154863,0.011972884312021,0.011972884312021,0.0119464605292577,0.0121024785155615,0.0131056972283143,0.018646025163223,0.0202335085585291,0.0224199735409907,0.0249826368817668,0.0204661704362146,0.0260953374549635,0.0268969489263831,0.027295698998792,0.0274761251624319,0.0192115938875035,0.0155486618225325,0.0145853535143886,0.0141681135738618,0.0136832421822693,0.0142548266819746,0.0134018041332443,commercial,5,spring,0,38,1008.784406,38333.807428,0
19,2021-05-07,0.013172387702361,0.0131958433233123,0.0127490876250956,0.0131940835039506,0.0132111049675907,0.0125515995633954,0.0134371000925048,0.0141166245289475,0.022732181426599,0.025579157407563,0.0266649512278832,0.0286967344375318,0.0245602079235271,0.0290130214509953,0.0296556283738773,0.0291552857129638,0.0287932910005444,0.0197211771015719,0.0163970035642973,0.0154085105263898,0.0148079741160837,0.011840080993837,0.0117871663976118,0.0117780892860331,commercial,5,spring,0,38,1008.784406,38333.807428,0
19,2021-05-08,0.0119425217619428,0.0119425217619428,0.0117821458055715,0.0119425217619428,0.0119463659631893,0.012117645279295,0.0125603577451023,0.0129695759256846,0.0153247360209631,0.0162319239426661,0.0163690670090895,0.0169098949106549,0.0165528896112095,0.016118700491075,0.0154209534390852,0.0163406076541684,0.0161442161073503,0.0146743453959021,0.0141529968978304,0.01349805515733,0.0130753441766309,0.0135667530518132,0.0131767541144748,0.0130007891131854,commercial,5,spring,1,38,1008.784406,38333.807428,0
19,2021-05-09,0.0131590959623546,0.0131595583433978,0.0125259590511703,0.0130890440364765,0.0127177163727813,0.0120281635963691,0.0127930136258922,0.013211962671032,0.0129423046103075,0.0141002695306258,0.0136430112856795,0.0136871562538286,0.0141400884644897,0.0141633549156696,0.0148840410726578,0.0150847239192182,0.014411376465217,0.0135783542727231,0.0131598377825635,0.0135799041471563,0.0129890394469845,0.0135559693883797,0.0135596928170092,0.0128213959310408,commercial,5,spring,1,38,1008.784406,38333.807428,0
19,2021-05-10,0.0131221490805925,0.0131204742967312,0.0126020227228552,0.0127297288274478,0.0127252574914306,0.0122959109312393,0.0129323111438069,0.0135626299927264,0.0205618138028605,0.0239666801068958,0.024917983340771,0.0257275887853443,0.0222466898048453,0.0279198953499834,0.0290384468044857,0.0287238141942316,0.0286084225753063,0.0197137202764053,0.0160798182911327,0.0156216988306251,0.0146165319630573,0.0150240542559197,0.0145777767331654,0.0135945121334131,commercial,5,spring,0,38,1008.784406,38333.807428,0
19,2021-05-11,0.0133409300527553,0.0131967771603646,0.0128221762638742,0.0132015570613413,0.0132202047497834,0.0127990844264024,0.0117879925326683,0.0119376775878838,0.0171614763766709,0.0192697930369847,0.0176798246672512,0.0188992243744136,0.0174564024552682,0.0209720025831077,0.0213201608518357,0.0223584680252423,0.0222706412937686,0.0158067524365484,0.0136689922978406,0.0132948054765061,0.0124477211485303,0.0123465197196901,0.0118955495312638,0.0119435721923456,commercial,5,spring,0,38,1008.784406,38333.807428,0
19,2021-05-12,0.0118568059724865,0.0117484176009903,0.0117484176009903,0.0117484176009903,0.0117484176009903,0.0117589439167796,0.011766447914898,0.0118292842962512,0.0135358330744927,0.015801154300438,0.0174564860056509,0.0192210967078615,0.0174937151037978,0.0204708564775894,0.023760260493571,0.0247054341130403,0.02421459877034,0.0164634752633811,0.0131662273284937,0.0131077626697855,0.0119017925794876,0.0120396984431825,0.011895548236491,0.0117780827534161,commercial,5,spring,0,38,1008.784406,38333.807428,0
19,2021-05-13,0.0117484176009903,0.0117484176009903,0.0117484176009903,0.0117484176009903,0.0117484176009903,0.0117589439167796,0.0117879889166075,0.0118292794013654,0.0156808602905856,0.0195629020616692,0.0206413184682089,0.0213970558362601,0.0203000991216604,0.0238750109044182,0.0244877004908325,0.0242152635521647,0.0223391839267569,0.0158462078077221,0.0135744453178412,0.0131465719756635,0.0119616520558221,0.0125268525498659,0.01214391166645,0.0118531300481941,commercial,5,spring,0,38,1008.784406,38333.807428,0
19,2021-05-14,0.011972884312021,0.011972884312021,0.0118016288214721,0.0118568059724865,0.0118568059724865,0.0117799897431111,0.0118963754945616,0.0120849030763714,0.01720166864839,0.0206658588154727,0.0219582082494964,0.021570235264639,0.0212582398550778,0.0249775204838418,0.0241303003775678,0.0254332337099028,0.0249051417419559,0.0160049898426834,0.0143123883703478,0.0130404415783858,0.0122123257286437,0.0123208967219504,0.012135039620721,0.0119205004980221,commercial,5,spring,0,38,1008.784406,38333.807428,0
19,2021-05-15,0.0120659373758677,0.0119425217619428,0.0118490550595958,0.0119425217619428,0.0119425217619428,0.0117821458055715,0.0120124520509221,0.0120141106865654,0.0120349454780082,0.0140013239703584,0.0147540780536552,0.0145988463620854,0.01459707225866,0.0141801122638251,0.0140085627267899,0.0149429428459201,0.0140617407296846,0.0123502745633856,0.0125312000336369,0.0124774515556426,0.0119666293349959,0.0120659373758677,0.0120659373758677,0.0118835431950689,commercial,5,spring,1,38,1008.784406,38333.807428,0
19,2021-05-16,0.0119425217619428,0.0119425217619428,0.0118490550595958,0.0118264434224083,0.0119425217619428,0.0118264434224083,0.0118492907073209,0.0123337483811287,0.0120385608598213,0.0127194050589698,0.0127501310952487,0.0137644409154523,0.0136055250231807,0.0136154583213502,0.0142115401558826,0.0138952846446068,0.0137535669291972,0.0135076915435128,0.0131218458443574,0.0117180550509122,0.0117180550509122,0.0117180550509122,0.0117180550509122,0.0117180550509122,commercial,5,spring,1,38,1008.784406,38333.807428,0
19,2021-05-17,0.0117484176009903,0.0117484176009903,0.0117484176009903,0.0116343633366243,0.0112957888735292,0.0116464678749017,0.0110453888011207,0.0111682728155376,0.0122997174339195,0.0124910594265866,0.0127762889202716,0.0146541862293417,0.0143123245677087,0.017743407354829,0.0196485345556498,0.0200249713788738,0.0204030281039765,0.0139463797447805,0.0123908968969803,0.0121995787759579,0.0120347442827176,0.0121544325090469,0.0120116202094328,0.0118421671414827,commercial,5,spring,0,38,1008.784406,38333.807428,0
19,2021-05-18,0.011972884312021,0.0118568059724865,0.0117484176009903,0.0118568059724865,0.0118568059724865,0.0117589439167796,0.0117879800578422,0.0118292553561454,0.0142853368387518,0.0164330334654856,0.0171774947518122,0.0186257943657145,0.0165713318306943,0.0182941874063543,0.0188720894598095,0.0201481443402783,0.0201439883563754,0.0132816891069852,0.0121473977776723,0.0119624357817272,0.0118102733243233,0.011806548185332,0.0117871522491775,0.0117780751375988,commercial,5,spring,0,38,1008.784406,38333.807428,0
19,2021-05-19,0.0117484176009903,0.0117484176009903,0.0117484176009903,0.0117484176009903,0.0117484176009903,0.0117589439167796,0.0117879783213882,0.0118292506429129,0.0144300908666666,0.0171441297671402,0.0184965561771006,0.0195599444874012,0.0177867372074317,0.0214493382093351,0.0217425766274327,0.0239224473711034,0.0246186796916939,0.0141906043069995,0.0135194219338723,0.0123362391001863,0.0118848656638377,0.0120310129118437,0.0120116177198838,0.0117780738972745,commercial,5,spring,0,38,1008.784406,38333.807428,0
19,2021-05-20,0.0118568059724865,0.0118568059724865,0.0117589005092407,0.0118568059724865,0.0118568059724865,0.0117589439167796,0.0118963649694048,0.0119376343363933,0.0157998201261128,0.0187856761264852,0.0211146956881324,0.02165763183421,0.0198932037089207,0.0242130619928896,0.0242937623227456,0.0265761855941875,0.026454625743428,0.017160526843182,0.0150175504370028,0.0140866555434607,0.0122048538623914,0.0126036869896581,0.0121848150290211,0.0118752704044278,commercial,5,spring,0,38,1008.784406,38333.807428,0
19,2021-05-21,0.011972884312021,0.011972884312021,0.011879417609674,0.011972884312021,0.011972884312021,0.0118561416549897,0.0120124415989448,0.0120537080345142,0.0179579325453702,0.021618371009551,0.0223042968150613,0.0213785132569671,0.0202149824741611,0.0222908845076937,0.0207969531372658,0.0210676189372025,0.0219163360291315,0.0152249489530128,0.0131222752377646,0.0127788934040714,0.0122222918260726,0.0123008123774546,0.0118955369278679,0.011778071444793,commercial,5,spring,0,38,1008.784406,38333.807428,0
19,2021-05-22,0.0118264434224083,0.0118264434224083,0.0117180550509122,0.0118264434224083,0.0118264434224083,0.0117180550509122,0.0118963615634072,0.0118980132573474,0.012111135543978,0.0126389454592665,0.0134559937384725,0.013528553370343,0.0129814642605624,0.0133872925117403,0.0143230716201475,0.0148284207996486,0.0136774600528688,0.0126988541563438,0.0126327473264854,0.0125566080617049,0.0120801151170401,0.0120659373758677,0.0120659373758677,0.0118490550595958,commercial,5,spring,1,38,1008.784406,38333.807428,0
19,2021-05-23,0.0119425217619428,0.0119425217619428,0.0118377109622195,0.0118264434224083,0.0118264434224083,0.0117712662713939,0.0117408954459893,0.0119653621570199,0.0119297520333494,0.012219169668871,0.0123561685636685,0.012274022712554,0.0125358968906166,0.0129888027585595,0.0123569939302073,0.0126484687116517,0.0130115884847651,0.0124120647532725,0.012476556476389,0.0123333281685914,0.0121302841753214,0.0121963292737939,0.0121963292737939,0.0119545390373034,commercial,5,spring,1,38,1008.784406,38333.807428,0
19,2021-05-24,0.0120962999259459,0.0120962999259459,0.0118908379148256,0.011972884312021,0.011972884312021,0.0118013542419644,0.0118963582153799,0.0120536943435744,0.0162584300163409,0.0188222736348891,0.0205308667531625,0.0226059933250617,0.0196048879098108,0.0243605733063259,0.0257304484078982,0.0277222135399333,0.0280422259563926,0.0183914890150439,0.0150050336016958,0.0143316697415918,0.0127943762527086,0.0138191406618612,0.0134743858700753,0.01215278780923,commercial,5,spring,0,38,1008.784406,38333.807428,0
19,2021-05-25,0.0123628318512837,0.0123924900498565,0.011879417609674,0.0123714934761302,0.012383861004874,0.0118561416549897,0.0125775597933442,0.013207190011824,0.0203622772683484,0.0230457731915923,0.0246014979440357,0.0272390007460811,0.0228916209536085,0.0275009045119993,0.0290641363511296,0.0304060789665958,0.0280809443341583,0.0198124633424381,0.0160504115346937,0.0155184052183213,0.0141990065733981,0.0143058657005409,0.0142315636282409,0.0131586735521148,commercial,5,spring,0,38,1008.784406,38333.807428,0
19,2021-05-26,0.0130702124891374,0.0129020076005086,0.0120457386951125,0.0127513706582232,0.0124046728323024,0.0119834106278102,0.012929076741601,0.0141322301056436,0.0222537672821393,0.0253454380606984,0.0259001356032597,0.0258164937233614,0.0233131430121554,0.0287402426869378,0.030509756132262,0.0310457387253128,0.0321369520840894,0.0209988323741114,0.0176596130819216,0.0153488732315703,0.0139960936230043,0.0140308249078354,0.0140388917565748,0.0129579058110208,commercial,5,spring,0,38,1008.784406,38333.807428,0
19,2021-05-27,0.0127570973384615,0.0126102258055936,0.012021416548499,0.0123364655336375,0.0120962999259459,0.0119954279031708,0.0125470092410891,0.0137290446845922,0.0213512746249314,0.0257587532613336,0.0274429118592697,0.02645830581888,0.0252054387367396,0.028786710905498,0.0290756648624847,0.0331053656659836,0.0335725243664203,0.021192901393757,0.0181809471081132,0.0164353287079513,0.0150207373112645,0.0150755597219246,0.0146366788864645,0.0139353643248279,commercial,5,spring,0,38,1008.784406,38333.807428,0
19,2021-05-28,0.0142390687196598,0.0136030340550729,0.0131503248374197,0.0138474252295815,0.0132464515981419,0.0127735730382853,0.0138802659010029,0.0146860967446853,0.0212942694033243,0.0251063520212488,0.0269308231955936,0.0285090572617902,0.0251141290935285,0.0309607705625469,0.0266231477599506,0.0276348337811572,0.0298493887271056,0.0189939731555325,0.0165955981788151,0.0161055805912722,0.0146436916503574,0.0153924191125272,0.0143982004559683,0.0135972751998392,commercial,5,spring,0,38,1008.784406,38333.807428,0
19,2021-05-29,0.0131871109268501,0.0131690170521763,0.0127612862208166,0.0120941346670529,0.0123752442138479,0.0129379649795479,0.0138431289157512,0.0134136340738472,0.0151373251417045,0.0149747112640516,0.0144350203289453,0.0184545482343844,0.0141361542195315,0.0130942783783652,0.0160007419274957,0.012954222953379,0.0120546535015601,0.0118053535414914,0.0119657294978628,0.0119425217619428,0.0118041394104919,0.0119425217619428,0.0122961772110009,0.0120493638834839,commercial,5,spring,1,38,1008.784406,38333.807428,0
19,2021-05-30,0.0126747609984631,0.0130917342320677,0.0122326885064181,0.0130941701137843,0.0136033031554069,0.0124753195939582,0.0137589803137428,0.0141864696812088,0.0144150816218379,0.014690478338264,0.0151514070705895,0.0156507258907819,0.0164911416121486,0.0152996331277652,0.0158107658113799,0.0154362669679832,0.0153938889249444,0.0148980341127409,0.0141378274500754,0.0141067965228551,0.0139292447827588,0.0140676070984376,0.0140581149031022,0.0138031973861297,commercial,5,spring,1,38,1008.784406,38333.807428,0
19,2021-05-31,0.0140675584243701,0.0140790061583764,0.0135203380414258,0.0140651916984735,0.0140717013599125,0.0136898707048798,0.0143467584323255,0.0146340811298239,0.022898000632621,0.0272547562182559,0.0299785776535385,0.0287440965667231,0.0258178344483137,0.0314673723018903,0.0340044592540183,0.0328900040110161,0.032819106743006,0.0218391704371667,0.0171524276140943,0.0166665614505999,0.0160896916153936,0.0158502360675675,0.0154006493771418,0.0145210544724529,commercial,5,spring,0,38,1008.784406,38333.807428,0
19,2021-06-01,0.0138419536456616,0.0136771216691492,0.0130648539015499,0.0134745537205386,0.0137416182421896,0.0137715550508716,0.0150578878556446,0.0165941829692937,0.0242371907084063,0.0313466987012161,0.0326495989981539,0.0284352820689086,0.0264261836709946,0.0368792444566637,0.032267050257683,0.0326658901340341,0.0359544223583459,0.0239770443177949,0.0184128147327175,0.0177408034748793,0.0161726555238097,0.0163398896525849,0.0163737824013138,0.0151348166498928,commercial,6,summer,0,38,1008.784406,38333.807428,0
19,2021-06-02,0.0154494893746372,0.0152965511854949,0.0142792398617677,0.0149947002761232,0.0134041313903431,0.0127128578239096,0.0152794066005732,0.0151547206360021,0.0231843612121198,0.029963710974299,0.0324610914298847,0.0321025227275258,0.0252682528362031,0.0291461301758201,0.030896583909336,0.0286823001642614,0.0286109121413351,0.01990349034468,0.0181080757079303,0.0174728209830043,0.015781025270144,0.0166918449428782,0.0162078203978953,0.0149090255212847,commercial,6,summer,0,38,1008.784406,38333.807428,0
19,2021-06-03,0.015316145195359,0.0147594555507918,0.0143142006013201,0.0142901713322687,0.0147751579533963,0.0134972023122579,0.0152025081868704,0.0168754791739916,0.0251229693910029,0.0318384747197705,0.0347447343215525,0.0306980518796802,0.0289942433456467,0.0353407136434259,0.0330972467528332,0.0360732797006831,0.0381791071450937,0.0233008334853251,0.0184925548466269,0.0184264335931796,0.0165893556214181,0.0176067096693862,0.0159522105256526,0.0151160141385158,commercial,6,summer,0,38,1008.784406,38333.807428,0
19,2021-06-04,0.0154953982929617,0.015341069712028,0.0141061008118487,0.0145087116116482,0.0143895552551247,0.0139644826745041,0.0159112165930164,0.0170296567801265,0.0250574052844549,0.0322161236542478,0.0314062095452671,0.0305470115081677,0.0265488510719868,0.0317636902206618,0.0311495662753192,0.0337526007021128,0.0344436516669438,0.0226992826248907,0.0191336194345143,0.0184606888030367,0.0165984136788356,0.0176298331788395,0.0171550893717534,0.015173099902217,commercial,6,summer,0,38,1008.784406,38333.807428,0
19,2021-06-05,0.0151729136632969,0.0146099595223178,0.0139732275882199,0.0141535864581954,0.0131717264680427,0.0132930580176441,0.0153207948007384,0.0156598415391562,0.0168759500721322,0.0197527611277732,0.0205346739902567,0.0194717921555164,0.0187746094211956,0.0188948145225081,0.0179510085152982,0.0178372078426947,0.0175597583720408,0.0148982693004077,0.0136189166765184,0.0131355301880762,0.0137827460203747,0.0143992251839109,0.0143579788214488,0.0137826982332827,commercial,6,summer,1,38,1008.784406,38333.807428,0
19,2021-06-06,0.0135257318460949,0.0139537309998979,0.013420663436552,0.0134827142535928,0.0134740824268389,0.013419423464986,0.0136085582129039,0.0138332453749777,0.0138943628760824,0.0155237897634718,0.0168760257034425,0.0153793884646546,0.0169565341108391,0.0164215472354941,0.0158112386772596,0.0165041737471399,0.0153516770204489,0.0145001831482293,0.0149728471608875,0.0149890024331011,0.0139933164246989,0.0145268733717705,0.0145362611400889,0.0139372134883237,commercial,6,summer,1,38,1008.784406,38333.807428,0
19,2021-06-07,0.0149900269780045,0.0144784418207627,0.0138771544762164,0.0140521061847452,0.0136412555487486,0.0119013642306148,0.0138094586329467,0.0153244138987988,0.0216379714098416,0.0273569053881482,0.0227809853175776,0.0232704997557468,0.0250862756926277,0.0284726940881748,0.0279195884794404,0.0326765186918255,0.031085526887696,0.0198512524233771,0.0180241577470925,0.0175944807236508,0.0161607257666064,0.0128614524839665,0.0123604521402101,0.0126995819140511,commercial,6,summer,0,38,1008.784406,38333.807428,0
19,2021-06-08,0.012922689352264,0.0147518537786378,0.01406996713888,0.0146383734526311,0.0145698514541624,0.0140341464659461,0.0151902162209235,0.0158997665212603,0.023905980467772,0.0231557203590421,0.0198499015747544,0.0209247917202673,0.0202092288413517,0.0278503619895262,0.0278002988068548,0.0227915359479257,0.0242628109065064,0.0151453824700758,0.0143698519285432,0.0144109448884814,0.0133157172015123,0.013814844213226,0.0133949882283432,0.0127096767267424,commercial,6,summer,0,38,1008.784406,38333.807428,0
19,2021-06-09,0.0136276282790765,0.0129751223774823,0.0124879218038428,0.0144969516147348,0.0141034207494229,0.0135720502654277,0.0143955997408384,0.0156123728243605,0.022780172409725,0.0274635524345242,0.0290294917342027,0.0287230631059859,0.0252985488702899,0.0300691771360762,0.0271080572816879,0.0228794247218675,0.022196965624169,0.0151771079122964,0.0139287774429695,0.0135773353961309,0.0130878569378148,0.0143470526117445,0.0155149794760413,0.0129046412920619,commercial,6,summer,0,38,1008.784406,38333.807428,0
19,2021-06-10,0.014747413941228,0.0146628700076508,0.0130930089611276,0.0124702448623558,0.0118568059724865,0.0117589439167796,0.0118963326370982,0.012376386160709,0.0174138181719096,0.0202873767967598,0.0209657563441775,0.0195442479166354,0.0192295200001477,0.0229347237960966,0.0206311700380539,0.0212667219127275,0.0216653725080259,0.0152470318226962,0.0145112894066526,0.0141519322832392,0.0130468178265835,0.0136318124787582,0.0132342492089675,0.0126412628907791,commercial,6,summer,0,38,1008.784406,38333.807428,0
19,2021-06-11,0.0127428568272404,0.0123866678599302,0.0119768915584662,0.0127629184142457,0.0127750349344369,0.0121359764433707,0.0129774411866059,0.013619093354676,0.0205828208320589,0.0232935565683076,0.0246865007381085,0.0260889832606392,0.0234698793779235,0.0282355679040709,0.0307332802219103,0.0314836817603818,0.0315989360277094,0.019879764856591,0.0171324921216266,0.0160622546347022,0.0150921402922168,0.0159114577085923,0.0154543265693817,0.0144639029251271,commercial,6,summer,0,38,1008.784406,38333.807428,0
19,2021-06-12,0.012423657617999,0.0124992637692734,0.0126492609156855,0.0127300983956239,0.0123460521695841,0.0122112480526162,0.013082598253508,0.0138061619431875,0.0147764727722105,0.0156704276332201,0.0159082492482338,0.0148021600218828,0.0148103033900872,0.015793495195763,0.0148695473205618,0.0149785348009009,0.0145982188642389,0.0137629754029245,0.0140070814038113,0.012882539754586,0.0119305778661709,0.0119717746649458,0.0119594503018415,0.0118490550595958,commercial,6,summer,1,38,1008.784406,38333.807428,0
19,2021-06-13,0.0126563454327903,0.0134880720503901,0.0130273724551009,0.0135344017881193,0.0135488080063804,0.0128339850514203,0.0137298678047659,0.0142546737609438,0.0141123309373981,0.0161825167903661,0.0164692493767966,0.0157208560467149,0.0140761639071671,0.0152357500316747,0.0153671663463196,0.0155260817014867,0.0154777342395735,0.0142955358172262,0.0145721109971046,0.0120800547649993,0.0118490550595958,0.0119615866346282,0.011960124345646,0.0118719715270548,commercial,6,summer,1,38,1008.784406,38333.807428,0
19,2021-06-14,0.0126507874747293,0.0122739660740501,0.0119187077064149,0.0119425217619428,0.0119425217619428,0.0117712662713939,0.0118951033340156,0.0120626478574939,0.0119690336351979,0.0129532714663852,0.0138253854746134,0.0124665319743736,0.0129202010521764,0.012529070915445,0.0121373469831004,0.0128923504154127,0.012526823772124,0.0124628072903019,0.0118467721325657,0.0117180550509122,0.011793103633818,0.0118264434224083,0.0118264434224083,0.0118264434224083,commercial,6,summer,0,38,1008.784406,38333.807428,0
19,2021-06-15,0.011972884312021,0.011972884312021,0.0118568059724865,0.0118568059724865,0.0118568059724865,0.0118339924996854,0.011896326289075,0.0119375293469266,0.015821039030859,0.0184935606196648,0.0202112456591604,0.0200953283563713,0.0194074757935559,0.0250864298306918,0.0248673403789131,0.0281518489556477,0.0261587588193013,0.0185372688920795,0.0149197819935373,0.0139900538148283,0.0130873402471395,0.0135574818354569,0.0132001439459477,0.0126412599646249,commercial,6,summer,0,38,1008.784406,38333.807428,0
19,2021-06-16,0.012734469081444,0.01275318517599,0.0122048257537454,0.0122528631222665,0.0123764492695461,0.0120739039833268,0.0130604224332642,0.0141682318795107,0.0213536569794151,0.0239463620205897,0.0255729759962632,0.0255912143035741,0.0243774182680488,0.0288389495750998,0.0308515227908101,0.0291297355326519,0.0281556232164468,0.0207376795658357,0.0165228909009225,0.0159584827049528,0.0146389928408178,0.0152743709968546,0.0143267975997952,0.0137830677607103,commercial,6,summer,0,38,1008.784406,38333.807428,0
19,2021-06-17,0.0130611501856267,0.0133721496809643,0.0124984389070459,0.012748779606203,0.013177997591231,0.0124020195704022,0.0132688265923235,0.0151075497479781,0.0216983769843764,0.0280066038402216,0.0265913529424821,0.0281004485062168,0.0232988697901126,0.0262031363695607,0.0257965797820893,0.0269962381880646,0.0272450355796475,0.0185670143602579,0.0164196328983476,0.0154147854751583,0.0143883944561672,0.0147175855044238,0.0142545025558375,0.0126620116120584,commercial,6,summer,0,38,1008.784406,38333.807428,0
19,2021-06-18,0.0125710864159378,0.0124153560496306,0.0119849015873816,0.0123247498132443,0.0123401256833981,0.0119714667320383,0.0123480395272805,0.0133884544473199,0.0216115706647371,0.0253111103212661,0.0282611545404508,0.0286422085434559,0.0260411893449282,0.0308064400427387,0.0325742370636958,0.0302962069925883,0.0353213939830099,0.0213742798319307,0.0175084794402027,0.0168614030262699,0.0150949681534921,0.0155105478503322,0.0145407265583694,0.0135125196904325,commercial,6,summer,0,38,1008.784406,38333.807428,0
19,2021-06-19,0.0133741951474657,0.0131906680742922,0.0123853115675214,0.0123432891491269,0.0123348441262089,0.0121559119815782,0.0134536889818094,0.0137225284962712,0.0160262653594347,0.0187637196896667,0.0192099794826355,0.0193456653733871,0.0172969872445956,0.017524589532926,0.0155590092448819,0.0179867067714401,0.0178455383928065,0.0169433333188011,0.0146610728148121,0.0141017788725544,0.0128675196893669,0.0135201719370617,0.013532981456253,0.0127919874903139,commercial,6,summer,1,38,1008.784406,38333.807428,0
19,2021-06-20,0.0134663638100703,0.0126827128139451,0.0125719392698926,0.0126375476275549,0.0122994087489326,0.0122613633136896,0.0128074449862956,0.0136935584263804,0.0134379645163634,0.0152493274226189,0.0148817307293573,0.0157639512078416,0.0160621060280882,0.0171220478075351,0.0158092321778654,0.0169985310602647,0.0171792964198497,0.0166556931620787,0.0144586193029994,0.013987976095504,0.0129883770282192,0.0135459574248118,0.0135598866776451,0.012791038127406,commercial,6,summer,1,38,1008.784406,38333.807428,0
19,2021-06-21,0.0135799747746063,0.0135179737539602,0.0127120314710271,0.0131325263938942,0.0131295273672518,0.0124777915002991,0.0128847492073279,0.0146125767795596,0.022101888512726,0.0259163742078589,0.0268966453359311,0.0287049855688219,0.02585772450198,0.0324780925373024,0.0333321620369907,0.0333670027785913,0.0356902034755395,0.0236934391661446,0.0182699454522704,0.0175818256375225,0.0159275538716446,0.0162453586918807,0.01578483443134,0.0143960463869774,commercial,6,summer,0,38,1008.784406,38333.807428,0
19,2021-06-22,0.0148576206813702,0.0142214344699782,0.0130383839472233,0.013389011169454,0.0128484553646766,0.0128972053121161,0.014346862482086,0.0164215792778953,0.0249270203246072,0.0277512441824019,0.0295383985881495,0.0303681949957221,0.0280562374305343,0.0322418905804225,0.0334668172521062,0.0359069086465827,0.037114648505519,0.0243616982413514,0.0187266014840165,0.0179676138559275,0.0161371194767953,0.0165235582773449,0.0160287656423185,0.0148185880706947,commercial,6,summer,0,38,1008.784406,38333.807428,0
19,2021-06-23,0.0150625381509392,0.0143700045794874,0.0133471414527605,0.0135120916807907,0.0143793537281225,0.012849425222523,0.0150045257238253,0.0166977567491237,0.0249363217068241,0.0288250362549911,0.0314272886836004,0.029818549549348,0.0280944227053607,0.033797626969588,0.0333553833148558,0.0375384204056486,0.0377247183492425,0.0231983113326756,0.0199381680973574,0.0179733009188992,0.0166758153525022,0.0177092170705691,0.0172411180062335,0.0155703630627962,commercial,6,summer,0,38,1008.784406,38333.807428,0
19,2021-06-24,0.0156225983008098,0.0149296007581532,0.0139516426995195,0.0150488330293939,0.0149527796293012,0.0140600203248567,0.0154699148559128,0.0171442503613949,0.0265676634335543,0.0290908265927594,0.0315409025566926,0.0323684361411752,0.0274843786325706,0.0352532061939048,0.0336191272757451,0.0396055602843831,0.0383926301959306,0.0240540062944061,0.0200864041820885,0.0186248754051925,0.0169585912829559,0.0171692455865811,0.0172902642314889,0.0157849779969102,commercial,6,summer,0,38,1008.784406,38333.807428,0
19,2021-06-25,0.0156558120740472,0.0160997522094935,0.0143458502568475,0.0146117620599694,0.0144731946664919,0.0142735764627095,0.0155637445370508,0.0164346060444562,0.0250758848501363,0.0304099222676359,0.0313589856110423,0.031284873294572,0.0290452046115986,0.0353254208141467,0.034604562082293,0.0376474718476559,0.03630434953173,0.0240059138004924,0.0195028442218272,0.0179447974174263,0.0165541326917197,0.0171018256030561,0.0166684860153865,0.0156790576519544,commercial,6,summer,0,38,1008.784406,38333.807428,0
19,2021-06-26,0.0147371969774816,0.0150313822052284,0.0137557925633942,0.0137309279943325,0.0140494123203665,0.0126982269216398,0.0153517376662967,0.0156136083356219,0.018167473278981,0.0196481548621612,0.0203483047783645,0.0206371823820806,0.0187338317276393,0.0189996292585091,0.0164578399662499,0.0190610670215962,0.0190308753756596,0.0172537798938093,0.0160243977215887,0.0147299233147108,0.013799592485718,0.0144762660132015,0.0144043316204322,0.0134224248678537,commercial,6,summer,1,38,1008.784406,38333.807428,0
19,2021-06-27,0.0139868930032515,0.0140050477313798,0.013257733925299,0.0139940171786349,0.0140027021310276,0.0133105531740716,0.01413325378897,0.0137479917107444,0.014211356007183,0.0148926556639668,0.0141714014592332,0.0151970020799107,0.0164843359917685,0.016157009179356,0.0159754971291939,0.0176531035919421,0.0166278059606977,0.0154462057557565,0.0144244751209194,0.0142603488587265,0.0129481144313943,0.0138966843259852,0.0134706683248988,0.0132928824358013,commercial,6,summer,1,38,1008.784406,38333.807428,0
19,2021-06-28,0.0118568059724865,0.012364356586775,0.0119255525665891,0.0127276886029466,0.0127421569181415,0.0118230346714389,0.0121670952112209,0.0119870889537524,0.0187464175273684,0.0204706766109206,0.021982100933095,0.0219197855212436,0.0200767693195383,0.0237694924255007,0.0220527782733866,0.0242158553369587,0.0262321906762176,0.0165906145213094,0.0148947140068697,0.0144876294733763,0.0134534378120469,0.0138941260144359,0.0139429251558699,0.0129501492028999,commercial,6,summer,0,38,1008.784406,38333.807428,0
19,2021-06-29,0.0132694923250643,0.0127543254737695,0.0122237911923386,0.0127723505071695,0.0127827373956658,0.0118785998280869,0.0122001520819393,0.0121018464484323,0.0185219821465801,0.0238499909104303,0.0261918210924628,0.0244011364237179,0.0204716990538521,0.0259385993518882,0.0241174822692402,0.0255753676728853,0.0257527463049245,0.0176911689748891,0.0155428508050848,0.0145944149262657,0.0137101824363011,0.0134947906114021,0.0130537084507078,0.0124505422402441,commercial,6,summer,0,38,1008.784406,38333.807428,0
19,2021-06-30,0.0123760640947278,0.0123147949271609,0.0119849015873816,0.0123110540939916,0.01232617395227,0.0119360788823783,0.0121793165912718,0.0132544099312131,0.0192034301648622,0.0244725472912932,0.0251956402456528,0.0261416536142094,0.019170969614241,0.0239957491334499,0.0235524599499429,0.0264810399113901,0.0264147685788337,0.0161965246760353,0.0144015492109588,0.0139131370679075,0.0132900048592821,0.0136449479140484,0.0135680259592184,0.013534832047644,commercial,6,summer,0,38,1008.784406,38333.807428,0
19,2021-07-01,0.0135348844363833,0.0134334236104981,0.0129557114103634,0.0131846889773749,0.0131863526733765,0.0130940690552738,0.014251117568661,0.0150631903463387,0.0224004288706016,0.0271956924213735,0.0271338345619672,0.0263304254370764,0.0259822066359977,0.0308288061870221,0.0301486797251144,0.0331588806760655,0.033821342921223,0.0223640430502258,0.0183432899878356,0.0170763399668526,0.0156561949187627,0.016311428060449,0.0158872453108396,0.0143218074884826,commercial,7,summer,0,38,1008.784406,38333.807428,0
19,2021-07-02,0.0148040126569193,0.0141764287401184,0.0133615366788077,0.0138644689331498,0.0132701951648559,0.013060756849471,0.0141169120619709,0.0149984733509848,0.0232610097075253,0.0282889901329696,0.0294332943299395,0.027362415437543,0.0273973865877838,0.0315675528225749,0.0302478753277773,0.0347944373260011,0.0315979828383242,0.0203785639849734,0.0177407680912064,0.0171329851513239,0.0155195546166201,0.0163341338059176,0.0159189867200195,0.0143742986556916,commercial,7,summer,0,38,1008.784406,38333.807428,0
19,2021-07-03,0.0139931161233747,0.0144115752945824,0.0127656580223053,0.013483789618995,0.0134536077759958,0.0129738482488881,0.0144575374667667,0.0145893399488217,0.0156735336767054,0.017073188699955,0.0180467542484985,0.0168446174926635,0.0170405903531914,0.0166989339364584,0.0156732769297328,0.0165843473785974,0.0162406243423021,0.0134741023933241,0.0144125091461952,0.0139709702520226,0.0129837069542098,0.0138910913932965,0.0139166855508182,0.0131247166026207,commercial,7,summer,1,38,1008.784406,38333.807428,0
19,2021-07-04,0.0134632332819184,0.0134654427888148,0.0129619456911655,0.0134476011179022,0.0134507085857321,0.0127029746866053,0.0135612998382325,0.0140927283381379,0.0130285458821539,0.012901264574615,0.0129018424795309,0.0130213363790148,0.0125009666172103,0.0141325557208017,0.0129407317291495,0.0145484999755355,0.0145819515413957,0.0125141046350995,0.0139804564080481,0.0134989433012008,0.012415258996824,0.0119781071503229,0.0118264434224083,0.0117180550509122,commercial,7,summer,1,38,1008.784406,38333.807428,0
19,2021-07-05,0.0118568059724865,0.0117484176009903,0.0117484176009903,0.0118568059724865,0.0118568059724865,0.0117589439167796,0.011896307526936,0.0120535567606553,0.0158593828874601,0.0201161732678941,0.0226893804974322,0.0217785042353062,0.0218171172282028,0.0246750852722011,0.0241611562823278,0.0196991842795953,0.0203849790208155,0.0143151286336533,0.0130614236898233,0.0123181687904387,0.0118525357436737,0.012686093817471,0.0120115754584922,0.0118641159954626,commercial,7,summer,0,38,1008.784406,38333.807428,0
19,2021-07-06,0.011972884312021,0.0118568059724865,0.0118456153392005,0.011972884312021,0.011972884312021,0.0117589439167796,0.0120123852328776,0.0124851842443859,0.0189126786922317,0.0232391228426043,0.0249979769602756,0.0259700603199832,0.0227624600847216,0.0289084880666273,0.0292885459816964,0.0313531702786735,0.0296113355586549,0.0189474325533918,0.0170160210277285,0.0165364176775432,0.0145988796630247,0.0146688283057408,0.014758713042539,0.0136131011514688,commercial,7,summer,0,38,1008.784406,38333.807428,0
19,2021-07-07,0.0139818286277147,0.0133569063346359,0.0126283748039312,0.013137010066798,0.0131597947786129,0.0125168041479306,0.013549444641489,0.0148285510268256,0.0217949526315443,0.0263873918782135,0.0280387352271687,0.0270417036873324,0.0257882548778442,0.0296181575706727,0.0305253862664208,0.0342077201636763,0.0337675478177298,0.0223675243931663,0.0185860653411904,0.0166263079506368,0.0156606562680505,0.0164151641918475,0.0153290030020141,0.0143292955565769,commercial,7,summer,0,38,1008.784406,38333.807428,0
19,2021-07-08,0.0143855305529184,0.0142349229648778,0.0129700764225876,0.0134275805303868,0.0133018356964096,0.0123593526274773,0.014321385327522,0.0157570399351152,0.0235966331787529,0.0285735948714967,0.0282606553371865,0.0275181133862305,0.0270212681187268,0.0318420034514473,0.0299166754807308,0.0337146460605883,0.0339264654453685,0.0211995747005462,0.0182400905678666,0.0173513763165004,0.0150848056692089,0.0158595823073976,0.0154123040223377,0.0141286756965776,commercial,7,summer,0,38,1008.784406,38333.807428,0
19,2021-07-09,0.0144363223089217,0.0147759671973517,0.0129775765998326,0.0134865702718993,0.0133465853151681,0.0124429963733984,0.0143423220453343,0.0158412363228063,0.0233437417893165,0.0268508121391895,0.0285675110798046,0.0288167874836376,0.0256470091319308,0.0316661149987363,0.0328416081553775,0.0368756697511117,0.0370005151362909,0.0237687763221758,0.01895635733281,0.0179868334422421,0.0164020034298333,0.0171615345084231,0.0160868306328543,0.0148738920397868,commercial,7,summer,0,38,1008.784406,38333.807428,0
19,2021-07-10,0.0147240734121812,0.0140237046802273,0.0131539239240035,0.013671100667508,0.013113987262336,0.0127211695168541,0.0142839434749063,0.0144581109908474,0.0165025530699769,0.0184515603831508,0.0184345721134394,0.019438360641398,0.0184719454232886,0.0186192749031822,0.0182573220644434,0.0201959202583243,0.0203721865094375,0.0181422959724845,0.0173283778571297,0.0156377892212595,0.0149316226893814,0.0146946696512892,0.0152730388337801,0.0143729911889282,commercial,7,summer,1,38,1008.784406,38333.807428,0
19,2021-07-11,0.0158098603191657,0.0144822433924816,0.0123333281685914,0.012579724902369,0.0125553933212181,0.0123473769777905,0.0127830885433185,0.0139666226407725,0.0131579266385794,0.0152123805647556,0.0148182679577197,0.0140447221407479,0.0159166201671625,0.016239708284669,0.0150992455261411,0.0177277122440862,0.0161880358767851,0.0128036417540455,0.0130261199156587,0.0129289915261485,0.0124133671076279,0.0129444568400368,0.0129572162742059,0.0124332576105528,commercial,7,summer,1,38,1008.784406,38333.807428,0
19,2021-07-12,0.0126515450200727,0.0122291013236859,0.0122000729478759,0.0125728097435093,0.0125710226764177,0.0122238754767461,0.0128686687322517,0.0135877069926292,0.0212998860344936,0.0272699086944151,0.0283474071835564,0.0280608981188545,0.0238639522127148,0.0310650542872148,0.0302731091452636,0.0369623517556342,0.0344044984427204,0.0225565660768454,0.0193753954942486,0.0171811260076383,0.0152629399776404,0.0158247190154168,0.0149836666419692,0.0141406029197064,commercial,7,summer,0,38,1008.784406,38333.807428,0
19,2021-07-13,0.0138852361206955,0.013738306247473,0.0130945776335447,0.0134218727030517,0.0133124843226343,0.0123710572511016,0.0138603929594071,0.0158382697566714,0.0246527954095974,0.0270450509444575,0.0287154014621583,0.0290438190114818,0.0267574136699674,0.0315258163241584,0.0345476347354251,0.036554104322654,0.0362331385793834,0.023302337578517,0.019834660777188,0.0181318255110415,0.0162376130410938,0.0167575238047556,0.0167681701290088,0.0149758490655486,commercial,7,summer,0,38,1008.784406,38333.807428,0
19,2021-07-14,0.0151677061138422,0.0149572794994371,0.0133007445819413,0.0135784135903651,0.0134487882746246,0.0130376385833053,0.0143628230828998,0.0152096761632161,0.0236321197285984,0.0271576645395307,0.0285790552174819,0.0275198943959462,0.0264561704013801,0.030878827234768,0.0299361196930591,0.032895687884975,0.0311136246067423,0.0205781640677681,0.0177888291277304,0.0171829883141319,0.0159025743562465,0.0163754984968732,0.0159466115789673,0.0143202144753298,commercial,7,summer,0,38,1008.784406,38333.807428,0
19,2021-07-15,0.0144198846960023,0.0136556727762681,0.0130108736646683,0.0133652601354778,0.0132596143752886,0.0125610069760619,0.0140225723358014,0.0148819961870827,0.0223379799377514,0.0228935898684482,0.0272728949372305,0.0262759020504282,0.026752519050097,0.0308098967033685,0.0305110251890051,0.0342079750411489,0.035044462446181,0.0211948300237605,0.0190079036040133,0.0174885196851793,0.0157235333055998,0.0164858412489587,0.0154904051880335,0.014604985178438,commercial,7,summer,0,38,1008.784406,38333.807428,0
19,2021-07-16,0.0150797130665715,0.0142988964706243,0.0131673492440692,0.0134959734187984,0.013355234729922,0.0127154034009644,0.0143036863482386,0.014624914937481,0.023752211416879,0.0288272898188243,0.0295507769553006,0.0284316208798594,0.0276555367167711,0.0335891530394368,0.0307984302701245,0.0336099033455614,0.0353052236113289,0.0219970002114542,0.0190336629597877,0.0174459221459208,0.0155565084461168,0.0159960491853955,0.0155663776614402,0.0144750254013965,commercial,7,summer,0,38,1008.784406,38333.807428,0
19,2021-07-17,0.0136528648890733,0.013452062731342,0.0128175178541796,0.0126759381963196,0.0126354296537447,0.0124456638797941,0.0142434976211769,0.0149699666248531,0.0163509008418271,0.0198846633916632,0.0193612140464685,0.0185621520074224,0.0183460966783111,0.0179186719417155,0.017512187281543,0.0175707101185919,0.0179777996342268,0.0156274479506244,0.0159298522566014,0.0143430552913738,0.0132949293956015,0.0145386533616229,0.01401106802741,0.0130777607568201,commercial,7,summer,1,38,1008.784406,38333.807428,0
19,2021-07-18,0.0148653469712909,0.0143979816763429,0.0133524405558186,0.0139611188392283,0.0139538825690404,0.012912768876851,0.0142394566743154,0.014620383563449,0.014327257510394,0.0167565516024918,0.0174217931041199,0.0159739342904175,0.0181612870194276,0.0182159756158818,0.0172341117372835,0.0184792372418538,0.0175115303551755,0.0131396991540323,0.0129110436058402,0.0122848467940771,0.0120281635963691,0.0126094103035259,0.0129462008031681,0.0120406844791971,commercial,7,summer,1,38,1008.784406,38333.807428,0
19,2021-07-19,0.0126438535334219,0.012333060573475,0.0118234661838962,0.0118568059724865,0.0118568059724865,0.0119128603929222,0.0129252455914709,0.0127549671464179,0.0179970267344331,0.0195347558125385,0.0205971476229807,0.0203089380109105,0.0173517843334053,0.0231265950035486,0.02258179558589,0.028273390282092,0.0284988781957397,0.0183967636009764,0.0157492941291011,0.0146094557333474,0.0128213285381103,0.0134522409151804,0.0126445616738116,0.012235187155867,commercial,7,summer,0,38,1008.784406,38333.807428,0
19,2021-07-20,0.0124011131039918,0.0127169259776202,0.0119139057451471,0.0123474870948845,0.0127335441550539,0.0124422836407933,0.0130879985845766,0.0137625333712474,0.0227166119387898,0.0261326758149917,0.0267734479032086,0.0269703316502499,0.0242286095831264,0.0318446461771192,0.0304815448892736,0.0346574673775012,0.0337360609067491,0.0215722731526591,0.018623331936316,0.0163946561047565,0.0152526091470603,0.0150609607795133,0.0152501470648204,0.0138640277209115,commercial,7,summer,0,38,1008.784406,38333.807428,0
19,2021-07-21,0.0137498293252307,0.0135664471801789,0.0128116340936398,0.0128411824961237,0.0127485592975047,0.0123609123139688,0.0131961785100235,0.0149373276836512,0.0234536261529434,0.0270147920740682,0.0271581357240019,0.0279553835923844,0.0269244060870758,0.0309325291806089,0.0309959709744409,0.0343977816554624,0.0347033559754357,0.023391313649081,0.0187205810584209,0.0173300031686905,0.0154602329806886,0.0153162895842283,0.0148467854924337,0.0140685614750625,commercial,7,summer,0,38,1008.784406,38333.807428,0
19,2021-07-22,0.0138958230788113,0.0137117946866074,0.0127828796768224,0.0129716383144791,0.0128526962461472,0.0121565592224947,0.0137782683064201,0.0151789533678468,0.0233265934687672,0.0258415713140926,0.0272815688154954,0.0282216533573506,0.0270154463809604,0.0299499563016011,0.0306381826908759,0.0342301688353808,0.0348382424178568,0.0229767934198888,0.0187221353644388,0.0173590118806243,0.0152104024080391,0.0153278991877663,0.0148915827691661,0.0139193732342626,commercial,7,summer,0,38,1008.784406,38333.807428,0
19,2021-07-23,0.0139235529222791,0.0132885618239905,0.0124159422189733,0.0129763752005725,0.0128703537214915,0.0123296610312263,0.0136852868122237,0.0150467054002814,0.0231755293043979,0.0272989483255679,0.0268965224670695,0.0269579127566232,0.0264288856708584,0.0302764727487586,0.0301633336728879,0.0328516979879899,0.0320849481450821,0.0225456009823947,0.019286452790603,0.0166607838234535,0.0155073487987079,0.0157806764635351,0.0153391124303794,0.014643818045105,commercial,7,summer,0,38,1008.784406,38333.807428,0
19,2021-07-24,0.0140934950629863,0.0143887776407383,0.0129659220435518,0.0135729030339544,0.0127562869877447,0.013022859567728,0.0150060858605845,0.0146401195012433,0.0170594231223443,0.0185058665339643,0.0172830118202056,0.0183330025788499,0.017918737003358,0.0175737896342032,0.0160533918069223,0.0172814604136991,0.0176104575599491,0.0144768763782561,0.0149673945768974,0.0150230763689834,0.0136548359291914,0.0140105332053952,0.0140224530862847,0.0136632599654061,commercial,7,summer,1,38,1008.784406,38333.807428,0
19,2021-07-25,0.0140059417530615,0.014006984338096,0.0134877899302076,0.0139873311063538,0.0139902063554749,0.0131801375304545,0.0136204330838334,0.0141478479845812,0.0129514267321179,0.0150560971800235,0.0158911183652175,0.0150672181617218,0.0166101828000434,0.0167741864736125,0.0163705201089855,0.0134823383086925,0.0140121454234747,0.0145923959751278,0.0149366940559194,0.0144228299342096,0.0138107067248028,0.0140125373744009,0.014007469678854,0.0135339599957185,commercial,7,summer,1,38,1008.784406,38333.807428,0
19,2021-07-26,0.0140122019273507,0.0140254210358147,0.0134739931572334,0.0140116411229987,0.0136182194698978,0.0127944947318047,0.0138373906725572,0.0154380140367097,0.0220621141109173,0.0283386515952123,0.0293407408174443,0.0272074954954309,0.0264757947247307,0.0322250292734875,0.0322978703526525,0.0342245072381093,0.0324622030865749,0.0198524293357819,0.0179635997970188,0.016806036769462,0.015712004871302,0.01613280554904,0.0157482735028995,0.015060416445688,commercial,7,summer,0,38,1008.784406,38333.807428,0
19,2021-07-27,0.0153187710894192,0.0147735587175355,0.0137027438836672,0.0143559961158719,0.0142679864612721,0.0132540550100526,0.0146152740751242,0.015468128288979,0.0228736249852754,0.0269246208093485,0.0291179832042909,0.0294764098639298,0.0273533769776767,0.0315944049751609,0.0315265492346639,0.033542462695888,0.0339712143580189,0.0217054150079941,0.0183476079120272,0.0171733329480098,0.0159098485368177,0.0164006257569798,0.0152826388195809,0.0145169435835113,commercial,7,summer,0,38,1008.784406,38333.807428,0
19,2021-07-28,0.0148468721462007,0.0142047739038329,0.0133590711845473,0.013889983136728,0.0137806677258948,0.0120319164300681,0.0139942854683402,0.0142799904296322,0.0200346528468483,0.0256285545615526,0.0251738674602721,0.0294993284962538,0.0261399261171381,0.0312674314878901,0.0312275736265921,0.0350164429831036,0.035999936973478,0.0223571589350994,0.0190853438867354,0.0176125931311897,0.0162032878473995,0.0162468739922921,0.0159252060785931,0.0148038010055901,commercial,7,summer,0,38,1008.784406,38333.807428,0
19,2021-07-29,0.014323135252172,0.0141505660279483,0.0137003874127317,0.0138812632786693,0.0137789483865962,0.0129807917677816,0.0141345246584063,0.0154416847129261,0.0237940618255182,0.0295604253518,0.0321052132292318,0.0307836875259045,0.0286149446321787,0.0301185235879081,0.0307187487744993,0.0323140038769575,0.0340688962349837,0.0222778216235791,0.018811998962497,0.0171773432589853,0.0159007051656219,0.0164099909223817,0.0160029877154854,0.0145829606251427,commercial,7,summer,0,38,1008.784406,38333.807428,0
19,2021-07-30,0.0143990094715442,0.0142372641076956,0.0135230986793364,0.0139414843902642,0.0133335612881919,0.0130138375862289,0.0141326828471752,0.0149251604977219,0.022717774261333,0.0274642108964299,0.0242100768992086,0.0289689846442391,0.0265973337184167,0.0314570388518151,0.0297428349626257,0.0334881574892339,0.0309311559056764,0.0206165302646306,0.0186693988288508,0.0176776129128924,0.0153427059362662,0.0151716405928132,0.0152459009168241,0.0142903410389312,commercial,7,summer,0,38,1008.784406,38333.807428,0
19,2021-07-31,0.0135177759892648,0.0137706115792431,0.0127287741387275,0.0131054038395095,0.0131244983002736,0.0126022753601221,0.0138748841590199,0.0139726363863096,0.015478253780432,0.0173209872374119,0.0198300956038809,0.0177343005956501,0.0173599666342962,0.0181518454410132,0.0166476102924536,0.0178188276002728,0.0172192064686064,0.0144404804472304,0.0144437343667996,0.0133799837025257,0.0130407539708465,0.013403769380649,0.0138625216025931,0.0140476692959541,commercial,7,summer,1,38,1008.784406,38333.807428,0
19,2021-08-01,0.0145295095646043,0.0143376975296876,0.0141348754396481,0.0138759305376408,0.0138578303953686,0.0140077241022001,0.0135307621763643,0.0146774255842381,0.0147572720411485,0.0159252368955843,0.0168275287194243,0.0173844244409951,0.0172568823447326,0.0190514757705233,0.0196373785674664,0.0201852558024841,0.0201190983454319,0.0189623328590654,0.0158899218372727,0.0133073978800806,0.0121963292737939,0.0119425217619428,0.0119425217619428,0.0118898380562973,commercial,8,summer,1,38,1008.784406,38333.807428,0
19,2021-08-02,0.0127223136149263,0.0131246785911001,0.0121370588871029,0.0126931926250907,0.0126846171835731,0.012401136640487,0.0125455413679175,0.0133523199710477,0.021628713986599,0.0242554828272236,0.0261520385885439,0.0298566116334607,0.0258174602996046,0.0332233723141385,0.0354759193474466,0.0389028541177508,0.0411979433012838,0.024680115018003,0.0213849881602434,0.0196331774477315,0.0175214316900147,0.0181851795172454,0.0133273036652706,0.013289039759774,commercial,8,summer,0,38,1008.784406,38333.807428,0
19,2021-08-03,0.0133342871047075,0.0126984344947349,0.0120848106848902,0.0128757382494349,0.0132542128732395,0.0121570127440241,0.0139737335301824,0.0152891235916483,0.023039391215551,0.0264606418194352,0.0276067826051727,0.0305760000183016,0.0268972076846475,0.0341085891139194,0.0325501793966526,0.0354798428613479,0.0358906118056261,0.0239974210390449,0.0195403142934642,0.0185340338503719,0.0173841117391775,0.0176726979130173,0.0177602534009638,0.0160326630910129,commercial,8,summer,0,38,1008.784406,38333.807428,0
19,2021-08-04,0.0145805529309649,0.0149507411151518,0.0149036003121737,0.0139741840119687,0.0134166901245926,0.0130607331999429,0.014594100964229,0.0159784414613235,0.0243866706431053,0.026755108308543,0.0287720885560496,0.0289840868144665,0.0291736980109334,0.0322014691758021,0.0331659738394404,0.031653128673285,0.0342028431477339,0.0221895777630719,0.0191614966290377,0.0185122041678442,0.0166621513450965,0.0177164455559528,0.0165458535878602,0.0155068117463556,commercial,8,summer,0,38,1008.784406,38333.807428,0
19,2021-08-05,0.015566847357848,0.0153399769398424,0.0139334586569159,0.0144940499075151,0.0144034262894934,0.0137309184739326,0.0147219240751934,0.0162648499105861,0.0251460173433043,0.0279980111121449,0.0305709958891474,0.0293225626661792,0.0272276831940775,0.031782474757541,0.0308225107257255,0.0344079063870946,0.0347875763826176,0.0231418851044628,0.0196503373078318,0.0184760219947088,0.0165363780294559,0.0169289231669,0.0160249291345861,0.0153018972386581,commercial,8,summer,0,38,1008.784406,38333.807428,0
19,2021-08-06,0.015494746839568,0.0153154253118151,0.0140046514526882,0.0150248942261727,0.0138385470116582,0.0126034873165044,0.0146179349974789,0.0159689064812431,0.024632791828445,0.0308580742620638,0.0287145943322613,0.027372896458288,0.023559656552777,0.0273145530953509,0.0311413415287802,0.0327471976341125,0.0314993783499672,0.0205800433153107,0.0180248084554578,0.0174523877545129,0.0157441276039704,0.0172897998835546,0.0168647453937598,0.0154433293725696,commercial,8,summer,0,38,1008.784406,38333.807428,0
19,2021-08-07,0.0155914251672936,0.0148187511747148,0.0136617645521601,0.0140441850425143,0.0145425428826035,0.0135124335699394,0.0147670831546411,0.0148635629803624,0.0157477447171176,0.0170950527246043,0.0174165303256911,0.0187886374730225,0.0163493970661776,0.0172466686529908,0.0157922280586547,0.0164610785767925,0.0160537030993484,0.0147996265147482,0.0148025114051924,0.0143187593546249,0.0138563101620911,0.0143991613664667,0.0144109157639438,0.013944235920956,commercial,8,summer,1,38,1008.784406,38333.807428,0
19,2021-08-08,0.0144002980967767,0.0144013172306625,0.013720497282897,0.0140029627723888,0.0140012644794151,0.0136318550335171,0.0141421058399771,0.0141732191583416,0.0145048356438757,0.0153392090387895,0.0155473671865877,0.0157393342304983,0.016402502922673,0.0167749821929441,0.0167401799883231,0.0164684348908869,0.0169186838962491,0.015415340462902,0.0153836397995161,0.0149803568471864,0.0133661264396295,0.0144016536988502,0.0144035096946535,0.0134079953128701,commercial,8,summer,1,38,1008.784406,38333.807428,0
19,2021-08-09,0.0143895353793939,0.0144101752082671,0.0139678514796109,0.0140372625779325,0.0144270408935262,0.0138118926037601,0.0143079835897376,0.0155138952195824,0.0244188155151364,0.0276619163029999,0.0288734153369384,0.0306184630059071,0.0264294635196998,0.0322538054047865,0.0313483391934602,0.0290036554306382,0.0294097260385947,0.0212241658452909,0.0184562475466681,0.0179246273213117,0.0154553322809728,0.0171585701697429,0.0167602193453982,0.0151559568905935,commercial,8,summer,0,38,1008.784406,38333.807428,0
19,2021-08-10,0.0152492427250477,0.015115522222145,0.0142348581294477,0.0143538512075215,0.0142476712896949,0.0142530829699798,0.0150397879463804,0.0164270999286695,0.0245930509659966,0.0277366446125726,0.0306047385323543,0.0277078833624962,0.0262052990175158,0.0349510563054043,0.0344038545858446,0.0345135968864405,0.0342711646582676,0.0217344939583547,0.02017610522772,0.0181861035946034,0.0163565486221335,0.0173759259123357,0.0169554476572018,0.0156696310859283,commercial,8,summer,0,38,1008.784406,38333.807428,0
19,2021-08-11,0.016576259235904,0.0164496477906273,0.014490370640579,0.0150129220763362,0.01487800337163,0.0140749333380455,0.015179130855604,0.0166885753650506,0.0259008767431191,0.0294926358018294,0.0340590409099771,0.0327145219544432,0.0307622539289148,0.0317944303814889,0.0320142360411742,0.0376351731199319,0.034400112690609,0.0214657676036682,0.0195133377033897,0.0182108211597667,0.0163101115262902,0.0174404817005242,0.0176098464239306,0.0155898404975744,commercial,8,summer,0,38,1008.784406,38333.807428,0
19,2021-08-12,0.0159640848625126,0.0165017532328027,0.0144449378815753,0.0155092574798039,0.0154250841772976,0.014485352311138,0.0164312641201139,0.0172970415755057,0.0254527980482559,0.029515285566767,0.0337239221396216,0.0324669981390239,0.0298571640829768,0.0344913854824416,0.0301563370828147,0.0260370723533934,0.0270596182470774,0.0190599608111395,0.0172041800787312,0.0166943193078933,0.0153615633584461,0.0154085375963264,0.0160292834736285,0.0139995860423526,commercial,8,summer,0,38,1008.784406,38333.807428,0
19,2021-08-13,0.015697300937824,0.0156219708098001,0.0147556112615724,0.0128916464183343,0.0121780774077112,0.0122581140748222,0.0126444289457262,0.013643776798418,0.0200639862800875,0.0232237897932023,0.0220070531871156,0.022414140935274,0.0208821415626757,0.0233411859046782,0.0222088972544681,0.0237427514490207,0.0240559527768403,0.0158373622610507,0.0147509825577709,0.0148123525599361,0.0130223304737288,0.0137581983876973,0.0133500522917398,0.0128904803808312,commercial,8,summer,0,38,1008.784406,38333.807428,0
19,2021-08-14,0.0127121642657046,0.0135260507952479,0.0122633648319629,0.0135182549160501,0.0135503515173208,0.012735974994935,0.0138420557086835,0.0142336400345073,0.015020764726459,0.0169548770389779,0.0173760305059664,0.017644707043605,0.0157704122058499,0.0151076060090412,0.0146720389486339,0.016232756311811,0.0154736254600589,0.0128967793123232,0.0149450147822531,0.014271259036419,0.013311929682091,0.0144324245275481,0.0144607279099908,0.0133613211585419,commercial,8,summer,1,38,1008.784406,38333.807428,0
19,2021-08-15,0.0139860170221315,0.0144846602771926,0.0127934812257075,0.0139554497665232,0.0129990623167491,0.0122620749159841,0.0127906587820584,0.013197302201181,0.0136713931873711,0.014519975019909,0.0145609382482458,0.0141422705270456,0.0158558477824757,0.0163012626286746,0.0157928381078254,0.016676382228924,0.0166118391409263,0.015393989152237,0.0149566902899284,0.0149613886990523,0.0134643093658444,0.0149121719932076,0.014410238443156,0.0137760248263095,commercial,8,summer,1,38,1008.784406,38333.807428,0
19,2021-08-16,0.0127423303685877,0.0131368204812719,0.0134866034361061,0.0135766877413771,0.0135904596207548,0.013382244983364,0.0138519959336854,0.0146599632831364,0.021858691900524,0.0258479070461734,0.0273593554451091,0.0277528181027225,0.0266060691079317,0.0307360837199371,0.0332861509896331,0.0342426523043443,0.0340412744915418,0.0203024144308003,0.0190654137876478,0.0180120413871928,0.0157908328739452,0.01610239903855,0.0156772520149861,0.0143434737004796,commercial,8,summer,0,38,1008.784406,38333.807428,0
19,2021-08-17,0.0141722184583256,0.0140093313868677,0.0129698962747009,0.0132640033566325,0.0131538774722553,0.0124499469731241,0.0134135108691147,0.0147425571928566,0.0234511704169888,0.0265344523066276,0.0273170731967176,0.0287313378288604,0.0265796635589781,0.0318280112438803,0.0346895755875874,0.0370645641625205,0.0370961822255903,0.0235917996144514,0.0195812550255716,0.0182954352576413,0.0163330375906393,0.0168624597894146,0.0164176741224265,0.0149981161792409,commercial,8,summer,0,38,1008.784406,38333.807428,0
19,2021-08-18,0.0154615584373186,0.0147557587036265,0.0137338726974675,0.0139558628725205,0.0143103578164157,0.0129380732856768,0.0145676718969605,0.0160094659458813,0.0231140094981864,0.0266570244234499,0.0276343286320108,0.0282893547193685,0.0267854679312859,0.0322506798453819,0.0339029009149357,0.0340268914025796,0.0359013408053865,0.0231082825424603,0.0191297209749385,0.0183716508220731,0.0164821434791654,0.0175650654091904,0.0171238313770252,0.0153716285280078,commercial,8,summer,0,38,1008.784406,38333.807428,0
19,2021-08-19,0.0155718469313878,0.0159236814626597,0.0144786969001095,0.0150880220913884,0.0149773768671251,0.0142871673115401,0.0146033716455972,0.0158769693931942,0.02274694503194,0.0276751483853042,0.0289953580090517,0.0290603706521667,0.0285793814009786,0.0309514512266629,0.0301693690915874,0.0256838588233222,0.0261796000033816,0.0174003012878256,0.0153880682829001,0.014941505188918,0.013643759155559,0.0142567952429285,0.0133339027578883,0.0120597330682215,commercial,8,summer,0,38,1008.784406,38333.807428,0
19,2021-08-20,0.0121380272779379,0.0123435469557997,0.011902334077133,0.012005280302393,0.0123461252239594,0.0119478005041397,0.0121874812512123,0.0120965229281871,0.016997081325099,0.0201957053547389,0.0207050374711606,0.0207134522300087,0.0193994355970275,0.0215365541631559,0.0223535957473723,0.0225339188047607,0.0223852121598869,0.0150317420733862,0.0132175157364933,0.01330306338524,0.0122833603494041,0.0127808104001732,0.0123772478456488,0.0118752320801429,commercial,8,summer,0,38,1008.784406,38333.807428,0
19,2021-08-21,0.0119425217619428,0.0119430546959362,0.0118041394104919,0.0119425217619428,0.0119425217619428,0.0118041394104919,0.0118963121349495,0.0124576320040193,0.0123982206154519,0.014776122354094,0.0157596416738913,0.0165946430235312,0.0150096003746153,0.0157500911776822,0.0154856761994546,0.0159427286060332,0.0154007069705502,0.0138662875202418,0.013446540753556,0.013866533284268,0.0126336230129508,0.0135290079875231,0.013114747521941,0.0131073141450207,commercial,8,summer,1,38,1008.784406,38333.807428,0
19,2021-08-22,0.0131001058333438,0.0130922028897794,0.0130856500235165,0.012715058621437,0.0127035592534942,0.011964547096089,0.0118492570184721,0.0123839424666067,0.0129938349957548,0.0132188211800867,0.0136077552925899,0.0128481358566048,0.013619588114327,0.0142866356962173,0.0158564502450998,0.0152611299515482,0.0151587387910651,0.0143732149264107,0.0140127695382036,0.0139989610957497,0.0139920547988271,0.0139903618596576,0.0139865788581362,0.0139832216410783,commercial,8,summer,1,38,1008.784406,38333.807428,0
19,2021-08-23,0.0131674922126978,0.0131473251780773,0.0131328068020924,0.0131204654514795,0.012748693491087,0.0121632029294158,0.0129384072081827,0.0135591252271483,0.0197802733027909,0.0227909005115913,0.0254659403492409,0.0280001655674742,0.0238505310848834,0.0319085755750604,0.031568464623119,0.0336473525984043,0.0306897623115606,0.0214681992994557,0.0175291999254425,0.0164141579590906,0.0147043351263344,0.0157508467281706,0.0153387340265804,0.0135644824415258,commercial,8,summer,0,38,1008.784406,38333.807428,0
19,2021-08-24,0.0140171541331836,0.0139054498546451,0.0124221703113478,0.0131203905818027,0.0123794825074852,0.012113617264914,0.0127943303368393,0.0144343708688723,0.0222386974734514,0.0249268899658503,0.0270278331391821,0.0265674366287168,0.0246914072122774,0.0294125961211311,0.0307829798402965,0.0337096664973924,0.0337068159491684,0.0222058873617848,0.0176977266374681,0.0170809063656466,0.0151595875357518,0.0156495567192696,0.0157109567396712,0.0138217164823054,commercial,8,summer,0,38,1008.784406,38333.807428,0
19,2021-08-25,0.0137903804103552,0.0140792365942247,0.0124256284640239,0.0128431693123374,0.0123193732327387,0.0122364762150469,0.0129897509659225,0.0136976852831534,0.023675613874439,0.0264550138599532,0.0270971021988545,0.0289547157419728,0.0255596735987619,0.0331681181580927,0.0356542413145005,0.0340002988082745,0.0340399190016478,0.0238358677025809,0.0190613147610701,0.0177700092532552,0.0155148828761958,0.0163862371031908,0.0153764164703729,0.0145494218283766,commercial,8,summer,0,38,1008.784406,38333.807428,0
19,2021-08-26,0.0138454067776587,0.0136535900459189,0.0132285062952318,0.0133601339160624,0.0132692468240952,0.0127061610914399,0.0135470974417223,0.0153238281563825,0.0237555828372318,0.027667642978243,0.0303112340828444,0.0287801336838666,0.0267110157564274,0.0319473625287043,0.0319472050952139,0.0368291342372218,0.0353107405967882,0.0223261273793202,0.0180902489572736,0.0174594687763647,0.0154952283958088,0.0158260664887401,0.014973798288678,0.014456153114196,commercial,8,summer,0,38,1008.784406,38333.807428,0
19,2021-08-27,0.0138588743279509,0.0141660889898037,0.0135849963593613,0.0139027841117449,0.0133166107359574,0.0125920203132052,0.0139911594023442,0.014690660550229,0.0220584261715338,0.025799658339906,0.0278033226963597,0.0274712489267793,0.0266523144444619,0.0311375755016055,0.0292883564005131,0.0319573339595473,0.0321026286646951,0.0203075162818712,0.0184071577287277,0.017006027033923,0.0155554219258156,0.0156557633224293,0.0152738493351895,0.0144400223410894,commercial,8,summer,0,38,1008.784406,38333.807428,0
19,2021-08-28,0.0138987370823562,0.0137539483303014,0.012946053350709,0.0131051560712532,0.0131235696803479,0.0129424980915992,0.0132545087446196,0.0142718893205417,0.0158664742915824,0.0178240628683422,0.0180372196137529,0.0182462247092215,0.0178764153930026,0.0167420389803082,0.0169483155361133,0.0174092745900679,0.0178092829742283,0.0145864879615251,0.015112904649299,0.0144096390049348,0.0129183830322078,0.013439948253733,0.0129870402805146,0.0130221727334591,commercial,8,summer,1,38,1008.784406,38333.807428,0
19,2021-08-29,0.0134423296791625,0.0134526234209561,0.0126592819376087,0.0130788031189543,0.013081678629957,0.0124689317350402,0.0131863177878567,0.0132197273922013,0.0130871988002381,0.0140733771379417,0.0145613099713694,0.0153424296990341,0.0160480775007121,0.0165430525905798,0.0153378243405864,0.0173145973980889,0.0168025370289144,0.0155851146737829,0.0148212654803201,0.0143511580528692,0.0125225475198211,0.0142852927501318,0.0139372894389203,0.0123756599696953,commercial,8,summer,1,38,1008.784406,38333.807428,0
19,2021-08-30,0.0139372091719481,0.0144726652999658,0.0123357803845131,0.0139594143586619,0.0135864632192966,0.0122105992636651,0.0124270523901426,0.013624282140083,0.0202189053103729,0.0241957669019445,0.0275321835025648,0.0278251744598165,0.0260625307623557,0.0328832428145546,0.0295786774854739,0.0323030199933815,0.0341829138637344,0.0208631639603151,0.0186119230044183,0.0173881251346323,0.0153700863096625,0.0151229791850773,0.0151389550275557,0.01416413495217,commercial,8,summer,0,38,1008.784406,38333.807428,0
19,2021-08-31,0.0136979707724921,0.0135362138977082,0.01331609602709,0.0132796870742177,0.0131958280157316,0.0128295791530755,0.0134378301655305,0.0145480463970522,0.0232302769198335,0.0253520846408299,0.0305096437997721,0.0296485878704841,0.0248462042010727,0.0270847095868585,0.0292948036407557,0.0283253834673709,0.0283427597767886,0.019915077412309,0.0164104970435749,0.0157839099711357,0.0152696549371212,0.0146789342771023,0.0139011486774003,0.0134060224801314,commercial,8,summer,0,38,1008.784406,38333.807428,0
19,2021-09-01,0.0125172841464075,0.0122623437990417,0.0122133491609569,0.0122133491609569,0.0122133491609569,0.0122238754767461,0.0122662088645249,0.0125401902796459,0.0200562182878334,0.0224535774606281,0.0230150293811497,0.0246689205670739,0.0207701108629327,0.0238876261611684,0.0240148902734906,0.0255579982480113,0.0260243895392509,0.0180621812906206,0.0148225447334315,0.014892460309957,0.0144171897259976,0.0137249569670962,0.0136411350173249,0.0129585983403961,commercial,9,autumn,0,38,1008.784406,38333.807428,0
19,2021-09-02,0.0125390766293021,0.0123657148688253,0.0125185354266783,0.0123650846260219,0.0120347542654017,0.012640960964274,0.0130056577546664,0.0136480034171167,0.0219720214293386,0.0244388057359116,0.0257041264451767,0.0276597723926356,0.0243662853762441,0.029195021342237,0.0296032372432103,0.0291259303028267,0.0299405673123784,0.02000994880598,0.0159020691231149,0.0153957399945496,0.0152150813489229,0.0147760283390321,0.0148475214160369,0.0141563788458096,commercial,9,autumn,0,38,1008.784406,38333.807428,0
19,2021-09-03,0.0130934468712972,0.0133536980800613,0.0128919963042735,0.012667790004822,0.0126856249327392,0.0123728540951538,0.0126033225695884,0.0133412440961292,0.0206068849114824,0.0247081131103586,0.0214824164879524,0.0240697549766742,0.022361054994802,0.0253614423134116,0.0289771884209137,0.0324738121953681,0.0310925858539224,0.0212662034729259,0.0166312864943168,0.0160016542065114,0.0151398075181803,0.0153425159672023,0.0144041621977858,0.0137652109456986,commercial,9,autumn,0,38,1008.784406,38333.807428,0
19,2021-09-04,0.0128048121554544,0.01261841290809,0.0129053605129364,0.0126697445874757,0.0127367795806907,0.0127806864788014,0.0125975965151764,0.0130795670634532,0.0153250578084409,0.0174480791533174,0.0170049203483488,0.0182333481791539,0.0169978658610012,0.0178121621063679,0.0175600267929109,0.0165415461484098,0.0160546728283796,0.0126139626894379,0.0136838740493594,0.0132224012620084,0.0130993612332307,0.0126308127902485,0.0134028949490293,0.0132312937518004,commercial,9,autumn,1,38,1008.784406,38333.807428,0
19,2021-09-05,0.0134587269025539,0.0134678604706884,0.0133537384689364,0.0134686497823215,0.0126699576591775,0.0132398827773255,0.0124253123767429,0.0132106351190302,0.0138359510969731,0.0144619937394714,0.0142997917910653,0.0150550435831751,0.0164177011731122,0.0164077672518652,0.0151051781470364,0.0166551465814588,0.0155827443407847,0.0145758850473343,0.0142707803949026,0.0138030837607031,0.0133763277220525,0.012604524793957,0.0133439410204095,0.0130923452185607,commercial,9,autumn,1,38,1008.784406,38333.807428,0
19,2021-09-06,0.0129719155627,0.012659314371595,0.0129973930590391,0.0126663079219693,0.0126565129908641,0.0130976329843102,0.0128836408872527,0.0139514747454861,0.0216775375031032,0.0243640236673508,0.0260080488791807,0.0224918843308664,0.0252406145694168,0.029729702789943,0.0289880668154641,0.0304828181646201,0.0319943198950252,0.0201662805037945,0.0173334556693247,0.0161881926136207,0.0147316084801371,0.0153278475770119,0.0139889139294608,0.0135384879807751,commercial,9,autumn,0,38,1008.784406,38333.807428,0
19,2021-09-07,0.0131699411200654,0.0125264205807011,0.0125844896518406,0.0127058027493864,0.0126603999310524,0.0128043137586756,0.0136677483251806,0.0143404301537635,0.0223272811312904,0.0254342249620203,0.0268869480836439,0.0283173697498557,0.0263374778893183,0.0316351931598687,0.0308652386721963,0.0337366776863083,0.0334814742940291,0.0207989405972752,0.0174661535953757,0.0161503576068725,0.0151982907313206,0.015215034784636,0.0148450997542573,0.0142947739496006,commercial,9,autumn,0,38,1008.784406,38333.807428,0
19,2021-09-08,0.0133972190070718,0.0136061137312084,0.013149458082485,0.0129000926073363,0.012778516489339,0.0127845009520843,0.0134355504174416,0.0140604738325959,0.0227334128587786,0.0262408376977337,0.0277443144910788,0.0297067476584721,0.0269908452198579,0.0312178720652097,0.0314170126335775,0.0330895682694839,0.0293587040337929,0.0205398464433732,0.0165124796395196,0.0159540593398341,0.0155192552330453,0.0150961596554028,0.0146297648919551,0.0143298171113801,commercial,9,autumn,0,38,1008.784406,38333.807428,0
19,2021-09-09,0.0137528567850944,0.0135662972434578,0.0128152654311105,0.012407168340664,0.0122826727951566,0.0122249622335999,0.0128558542771942,0.0139375890461646,0.02194334474622,0.0262990766614733,0.0270978969102871,0.0278654798826361,0.0264389908808875,0.030442215409198,0.0300385605346021,0.0315619844445336,0.0331920543357536,0.0201147263357401,0.0169563778499327,0.0162105091599642,0.0156536508918413,0.0160225397669168,0.0145255072424875,0.0145269915867616,commercial,9,autumn,0,38,1008.784406,38333.807428,0
19,2021-09-10,0.0140110940432871,0.0138189628771724,0.0135283655721411,0.0134143893779669,0.0132995283224632,0.0124707295270425,0.0126523546651085,0.0137345685764318,0.0210347935735637,0.0239873405924581,0.0266199164380236,0.0292689016097134,0.0261288958870402,0.0311404274974451,0.0286812144250247,0.0314963114564174,0.0308813441494702,0.0203085313102255,0.0175796793584796,0.0154481445587142,0.0151705421449503,0.0149129327870677,0.0145144719814999,0.0143261591707952,commercial,9,autumn,0,38,1008.784406,38333.807428,0
19,2021-09-11,0.01275170072368,0.0121963292737939,0.0121823767940791,0.0121963292737939,0.0120659373758677,0.0121043390775516,0.0121358295807834,0.0124184851635614,0.0140302391287411,0.0153952425169905,0.0167404504213628,0.0166169993049623,0.0168936027368224,0.0170135406683538,0.0147718938064391,0.0151262070142081,0.0156530915394869,0.0136282402732931,0.0136470652293273,0.0126425054158026,0.0125454411124608,0.0128651707617436,0.012885327091726,0.0128107305172148,commercial,9,autumn,1,38,1008.784406,38333.807428,0
19,2021-09-12,0.0129130125978815,0.0125494697493596,0.01259325521008,0.0125353376526363,0.0121963292737939,0.0121433588090725,0.0122191566033056,0.0122191566033056,0.0122460397857262,0.0124993838059008,0.0134769538804405,0.0135441054338996,0.0145834041913755,0.0156765124954959,0.0155480589033706,0.0163245030695264,0.0159117630159927,0.0136519471515507,0.0133451375565909,0.0126256283165746,0.0125146332071602,0.0124967643219477,0.0125036006232922,0.0124904344371393,commercial,9,autumn,1,38,1008.784406,38333.807428,0
19,2021-09-13,0.012554624299407,0.0125613431843207,0.012569987201999,0.0122266918238721,0.0122266918238721,0.0121323582163153,0.0121358323822148,0.0125529745739612,0.0192582464139943,0.0221519204825252,0.024715369081664,0.0251052905603278,0.0229232961591766,0.0290157037335004,0.0287539494932316,0.0304674632927832,0.030160206739884,0.0190105476503839,0.0162934000561473,0.0151702408222425,0.0146111205937709,0.0145198579078757,0.0141519182361861,0.0134542431961235,commercial,9,autumn,0,38,1008.784406,38333.807428,0
19,2021-09-14,0.0127983629630665,0.0126338209337177,0.0122433844120373,0.0122266918238721,0.0122266918238721,0.0121068262417351,0.0123210367469871,0.0134079417250719,0.0220637056465644,0.0247082344300672,0.0264732849301855,0.0275605711421162,0.0248833722638592,0.031598696136109,0.0295428494693589,0.0296524625294093,0.0312856541747611,0.0170515246406796,0.0156028238471574,0.0154602510772408,0.0146771749063088,0.0142274084836786,0.0137842903500939,0.0133260284674868,commercial,9,autumn,0,38,1008.784406,38333.807428,0
19,2021-09-15,0.0129072465922329,0.0127258141265336,0.0125771947035213,0.0128407486199686,0.01275180235676,0.0119360788823783,0.0123567069834563,0.0134345715177231,0.0207444780818672,0.0254642489732747,0.0280940021722899,0.0285693696769643,0.0260324781147072,0.0309844470096843,0.028487448552523,0.0294640696798423,0.0305743215290327,0.0198043310896352,0.0173605713510432,0.0160487603481946,0.0149399590952592,0.0151498641260188,0.0142071603533991,0.0141989276078904,commercial,9,autumn,0,38,1008.784406,38333.807428,0
19,2021-09-16,0.0133415293432931,0.0135139589848152,0.013055320589098,0.0128344025898482,0.0127329394159429,0.0125404072217744,0.012897016224792,0.0139680717164708,0.0221760677423118,0.0247422271423378,0.0274470692028061,0.0285698944082517,0.0253256495472341,0.0309636316087021,0.0255109250524842,0.0317945181072961,0.0318677182414847,0.0201968617590412,0.0172030163777123,0.0159478024458212,0.0146250539538559,0.0146131230636235,0.0141612955918134,0.0137874285900899,commercial,9,autumn,0,38,1008.784406,38333.807428,0
19,2021-09-17,0.0128041649354809,0.0130433956330793,0.0127803547848985,0.012800392697611,0.0127059930481641,0.0123172855090975,0.0128132009517931,0.013947810640946,0.0216396569518359,0.0241782771179429,0.0267072103937259,0.0272108384085876,0.025905829462245,0.0316497059139663,0.0309415291423382,0.0327519705938781,0.02815582976088,0.0209677243811061,0.0175560681372206,0.0170186427252418,0.0153216566266232,0.0156625081350688,0.0152322464572617,0.0143432920410745,commercial,9,autumn,0,38,1008.784406,38333.807428,0
19,2021-09-18,0.0130357974220901,0.0128187335243851,0.0126555449806751,0.0126204842080764,0.0126399305576353,0.0125849175630976,0.0123074406175493,0.0127527977670634,0.0150154868663726,0.016166807720488,0.0175396243001585,0.017504869986907,0.017129561209255,0.0170487660866782,0.0153693941024428,0.0158567315755981,0.015032131204732,0.0132603994696984,0.012648831726053,0.012476556476389,0.0122097380135226,0.012476556476389,0.0123333281685914,0.0123041983419948,commercial,9,autumn,1,38,1008.784406,38333.807428,0
19,2021-09-19,0.0123333281685914,0.0123333281685914,0.0122660686605492,0.0121963292737939,0.0121963292737939,0.0122036605998134,0.0121346086138994,0.0122650005118257,0.0127410126223384,0.0144291711258904,0.0145873958050163,0.0154528314828477,0.0146445683638206,0.0153176182383106,0.0158840292211818,0.0159104697940948,0.0150235562563336,0.0136401210528445,0.0118467721325657,0.0118264434224083,0.0117821458055715,0.0120659373758677,0.0120659373758677,0.0118604753647474,commercial,9,autumn,1,38,1008.784406,38333.807428,0
19,2021-09-20,0.0119425217619428,0.0119425217619428,0.0117821458055715,0.0118264434224083,0.0118264434224083,0.0117497434636628,0.0117867271757363,0.0117867271757363,0.0118606574769186,0.0118606574769186,0.0119690458484148,0.0118614797010289,0.0120022822950222,0.0120035156311876,0.0118095039967422,0.0121248756848368,0.0121248756848368,0.0118939446854327,0.012086266086025,0.0120659373758677,0.0118604753647474,0.0119425217619428,0.0119425217619428,0.0118041394104919,commercial,9,autumn,0,38,1008.784406,38333.807428,0
19,2021-09-21,0.0117180550509122,0.0115085525692857,0.0112431730788359,0.0106943186652989,0.0106457045634385,0.0106502922305611,0.0104218945165371,0.0104612814256199,0.0106097077860119,0.0111558282401802,0.0115847951076015,0.0120859477578898,0.0122560911527035,0.0122573251617841,0.0121770393540999,0.0123922673747807,0.0122552684799832,0.0121392515307884,0.0122166579839513,0.0121963292737939,0.0120157135749088,0.0121963292737939,0.0120659373758677,0.0119425217619428,commercial,9,autumn,0,38,1008.784406,38333.807428,0
19,2021-09-22,0.0113796721994193,0.0113331378059534,0.0109810919081813,0.0102025342640347,0.010154537535218,0.0102163737025989,0.0093663084093416,0.0103031069418096,0.0119429478097646,0.0123239439195781,0.0133738370031904,0.0154924826750801,0.0147329160300861,0.0173995289113093,0.0181944682339029,0.0205466380736786,0.0207151228367679,0.0132332548732168,0.0124760903550978,0.0123058388447987,0.0120832060384596,0.012284803679201,0.0122654147664262,0.0119669200193259,commercial,9,autumn,0,38,1008.784406,38333.807428,0
19,2021-09-23,0.0120962999259459,0.011972884312021,0.0118456153392005,0.0115569970576817,0.0115003093891631,0.0115861951854176,0.0111420587429714,0.011262036706803,0.0131460901575477,0.0146584045708929,0.0162719805752937,0.016598008836885,0.0158142731561032,0.0193653530544111,0.0177434168550314,0.0190059125751014,0.0198144901335881,0.0136534109560221,0.0124214596439461,0.0123776851352754,0.0120403392695332,0.0122856505264651,0.0120116084011698,0.0119090645872441,commercial,9,autumn,0,38,1008.784406,38333.807428,0
19,2021-09-24,0.011972884312021,0.0118568059724865,0.011780106013741,0.0116920759662283,0.01160087274202,0.0117694268250299,0.0117275805907537,0.0113370690423807,0.0134455640092467,0.014426400969663,0.0152199379852616,0.0170758648440052,0.0156893334505874,0.0193781489487944,0.0185926481555193,0.0187087408175568,0.0188637861823167,0.0131442679469983,0.0118619199916076,0.0119388800251398,0.0118743321175666,0.0120309998556964,0.0121350251737166,0.0119204860510176,commercial,9,autumn,0,38,1008.784406,38333.807428,0
19,2021-09-25,0.0119425217619428,0.0119425217619428,0.0118041394104919,0.0119425217619428,0.0119425217619428,0.0117712662713939,0.0118963569071837,0.0118980059404248,0.0119076072285368,0.0120921371642442,0.0120913126476237,0.0120224114459767,0.0121314764028214,0.0121310641445112,0.0118239431114995,0.0121285905946496,0.012005587239035,0.011872269577925,0.011965736280272,0.0119425217619428,0.0117497434636628,0.0118264434224083,0.0117180550509122,0.0117180550509122,commercial,9,autumn,1,38,1008.784406,38333.807428,0
19,2021-09-26,0.0117180550509122,0.0117180550509122,0.0117180550509122,0.0117180550509122,0.0117180550509122,0.0117821458055715,0.0117408946914675,0.0118492830629637,0.0118605506027749,0.012088777016423,0.0122191689143492,0.0121933750276309,0.0125002211062223,0.0126505304303248,0.0126190298968196,0.012945471699395,0.01264846795713,0.0129330249410477,0.0128303355729887,0.0124499138938116,0.0120659373758677,0.0121963292737939,0.0121963292737939,0.0119910275642007,commercial,9,autumn,1,38,1008.784406,38333.807428,0
19,2021-09-27,0.0120962999259459,0.011972884312021,0.0119372741883505,0.011972884312021,0.011972884312021,0.0119360788823783,0.0120124385707027,0.0120536998149998,0.0151659922206617,0.0170266961350051,0.0196185341294846,0.0217348143902548,0.0221755384046161,0.0238454520403374,0.0248938227713734,0.0262561388278398,0.0263527035092369,0.017099874513339,0.0148215917723631,0.0141096177498351,0.013567484216759,0.0136054910561501,0.0132649214072964,0.0123525484104899,commercial,9,autumn,0,38,1008.784406,38333.807428,0
19,2021-09-28,0.0123028627015041,0.0127203933347984,0.0119849015873816,0.0123359925920837,0.0120050616949337,0.0119595965722823,0.0121358558691993,0.0121771200013336,0.0181484916856655,0.0219258535537314,0.0241968138041359,0.0242512018594623,0.0225500462887615,0.0259552322363843,0.0268117982289871,0.0274998070087057,0.0270217107719193,0.0187407958726641,0.0164784590303186,0.0158238992103577,0.0144627521217647,0.0150862363830587,0.014210321796731,0.0131193848619018,commercial,9,autumn,0,38,1008.784406,38333.807428,0
19,2021-09-29,0.0126485603076359,0.0130354283956487,0.0121608889268012,0.0127936542636842,0.0127023058855728,0.012477139069185,0.0121358575681603,0.0127471341486665,0.0195101073178407,0.0214243421668797,0.0217499004800207,0.0227170315142462,0.0210341854297746,0.0252285710035464,0.0235764134801275,0.0218760978698138,0.0242377770069637,0.0166702033524727,0.0140989359554333,0.0141297236553375,0.0139102602526273,0.0136523291209751,0.0136577635720446,0.0131469106724812,commercial,9,autumn,0,38,1008.784406,38333.807428,0
19,2021-09-30,0.0128710808226965,0.0123209520840527,0.0124285885361525,0.0122459063090945,0.0122287708096359,0.0126040796497771,0.0128738256406152,0.0135194984326889,0.0219696196553951,0.0242783279553569,0.0269139787301153,0.026054865218129,0.0233202545221571,0.0268095381373721,0.0265519199745816,0.0261673181469665,0.0240038244143312,0.0181529021187821,0.0151427616010905,0.0147020834534722,0.0143223397438112,0.0141716837247581,0.0136334465664069,0.0132647604242531,commercial,9,autumn,0,38,1008.784406,38333.807428,0
19,2021-10-01,0.0123614877058174,0.0122915570712827,0.0122097380135226,0.0122097380135226,0.0121829866108787,0.0121963292737939,0.0122650117816902,0.0122650117816902,0.0127170245822887,0.013891065246662,0.0154875347143455,0.0155623987374249,0.0149129658653693,0.0160436504132863,0.0154648383744189,0.0161810220557379,0.0162982047391493,0.0135519056059968,0.0140184849406073,0.0138594530435776,0.0126591967727923,0.0134230711311507,0.01344484003594,0.0123631229544091,commercial,10,autumn,0,38,1008.784406,38333.807428,0
19,2021-10-02,0.0130592829124195,0.0134230445780704,0.0126250892818419,0.0129454224780334,0.0126206764359518,0.0129293238529143,0.0123375628876662,0.0127811648407587,0.0133249400145798,0.0140719001871179,0.016029960251585,0.0152793543762068,0.0151434127434843,0.0147375755392532,0.0139525348277295,0.0154405143590639,0.0156167302766181,0.0138382014290014,0.0138818869538478,0.0134509114896899,0.0129219694569679,0.0129669618429551,0.012955614263863,0.0124499109192489,commercial,10,autumn,1,38,1008.784406,38333.807428,0
19,2021-10-03,0.0134002348532969,0.0131760681943305,0.0128640112246468,0.0126237328503353,0.0126061758190014,0.0119545390373034,0.0121346218783585,0.0123159243849843,0.0123263415157344,0.0131537343009015,0.0148832046099552,0.0141670600205614,0.0140479667114093,0.014544685577374,0.0138846210564873,0.0150912098875755,0.0147171526852667,0.0129005978024654,0.0125103132804042,0.0125119738946222,0.0121433588090725,0.0124850967313804,0.0125027012782296,0.0120033347770509,commercial,10,autumn,1,38,1008.784406,38333.807428,0
19,2021-10-04,0.0121963292737939,0.0121963292737939,0.0119545390373034,0.0121963292737939,0.0121963292737939,0.0119069116382723,0.0121346228859474,0.0121346228859474,0.01223408516171,0.0129735186536119,0.013922237155248,0.0143657414541531,0.0126988115925066,0.0129796196281581,0.0135656775664505,0.0136875546539849,0.0138884676355467,0.0126573522258837,0.0125239340591658,0.0125138866763993,0.0121172774751903,0.0124965998904954,0.0125051970367803,0.0120157135749088,commercial,10,autumn,0,38,1008.784406,38333.807428,0
19,2021-10-05,0.0121963292737939,0.0121963292737939,0.0119425217619428,0.0121963292737939,0.0120659373758677,0.0118604753647474,0.0121346239000003,0.0121346239000003,0.0123903540951371,0.0129387420863211,0.0143915931134431,0.0146066507994085,0.0136932274262922,0.0138260118095499,0.0141383427300994,0.0140217437269745,0.0135584004778886,0.0124694184222722,0.012645957026732,0.012476556476389,0.0123054178344349,0.0124431498055537,0.012476556476389,0.0121963292737939,commercial,10,autumn,0,38,1008.784406,38333.807428,0
19,2021-10-06,0.0123333281685914,0.0121963292737939,0.0121302841753214,0.0121963292737939,0.0121963292737939,0.0120786686610922,0.0122650168181429,0.0122650168181429,0.0123256044564101,0.0124759460141228,0.0133389756074108,0.0126127969776567,0.0128115287230942,0.0126866568797505,0.0124927403575097,0.0125355102048831,0.0122552830022879,0.011740043628815,0.0119628504721002,0.0119425217619428,0.0117497434636628,0.0119425217619428,0.0119425217619428,0.0117180550509122,commercial,10,autumn,0,38,1008.784406,38333.807428,0
19,2021-10-07,0.0118264434224083,0.0117180550509122,0.0117180550509122,0.0117180550509122,0.0117180550509122,0.0117180550509122,0.0118951319928353,0.0118951319928353,0.0118817197488531,0.0120851406335521,0.012208556247477,0.0128068834041835,0.0135796521384286,0.0131181404575548,0.0126286168008635,0.0130780467418883,0.0130809131426655,0.0123044241126684,0.0123536568787488,0.0123333281685914,0.0120659373758677,0.0121963292737939,0.0121963292737939,0.0120033347770509,commercial,10,autumn,0,38,1008.784406,38333.807428,0
19,2021-10-08,0.0120962999259459,0.0120962999259459,0.0119609404162491,0.0120962999259459,0.0120962999259459,0.0119128603929222,0.0120124578080995,0.0121900835507841,0.0166778700103469,0.0185404833635702,0.0223245283914684,0.0218101180456694,0.0211314435289736,0.0266291757548838,0.0241528140908954,0.0256068612839351,0.0260095534724435,0.0168264541517857,0.0149075044198431,0.0145873832904967,0.0130951447399363,0.0131647463798278,0.0128342511659754,0.0120990443566496,commercial,10,autumn,0,38,1008.784406,38333.807428,0
19,2021-10-09,0.0121963292737939,0.0121963292737939,0.0119910275642007,0.0120659373758677,0.0119425217619428,0.0119069116382723,0.0120124596226529,0.0120141225849995,0.01239372935361,0.0134750990530302,0.0151153515142904,0.0153330490944971,0.0139088358235494,0.0133806374454896,0.0127057591572272,0.014175405381876,0.0137482014283946,0.0123147959655467,0.0123565670628553,0.0123333281685914,0.012053275860328,0.0121963292737939,0.0120659373758677,0.0119910275642007,commercial,10,autumn,1,38,1008.784406,38333.807428,0
19,2021-10-10,0.0120659373758677,0.0120659373758677,0.0119545390373034,0.0119425217619428,0.0120659373758677,0.0119305778661709,0.0119653754281216,0.0119653754281216,0.0119894830011747,0.0122191829399726,0.0123561818347701,0.012835160134037,0.0130374756014059,0.0130480867986214,0.0133396879288808,0.0130544869907859,0.0134750719445124,0.0126363295313685,0.0129330471669835,0.0121963292737939,0.0120406844791971,0.0125454241076376,0.0125554919927767,0.0119787922969337,commercial,10,autumn,1,38,1008.784406,38333.807428,0
19,2021-10-11,0.0125661017179959,0.0122623822347627,0.0119139057451471,0.0122422771138991,0.0120962999259459,0.0118899439254632,0.0121358788911062,0.0126473578155643,0.0173746524305408,0.0188806131694031,0.021833687295985,0.0229388724189734,0.0204123710337362,0.0249365872495721,0.0272258064671399,0.0284346218940986,0.0289100264641179,0.0175016945868988,0.0161839308844925,0.0158609284159401,0.0142452653510387,0.0147089457539893,0.014340135915701,0.0132543421864323,commercial,10,autumn,0,38,1008.784406,38333.807428,0
19,2021-10-12,0.0131846103964377,0.0131192048459634,0.0125446730799189,0.0126908677897206,0.0131251522147195,0.0119954279031708,0.0128857490875517,0.0134823577259693,0.0206437374600986,0.022640388104516,0.0266539389228322,0.0267359261619396,0.0240907645500228,0.0285567800651081,0.0287874953044329,0.0313468939683443,0.0314893510494187,0.019761782148371,0.016437286558836,0.0159738091487354,0.0149859368705693,0.0152545295116001,0.0148150205077649,0.0136899004581652,commercial,10,autumn,0,38,1008.784406,38333.807428,0
19,2021-10-13,0.0139952285461275,0.0138858663952872,0.0126261869951428,0.0117484176009903,0.0118568059724865,0.0117589439167796,0.0117880002509632,0.011829310166045,0.0175543617767764,0.0192170287655538,0.0211028839322713,0.0218964691998226,0.0200445989530279,0.0238585777687535,0.0241979277418526,0.0244636317755049,0.0246770306599877,0.0169809421083161,0.0143678457148056,0.0139699697804739,0.012917585361526,0.0129485752556689,0.0125441266128004,0.0120145735476479,commercial,10,autumn,0,38,1008.784406,38333.807428,0
19,2021-10-14,0.0120962999259459,0.0120962999259459,0.011902334077133,0.011972884312021,0.011972884312021,0.0117589439167796,0.0118963904748594,0.0119377035654844,0.0166662836008421,0.0184324880254316,0.0185020569774322,0.019528973217852,0.0185350916525424,0.0220341960287325,0.021029193243538,0.0228285484980314,0.0220618593767901,0.0148195824902891,0.0133545008097577,0.0125530512075542,0.0120548304060732,0.0121544557051687,0.0121350503209338,0.0119435790285563,commercial,10,autumn,0,38,1008.784406,38333.807428,0
19,2021-10-15,0.011972884312021,0.011972884312021,0.0118016288214721,0.0118568059724865,0.0118568059724865,0.0117589439167796,0.0118963923331914,0.0119377086095281,0.014604765249966,0.0179407141113525,0.0198637404969707,0.0197244454493462,0.0185054903902374,0.0212312259588418,0.0215647394877577,0.0230539620316379,0.0217803344937372,0.0145629194558641,0.0130542796154807,0.0127089776621765,0.0120852376357577,0.0121589132556686,0.0121350516483137,0.0118864805832757,commercial,10,autumn,0,38,1008.784406,38333.807428,0
19,2021-10-16,0.0119425217619428,0.0119425217619428,0.0118152527891223,0.0118264434224083,0.0118264434224083,0.0117180550509122,0.0117880058254085,0.0117896761670616,0.0114926847943779,0.0120922490334072,0.0123198886552671,0.0122821727015531,0.0122619748428076,0.0123985561521918,0.0123139145928855,0.0125392789475099,0.0123964682251255,0.0121929622058479,0.0123565799766416,0.0121963292737939,0.0118951900165109,0.0120659373758677,0.0119425217619428,0.0117821458055715,commercial,10,autumn,1,38,1008.784406,38333.807428,0
19,2021-10-17,0.0118264434224083,0.0118264434224083,0.0117180550509122,0.0118264434224083,0.0117180550509122,0.0117180550509122,0.0115551779107163,0.0115572495246823,0.0115820579611409,0.0119653828333341,0.012088798447259,0.012002489073021,0.0123570249446786,0.0123582785017225,0.0122604490032768,0.0124994175477803,0.0124994175477803,0.01220584768227,0.0121963292737939,0.0120659373758677,0.0119666293349959,0.0120659373758677,0.0119425217619428,0.0118377109622195,commercial,10,autumn,1,38,1008.784406,38333.807428,0
19,2021-10-18,0.011972884312021,0.0118568059724865,0.0118016288214721,0.0114278969379053,0.0109587229064896,0.0117799897431111,0.010498315959928,0.0105943623975408,0.0120150460613887,0.0125780647290514,0.0148800938282986,0.0145896034442348,0.0147988800052044,0.0169464907035248,0.0166844405684909,0.019418959100544,0.0193717290745971,0.0126393256253388,0.0123084459144768,0.0121755452971893,0.012071082234885,0.012154464234777,0.0118955616984796,0.0118205065405896,commercial,10,autumn,0,38,1008.784406,38333.807428,0
19,2021-10-19,0.011972884312021,0.011972884312021,0.0117694634273219,0.0118568059724865,0.0111597207727565,0.0110072498124379,0.0106355926159283,0.0107297440881443,0.0125424915011342,0.0142111298558704,0.0169043162828416,0.0169842041741084,0.0167423264054309,0.0200955636040775,0.0196456203992619,0.0212839508417383,0.0215054031134355,0.013844431080078,0.0124159277164085,0.012226478780244,0.0119758376903332,0.012154466379395,0.0120116413784003,0.0118531461386967,commercial,10,autumn,0,38,1008.784406,38333.807428,0
19,2021-10-20,0.011972884312021,0.0118568059724865,0.0117694634273219,0.0118568059724865,0.0117484176009903,0.0117589439167796,0.0117880133230177,0.0118293456473361,0.0150392291562458,0.017134501658817,0.0185873692594167,0.0181549974804974,0.0175042908569202,0.0196800674298975,0.0206931886581223,0.0210098210295514,0.0211400323417349,0.014303917119281,0.0125599971656152,0.0122408371813369,0.0118635653316598,0.0119149745741717,0.0118955643815134,0.0117780988984385,commercial,10,autumn,0,38,1008.784406,38333.807428,0
19,2021-10-21,0.0117484176009903,0.0117484176009903,0.0117484176009903,0.0117484176009903,0.0117484176009903,0.0117589439167796,0.0117880152053335,0.0118293507564787,0.0142474618509651,0.0163491143919875,0.0183780252517323,0.0179118555029689,0.0175087348107429,0.0206007396820661,0.0193845342720754,0.0205169059144302,0.0207133140242399,0.0138411409561504,0.0121300492879067,0.0120826814838348,0.0118314045088478,0.0119149767253896,0.0118955657260246,0.0117781002429497,commercial,10,autumn,0,38,1008.784406,38333.807428,0
19,2021-10-22,0.0117484176009903,0.0117484176009903,0.0117484176009903,0.0117484176009903,0.0117484176009903,0.0117474544375385,0.011788017089701,0.0118293558711905,0.0138520307061179,0.0159151747866345,0.0181786492661817,0.0184681340092626,0.0172377901091844,0.0193802474762372,0.0183483697175539,0.0188454054009848,0.0203140762131648,0.0124035882656842,0.0121108321893941,0.0119386744591875,0.0118103632588373,0.0119149788789525,0.0118835580049326,0.0115640084859403,commercial,10,autumn,0,38,1008.784406,38333.807428,0
19,2021-10-23,0.0116633447945507,0.0116160593852693,0.0117058451892182,0.0117180550509122,0.0117180550509122,0.0117180550509122,0.0117880189755622,0.0117896968315887,0.0118653049887976,0.0119762101443336,0.0122300052910419,0.0121717047160988,0.0122620124146751,0.0121312010527422,0.0123969139894394,0.0122590761666287,0.0122594956306353,0.0120514285545729,0.0120892023340715,0.0119425217619428,0.011793103633818,0.0119425217619428,0.0119425217619428,0.011760465376097,commercial,10,autumn,1,38,1008.784406,38333.807428,0
19,2021-10-24,0.0118264434224083,0.0118264434224083,0.0117285379591625,0.0118264434224083,0.0118264434224083,0.0117285379591625,0.0118493120186037,0.0118493120186037,0.0117619694734391,0.0119653903581382,0.0120888059720631,0.012089645439161,0.0123570362318848,0.0123582954325317,0.0122200373370873,0.0124994250725845,0.0124994250725845,0.0120761444565234,0.0121963292737939,0.0120659373758677,0.0118490550595958,0.0120659373758677,0.0119425217619428,0.0118377109622195,commercial,10,autumn,1,38,1008.784406,38333.807428,0
19,2021-10-25,0.0118568059724865,0.0118568059724865,0.0117484176009903,0.0117484176009903,0.0117484176009903,0.0117589439167796,0.0117880227495316,0.0118293712335879,0.0123078515498768,0.0131975599581969,0.0160794058418875,0.0169275951354296,0.0154518469809047,0.0187453497350166,0.0181292965923151,0.0199160138759915,0.0208876575350661,0.0124935316366568,0.0123084854627599,0.012175573545963,0.01189646136372,0.0120310636868648,0.012011649454272,0.0118205159568475,commercial,10,autumn,0,38,1008.784406,38333.807428,0
19,2021-10-26,0.0118568059724865,0.0118568059724865,0.011780106013741,0.0118568059724865,0.0118016288214721,0.0117589439167796,0.0118412358570039,0.0119377647269157,0.015304856824128,0.0171129203635659,0.0192558884346451,0.0190714624911643,0.018067535183603,0.0206887078519026,0.0203284222418566,0.0208033256231835,0.0218670713234061,0.0136463138222327,0.0126651525658522,0.0123544449213892,0.0119075793250418,0.011914987503891,0.0118955724625879,0.011778106979513,commercial,10,autumn,0,38,1008.784406,38333.807428,0
19,2021-10-27,0.0117484176009903,0.0117484176009903,0.0117484176009903,0.0117484176009903,0.0117484176009903,0.0117589439167796,0.0114608260350681,0.0115725480734741,0.0131369428878615,0.0143637882753437,0.0171742364949967,0.0173610992237819,0.0166884466354441,0.0190246098586378,0.0201753591679035,0.0210537890200413,0.0211126498956036,0.0141360189532045,0.0123532371017332,0.0120703710185772,0.0119875211333218,0.0120310679991391,0.0120116521494434,0.0118421990814934,commercial,10,autumn,0,38,1008.784406,38333.807428,0
19,2021-10-28,0.011972884312021,0.0118568059724865,0.0117484176009903,0.0118568059724865,0.0118568059724865,0.0117589439167796,0.0118964167792173,0.0119377749630272,0.0155476800509793,0.0181732115595529,0.0205088643535817,0.0204763611181575,0.017241753117677,0.0188474611384548,0.0200185546045208,0.0174534995664026,0.0161535242198969,0.0121345794991309,0.0118302282144469,0.0118277033456994,0.0116471503801618,0.0110103044318114,0.0107671542337328,0.0104053042464354,commercial,10,autumn,0,38,1008.784406,38333.807428,0
19,2021-10-29,0.0099183342504215,0.0090476701310077,0.0089021796823928,0.0089019328842321,0.0084958287790149,0.008368276242698,0.0081109659852433,0.0081345147121824,0.0112217296723969,0.012557771773694,0.0128383860954256,0.0128444112564856,0.0128035648193604,0.0146471685840871,0.013871844445626,0.0151131810067734,0.0151007640124724,0.0120317524206219,0.0115611496119555,0.011122270357775,0.0104099329197269,0.010380996846814,0.0103811697641053,0.0092255822480365,commercial,10,autumn,0,38,1008.784406,38333.807428,0
19,2021-10-30,0.008916629485839,0.0086163969362615,0.0083096145287178,0.0082747173406388,0.0082543958800254,0.0081036879104906,0.0079695519140851,0.008273393753078,0.0083222597331136,0.0086496407571973,0.0089817727385405,0.0090598340336766,0.010111038708211,0.0105265493798652,0.0109246699350356,0.0111188534716559,0.0106928586456229,0.0102835726522588,0.0099942882184436,0.0095234191059541,0.0094046332130894,0.0090242568398122,0.0090074912159463,0.0090595758830647,commercial,10,autumn,1,38,1008.784406,38333.807428,0
19,2021-10-31,0.0093282011601696,0.0093262247589225,0.008713245509901,0.0086625522615038,0.0086474479530637,0.0084787414939147,0.0086325361754224,0.008641504170951,0.0084098411571454,0.0089214959238405,0.0096994799567346,0.0093842582492459,0.0106696082618372,0.0107132444380398,0.0108174535565036,0.0122066227562915,0.0116763558727386,0.0113793672238004,0.0105441800665511,0.0104759610430147,0.0103383870330045,0.0106089730054482,0.0110794465353196,0.0114534270658506,commercial,10,autumn,1,38,1008.784406,38333.807428,0
19,2021-11-01,0.0117484176009903,0.0117484176009903,0.0117484176009903,0.0117484176009903,0.0117410837442773,0.0117010983607504,0.0117880359233668,0.0118294069911405,0.0121331917663678,0.0127853539766944,0.013667812206385,0.0134742722871489,0.0129641368692087,0.0171237046870083,0.0164017804695253,0.0168174574512492,0.0170636216738827,0.0121307571992046,0.0119386391328798,0.0120521861616849,0.0118636202182217,0.0120310787426764,0.0118955805246198,0.0117991608678765,commercial,11,autumn,0,38,1008.784406,38333.807428,0
19,2021-11-02,0.0118568059724865,0.0118568059724865,0.0117484176009903,0.0118568059724865,0.0117484176009903,0.0117589439167796,0.0117880377934578,0.0118294120671018,0.0135648070055034,0.0162726717606178,0.0179385705117065,0.017171516276487,0.0165749456931579,0.0192691907127613,0.0195696396845646,0.0198709929576987,0.0205597499175995,0.0133455575764851,0.0122723233155884,0.0121756057829476,0.0118636247598713,0.0120310808799233,0.0118955818603991,0.0117781163773242,commercial,11,autumn,0,38,1008.784406,38333.807428,0
19,2021-11-03,0.0117484176009903,0.0117484176009903,0.0117484176009903,0.0117484176009903,0.0117484176009903,0.0117589439167796,0.0117880396589113,0.0118294171304756,0.0140960319991694,0.0167734547243149,0.0188364333118582,0.0194918145048656,0.0180969417216486,0.0203878698150813,0.0191950263995549,0.0201244406926006,0.0202086830804462,0.0133269930048548,0.0124941443089409,0.0119361158268886,0.0118104180697766,0.0119150046723357,0.0118955831928659,0.011778117709791,commercial,11,autumn,0,38,1008.784406,38333.807428,0
19,2021-11-04,0.0118568059724865,0.0117484176009903,0.0117484176009903,0.0117484176009903,0.0117484176009903,0.0117589439167796,0.0117880415191748,0.0118294221797625,0.0145887604380787,0.0172458669373539,0.0194914105203948,0.0191703014172284,0.0174046774269851,0.0205713951214708,0.0219109953140144,0.0221257778079467,0.0221112363868523,0.014926336780566,0.0129682253145125,0.0126463616137305,0.0118745133422189,0.0120310851378857,0.0118955845216256,0.0117991648648822,commercial,11,autumn,0,38,1008.784406,38333.807428,0
19,2021-11-05,0.0118568059724865,0.0118568059724865,0.0118016288214721,0.0118568059724865,0.0118568059724865,0.0117589439167796,0.0117880433736976,0.0118294272134671,0.015587784539152,0.0191770918233279,0.0203198092915182,0.0219337732882328,0.0192473497446582,0.0232096497790379,0.0234155106574519,0.022908933997016,0.0228961076787817,0.0154995817824029,0.0135311539450078,0.0127608772097031,0.0119188154628967,0.0119150089178058,0.0120116641858192,0.0117886032714601,commercial,11,autumn,0,38,1008.784406,38333.807428,0
19,2021-11-06,0.0117180550509122,0.0118264434224083,0.0117180550509122,0.0117180550509122,0.0117180550509122,0.0117180550509122,0.0117880452219303,0.0117897380758815,0.0118864070573466,0.0127343544792178,0.0131069766796466,0.0130796867586826,0.0124907928955093,0.0122616641908106,0.0124965987582084,0.0123961238046813,0.0122595481233716,0.0122330292180945,0.0120892285804396,0.0121691612058373,0.0119425217619428,0.0119425217619428,0.0119425217619428,0.0118264434224083,commercial,11,autumn,1,38,1008.784406,38333.807428,0
19,2021-11-07,0.0119425217619428,0.0119425217619428,0.0117712662713939,0.0118264434224083,0.0118264434224083,0.0117180550509122,0.0118493269905849,0.0118493269905849,0.0118493269905849,0.0120888209440442,0.0120888209440442,0.0122469429774796,0.012220059795059,0.0120909383267656,0.0123852182270826,0.0122192128419705,0.0126572310112343,0.0120888209440442,0.0120659373758677,0.0120659373758677,0.0118264434224083,0.0119425217619428,0.0118264434224083,0.0117712662713939,commercial,11,autumn,1,38,1008.784406,38333.807428,0
19,2021-11-08,0.0117484176009903,0.0101684176427232,0.0106910561559883,0.0085385009042515,0.0081619090999932,0.0074246676806882,0.0075596128486915,0.0070928099246949,0.0062726779386003,0.0083885615146702,0.0097505477504808,0.010096174898327,0.0093828760276311,0.0116200311643603,0.0115832970919749,0.0122827186913815,0.0125586798711934,0.0076113449268545,0.0078795742964428,0.0075775320799725,0.0072559400709633,0.007500727984961,0.0072219763767642,0.0069587807279373,commercial,11,autumn,0,38,1008.784406,38333.807428,0
19,2021-11-09,0.0068780854771829,0.0068446236337026,0.0068111457299291,0.0067888036032687,0.0067672161027204,0.0066538506393937,0.0063860603937129,0.0063349849942203,0.0057216242348937,0.0077670303903103,0.0090012740496769,0.0094316222897916,0.0098022609081697,0.0124257713327932,0.0125077725635745,0.012575304397779,0.0125840616432371,0.0082158740413551,0.0081578189252333,0.0081304388464538,0.0076754053746373,0.0077811960010786,0.0077765967131314,0.0073508821841851,commercial,11,autumn,0,38,1008.784406,38333.807428,0
19,2021-11-10,0.0074232510047623,0.0073906373426196,0.0071063766517872,0.0073301220853258,0.007324932379206,0.0070839415181589,0.0072473039796404,0.0069589666299634,0.0067324193407884,0.0089855373089574,0.0102871823314232,0.0107469619668779,0.01090665078293,0.0124964737563102,0.0125711973505775,0.0126639101308878,0.0127081063318997,0.0090013065999958,0.0087376786292758,0.0084402847050429,0.0079806427065624,0.0080908217956398,0.0078069296052441,0.0077610170385178,commercial,11,autumn,0,38,1008.784406,38333.807428,0
19,2021-11-11,0.0077326259684088,0.0076859457722315,0.0072981547740489,0.0073655942101278,0.0076090799868692,0.0071483056452399,0.0072650441571117,0.0072630396138669,0.0075942934991271,0.0094313959235579,0.011792062733079,0.0124281787529186,0.0116609837286556,0.0126138055060496,0.0127159793316956,0.0127588354944898,0.0127916418336552,0.0099679200555037,0.0087772266440542,0.0084655075422691,0.0084259364930212,0.0086778512973068,0.0081252848878789,0.008078885220541,commercial,11,autumn,0,38,1008.784406,38333.807428,0
19,2021-11-12,0.008047744625466,0.0080011835261027,0.0077748303106981,0.0079552175277727,0.0079382206462489,0.0078011799670169,0.0076073969940973,0.0076028310136624,0.0088658594036689,0.0109232843193184,0.0125251761205138,0.0125391230559924,0.0122899416121526,0.0128618557861854,0.0129244413642324,0.012990835972488,0.0128969107257412,0.0103756412524026,0.0090784258804896,0.0090437167919179,0.0086633696774426,0.0087110025875327,0.0086979466236511,0.0082565747579877,commercial,11,autumn,0,38,1008.784406,38333.807428,0
19,2021-11-13,0.0082993598965091,0.0082708767774813,0.0078431038007167,0.0076702977007173,0.0076426329382023,0.0075489925106984,0.0078849107412801,0.0076579194690676,0.0076195081878073,0.0082783506094808,0.0086168561665106,0.0087918333878849,0.0091786836568452,0.0095329601870036,0.0093427431797222,0.0095366590790078,0.0095285709045841,0.008658323630959,0.0087462981041757,0.0084377399378341,0.0078968391592397,0.0080915217263791,0.007826942045556,0.0079294240044194,commercial,11,autumn,1,38,1008.784406,38333.807428,0
19,2021-11-14,0.0077846580839066,0.0077627569130872,0.0075125206511828,0.0077164602824466,0.007448907638903,0.007294534035317,0.007125627239116,0.0071141908148477,0.0073859837997665,0.0079462275887934,0.0082770162253228,0.0083556564046181,0.008824023100098,0.0092349348148398,0.0089453292970689,0.0096434838303459,0.0092391194923267,0.0086937180359742,0.0084980292795701,0.0084576164903703,0.0077264458673722,0.0081409535518669,0.0079015362772384,0.0076785295376466,commercial,11,autumn,1,38,1008.784406,38333.807428,0
19,2021-11-15,0.007631670770434,0.0082001013726194,0.0080944449153584,0.0083709508009466,0.0083898355965199,0.0078303337031517,0.0077130685945537,0.0077808185924939,0.0083158977030084,0.008224366060617,0.0095867679672836,0.0100332420483071,0.0095817899037141,0.0116072629124191,0.0122189587165359,0.0122753083646246,0.0123402679656658,0.0093509474969034,0.0094756838056502,0.0086723216958549,0.0084818753536002,0.0083197995704171,0.0083018707992684,0.0082162237152463,commercial,11,autumn,0,38,1008.784406,38333.807428,0
19,2021-11-16,0.0082255727632195,0.0079328612629057,0.0078172434592349,0.0076217148866931,0.0078585720358896,0.0079857237975884,0.0078273426800615,0.0078535490797084,0.0090641595951055,0.0106713631560282,0.0123309991227025,0.0123995195081671,0.0124489357865991,0.0131081154974344,0.0152025402528428,0.014024309335503,0.0150478635936352,0.0119596031668018,0.0111196179234278,0.010628840011691,0.0109865036406237,0.0108555451020913,0.0105197731397214,0.0103691199688828,commercial,11,autumn,0,38,1008.784406,38333.807428,0
19,2021-11-17,0.009823295763724,0.009741421484326,0.0093274311164218,0.0098222379411835,0.0093825022893936,0.0094408225417561,0.0098125157642157,0.0099354716223752,0.0119057441877971,0.0124728596553447,0.0131893890962957,0.0142964813251677,0.0130045322241451,0.0154215947437508,0.0151903916865025,0.0154032150672307,0.0155300140849577,0.0120093211781605,0.0112304080810504,0.0103965279197479,0.0103021966434197,0.0102509482709815,0.0099839662179443,0.0094617809314447,commercial,11,autumn,0,38,1008.784406,38333.807428,0
19,2021-11-18,0.0090312353350456,0.0089392783416575,0.0089572621165437,0.0088517015366475,0.0088299213890552,0.008501632723054,0.0085561996914216,0.0086161267064603,0.011214839483203,0.0122788162033032,0.0126111490891378,0.0126500570723168,0.0124092216932421,0.0134718424766861,0.0143689484197517,0.0141909422800813,0.0143081073276284,0.0119697498579516,0.0105482831393499,0.0099383350495662,0.0109388057823767,0.0108029286598261,0.0109380342450547,0.0108287200186516,commercial,11,autumn,0,38,1008.784406,38333.807428,0
19,2021-11-19,0.009900484482275,0.009486927635926,0.009884575258056,0.0096963783130942,0.0088935174991747,0.00915297616285,0.0088178562750744,0.0088696303398335,0.0117653232550806,0.0124927742189491,0.0134678295000903,0.0141593806998718,0.0130166887163583,0.0155325362608136,0.0152586293982373,0.0154704848516272,0.0156149236783103,0.0119823483238074,0.0118303482835942,0.0116926149958822,0.0118104879442913,0.0114366677337393,0.0113096594916121,0.0117781382611188,commercial,11,autumn,0,38,1008.784406,38333.807428,0
19,2021-11-20,0.0111610964803439,0.0112862239004262,0.0117180550509122,0.0112489225975766,0.0117180550509122,0.0117192058972922,0.0117880701346118,0.011789777224381,0.0118654146153325,0.0118679752499863,0.0120915884161323,0.0120343169390276,0.0122621585833883,0.0123987307057435,0.0120918590437521,0.0120053636644412,0.0120057904368835,0.0117945823886473,0.0118497595396618,0.0118264434224083,0.0117180550509122,0.0116769341130157,0.0116517590851933,0.0117180550509122,commercial,11,autumn,1,38,1008.784406,38333.807428,0
19,2021-11-21,0.0117180550509122,0.0116345513826075,0.0116766923315886,0.0115866820553326,0.011721002088711,0.0116848666483737,0.0113944569499843,0.0111353943207112,0.0117409527681817,0.0118493411396778,0.0119654194792123,0.0118614627071241,0.0118501951673129,0.0118514762087654,0.0119306633831768,0.0118493411396778,0.0118493411396778,0.0119064409123384,0.0117180550509122,0.0117180550509122,0.0117180550509122,0.0117180550509122,0.0117180550509122,0.0117180550509122,commercial,11,autumn,1,38,1008.784406,38333.807428,0
19,2021-11-22,0.0117484176009903,0.0117484176009903,0.0117484176009903,0.0117484176009903,0.0114474408866564,0.0117388733081227,0.0098042957542742,0.0098010922887088,0.0088674095295166,0.0091933328730905,0.009068440801486,0.0087626656914881,0.0080350867282947,0.0088107188045621,0.0092048104300318,0.0094595334353557,0.0097336014349206,0.0069875013424471,0.0072511947362987,0.0072281184018081,0.0069195986942589,0.0068803349737713,0.0068738084480661,0.0061466805768882,commercial,11,autumn,0,38,1008.784406,38333.807428,0
19,2021-11-23,0.0065391838745265,0.006243493459738,0.006332957571779,0.0061938320486207,0.0061752713564979,0.006160385047768,0.0060288440959678,0.0059699346752527,0.0051213539584635,0.0058220152694997,0.0061164832418825,0.0060714013646635,0.0064950163865163,0.0074088322047122,0.0070493981295747,0.0077729975796076,0.0080599343534841,0.0065693544508101,0.0069345786385381,0.0069126987431787,0.0067403616228213,0.0068421139440287,0.0068379061930926,0.0066944390175529,commercial,11,autumn,0,38,1008.784406,38333.807428,0
19,2021-11-24,0.0067911664715762,0.00675657851302,0.00661195481947,0.0067175587334344,0.006704916637573,0.0064696072700175,0.0063091365857776,0.0062524453340962,0.0059050774413365,0.006493685387016,0.0080287058051508,0.0086152997147418,0.0087066550387346,0.0106973702218591,0.0113715081432142,0.0116248462654011,0.0124143806470855,0.0082520050239571,0.0081347486381895,0.0075446351514424,0.0076320165658169,0.0074766813986865,0.0074619537659463,0.0071554159643166,commercial,11,autumn,0,38,1008.784406,38333.807428,0
19,2021-11-25,0.0071271077548218,0.0070849277801183,0.0068556040917255,0.0067775084502905,0.0067509460883129,0.0069168974914931,0.0069361754591618,0.0069225394807176,0.006439094817245,0.0096035120870928,0.0107732350326642,0.0107853025415138,0.0110839862211185,0.0125705969955049,0.0125180876658746,0.0125803826918284,0.0127551107049314,0.0090009308484748,0.009029403379295,0.0084548772253162,0.0082995767116559,0.0078287326592567,0.008077856150068,0.007773086360792,commercial,11,autumn,0,38,1008.784406,38333.807428,0
19,2021-11-26,0.0077381907669553,0.0071720327689707,0.007439963734213,0.0071152367236734,0.0073403452978746,0.0071389784000445,0.0069911034610799,0.0069760964387263,0.0077341044235163,0.0104127404666717,0.0121167967786954,0.0123649252574496,0.012044066935988,0.0127404429441461,0.0128326402471156,0.0130177151192283,0.013060483440476,0.0101720622134409,0.0093455483278205,0.0087647130371499,0.0085037881189519,0.0086888540473264,0.0081293677322617,0.0081517426497111,commercial,11,autumn,0,38,1008.784406,38333.807428,0
19,2021-11-27,0.0077434890246378,0.0076928664456226,0.0077133973250685,0.0076430127538117,0.0073456850986922,0.0073111656277873,0.0072894145424063,0.0070463915716015,0.0073362415773436,0.0079435777313946,0.0082794931850041,0.0083644501723834,0.0091310857953367,0.0095013689429326,0.0091138312667982,0.0099150771179684,0.0094992542670303,0.0087603598769751,0.0087205529489533,0.0084100537120899,0.0079739333896942,0.0075458616227996,0.0077715336310175,0.007512973920739,commercial,11,autumn,1,38,1008.784406,38333.807428,0
19,2021-11-28,0.0074863302846386,0.0074636416436476,0.0077103994914718,0.0074279360696328,0.0071478678344376,0.0069917860305651,0.0070802165080688,0.0068157929618086,0.0071317429870908,0.0079098743194277,0.0082498907057602,0.0084086932506598,0.0091916478252944,0.0092216606294232,0.0090341137962984,0.0096261748555838,0.0096294893802497,0.0089646314736873,0.0087498857267391,0.0084574098314717,0.0083304659611255,0.0085413762661514,0.0082264900515269,0.0080650495893553,commercial,11,autumn,1,38,1008.784406,38333.807428,0
19,2021-11-29,0.007702961202969,0.0076949729472607,0.0078410902726262,0.0073379916675253,0.0073162833054732,0.0072360255212432,0.0070150571831074,0.0070471263449174,0.0075454341811981,0.0086011388124381,0.0102797357457409,0.0116466501146138,0.0105107932286236,0.0124593657665233,0.0125009234706148,0.012674250991503,0.0127303252120145,0.0106385369677567,0.0094337636118796,0.0090969401311702,0.0092017303810106,0.0094493044358763,0.0098788009580466,0.0089863763488592,commercial,11,autumn,0,38,1008.784406,38333.807428,0
19,2021-11-30,0.0088664407811289,0.0087776090477066,0.0084381679741884,0.0085628635191264,0.0085364926966907,0.0078512091221195,0.0079210946963147,0.0079943864823524,0.0087562540383909,0.0113678781836619,0.0123716256292842,0.0123770536973455,0.0121901948197283,0.0126919121748513,0.0126189786506146,0.0126764407261398,0.0127005924063689,0.0093134563075298,0.0080450501579226,0.0078579220655947,0.0075391112917691,0.007760986549764,0.0079002568002965,0.0088588616100348,commercial,11,autumn,0,38,1008.784406,38333.807428,0
19,2021-12-01,0.0100401103781694,0.0097283955944344,0.0096048526649154,0.0091494592537592,0.0088557145364579,0.0085845054688742,0.0085103128653335,0.0085586176514777,0.0096537661140664,0.0116676786890972,0.0124474711072777,0.0124739255068989,0.0122678784733311,0.0126720864963483,0.0128524150779363,0.0127795433405723,0.0132795157234275,0.0113017458614149,0.0093301117387994,0.0092259665161239,0.0088129270778888,0.0087807356095973,0.0086944576508739,0.0079612160348628,commercial,12,winter,0,38,1008.784406,38333.807428,0
19,2021-12-02,0.0075228686482465,0.0074666389619935,0.0074459011809414,0.0071589220156558,0.0071257677990604,0.0070136638027567,0.0067486502439464,0.0067055180771157,0.0070087648731602,0.0083648636365371,0.0105535367134635,0.0120523778470191,0.0121210058182564,0.012578589864336,0.012704262717376,0.0126968970021709,0.012693782947401,0.0106122682565727,0.0102892007473038,0.0096786999443637,0.0088020317472249,0.008754817484071,0.008701155143914,0.0092129499820347,commercial,12,winter,0,38,1008.784406,38333.807428,0
19,2021-12-03,0.0085512834751474,0.0081793543326367,0.0081246565944781,0.0080748869117607,0.0074124437582801,0.0072802605711791,0.0070372031049059,0.0070053505358189,0.0076093395795558,0.0098638639126841,0.0122101856158318,0.0124164982267126,0.012187117631041,0.0125674462166775,0.0130887849429063,0.0126903010651367,0.0127280952126947,0.0113162981090984,0.0110602810150913,0.0099663646272977,0.0094441021999837,0.0096763104421997,0.0096144472184393,0.0091549242362628,commercial,12,winter,0,38,1008.784406,38333.807428,0
19,2021-12-04,0.0089233439433812,0.0086098217724603,0.0088713624289455,0.0085293111318672,0.008495489626084,0.0081729707620906,0.0077812235786195,0.0070725121359687,0.0071250788289668,0.0076306444565926,0.0079588157984523,0.0084217186539603,0.0087602461392604,0.0086665387603403,0.0089303026296148,0.0089207242603489,0.0086059059956188,0.0082360500006057,0.0081309891479483,0.0078279401771376,0.0076485838375284,0.0074973590306951,0.0072098882592875,0.0071777032547475,commercial,12,winter,1,38,1008.784406,38333.807428,0
19,2021-12-05,0.0071624805695528,0.0071420694875798,0.0070442085465712,0.0068479542722409,0.0065743525690416,0.0068221745574643,0.006771067225357,0.0067694793031414,0.0067903368203517,0.0070169245223317,0.0073192622436363,0.0072021234757214,0.0075964724171837,0.007875030076496,0.0076718254153837,0.0078781579108908,0.007592458236094,0.0073076293602332,0.0072731571279793,0.0069886660297927,0.0066134190948979,0.006436590251342,0.0064163543603144,0.0063764197654478,commercial,12,winter,1,38,1008.784406,38333.807428,0
19,2021-12-06,0.0064102347811646,0.0066684782811684,0.0064511761508317,0.0064091543307878,0.0063951483766947,0.0063683988443102,0.0063162211304777,0.0063166122394567,0.005987168172368,0.006591857953015,0.0070100405519535,0.007618289654344,0.0084652527587252,0.0085508326587159,0.0100481995833527,0.0102009899887182,0.0104955812048173,0.0094507530144674,0.0090615596515758,0.0085980946964302,0.0080456618894355,0.0081333995534619,0.0080457550082427,0.0077190602231587,commercial,12,winter,0,38,1008.784406,38333.807428,0
19,2021-12-07,0.007523542938017,0.007452152695989,0.007499663491517,0.0073451710592188,0.0072826741205619,0.0073128628009845,0.0072043092770985,0.0072378217607076,0.0068459758591644,0.0072258466932743,0.0089056578574356,0.008505153856349,0.008529280051013,0.0103726995255546,0.011390387613486,0.0116897628774889,0.0120992795562501,0.0083300463245068,0.0079907648395233,0.008231486799979,0.0077150710899625,0.0074678512664443,0.0073370968577135,0.0075133864810423,commercial,12,winter,0,38,1008.784406,38333.807428,0
19,2021-12-08,0.007448972393153,0.0070832646906984,0.0069669324096715,0.0070202977297491,0.0067374810590275,0.0067407001845141,0.0066267192844975,0.0065949362794433,0.0059551097630865,0.0075104183133186,0.0086781133220115,0.0083472251599285,0.0082087468009984,0.0106447607950723,0.0109260141663356,0.011374968238987,0.011577512096657,0.0076781818661571,0.0078372970845554,0.0075306100111287,0.007069382984387,0.006896929898199,0.0068842851357715,0.0065464249710155,commercial,12,winter,0,38,1008.784406,38333.807428,0
19,2021-12-09,0.0062904128906566,0.0062509748315128,0.0060576122464265,0.0059187663519498,0.0059018454373522,0.0056222506651342,0.0054593095748913,0.005374525870488,0.0028138690960592,0.0051758035206038,0.006398335103546,0.0071203042058749,0.0071330664708354,0.0091073107388221,0.0100244721710365,0.0101915543191564,0.0097885551334071,0.007333767943064,0.0072515007891663,0.0069361445891516,0.0067778599658751,0.0065849567377575,0.0065769346292496,0.0064025747480229,commercial,12,winter,0,38,1008.784406,38333.807428,0
19,2021-12-10,0.0062684217891968,0.0064729144416756,0.0062558310611658,0.006187423039331,0.0061666304485558,0.0059035412828916,0.0060022269615488,0.0056669008916964,0.0052704806667537,0.0068344842773023,0.0086520848794099,0.0087936634087338,0.0086537855922363,0.0096112119348349,0.0108775674781854,0.0113237970494091,0.0109826468391245,0.0083322355445788,0.0078405638447654,0.0080770963565988,0.0077586050376068,0.0077352767634302,0.0077243705452051,0.0076732985994284,commercial,12,winter,0,38,1008.784406,38333.807428,0
19,2021-12-11,0.0076131488013142,0.0075590179280471,0.0072926820214882,0.0072371281496533,0.0069516587483942,0.0068915752857502,0.006889834990111,0.0069204078155051,0.006535843929681,0.0069171095562487,0.0075687941067368,0.0077415378312491,0.0081720326446628,0.0083971050140173,0.0084292879144166,0.0081284741110914,0.0081024315389576,0.0078963292352821,0.0080082606868095,0.0079794937919567,0.007431582161753,0.0076510715592899,0.0073930162086879,0.0071087892498302,commercial,12,winter,1,38,1008.784406,38333.807428,0
19,2021-12-12,0.0070798487186449,0.0070679595457765,0.0069250778258528,0.007033808730651,0.0070246883199703,0.0066619319727055,0.0067084422275721,0.0067077264101333,0.0065511529490277,0.0069526931094977,0.0069606570595572,0.0069881204641761,0.0074781537974583,0.0077630952873628,0.0075132810706226,0.0077639889244124,0.0077650754473159,0.0075512386651404,0.0074843615139777,0.0072032058645435,0.0069025580478156,0.0071563174282208,0.0071622626347085,0.0069049040488537,commercial,12,winter,1,38,1008.784406,38333.807428,0
19,2021-12-13,0.006906030572159,0.0069104111282793,0.0068612968563719,0.0071406479908424,0.0069030331257352,0.0070460905395734,0.0068669483814852,0.0069032793428738,0.0071499457160256,0.0073888990655517,0.0074027035654907,0.0072285721841475,0.0081355206438845,0.0084512559396699,0.0082497230947713,0.0084965509448036,0.0098368026449952,0.0088396854390324,0.0090410506700927,0.008897935048645,0.0088607055703447,0.0082645971129847,0.0081747299239412,0.008735644000252,commercial,12,winter,0,38,1008.784406,38333.807428,0
19,2021-12-14,0.0088854774792773,0.0085759946991898,0.0083936813134481,0.0083381165630131,0.0079822406564256,0.008071192948016,0.0079232342625053,0.0079828972851497,0.0080315563154964,0.0086714333629326,0.0100031420684281,0.0106809402124723,0.0107237201575426,0.01218947444713,0.0122418344643017,0.012289814035041,0.0123177486445038,0.0105794783839749,0.010354037482799,0.0102388807308659,0.0095643515355745,0.009630032357041,0.0095503452288281,0.0094668033486117,commercial,12,winter,0,38,1008.784406,38333.807428,0
19,2021-12-15,0.0095732247183797,0.0086207258739405,0.0092360599152447,0.0085385937803163,0.0081618060214431,0.0089240075433921,0.0081038739197031,0.0081330265035076,0.0089136572838044,0.0105337399225263,0.0121378503950025,0.0122710859947595,0.0121054292088491,0.0124049739155398,0.0124849238462708,0.0124955015392789,0.0125277175753167,0.0107578814281445,0.010024585549775,0.0091741909184152,0.0093865268272359,0.0082758445651717,0.0078193338939602,0.0082706999832183,commercial,12,winter,0,38,1008.784406,38333.807428,0
19,2021-12-16,0.0072754648102222,0.0068774003267846,0.0072060330285074,0.0065676914549796,0.0065176053222775,0.0065554830414124,0.0064071599781768,0.0063537691135788,0.005649171627152,0.0059485363439864,0.0067857452667936,0.0072083908504669,0.0069582418064583,0.008590849378121,0.0082813009423391,0.0084588419683113,0.0079320496548262,0.006036839355327,0.0061181980217032,0.0060807089534095,0.0057702246288937,0.0057222395071911,0.0057256318181243,0.0054790943428279,commercial,12,winter,0,38,1008.784406,38333.807428,0
19,2021-12-17,0.0057092420997403,0.0054223525622126,0.0053902001038302,0.0053879772039951,0.0053628886439816,0.0052688048223589,0.0051428809257989,0.0050409802746606,0.0023559867407998,0.0016554062436871,0.0016768092479246,0.0045959342002818,0.0054564964542657,0.0046729309083221,0.0051160461245595,0.0047496218681766,0.0048332372790998,0.0052180772637834,0.0054493568626075,0.005403416623818,0.0051331219988344,0.0050477312049806,0.005102388396237,0.0048848874184213,commercial,12,winter,0,38,1008.784406,38333.807428,0
19,2021-12-18,0.0048032470319888,0.0047457423482658,0.0046253381492756,0.0044624593630628,0.0044306148663903,0.0043536645689096,0.0016648442283063,0.0016324654344061,0.0018301587870366,0.0045427650759047,0.0051939693795443,0.0051365740002353,0.005925998200551,0.006156607120411,0.0059651108828888,0.0064102674109222,0.0064075210871676,0.0059654926838748,0.0058177243189495,0.0055526742832001,0.0054146903656748,0.0058080436428618,0.0062581002502513,0.0067716843679228,commercial,12,winter,1,38,1008.784406,38333.807428,0
19,2021-12-19,0.007324737797707,0.0076731543670787,0.0080289055339447,0.0083732014363001,0.0086455567663143,0.0089739426147685,0.0085076450661994,0.0083189066614953,0.0078394688581895,0.0064906353746459,0.0062446947907919,0.007064755687664,0.007200409158108,0.0073248604596482,0.0073094796806789,0.0076518590177309,0.0079117957185309,0.0081878141815585,0.0089023863518453,0.0089708908486465,0.0090060374645954,0.0090756197586411,0.0091728770590052,0.0092300949486909,commercial,12,winter,1,38,1008.784406,38333.807428,0
19,2021-12-20,0.0087743926641535,0.0088383745159829,0.0088392339365659,0.0089266488055649,0.0090886438164532,0.0088800224413455,0.0072231327574469,0.0060381575840409,0.0018858197483126,0.0049815010957369,0.0053812370189628,0.0056746429291545,0.0069659439416372,0.0069878031750994,0.0068344243773551,0.0077654346582573,0.0074019619370161,0.0071477096763751,0.0069685851791996,0.0066313612804658,0.0064686765269958,0.0062800474248244,0.0059976660937473,0.0062735846136612,commercial,12,winter,0,38,1008.784406,38333.807428,0
19,2021-12-21,0.0059748289786693,0.0056758739907515,0.0057522644898841,0.005397093242308,0.0053701595116833,0.0053815667404316,0.0049438128477808,0.0048444591458032,0.0046706032781993,0.0050040087084983,0.005799344317266,0.0063312207312445,0.0074115116081324,0.0075404129324178,0.0077895709018223,0.0077413940412339,0.0074265408576628,0.007198172240417,0.0070968005201646,0.0067743278389041,0.0063684098791476,0.0064214071384103,0.0064185577160408,0.0062481876728731,commercial,12,winter,0,38,1008.784406,38333.807428,0
19,2021-12-22,0.0063718713085647,0.0062822319475311,0.0061874768599117,0.0063055856341885,0.0060387497913045,0.0059457120569134,0.005893269006809,0.0058468645798172,0.0052180213016424,0.0062032606505261,0.0071274013846391,0.0072231510056983,0.0084725851645712,0.0095773381551283,0.0099454629561034,0.01098686037052,0.0103044093977091,0.0083230631432053,0.0078425884455167,0.0071904400008267,0.0072699012850564,0.006844535407727,0.0070972213969519,0.0068256329693767,commercial,12,winter,0,38,1008.784406,38333.807428,0
19,2021-12-23,0.0070375886060735,0.0070092385943548,0.0068093645772978,0.0067047365965066,0.0069406601269523,0.0068648163244453,0.0068820479054609,0.0068748390989216,0.0066268470873143,0.0074172376721471,0.0088081048058241,0.0091218671263402,0.0086221114805979,0.0107844512396885,0.0122945041655984,0.012162008761751,0.012341274068759,0.009395621394349,0.0088083893234296,0.00913585453562,0.0091748715188757,0.0091154687549121,0.0082557555312246,0.0081383870423687,commercial,12,winter,0,38,1008.784406,38333.807428,0
19,2021-12-24,0.0079602660305052,0.0084454704801205,0.0078391069402876,0.0074012478928048,0.0067857222536801,0.007044976711659,0.0066769597256099,0.0069649988269554,0.0065938988022402,0.0102003839377977,0.0119889517479691,0.0118721997071069,0.0116062929460074,0.012463797265157,0.0125305468826967,0.012713086062934,0.0127720720240517,0.0093199357125539,0.0090317511030118,0.0087233073936879,0.0081631681871307,0.0080867513453658,0.0080720736803799,0.0077018560138651,commercial,12,winter,0,38,1008.784406,38333.807428,0
19,2021-12-25,0.0074088044348208,0.0071063910337233,0.0071864755065566,0.0067710065549535,0.0067278924404791,0.006831795378949,0.0063894912353287,0.0061384676417639,0.0063981885266151,0.0066425674854819,0.0069699573106007,0.0071685720447482,0.0079019404467812,0.0081367352291871,0.0082254016629894,0.0084162758423206,0.0081290326634306,0.0077727520510904,0.0074826516173209,0.007203102611736,0.0070024804515264,0.0066079244578328,0.0065774275383476,0.0067233838419874,commercial,12,winter,1,38,1008.784406,38333.807428,0
19,2021-12-26,0.0065568545683345,0.0065416260549105,0.0066535742533737,0.0067730506889319,0.0067647067426105,0.0065261793578456,0.0064521845608292,0.006439819287979,0.0065340225171183,0.0066882694450651,0.0069749482827061,0.007342633601295,0.0083550499132872,0.0086585508599936,0.0084853851653868,0.0081349006430328,0.0078371413895814,0.0079188508808036,0.0075184370028816,0.0072126762292606,0.0068371889795171,0.0066629532507499,0.0070031071511482,0.0064185253906369,commercial,12,winter,1,38,1008.784406,38333.807428,0
19,2021-12-27,0.0063880194782755,0.0063898229208154,0.0065752619703163,0.0063852668771773,0.0063735482920714,0.0065011544810196,0.0060320942984585,0.0060066636715144,0.0060578318697373,0.0065957967856714,0.0074064479204033,0.0077505719741236,0.0089060127702577,0.0091271675807653,0.0091606374457876,0.0094652711302999,0.0096702608875949,0.008619003322595,0.0086753040072261,0.0081506615432806,0.0076739084520388,0.0089551301559191,0.0088917291858191,0.0076778939642686,commercial,12,winter,0,38,1008.784406,38333.807428,0
19,2021-12-28,0.007831246048457,0.007719206062167,0.0074571983240258,0.0075976870618294,0.0075820011792131,0.0071743383680794,0.007202270859135,0.0076014777099707,0.0069320207917197,0.0079709716366411,0.0085889706953146,0.0095713256312508,0.0095608234706709,0.0105459437240908,0.010799076854465,0.0116690025452454,0.0122800863963556,0.0088956318418888,0.0094905870346545,0.0089866213479342,0.0079084850958738,0.0080009901065776,0.008307663131778,0.0076770503893174,commercial,12,winter,0,38,1008.784406,38333.807428,0
19,2021-12-29,0.0078670772745204,0.0077995117577756,0.0077378455360657,0.0077281252445856,0.0077064767460298,0.0076045575529035,0.0076595980375489,0.0073408283764878,0.0070149024138009,0.0099676131849542,0.0120387943004348,0.0122059456122313,0.0120124929164175,0.0125901974449286,0.012632907137293,0.0125596667448102,0.0125554044284595,0.0099079960823677,0.0101894529561266,0.0100895202746595,0.0089865599374794,0.0089718096500783,0.0085562675358077,0.0082079049319076,commercial,12,winter,0,38,1008.784406,38333.807428,0
19,2021-12-30,0.0083744682047063,0.0082723027385846,0.0079389629807223,0.0078849559517884,0.0078567930254094,0.0074625921475619,0.0080750928644161,0.0081386779075554,0.0079671440305121,0.010610490737824,0.0117896526522872,0.0123042329323715,0.0121359687089277,0.0124755442708373,0.0125686278751818,0.0127418083819475,0.013118220552697,0.0104585552273383,0.0098461650682852,0.009883046019513,0.0089200379062899,0.008598702484819,0.0081135129524667,0.0077304075946504,commercial,12,winter,0,38,1008.784406,38333.807428,0
19,2021-12-31,0.0074837974781392,0.0074314112719075,0.0072215221075015,0.0071182525056454,0.0068276396309229,0.0068272653742139,0.0067088551924241,0.0066727393749529,0.0061108563454867,0.007524116798025,0.0091891344353228,0.0096752299828681,0.0092919603191926,0.0124162405649253,0.0125299068962281,0.0125691613726267,0.0126058161610697,0.0081939441419262,0.0078978154692669,0.0078628556811474,0.0074638502579695,0.0075161788379461,0.0069651741519914,0.0068827623578077,commercial,12,winter,0,38,1008.784406,38333.807428,0
20,2021-01-01,0.0073074913260825,0.0070218841058819,0.0069810611185716,0.0067985824097533,0.0061790706163805,0.0065079074407,0.0064966573964599,0.0065208521011312,0.0074005838997361,0.0082474007883412,0.0084474562010533,0.0084136089009341,0.0081769452759402,0.0088434792719845,0.0087984483315051,0.0085418935974791,0.0088657299790565,0.0084948844616314,0.0086987838810558,0.0082422519862627,0.0076648261153238,0.0087289546923406,0.0075363571473421,0.0080794193908362,commercial,1,winter,0,5,63471.61669,317358.08345000003,0
20,2021-01-02,0.0073199052950619,0.0078018977393229,0.0077152804434879,0.0078001525074917,0.007800967597977,0.0075607332947248,0.0079336623917767,0.0079694645486937,0.0088036641135005,0.0091915420778512,0.0099593384987267,0.0094704775302865,0.0095916574817029,0.0095919298755797,0.0087810815937946,0.00932447425891,0.0091615469673263,0.0081353530890368,0.0089838930460056,0.0081184531377497,0.0078190570636118,0.0083188957238885,0.0080912389006977,0.0080869630614572,commercial,1,winter,1,5,63471.61669,317358.08345000003,0
20,2021-01-03,0.0080867675508622,0.0080854723607311,0.0082166033637631,0.0085313886613742,0.0082422109063194,0.0083047324317841,0.0087004472054734,0.0087283295930966,0.0090804229371221,0.0096497788242695,0.0099535674595431,0.0097208297686637,0.0086460771512785,0.0086239218980573,0.0094727217577929,0.0092096821811059,0.0088719390654091,0.008898900544702,0.0080262898961064,0.0078427772883899,0.0074938457250355,0.0071710800068233,0.0065689329006755,0.0063005852255057,commercial,1,winter,1,5,63471.61669,317358.08345000003,0
20,2021-01-04,0.0064835228905737,0.0062320168545744,0.0061029504500878,0.0062438379114219,0.0060146707015182,0.0060240548167595,0.005846763949756,0.0060667385094056,0.0078910211916258,0.008636639706379,0.0101810172813293,0.0103244938050603,0.0099501924096067,0.012253065041195,0.0133610865580522,0.0140786364065288,0.0144638135254648,0.008641205654387,0.0075428053400808,0.007505219505531,0.0069571841571992,0.0067738075807117,0.0064086764079626,0.0060524643757515,commercial,1,winter,0,5,63471.61669,317358.08345000003,0
20,2021-01-05,0.0058792564389798,0.0055991748201272,0.0056353846037463,0.0053179256681556,0.0053156454570686,0.0053359040897519,0.0054320181031326,0.0053103829108159,0.0091944626800135,0.0108950444524844,0.0122265027065561,0.0131301222987955,0.0127808115642059,0.0148444468871912,0.0150109994561454,0.0151001762618338,0.0151918282063336,0.0108590081664569,0.009044538295066,0.0082223931981361,0.0076027638984826,0.0073417175679327,0.0064783731169772,0.0060797448696663,commercial,1,winter,0,5,63471.61669,317358.08345000003,0
20,2021-01-06,0.0056777308890262,0.0056507347318025,0.0054845922975006,0.0053690375266818,0.0053724443090953,0.0052088684091324,0.0054704104073428,0.0056305146510429,0.0106376064794644,0.0124659276885751,0.0135204423964826,0.0137154289092086,0.0134175770607141,0.0150188275878602,0.0150995879092227,0.0151517861895615,0.0152613935023108,0.0104144074119047,0.0085377395423342,0.007903608601837,0.0070326494727822,0.0066470713407134,0.0060179533672465,0.0055611418741504,commercial,1,winter,0,5,63471.61669,317358.08345000003,0
20,2021-01-07,0.0054053699721717,0.0051246740813159,0.0050560238520478,0.0048507045870089,0.0048438336358638,0.0049775375738429,0.0049168577098554,0.0050488883195312,0.0108727790802438,0.0122870104019449,0.0136321524219824,0.0138698973537536,0.0137076308854719,0.0151125516352811,0.0152522928728409,0.0153336869002997,0.0154262588789682,0.01081471653501,0.0086919993666515,0.0080524037852035,0.0072327344017827,0.007053879984087,0.0064175107201804,0.0057268433288502,commercial,1,winter,0,5,63471.61669,317358.08345000003,0
20,2021-01-08,0.0056696336548808,0.0053922659534598,0.0051148491837467,0.0051140923536248,0.0048564858429402,0.0048726199109886,0.0021054508752221,0.0027368725164241,0.010472350007873,0.0120027983123488,0.0133675983274749,0.0139036997863115,0.0134721444266989,0.0151549884999512,0.0153592027361988,0.015399410609023,0.0154751542229433,0.0110136066255782,0.0084626529044313,0.0081069744355283,0.0072512756051304,0.0070987077923009,0.005869289525503,0.0057952755862995,commercial,1,winter,0,5,63471.61669,317358.08345000003,0
20,2021-01-09,0.0049123030734618,0.0048899367915481,0.0051509569294254,0.0051493783749639,0.004905545340467,0.0047996354187504,0.0049057071085344,0.0049376504155694,0.0049564364556287,0.0064062502487596,0.0071171811080542,0.0070781558503749,0.0065957482666653,0.0068589992119157,0.0068482383660445,0.0068530737077284,0.0068538839049161,0.0066676096094345,0.0065644534272455,0.0059282218759456,0.0059764675421804,0.0059163874670016,0.0059190690378854,0.0055368774227808,commercial,1,winter,1,5,63471.61669,317358.08345000003,0
20,2021-01-10,0.0056793236314406,0.0054655882165331,0.0055602553541102,0.0055038518138564,0.0055090955892789,0.0056665023762532,0.0055488029862565,0.0054857155643788,0.0056220456643092,0.0059495612142685,0.0064484877758651,0.0062521908008098,0.0067229015181429,0.0067404887304583,0.0067828006014314,0.006719499079445,0.0069845174787726,0.0068137996987328,0.0066923701617668,0.0064644919646179,0.0065524285796383,0.006464176977376,0.0064672536506694,0.0063345780062676,commercial,1,winter,1,5,63471.61669,317358.08345000003,0
20,2021-01-11,0.0066254282392469,0.0063979898165581,0.0063290294557811,0.0063951808471617,0.0061637069320049,0.0062289747797405,0.0061675981881543,0.006670246047287,0.0089756453126529,0.0103754828241853,0.011258316545435,0.0114214479845537,0.0109700536416738,0.0132716401777167,0.0138833209953693,0.0144593616362997,0.0145939429963379,0.0092987790207234,0.0078376669591631,0.0078011132057375,0.0077471333780023,0.0076320245730102,0.0075221374890822,0.007121068783414,commercial,1,winter,0,5,63471.61669,317358.08345000003,0
20,2021-01-12,0.0069777768954843,0.0069608110104538,0.0072026522815949,0.0066889542137593,0.0066736487608683,0.0070525341887737,0.0068703478141615,0.0070907016351227,0.0130286265136051,0.0144802329797887,0.0146532250933875,0.0147875032855422,0.0142103313762486,0.0150596576476089,0.0155720319562726,0.0157346603073435,0.0160224576900603,0.0124788563943453,0.0096173665004445,0.0085725272954042,0.0079688849862045,0.0076475720618426,0.0070625036406317,0.0065120057107789,commercial,1,winter,0,5,63471.61669,317358.08345000003,0
20,2021-01-13,0.0062187604617596,0.006198296566359,0.0060850235080403,0.0061789946991522,0.0061713392449329,0.0059832452416396,0.0060496275126974,0.0062315254739309,0.0128711557738693,0.0145405003164905,0.01498368623404,0.0150880677562337,0.0143957282341954,0.0153589578088844,0.0158746728980984,0.0160845546987097,0.0161032183832248,0.0125761377700685,0.0106447319868379,0.0096687650057856,0.008786069352423,0.0088986881114789,0.0076773671990543,0.0074982928255713,commercial,1,winter,0,5,63471.61669,317358.08345000003,0
20,2021-01-14,0.0065029515960143,0.0064771512341477,0.0063374897312279,0.006195392286782,0.0061828887525992,0.0059680233937185,0.0060580524944505,0.0062719982474096,0.0130924797243306,0.0146666109119143,0.0149653709209663,0.015121187814226,0.0144295055257981,0.0154035440231648,0.0158737773787983,0.0161096001732963,0.0168073655477515,0.0125880886861298,0.0102942916487841,0.0098482625232325,0.0088971146517654,0.008598802760663,0.0078943263106748,0.0074149938004202,commercial,1,winter,0,5,63471.61669,317358.08345000003,0
20,2021-01-15,0.0068927906017391,0.0064885356456802,0.0068241372410225,0.0067341905122912,0.0067251513586044,0.0068298471466107,0.0072273233081633,0.0072040380454869,0.0144813116039209,0.0147891766875624,0.0149420392187296,0.0150750656829974,0.0146813830567202,0.0162337449687215,0.0165936995331885,0.0172953442825689,0.0178621887700869,0.0125978077009844,0.0114987619973294,0.0114739471847309,0.0107998503311617,0.010670845984923,0.0099329942206325,0.0085289436494338,commercial,1,winter,0,5,63471.61669,317358.08345000003,0
20,2021-01-16,0.0085308634470735,0.0081009345151733,0.007403140464654,0.0087443063593079,0.0080435942905253,0.0072167121555652,0.0082899214903976,0.0080048929831689,0.0090285638012451,0.0095956183734954,0.010262839839707,0.0105839958394403,0.0097194568254858,0.0094976010733571,0.0098197397932816,0.0101007920647402,0.009993178526745,0.0097277555902778,0.0090983298873509,0.0085803106089091,0.0091572620712043,0.0095106217623017,0.0094972501455853,0.0090097935828166,commercial,1,winter,1,5,63471.61669,317358.08345000003,0
20,2021-01-17,0.0095404533613275,0.00924421549296,0.0090037433962584,0.0089920589842681,0.0082769743401279,0.0085698183046923,0.0081003751620509,0.0077917405844148,0.0076996577703116,0.0077947165100269,0.007089555016773,0.0074635392869144,0.0066280983153521,0.0068924401570231,0.0069541595748938,0.005984256853693,0.0059622904697249,0.0056955945423596,0.0056282214610806,0.0056254107673593,0.0053102876843997,0.00541796022805,0.0054374296254738,0.0054058825475069,commercial,1,winter,1,5,63471.61669,317358.08345000003,0
20,2021-01-18,0.0056122375431426,0.0056303776972161,0.0054352473982153,0.0056493394174655,0.0056608003549042,0.0055044337530361,0.0053417937046704,0.0055075424588191,0.0060337716513777,0.0085750568956397,0.0094785741641124,0.0100293865789427,0.0098146701856373,0.0122129229852085,0.0127503957793715,0.0137995967949196,0.0142634852066076,0.0084671896461575,0.0072685960228897,0.0072330512853506,0.006825081780697,0.006783185009175,0.0066904555309178,0.0064741658140624,commercial,1,winter,0,5,63471.61669,317358.08345000003,0
20,2021-01-19,0.0064268960917539,0.0064108522696172,0.006193473584418,0.0058697690713186,0.0058549799956418,0.0058798995593011,0.0060063146133656,0.0061984976890307,0.0114010155164357,0.012396887855034,0.0134934402653388,0.0137459125346724,0.012928902024073,0.0149234599834061,0.0150943086426547,0.0151480177545592,0.0152560516534416,0.0118406946862761,0.0087653325253766,0.00841565057067,0.0082360869416,0.0081236718403194,0.0072622272891089,0.0066861095140082,commercial,1,winter,0,5,63471.61669,317358.08345000003,0
20,2021-01-20,0.0067423118421923,0.0064687725424364,0.0063496029713189,0.0064433323359412,0.0064381750812226,0.0061975382678088,0.0060554032718357,0.0062329214244278,0.0131232713383041,0.0144375407498665,0.0148411105775453,0.0149441425075641,0.014303616670156,0.0151341117213354,0.0153710250381884,0.0152690223039939,0.015367355318527,0.0125012382972717,0.0089317388278188,0.0085081469729331,0.0084372597643178,0.0078314925638023,0.0072144323058079,0.0066728233625927,commercial,1,winter,0,5,63471.61669,317358.08345000003,0
20,2021-01-21,0.0064874302294569,0.0062126979807963,0.0063032305282095,0.0061930867457253,0.0061811180265373,0.0060965078332431,0.0060601088539593,0.0062342458147126,0.0125256277355576,0.0133656884980477,0.0143500566555466,0.0148666689071415,0.0139208714769524,0.0150447039711197,0.0150945147724904,0.0151146420771903,0.0152187750759959,0.0103920944553777,0.0080160388088938,0.007689310335356,0.0069025836505092,0.006720411300355,0.006428751279977,0.0058974402347279,commercial,1,winter,0,5,63471.61669,317358.08345000003,0
20,2021-01-22,0.00594647656044,0.0056697517951289,0.0057319941936296,0.0056468447060424,0.0056418735442752,0.0057171493079394,0.0057670576555001,0.005933056807548,0.01210920751712,0.0130883841870079,0.0142513044885597,0.0149491708856508,0.0142976772601537,0.0151509366515191,0.0152037368563898,0.0152975915766304,0.0154301534378331,0.0125234058989302,0.0092431346766663,0.0084901637755923,0.0086702502036188,0.0075046798264136,0.0068636235862502,0.0070898134792673,commercial,1,winter,0,5,63471.61669,317358.08345000003,0
20,2021-01-23,0.005993571801873,0.0062189568738527,0.0060211216103303,0.0059682504684204,0.0059580727402139,0.0058604506738133,0.0063164808064331,0.0063514199187669,0.0067388634068222,0.0069523447250368,0.0070583364597607,0.0071580657567172,0.0066208277130424,0.0066006078906448,0.0065274060577556,0.0071176937498436,0.0071289697327186,0.0067644283585447,0.0065808130147937,0.0062056044353275,0.0059605878828597,0.0059296612176746,0.0056794944267025,0.0053659094487484,commercial,1,winter,1,5,63471.61669,317358.08345000003,0
20,2021-01-24,0.0054042409097604,0.0051462813584016,0.0050326777550854,0.0051935355279603,0.0049961053588551,0.0049541848953558,0.0050254537626913,0.0049625488908516,0.0048444101014688,0.0051647504792509,0.0054193668838593,0.0054205131432609,0.005667890609633,0.0059161304543867,0.0059379330112379,0.0061787831425434,0.0061836191924358,0.0060763812739638,0.0060000337717589,0.0057668004561917,0.005700488859079,0.0057772326786291,0.0057871580995868,0.0054967586616737,commercial,1,winter,1,5,63471.61669,317358.08345000003,0
20,2021-01-25,0.00547802343041,0.0054850657234124,0.0056500590926664,0.0054950686133665,0.0054908558317169,0.0054231806492572,0.0051233518321402,0.0052174391542188,0.0064407972734858,0.0080393666606419,0.0092332883698016,0.0105190323377674,0.0089516628353389,0.0108730484512414,0.0123433013206857,0.0133403275356114,0.0137878446779636,0.0085162003442876,0.0067188702988859,0.0063974786712094,0.0064205484158544,0.0062219208240453,0.0061353417867156,0.0061373760603354,commercial,1,winter,0,5,63471.61669,317358.08345000003,0
20,2021-01-26,0.0058915457908911,0.0056081813335711,0.0056708246898527,0.0053275655600326,0.0053274908472706,0.0054457043957964,0.0051658998920202,0.0053137236238876,0.0101357064183596,0.0119356070674962,0.0130759059681825,0.0139918000495312,0.0132696976790075,0.0149412702902725,0.0151257660528946,0.015221688812542,0.0153127893587158,0.0111509121249785,0.0087077696476354,0.0084026589538818,0.0073191224823972,0.0068701492178884,0.0059573749759839,0.0053212646667253,commercial,1,winter,0,5,63471.61669,317358.08345000003,0
20,2021-01-27,0.0051384008840462,0.0048644782892269,0.0047390694688231,0.0045859400345849,0.0045771768127511,0.0047811347428167,0.002109002712568,0.0050476129004375,0.0108855901290023,0.0127833548116659,0.0137295378265194,0.0147715953056108,0.0141235875702594,0.0151543749301199,0.0153404761953391,0.0154487814113044,0.0155193226913427,0.0117314646795941,0.0094478478376183,0.0087779830215795,0.0080282538202037,0.007749207629411,0.0065189416261556,0.0061812847469096,commercial,1,winter,0,5,63471.61669,317358.08345000003,0
20,2021-01-28,0.0059416335693556,0.0058688838222849,0.0058053539258749,0.0057695623013125,0.005717965269547,0.005760924989465,0.0053778606878982,0.0050660074414656,0.0124220496881589,0.0141382298514956,0.014934507562928,0.015013858157214,0.0143449273665778,0.0152720846031454,0.0154385999302002,0.0155623142843996,0.0156331405564663,0.0118680593169211,0.009620495711934,0.0089347131189331,0.0079189522321503,0.0078617679443917,0.00693195744056,0.0061998364974683,commercial,1,winter,0,5,63471.61669,317358.08345000003,0
20,2021-01-29,0.0056785990896186,0.0056611318621733,0.0055947116167198,0.0053879026672217,0.0053783859926807,0.0051917603112161,0.0049315034345609,0.0027020869008904,0.0119792704426672,0.0139651805480412,0.0150277398598861,0.0150877964222288,0.0143943002100687,0.015359770788831,0.015590234625302,0.0156290968062593,0.0156975596817132,0.0117865013297813,0.0087610779890893,0.0077434333576067,0.0074917511628968,0.0072807749691926,0.0066484472192319,0.0058099778437016,commercial,1,winter,0,5,63471.61669,317358.08345000003,0
20,2021-01-30,0.0049182561689365,0.0043826197504129,0.0051997966264332,0.0043923548821852,0.0046357086683924,0.0049760645347397,0.0049137268207242,0.0049424934387313,0.005871769162574,0.0069530734271902,0.0080137497755562,0.0086035607785287,0.0069100310489325,0.0071553552937809,0.0077948648443102,0.0074335571562603,0.0077007171747441,0.0074259273758676,0.0068728706909493,0.0064542059338788,0.0061791712648886,0.0064542412349367,0.0059395152503755,0.0059330425846736,commercial,1,winter,1,5,63471.61669,317358.08345000003,0
20,2021-01-31,0.0054174662600479,0.0056597189831679,0.0055979505033691,0.0054835322478542,0.0055095503343856,0.0052892425878445,0.0050900563055703,0.0047075959412881,0.0054215527736404,0.0059424567020452,0.0064908516425382,0.0070348273337813,0.0070442596737667,0.007309927500962,0.0077519875117245,0.0075899671690625,0.0073269927090119,0.0073865652272209,0.0062894486130433,0.0061476330113464,0.0061109193214296,0.0059711408257558,0.0057928922731816,0.0057179032978328,commercial,1,winter,1,5,63471.61669,317358.08345000003,0
20,2021-02-01,0.0057944689486029,0.0058760153878615,0.0058202330133662,0.0058773976585117,0.0058143628142794,0.0058162360737155,0.0059042044240694,0.0058188768836085,0.008067173841638,0.0090274765114797,0.0098806674002941,0.010521457913439,0.0099871085646007,0.0124622117743943,0.0137757829522446,0.0143079693947567,0.0147032598347883,0.0091978616567481,0.0070467917970865,0.0066908288301406,0.0065779515987033,0.0065140006672531,0.0064274183531957,0.0060774580685624,commercial,2,winter,0,5,63471.61669,317358.08345000003,0
20,2021-02-02,0.0059074290339124,0.0056281043528967,0.0059255966148249,0.0056123700879506,0.0058586636973929,0.0059910644506744,0.0060172123793749,0.0059163167938014,0.0114657524680102,0.012337354415494,0.0139664566248947,0.0147767163098631,0.0141939825776483,0.0150507989993809,0.0152743234475349,0.0152908647301517,0.0157158916341214,0.0118730906176598,0.0097057287778734,0.0088846422318394,0.0078117811976515,0.0077723187633448,0.0070644169067934,0.0065088211774768,commercial,2,winter,0,5,63471.61669,317358.08345000003,0
20,2021-02-03,0.0064821508195523,0.0064682504167592,0.0062504420661454,0.0064472589899799,0.0064433618643282,0.0063584893957792,0.0066107518537618,0.0068220353674484,0.0136899211056186,0.0147620046218415,0.0149385745654434,0.0150968080463788,0.0144049172658321,0.0155221025091944,0.0171298713840129,0.0171324334464349,0.0172133745278326,0.012594510529615,0.0115905730511533,0.0107664148712299,0.0095173543702248,0.0093271149095017,0.0086137496103737,0.0079286282368839,commercial,2,winter,0,5,63471.61669,317358.08345000003,0
20,2021-02-04,0.0080193062548276,0.007527739838439,0.0068082337326451,0.0072414455868834,0.0067933599820451,0.0065654810286771,0.0066251149960611,0.0068271458497869,0.0132076781140785,0.014776366916946,0.0149245696390932,0.015060616670256,0.0143904858235734,0.0152898087226027,0.0154922771234902,0.0155290265492428,0.0155970719354081,0.0120604003092022,0.0087627959713266,0.0080415986884477,0.0076482013926557,0.0073004650087748,0.0066640348106409,0.005975148406809,commercial,2,winter,0,5,63471.61669,317358.08345000003,0
20,2021-02-05,0.0056890040694402,0.0056696481714032,0.0054515391096627,0.0053869320510561,0.0053856766115539,0.0053561284358319,0.0054885047194381,0.0053552420578208,0.01097541064405,0.0121713014386769,0.0123910233375593,0.0133928479340855,0.0126210888119241,0.0150525474666083,0.0152042807690762,0.015237024780113,0.0153011267998157,0.0104473288007478,0.0080477687461573,0.0076896195768985,0.0070104663533784,0.0066926010470796,0.0057568504401581,0.0054790142740913,commercial,2,winter,0,5,63471.61669,317358.08345000003,0
20,2021-02-06,0.0051681707962654,0.0051569407967253,0.0049339595381105,0.004896473101116,0.004655036941484,0.0047779557666727,0.0049073018306094,0.0049382143216199,0.0042194934680687,0.0058109124159662,0.0062820040841897,0.0061795389936574,0.0057692439849383,0.0060318303840357,0.0059922617961636,0.0060158988519218,0.0060165042272429,0.0060153158748987,0.0054904653879372,0.0053950060203103,0.0055854175774845,0.0054086098651053,0.0054016432820184,0.0055535684397194,commercial,2,winter,1,5,63471.61669,317358.08345000003,0
20,2021-02-07,0.0056559420119167,0.0054256111368351,0.0055927989299981,0.0057131433703948,0.0055010663061246,0.0056588205858795,0.0055392331400716,0.0055151124830949,0.005766840140637,0.0057606005233316,0.0062350526543952,0.0064988965196818,0.0064782591189842,0.0064740187489539,0.0069648539023264,0.0064639465991683,0.0064899634674717,0.0066559502695824,0.0062500651185034,0.0062452775531004,0.0061970172148985,0.0060151533140726,0.0060130321658689,0.0060844762671862,commercial,2,winter,1,5,63471.61669,317358.08345000003,0
20,2021-02-08,0.0061670221722396,0.0061691537151568,0.006105868279186,0.0059374033259757,0.0059325874319161,0.005908084492455,0.0056390458327914,0.0057882142392633,0.008078078992527,0.0091678159817135,0.0104913778467362,0.0109244358340441,0.0103991343292243,0.0127034288710811,0.0138453136758408,0.0145353566519827,0.0146512980209165,0.0090443729797994,0.0072688604774973,0.0072224211952838,0.0067022007347901,0.0067693991648168,0.006413290874142,0.0060852795466654,commercial,2,winter,0,5,63471.61669,317358.08345000003,0
20,2021-02-09,0.005888546676599,0.0056100383435993,0.005647689735031,0.0055893616902024,0.0053339632547293,0.0054803637110004,0.0054448725809605,0.005611533891053,0.0106297277727553,0.0127957053082088,0.013906456783344,0.0145418895497647,0.0135241275574225,0.0150678477727728,0.0152519543463543,0.0153125365876411,0.0153904648288855,0.0113485754215192,0.0088750150659733,0.0082401794192612,0.0072078119547896,0.0069770470796582,0.0063728674770448,0.0058917236859088,commercial,2,winter,0,5,63471.61669,317358.08345000003,0
20,2021-02-10,0.005679770240162,0.0056584351866862,0.005492296805827,0.0056364093007897,0.0053825126244019,0.0054491764236603,0.0052089987852875,0.0053497218481846,0.0120929480514209,0.0142373665915457,0.014959044843134,0.0150750778300444,0.0142211817133444,0.0152745636885858,0.015510802263607,0.0155481344814411,0.015618798829581,0.011978356985367,0.0090558332523915,0.0083550880966375,0.0076311432374382,0.0076030342266413,0.006657887968193,0.0061494248808651,commercial,2,winter,0,5,63471.61669,317358.08345000003,0
20,2021-02-11,0.0057121957677469,0.0056880844533435,0.0054543199623623,0.0056775305942102,0.0057038180363779,0.0054428634201709,0.0060822021094216,0.0061057619566879,0.0065050705579852,0.0073224934965609,0.0073992137679414,0.007960076983295,0.0066465251373175,0.006892132014542,0.0072281994312483,0.0068804601702798,0.006870834462489,0.0067400616471898,0.0066032706642183,0.0064576159141157,0.00632037574748,0.0061980931968691,0.0059425528591338,0.0059834713467877,commercial,2,winter,0,5,63471.61669,317358.08345000003,0
20,2021-02-12,0.0059322028319583,0.0059289036643261,0.0057693553474201,0.0054530043603199,0.0054713682951303,0.0055177968870729,0.0055288323991698,0.0054699784432944,0.0064883277781568,0.0068907494462092,0.007184344427327,0.0081372676384642,0.0073859156980959,0.007366860986261,0.0082419273805294,0.0079221394040676,0.0079175077989861,0.0076265534759024,0.0068312276090577,0.0066577004085666,0.0063808640776786,0.0061314252975719,0.0063859212638634,0.0059687181986235,commercial,2,winter,0,5,63471.61669,317358.08345000003,0
20,2021-02-13,0.0059480606775329,0.0061941464681117,0.0059128043592837,0.0059914885688779,0.005773824010448,0.0056899913896653,0.0058117874755149,0.006002625703773,0.0068027706998486,0.0071231134495939,0.0076818329697856,0.0082390693868569,0.0073430628253797,0.007588505454721,0.0082757245771785,0.0078795257733697,0.0078725967443984,0.0075573032034341,0.0067944644584292,0.0066192582092491,0.0067590450361466,0.0063696685553359,0.0068667507239766,0.0063938598785051,commercial,2,winter,1,5,63471.61669,317358.08345000003,0
20,2021-02-14,0.0066140774275903,0.0066256952035502,0.0062823859465727,0.0063946991265377,0.0061758083606143,0.0062755656541673,0.0062491662746559,0.0064930456405053,0.0073607219689421,0.0079185719758956,0.0082170778496717,0.008853678220506,0.0086845151413793,0.0090568901346093,0.0081778526703192,0.0078715197025752,0.0089357801512016,0.0075482547882424,0.0084130753623557,0.008076871529649,0.0074836176374775,0.0086191198127125,0.0083492623583074,0.0076117064465448,commercial,2,winter,1,5,63471.61669,317358.08345000003,0
20,2021-02-15,0.008351460096686,0.0083672753140976,0.0078529690232324,0.0078558706605436,0.0078529342374614,0.0081441215381305,0.0075175142113473,0.0075221693296965,0.0092894114073098,0.0081759756953415,0.0084502251751833,0.0094619996600938,0.008366218671658,0.0090819194000685,0.0094964983474304,0.0093716391627648,0.0095564811829412,0.0093131741866296,0.0092394431202224,0.0090834528691123,0.0092025313319558,0.0090616484382768,0.0090587582447416,0.0089080870682682,commercial,2,winter,0,5,63471.61669,317358.08345000003,0
20,2021-02-16,0.0088106634204752,0.0088070041021198,0.0092372568146313,0.0088108947162647,0.008814806567648,0.0085839479164861,0.0092554557497237,0.0092865455844895,0.0101726262106001,0.0104827174646293,0.0107894747448017,0.0110309120181438,0.0099133031881076,0.0103767884279442,0.0105578359407751,0.0101693489382351,0.0101667621420951,0.0101094647080699,0.0090756596475586,0.0090522314762419,0.009089382485812,0.0085933240288724,0.0085833708587431,0.0088515202741649,commercial,2,winter,0,5,63471.61669,317358.08345000003,0
20,2021-02-17,0.0085836669518811,0.0085771092360617,0.0083823738781319,0.0078554366152227,0.0080129101826344,0.0079994541924153,0.0079731495534648,0.0079912089278553,0.0092522580073678,0.0096861428789699,0.0101712965810079,0.0102835737262258,0.0103970125124766,0.0103995468851449,0.009748893289955,0.0103822077024388,0.0106863653140247,0.0093370178807533,0.0092303571915609,0.0083023302360243,0.0076710013613453,0.0078760507544545,0.0076637381411732,0.0077131409706545,commercial,2,winter,0,5,63471.61669,317358.08345000003,0
20,2021-02-18,0.0080212414405936,0.0080319256409187,0.008075128872418,0.0075393214816919,0.0082918078769249,0.0069928885096197,0.0074649915074033,0.0077843186816187,0.0102762273043364,0.0126235182403143,0.0134191784740985,0.0142080683123609,0.0134944045351157,0.0144174246575868,0.014502888192094,0.0145951554471429,0.0148594104133489,0.0109940076554115,0.0092028614327065,0.0090494169138784,0.0074528749465184,0.0077876413414026,0.0076594805013583,0.0071897003479987,commercial,2,winter,0,5,63471.61669,317358.08345000003,0
20,2021-02-19,0.0072563478747551,0.0072441430275312,0.0068967299737987,0.0072224307296542,0.0072226712302077,0.0068013813111631,0.0071558161397925,0.0073953133613254,0.0134733547146426,0.0146212032606319,0.0148041048172163,0.0149522596892783,0.0142937769761313,0.0153458255744727,0.0153200331182111,0.0159990804760744,0.0162363164758572,0.0123275543875501,0.0105913085963963,0.0098460784959507,0.0086484460463148,0.0090850236341364,0.0084220029293076,0.0079448854424703,commercial,2,winter,0,5,63471.61669,317358.08345000003,0
20,2021-02-20,0.0075858338713381,0.0075648510064866,0.0069085836748572,0.007241512438721,0.0074952625208215,0.0067274476891583,0.0079229923061614,0.0077043496769071,0.0085664768322856,0.0098074064565074,0.0112461193983392,0.0108137768035049,0.0099504320796521,0.0099169625114373,0.0100155030052728,0.0106940220483935,0.0104137521158898,0.0089317803716586,0.0098143633954488,0.0090742184454343,0.0083037399851214,0.0090163923354689,0.0090066815435612,0.0088052690557714,commercial,2,winter,1,5,63471.61669,317358.08345000003,0
20,2021-02-21,0.0094725434636161,0.0094846747879628,0.0088724703496606,0.0094704477542354,0.0094765951879284,0.0088034142985358,0.0093018097412375,0.0098547433357776,0.0090839535501042,0.0101298711655498,0.0107357550208836,0.0106744629733545,0.0104925409319215,0.0104934816464167,0.0110614980153736,0.0109611696035435,0.0107648071821894,0.0109611696035435,0.0107841303917787,0.0105476113798197,0.0107363828663598,0.0105249759832106,0.010516220715836,0.0102306190192257,commercial,2,winter,1,5,63471.61669,317358.08345000003,0
20,2021-02-22,0.0101192914936729,0.0098783748014313,0.0100701298455139,0.0098695421267038,0.0098610759862803,0.0099483658703778,0.0102031393815855,0.011507187465036,0.0139297059451036,0.0142445645639493,0.0147188151968147,0.0153403585215379,0.0140010471014292,0.016382011603656,0.0176894190856557,0.0169852241334854,0.0172687548132307,0.0123262868685202,0.0116415054129309,0.0116217310014783,0.0114903505776049,0.011460688960426,0.0113128298603421,0.010611733150302,commercial,2,winter,0,5,63471.61669,317358.08345000003,0
20,2021-02-23,0.011017696629778,0.0109067689267942,0.0100432045660855,0.0108407440302893,0.0108402611142986,0.0098525990696168,0.0105907905450771,0.010990450146222,0.0144658016755232,0.0157634509576372,0.017226065299765,0.0177347089220351,0.0161405349537335,0.0182933781131327,0.0183103815530364,0.0198431851461326,0.0194056393831115,0.0125725295940429,0.0117470686573912,0.0116951672206969,0.0115243422770533,0.0114775998905263,0.0113128248553894,0.0107389967838183,commercial,2,winter,0,5,63471.61669,317358.08345000003,0
20,2021-02-24,0.0109232876526002,0.0103389087527156,0.0098646582512553,0.0102820609696135,0.0102731047873722,0.0098381454184875,0.0105956168797099,0.0111794460415476,0.0149852294939423,0.0172513579009602,0.0183055782121972,0.0181806138514877,0.0167248448577728,0.0196496945304338,0.02024851464032,0.0208493189585885,0.0199914680800534,0.0130951002394506,0.0117903966851754,0.011734113303229,0.0115529641462683,0.0115009498693658,0.0113128196973562,0.0111744619125148,commercial,2,winter,0,5,63471.61669,317358.08345000003,0
20,2021-02-25,0.0107891985519247,0.0106306170164191,0.011017696629778,0.011017696629778,0.011017696629778,0.0108430769581043,0.0112338125644296,0.0116348551466733,0.016265809431947,0.0184260387144215,0.0194339248226351,0.0183697342709331,0.018578721333096,0.0204822716895788,0.0198817695463955,0.0213017457845735,0.0214822040100615,0.0137110584693836,0.011844685042206,0.011754995328607,0.0115747276711244,0.0115203662896431,0.0113182634624525,0.0112438284405913,commercial,2,winter,0,5,63471.61669,317358.08345000003,0
20,2021-02-26,0.011017696629778,0.011017696629778,0.0107183732397356,0.011017696629778,0.011017696629778,0.0107372401867767,0.0113193920258323,0.0116348344003201,0.0162490081202575,0.0180560608556526,0.0201576405543607,0.0203599294712317,0.0177814474821186,0.0205969748603493,0.0234460534555196,0.0224196885366035,0.0218756393161826,0.0150784506229952,0.0119281996566666,0.0117727043251975,0.0115946511846398,0.0115368491627801,0.0113345697263722,0.0112438229810247,commercial,2,winter,0,5,63471.61669,317358.08345000003,0
20,2021-02-27,0.0107869415864206,0.0107869415864206,0.0107869415864206,0.0107869415864206,0.0107869415864206,0.0107869415864206,0.0113193841747297,0.0110121795639293,0.0115567815112974,0.0119419995888831,0.0119545737960128,0.0119701047633365,0.011288182836313,0.0112040552687338,0.0098695644722768,0.0109727143224621,0.0109887549141929,0.0095981009913126,0.0100470696970176,0.0095722000489048,0.0090359543985193,0.0095359998718208,0.0095180606892349,0.009043548113761,commercial,2,winter,1,5,63471.61669,317358.08345000003,0
20,2021-02-28,0.0094978528087282,0.0095011240219523,0.0086373134931598,0.0094747345548506,0.0094844187388502,0.0083092806251034,0.0091122394629603,0.0091227686723283,0.0085290403063537,0.0093729061425249,0.0104586107020629,0.0090387252677731,0.0104682089307691,0.0107823778629766,0.0098061728517278,0.0109595827003085,0.0109611398874695,0.0097924376606022,0.0097914633823023,0.0097222816338951,0.0095483620915536,0.0085087874036948,0.0072595488708972,0.0063222474893167,commercial,2,winter,1,5,63471.61669,317358.08345000003,0
20,2021-03-01,0.005658004404289,0.0055692364981136,0.005642941214451,0.0055886248024498,0.0056602329510367,0.0058343473913117,0.0056509904457916,0.006126655669149,0.0094102373525539,0.0111742524834712,0.0125447191233855,0.0131568321802856,0.0111979140995862,0.0136203549268049,0.0145119772557346,0.0145703424987641,0.0146957066927648,0.0101098151808294,0.0069258069427805,0.0066857618479045,0.0076214522960028,0.0064015932170207,0.0066774284581753,0.0072596267820274,commercial,3,spring,0,5,63471.61669,317358.08345000003,0
20,2021-03-02,0.00667357875214,0.0065974410713036,0.0073009783542517,0.0065470094897281,0.0065138274870973,0.0073284514971346,0.0066934911286821,0.006903749883534,0.0140210202960147,0.0145921391968681,0.0147607049462591,0.0155972743444802,0.0142566832180278,0.0151156944414513,0.0172552021491721,0.0160737114090966,0.0163386465576153,0.012523110067592,0.010927905003707,0.0104636624990693,0.0114853630343188,0.0096686550723503,0.0089363018579921,0.010282995620124,commercial,3,spring,0,5,63471.61669,317358.08345000003,0
20,2021-03-03,0.0080948804494721,0.0080251235615804,0.0096874188618235,0.0077554372197232,0.0079551138642487,0.009658895327788,0.0079452626937129,0.0082388559668016,0.015049510262171,0.0148076044366156,0.0159989257374013,0.019365753064629,0.0157213789585986,0.0188547102432378,0.0227463675983232,0.0200348143659843,0.0202542477119768,0.0145389148021699,0.0117909258522865,0.0117243057322503,0.0115605072917641,0.0114983172445988,0.0113127794387774,0.0112437934915986,commercial,3,spring,0,5,63471.61669,317358.08345000003,0
20,2021-03-04,0.011017696629778,0.0103573003030085,0.011017696629778,0.0100912786060857,0.0095117223603862,0.0105314782632077,0.0090176016839821,0.0101435284190347,0.0148907557496763,0.01635951226276,0.0165683314931026,0.01741821478519,0.0158227574557981,0.0190682027251466,0.0184330096799299,0.0197523613345121,0.0199421891816164,0.0126641310984212,0.0118012577725185,0.0117330611652308,0.0115534265371497,0.0115068618962046,0.0113127731148006,0.0101170591121263,commercial,3,spring,0,5,63471.61669,317358.08345000003,0
20,2021-03-05,0.0099598073127899,0.009833125094808,0.0091925115802841,0.0097786949269672,0.0097809982607015,0.0092492234626867,0.0100875372644642,0.0109274654410443,0.0148267190509064,0.0165299878745542,0.0176156626464759,0.0174696740464,0.0167567689673476,0.0204185674884863,0.0199170126430359,0.0190973630449514,0.01930472726527,0.0137527804648959,0.0118083719707444,0.0117403594556575,0.0115624911254862,0.0115088190944169,0.0113127666530657,0.0112437807058869,commercial,3,spring,0,5,63471.61669,317358.08345000003,0
20,2021-03-06,0.0104338558774716,0.0103993031741081,0.0107671660551528,0.0106227143137204,0.0107869415864206,0.010690033087579,0.0109337112238008,0.0113324507011125,0.0119107107949195,0.0120490388019135,0.0119703185366052,0.0120783571308489,0.0112880097771668,0.0114788483419608,0.0113848906047005,0.0113587723584597,0.0113620541327307,0.0110198380984525,0.0109644119777227,0.0107869415864206,0.0107869415864206,0.0107869415864206,0.0107869415864206,0.0108005017456286,commercial,3,spring,1,5,63471.61669,317358.08345000003,0
20,2021-03-07,0.0108051492622151,0.0108073384500735,0.0108181943727671,0.0108142032850435,0.0108185740710383,0.0108285167228534,0.0109611044941712,0.0109611044941712,0.0109611044941712,0.0111552248332362,0.0113747192964978,0.0112466774750121,0.0113812801524519,0.011391121436383,0.0112037338370367,0.01126195549593,0.01126195549593,0.0111865918386963,0.0109810619254856,0.0108806765876104,0.0108043262439265,0.0108903097035562,0.0108943617154823,0.0108112255875859,commercial,3,spring,1,5,63471.61669,317358.08345000003,0
20,2021-03-08,0.0111114316309679,0.0111114316309679,0.011017696629778,0.0111114316309679,0.011017696629778,0.0110976965128603,0.0113193045712573,0.0116345970236167,0.0141748596032458,0.0152230679719365,0.0165305735610171,0.01647721591125,0.0159636165763199,0.0187700033451203,0.0174167562027951,0.0177093975697026,0.0180911905846377,0.0123867333643089,0.0116411551342241,0.011621480802402,0.0114667387032868,0.0114605555209186,0.0113003403068543,0.0101765689062833,commercial,3,spring,0,5,63471.61669,317358.08345000003,0
20,2021-03-09,0.0095731514202966,0.0092796474604839,0.0096500916425041,0.0092341566499438,0.0087087110871887,0.0093115190896447,0.0087007248402616,0.0084721150192988,0.0144609473465423,0.0146609211867572,0.0148271429580632,0.0159986043627975,0.0143423900274841,0.0160978245673901,0.0170989811335651,0.0165305769011086,0.0166777844358639,0.012531322256004,0.0115526534000174,0.0110853094425528,0.0110030517344724,0.0097280522827519,0.0086905771430434,0.0094577578808756,commercial,3,spring,0,5,63471.61669,317358.08345000003,0
20,2021-03-10,0.0074009491690229,0.0070619609618672,0.0072268225870406,0.0063270925608213,0.0062869164184358,0.0062210276876327,0.0060663040812485,0.0062368599729673,0.0128210655610002,0.013824117722334,0.0143443142080742,0.0149234871856567,0.0142972283356171,0.0151051166327082,0.0151592528425633,0.0152204436778032,0.0152908174819836,0.0110793921362698,0.0081301540289042,0.0074734132081667,0.0069517370669492,0.0067795224197377,0.0058536006350875,0.0056209278369662,commercial,3,spring,0,5,63471.61669,317358.08345000003,0
20,2021-03-11,0.0054215106488684,0.0051381794101403,0.0050686503512981,0.0048523210313629,0.0048487578886496,0.0050368560007564,0.0049282896398742,0.0050513181695549,0.0105515846410168,0.0114329598228705,0.0125121817024455,0.0132551738755875,0.0123020691426724,0.014257054411634,0.0150013734311989,0.0149925522717483,0.0151538879644987,0.0095445420097447,0.0075374361775787,0.0075452173590335,0.0067798113699422,0.0069255647917648,0.0063323334544125,0.0058377215413737,commercial,3,spring,0,5,63471.61669,317358.08345000003,0
20,2021-03-12,0.0056776347521804,0.0056563116028068,0.0055160335503282,0.005112001344623,0.0051060752170252,0.005138040003888,0.0051997273717091,0.0052533730103347,0.0102354873411982,0.0112057138812317,0.0118237397718146,0.0122037424359607,0.0114064082962812,0.0130249765279838,0.0137346537221409,0.0136865685155781,0.0142513806442423,0.0085482545091027,0.0067648089744314,0.006473783091322,0.0059148891870888,0.0058583773192026,0.005363162816292,0.0051738973385469,commercial,3,spring,0,5,63471.61669,317358.08345000003,0
20,2021-03-13,0.0048964720564947,0.0048870074827562,0.0047376339388592,0.0048800957667991,0.0048979442221576,0.0047714620389889,0.0051735224014158,0.005208878111001,0.0054510073887743,0.0057461139079573,0.0057513037426112,0.0057068954824567,0.0057550130637036,0.0057339378233809,0.0055223445937544,0.0054266963749118,0.0054255376750044,0.0051697684806799,0.0054588074332498,0.0051376506380899,0.0051245435709444,0.0054335428809184,0.0054676390464044,0.0052593287898618,commercial,3,spring,1,5,63471.61669,317358.08345000003,0
20,2021-03-14,0.0052786478727157,0.0052949232921745,0.0053245423902761,0.0055465777014701,0.0055559988698921,0.0053763944136665,0.0055691967075035,0.0055691654729249,0.0054829968135963,0.0057713544128733,0.0055195129391368,0.005735864396481,0.005989751798202,0.006001723384419,0.0060515857982425,0.0060104542702109,0.0062634677981363,0.0060657045460929,0.0060233779832714,0.0060167095038701,0.0059168838536216,0.006007011524418,0.0060078789671837,0.0057031851273707,commercial,3,spring,1,5,63471.61669,317358.08345000003,0
20,2021-03-15,0.006147483234253,0.0060175828819732,0.0059440969934704,0.005922654774003,0.0059206603595432,0.0061193563305188,0.0058970914731053,0.0060678407182247,0.0084180014272207,0.0092763299866395,0.0106238735780246,0.0123323144397177,0.0110699850843666,0.0141128324516158,0.014321181772245,0.0143784614177987,0.0145027113343946,0.0105083619191937,0.0086301392590228,0.0082636942822346,0.0080084406333649,0.0082953790135184,0.0081445375871184,0.0077666603597866,commercial,3,spring,0,5,63471.61669,317358.08345000003,0
20,2021-03-16,0.0077824104425156,0.0077376754676931,0.0069953044573603,0.0073958247327773,0.0073939382550457,0.0074452799171986,0.0076142037924732,0.0078891241320983,0.0137815348889667,0.0144322651006798,0.0146055267819989,0.0147234926516424,0.0141673902255933,0.016121772267706,0.0167862367944038,0.016357571902438,0.0168489129409161,0.0124615531497564,0.0115315348522046,0.0113096351323599,0.0109595635830799,0.0101157069172482,0.0094342739792287,0.01030797726991,commercial,3,spring,0,5,63471.61669,317358.08345000003,0
20,2021-03-17,0.0091124912230715,0.0098067763800843,0.0102771292070669,0.0102633999866518,0.0102532316059071,0.0105975185819387,0.0097859526890717,0.0101632971071859,0.0154678417750133,0.0164191671593622,0.017976589056865,0.0188512419978339,0.0163320263178707,0.019695558745115,0.0226821513289311,0.0208505374575439,0.0210056328028442,0.0145949716840749,0.0118009099129595,0.0117350798455056,0.0115635047670772,0.0115023779551802,0.0113126791027477,0.0112436931555689,commercial,3,spring,0,5,63471.61669,317358.08345000003,0
20,2021-03-18,0.0102226323336223,0.0100955433770692,0.0108495137743833,0.010309207346622,0.0108577447020201,0.0109122029016427,0.0113191989800188,0.0116343104188263,0.0162160719200882,0.0172470222613657,0.0182906134743727,0.0197674412874526,0.0177514623441986,0.0211099513557129,0.0231332697439314,0.0224199199757947,0.0232975066657865,0.0150505383702573,0.0120572671657999,0.0117774254666217,0.0115929637789542,0.0115302660769806,0.0113264903523524,0.0112436850911579,commercial,3,spring,0,5,63471.61669,317358.08345000003,0
20,2021-03-19,0.011017696629778,0.011017696629778,0.011017696629778,0.0103383503708713,0.0102985248507449,0.0110976965128603,0.0106405503680745,0.0115633268805912,0.0176264764750931,0.0198440562188229,0.0208232696027621,0.0221769948820156,0.0190202368855223,0.0235350016559535,0.0244873815611872,0.0251082116072164,0.0251125405641399,0.0162072437264189,0.0122483901995583,0.0118081822189362,0.0116241168272427,0.0115592647388044,0.0113484895768114,0.0112481312709738,commercial,3,spring,0,5,63471.61669,317358.08345000003,0
20,2021-03-20,0.0107869415864206,0.0107869415864206,0.0107869415864206,0.0107869415864206,0.0107869415864206,0.0107869415864206,0.0113191759514342,0.0113322186756071,0.0119455692304477,0.0119966708396026,0.0119973023367513,0.0120176511521225,0.0114817082516765,0.0114784475706333,0.0113267106281251,0.0115656141470677,0.011568874828111,0.0109642643251284,0.0110579993263183,0.0108806765876104,0.0099145485334422,0.0107869415864206,0.0100385935754634,0.0100968956647728,commercial,3,spring,1,5,63471.61669,317358.08345000003,0
20,2021-03-21,0.0105534317207616,0.0105638067318248,0.0099211871043667,0.0102885522599587,0.0102948858627673,0.0097340290781347,0.0104431953712451,0.0104659669271569,0.0100159612195562,0.0109610188026706,0.0109610188026706,0.0109675368128744,0.0109675368128744,0.0110710488293699,0.011071016059162,0.0109610188026706,0.0109610188026706,0.0109610188026706,0.010573470814541,0.0102806171109841,0.0100202139978236,0.0099491764788507,0.009946628879827,0.0098629387512581,commercial,3,spring,1,5,63471.61669,317358.08345000003,0
20,2021-03-22,0.0099166945156692,0.0099175652624072,0.0092577429739214,0.0096321712806281,0.0090492620334136,0.0086201508201961,0.0087284488444644,0.0089727747522149,0.0135818319196164,0.0142123431250629,0.0144468824386302,0.0145451730220761,0.0140186650193434,0.015278601352038,0.0161496904206981,0.0163183682860759,0.0165532361058029,0.0124322987019716,0.0112223928634285,0.0102766022903315,0.0088980510828456,0.0089060894626033,0.0090247125335831,0.0083309879629344,commercial,3,spring,0,5,63471.61669,317358.08345000003,0
20,2021-03-23,0.0083759978589161,0.008814010608168,0.0077752295897709,0.0087584324735267,0.0087634068621648,0.0085154544527789,0.0090391133514784,0.0095788317501837,0.0146978861468397,0.0163341287002765,0.0176134992058682,0.0197050694181786,0.017034818131993,0.019413383168356,0.0224256259321722,0.0212904691239685,0.0218972421359267,0.0140772189797998,0.0118345554969778,0.0118657496183309,0.0115827148748812,0.011528477021515,0.0113286377586766,0.0112436432050315,commercial,3,spring,0,5,63471.61669,317358.08345000003,0
20,2021-03-24,0.011017696629778,0.011017696629778,0.011017696629778,0.011017696629778,0.011017696629778,0.0110976965128603,0.0113191281977001,0.0116353664044083,0.0176410047853642,0.0191012647187931,0.0199148529903441,0.0208953482934246,0.0184157901143068,0.0183063813719841,0.0195211470279982,0.0170029057103489,0.016848996945336,0.0126877893468495,0.0104688109909296,0.0094975350955984,0.0086747331482233,0.0083525956246172,0.0076514971070828,0.0068892163960242,commercial,3,spring,0,5,63471.61669,317358.08345000003,0
20,2021-03-25,0.0062346586608025,0.0062172118721259,0.0060270893808497,0.0061948945872444,0.0056684632205268,0.0055205312344212,0.0060549426996074,0.0065356489052911,0.0136640587272861,0.0149960977042074,0.0151676973563829,0.0152619872225646,0.0145031836429462,0.0156182462939527,0.0160775720311771,0.0165766073546535,0.0167114122984692,0.0127254437071434,0.0110702365211263,0.010336719564158,0.009334220087337,0.0092110847795061,0.0082405959979544,0.0072258733349864,commercial,3,spring,0,5,63471.61669,317358.08345000003,0
20,2021-03-26,0.006496713152416,0.0064820040449218,0.0062931661727125,0.0064628570454484,0.0061951958830956,0.0061324833413035,0.0066185288424169,0.0069027706928563,0.0146313310073705,0.0151038579826858,0.0152827304127059,0.0153355954869072,0.0145701953794273,0.0162894465477336,0.0170109299549393,0.0170044690557131,0.0171135866186998,0.0127537991384494,0.0108829423586272,0.0104280823249319,0.0092338175189745,0.0092764145720013,0.0086012911807279,0.0076655010100344,commercial,3,spring,0,5,63471.61669,317358.08345000003,0
20,2021-03-27,0.0067927152040428,0.0067761333282784,0.0062922866661588,0.0065020990807368,0.0059782096679089,0.0060934057533307,0.006058975604363,0.0066102582698841,0.0086895388271435,0.0099806659792028,0.0106338667598849,0.0108871171254063,0.0086050259024575,0.0089748096602956,0.010117436212873,0.009648180405072,0.0094850446025904,0.0083014304006084,0.0085110356036687,0.0080741836659592,0.0072754380216778,0.0075106865406998,0.0075196188322101,0.007137997459546,commercial,3,spring,1,5,63471.61669,317358.08345000003,0
20,2021-03-28,0.0075081374602442,0.0070073195238077,0.0068665302825552,0.0064787268664541,0.006209772935196,0.0067560862057298,0.0062703652342513,0.0067762965553973,0.0069397479762582,0.0076167106081305,0.0081656548447004,0.0083065539528221,0.0092210951922644,0.0088432004310304,0.0085548414306461,0.0084753868498663,0.0085781372683439,0.0092693031115777,0.0090609735804789,0.0087490622653217,0.0078082107722576,0.0084434109014862,0.00814845479583,0.0076823099028056,commercial,3,spring,1,5,63471.61669,317358.08345000003,0
20,2021-03-29,0.0080016583160556,0.0080075739271003,0.0075862244605755,0.0077526424310178,0.0074104262499869,0.0072433613187109,0.0073621525688956,0.0076428966044342,0.0129401491856183,0.0143099702847978,0.0145239440864264,0.0146333072070452,0.0141698898348169,0.0150352968542585,0.0158872388110366,0.0164703912199764,0.0179006386697995,0.0125066269660591,0.0116819438009975,0.0116409160797203,0.010021381905856,0.0103312176192546,0.0102231550977351,0.0097914661345767,commercial,3,spring,0,5,63471.61669,317358.08345000003,0
20,2021-03-30,0.0093506894895652,0.0093172745549952,0.0088387838331164,0.009265156356973,0.0090879154260097,0.0077324547602629,0.0083640278404621,0.0107304116834446,0.0149145013052689,0.015965900027584,0.0172392655138352,0.0188004829246288,0.0167588392401712,0.0194669094191879,0.0204713633749322,0.0203913409559999,0.0212738666831464,0.0138485643705633,0.0119606372863078,0.0117888646574749,0.0115984050068322,0.0115419245341543,0.0113373843087531,0.0112435806444042,commercial,3,spring,0,5,63471.61669,317358.08345000003,0
20,2021-03-31,0.011017696629778,0.0105328294347736,0.0106629400372469,0.0108582896212123,0.0108522930817869,0.0108820790863422,0.0109656035483206,0.0116388003215739,0.0173411196908483,0.018988822597605,0.0191122540843061,0.0200610480392632,0.017661336638968,0.0217291667521127,0.0227142433770707,0.0226908453932519,0.023373571556246,0.0147014790993275,0.012115315248515,0.0118672083511729,0.0116441970383183,0.0115592234719958,0.011344716196222,0.011243571379252,commercial,3,spring,0,5,63471.61669,317358.08345000003,0
20,2021-04-01,0.011017696629778,0.011017696629778,0.011017696629778,0.011017696629778,0.011017696629778,0.0110976965128603,0.0113190267087413,0.0116338428253589,0.016189655421668,0.0174971462116489,0.0176873839100637,0.0181710648350308,0.0164568821067049,0.0192094140995695,0.0191724024230703,0.0187558930004759,0.0186341929513699,0.0126768969466626,0.0117934348176894,0.0117320214810064,0.0115581075848328,0.0115050355464952,0.0113125479874242,0.0112435620402454,commercial,4,spring,0,5,63471.61669,317358.08345000003,0
20,2021-04-02,0.010514697852907,0.0103364152025663,0.0103934627860658,0.0102989039149267,0.0102818689070139,0.0101042622153527,0.0106157848382967,0.0110979753000789,0.0151103010619548,0.0165206380544933,0.0171378171000356,0.0172325180098176,0.0156694551794908,0.0182658374854157,0.019549959255876,0.0190187471417706,0.0195999089759397,0.0127383079228341,0.0117777470051503,0.011717614182989,0.0115476552081964,0.011498604485189,0.0113125385773291,0.0112435526301503,commercial,4,spring,0,5,63471.61669,317358.08345000003,0
20,2021-04-03,0.0107869415864206,0.0106922656618302,0.0101045385791189,0.0100540429709328,0.0098069479096024,0.0096664023393093,0.0103120908819733,0.0105856760487822,0.0114513344705588,0.0114395955547544,0.0112300655582598,0.0114760087886703,0.0111687860771813,0.0111770224951547,0.0112417877895075,0.0112353166235873,0.0112353166235873,0.0109543818896662,0.0109414395578258,0.0107869415864206,0.0103204072101685,0.0108114889727983,0.0108158676260235,0.01019577075647,commercial,4,spring,1,5,63471.61669,317358.08345000003,0
20,2021-04-04,0.010585798567208,0.0105889525001929,0.010003388250005,0.0105686407395857,0.0105736279223118,0.0098866753405577,0.0104834856338239,0.0105256843057771,0.0104646951176672,0.0111472871808844,0.0112619381009338,0.0113772151564301,0.0112417763368371,0.0108596816603634,0.010032523751315,0.0106072537243601,0.0101204534554114,0.0085282711039606,0.0090578409241413,0.0085478658646999,0.0082537480108178,0.0084635305254851,0.0079881473512302,0.0077272051004957,commercial,4,spring,1,5,63471.61669,317358.08345000003,0
20,2021-04-05,0.0077641747219129,0.0077619051333182,0.0079250809838206,0.0074367457527402,0.007424135694423,0.0075303135888582,0.0075829373932137,0.0078984394751789,0.0090353245345813,0.0098923683288997,0.0100036118276865,0.0096864248013784,0.0098387700969374,0.009840654939953,0.0096654900427649,0.0107271064788748,0.0107656136016811,0.0110384238346824,0.0101470721321149,0.0099598969970245,0.0076403879042369,0.0081238619791842,0.0077434182496228,0.0085069570902151,commercial,4,spring,0,5,63471.61669,317358.08345000003,0
20,2021-04-06,0.0084093609081354,0.008423133255369,0.0094264051846884,0.0089588406217904,0.0089529453725044,0.0098803531393373,0.009723243925412,0.0101032943843064,0.0138791556618777,0.0142498327682837,0.0144164767008909,0.0147186681928715,0.0140516973517701,0.0151773663758126,0.0148618288894043,0.0156142857940769,0.016402954492046,0.0123763208098433,0.0113605233618156,0.0113556778767246,0.0102091632707711,0.010564426928747,0.0096414491245923,0.0090096585609786,commercial,4,spring,0,5,63471.61669,317358.08345000003,0
20,2021-04-07,0.0090853084165334,0.0090476347505657,0.008715747905558,0.0089951142821878,0.0089845559097169,0.0088451751632936,0.0092667183865749,0.0096092265375751,0.0145969668410981,0.0160383761384131,0.0168038259824378,0.0170190062712018,0.0157511613081993,0.0183829924359397,0.0177620686163327,0.0185723868278282,0.0187216217054019,0.0126005972943719,0.0117659433167971,0.0117121263995961,0.0115399724713525,0.0114895275335042,0.0113124905587496,0.0107028701742115,commercial,4,spring,0,5,63471.61669,317358.08345000003,0
20,2021-04-08,0.0101780375305864,0.0101010229631137,0.0098209090502392,0.0105658052124305,0.0102727722899723,0.0098191550241511,0.0106581655499327,0.0116335874421719,0.015712413204786,0.0173201502658506,0.0181283432722183,0.0185280008895647,0.0165839232439376,0.0194749242919312,0.0204040400211887,0.0209091622903726,0.0207439415989522,0.0139937220330472,0.0118171327174973,0.0117538602997972,0.0115714591013872,0.0115174994472129,0.0113126797735704,0.0112434948341436,commercial,4,spring,0,5,63471.61669,317358.08345000003,0
20,2021-04-09,0.011017696629778,0.011017696629778,0.011017696629778,0.011017696629778,0.011017696629778,0.0110976965128603,0.0113189188601401,0.0116335500934413,0.0168829391206402,0.0181758016044948,0.0192546924959445,0.0216654666188666,0.0186831265619672,0.0218502391423668,0.024164617278893,0.0225915919115584,0.0226366403496758,0.0155421647444697,0.0123456592190893,0.0119935801380564,0.0116050354261212,0.0115431105647311,0.0113365447732329,0.0112434850055303,commercial,4,spring,0,5,63471.61669,317358.08345000003,0
20,2021-04-10,0.0107869415864206,0.0107869415864206,0.0107869415864206,0.0107869415864206,0.0107869415864206,0.0107869415864206,0.0113189050324957,0.0113317929458467,0.0119723166757988,0.0120206211232518,0.012026816014976,0.0120392775303922,0.0114809341975666,0.0115844428819227,0.0113938700233052,0.0115651110118963,0.011568332990234,0.0110674726524776,0.0111581137452549,0.0108806765876104,0.0099181605308886,0.0103354823344369,0.0100257997940917,0.0101457265277574,commercial,4,spring,1,5,63471.61669,317358.08345000003,0
20,2021-04-11,0.0105527501613756,0.0105608552138108,0.0105595784054068,0.0103070377167099,0.0105575557193912,0.0107051694154391,0.0104675660672203,0.0109608627578225,0.0109608627578225,0.0110545977590123,0.0109608627578225,0.0111408285274058,0.011061037746792,0.0110706977284616,0.0114632711951671,0.0110545977590123,0.0110545977590123,0.0111549830968875,0.0107869415864206,0.0107869415864206,0.0107937342214751,0.0108840748285972,0.0107959063735554,0.0108092240324327,commercial,4,spring,1,5,63471.61669,317358.08345000003,0
20,2021-04-12,0.011017696629778,0.011017696629778,0.011017696629778,0.011017696629778,0.011017696629778,0.0110976965128603,0.0113188771908484,0.0116334369910782,0.0156718661167597,0.0175500977496973,0.0182727263799326,0.0198696997787193,0.0173149007460944,0.0212326375827794,0.0236207992208284,0.0227967210429664,0.0222056860380219,0.0150732299980262,0.0121911223621606,0.0119475213962368,0.0115488102181319,0.0114728782764082,0.0113124411889293,0.0112434552417505,commercial,4,spring,0,5,63471.61669,317358.08345000003,0
20,2021-04-13,0.011017696629778,0.011017696629778,0.011017696629778,0.011017696629778,0.011017696629778,0.0110976965128603,0.0113188631850905,0.011640517413776,0.019429093169857,0.0214916836579024,0.0228593002186336,0.0248601893600762,0.0212419472128102,0.0257673110867705,0.0276906998307332,0.0265694557017687,0.026607053866531,0.0171684469075732,0.0138372030996373,0.0134515302388315,0.0125876555065236,0.0123151781854361,0.0114679870719897,0.0112852988601024,commercial,4,spring,0,5,63471.61669,317358.08345000003,0
20,2021-04-14,0.011017696629778,0.011017696629778,0.0110451009847461,0.0111114316309679,0.011017696629778,0.0110976965128603,0.0113188491282344,0.0116420670660424,0.0196131727462294,0.0221007518545055,0.021569492492961,0.0201928535089565,0.0199952085083605,0.0221242600581319,0.0206801895471186,0.0229537368746399,0.0224848362034249,0.0135292590585653,0.0119775063773847,0.0118047147844603,0.0116114472943501,0.0115542735309993,0.0113452761329967,0.0112434351970262,commercial,4,spring,0,5,63471.61669,317358.08345000003,0
20,2021-04-15,0.011017696629778,0.011017696629778,0.0103255770838773,0.0103083269462571,0.0102994442202134,0.009529137050803,0.0106450478151728,0.0116246765243038,0.0150724352510198,0.0169484863094279,0.0173676114382196,0.0175403405652459,0.0163175012265463,0.0201523103373253,0.0199138115482892,0.0225282807279902,0.022362712619098,0.0138086810884661,0.012254003962968,0.0118146064758505,0.0116230630670596,0.0115635267792651,0.0113532781297356,0.0112477540406604,commercial,4,spring,0,5,63471.61669,317358.08345000003,0
20,2021-04-16,0.011017696629778,0.011017696629778,0.011017696629778,0.011017696629778,0.011017696629778,0.0108963385017449,0.0113188208778933,0.0116520295665111,0.0173231352597277,0.0192278028842039,0.0197998140980458,0.0200166558083834,0.0186004128021273,0.0222925399112383,0.0228759388459109,0.024403507169751,0.023657830034628,0.0155808170069406,0.0129697836541297,0.0123083292083335,0.0116340822893081,0.0115729390287661,0.011360825390748,0.0112539829486522,commercial,4,spring,0,5,63471.61669,317358.08345000003,0
20,2021-04-17,0.0107869415864206,0.0107869415864206,0.0107869415864206,0.0107869415864206,0.0107869415864206,0.0107869415864206,0.0113188066927742,0.0113316384119986,0.0120523227857113,0.0136742023774421,0.0137206799204649,0.0132580277494659,0.0116268242241732,0.0116861401859125,0.012115977995211,0.0117491411295014,0.0115909843903429,0.011377509868795,0.0110576300676583,0.0108806765876104,0.0107960072768056,0.0107869415864206,0.0107869415864206,0.0107869415864206,commercial,4,spring,1,5,63471.61669,317358.08345000003,0
20,2021-04-18,0.0107869415864206,0.0107984056849747,0.0108046219143721,0.0108086799682446,0.0108136777263323,0.010820543201682,0.010960806376066,0.010960806376066,0.010960806376066,0.010960806376066,0.0110545413772558,0.0113808329752941,0.0111613385120325,0.0111709562073847,0.0113350237569698,0.0112616573778248,0.011154926715131,0.0113286119600683,0.0108806765876104,0.0108806765876104,0.0107869415864206,0.0107869415864206,0.0107928561731057,0.0108006485834011,commercial,4,spring,1,5,63471.61669,317358.08345000003,0
20,2021-04-19,0.011017696629778,0.011017696629778,0.011017696629778,0.011017696629778,0.011017696629778,0.0110976965128603,0.0113187782236419,0.0116331683658033,0.0167730919578509,0.0192394397076974,0.0199263358587888,0.0208118051782246,0.0185944387023005,0.0221339376741572,0.0242426344129626,0.0244587106101338,0.0240969400357153,0.0159897461673171,0.0130619318630575,0.0127832056449272,0.0116273905041118,0.0118694753334831,0.0113861336038886,0.0112524502412737,commercial,4,spring,0,5,63471.61669,317358.08345000003,0
20,2021-04-20,0.011017696629778,0.011017696629778,0.011017696629778,0.011017696629778,0.011017696629778,0.0110976965128603,0.0113187639480594,0.0116478974364119,0.0190627744114033,0.0204258098444589,0.0218582142144331,0.0229144620752853,0.0203303493537559,0.0240248932758401,0.0257693071935416,0.0259333696939345,0.0253740954069367,0.0170684470138849,0.0140653435451771,0.0133151234551373,0.012532434424514,0.0126294756182383,0.0120477115652033,0.0112999697252997,commercial,4,spring,0,5,63471.61669,317358.08345000003,0
20,2021-04-21,0.011017696629778,0.0111114316309679,0.0110358972035942,0.0111114316309679,0.0111114316309679,0.0111067622032453,0.0114124846519568,0.0119869922695322,0.0191806874173938,0.0221002375436438,0.0233600476248349,0.0220945801034078,0.0213138660757536,0.0244022743332903,0.023955124740104,0.0266221649307455,0.0257250378005937,0.0160031699909453,0.0138342133526161,0.013444486432227,0.011816731375601,0.0123077867866972,0.0114699397987685,0.0112647922382669,commercial,4,spring,0,5,63471.61669,317358.08345000003,0
20,2021-04-22,0.011017696629778,0.011017696629778,0.011017696629778,0.011017696629778,0.0111114316309679,0.0110976965128603,0.0113187353359986,0.0117447918492874,0.018905723850882,0.0217909450567321,0.0224465799446318,0.0227610659936197,0.0213101222538677,0.0248788880515244,0.0239232223360798,0.0247845489620477,0.0248936675214744,0.0160997959309553,0.0141005132223785,0.0133651821893163,0.0124376452840327,0.0130299628788068,0.0124398237135398,0.0116082982595555,commercial,4,spring,0,5,63471.61669,317358.08345000003,0
20,2021-04-23,0.0111224348241003,0.0111114316309679,0.011082599154937,0.0111114316309679,0.0111114316309679,0.0110976965128603,0.01144342084362,0.0116330130661861,0.0178467286152748,0.019661011237382,0.0208613422926509,0.0203239496127201,0.0188305252468622,0.0218544293913903,0.0203913179906229,0.0218919604572814,0.0214732768587663,0.0138211978255306,0.0119349860676554,0.0117796351195289,0.0115960240301383,0.011540012769938,0.0113350181954403,0.0112433436825684,commercial,4,spring,0,5,63471.61669,317358.08345000003,0
20,2021-04-24,0.0107869415864206,0.0107869415864206,0.0107869415864206,0.0107869415864206,0.0107869415864206,0.0107869415864206,0.0113187066709946,0.0113314812349163,0.0119610253987868,0.0120426054732605,0.0122051599211701,0.012025952290875,0.0114803674504205,0.0113767884715649,0.0112702789064533,0.0113576266256823,0.0113608202666627,0.0109637950446888,0.0109637950446888,0.0107869415864206,0.0107869415864206,0.0107869415864206,0.0107869415864206,0.010787876630964,commercial,4,spring,1,5,63471.61669,317358.08345000003,0
20,2021-04-25,0.0107984791108753,0.0107991127626187,0.0108113038229563,0.0108131974702448,0.0108132150306747,0.0108232332000401,0.0109607491509009,0.0109607491509009,0.0109607491509009,0.0110544841520907,0.0112616001526597,0.0111002403511003,0.0113228605350837,0.0113483017395502,0.0113577269524589,0.0120576218789516,0.0113566799199077,0.0111240736127094,0.0109810619254856,0.0109810619254856,0.0107872544296188,0.0108863090929177,0.0108847460800281,0.0108047947598182,commercial,4,spring,1,5,63471.61669,317358.08345000003,0
20,2021-04-26,0.0111114316309679,0.0111114316309679,0.011017696629778,0.011017696629778,0.011017696629778,0.0110976965128603,0.0113186779870004,0.0116328962949192,0.0157318497929816,0.018060499610748,0.019410358746094,0.0188488195875654,0.0191366309937209,0.0214066116440521,0.0181670363749075,0.0187084320375538,0.0197339881575436,0.0132150785601761,0.0116865909188775,0.0116429081208308,0.0114885453140277,0.011459839424625,0.0113122989004664,0.0112433129532876,commercial,4,spring,0,5,63471.61669,317358.08345000003,0
20,2021-04-27,0.011017696629778,0.011017696629778,0.011017696629778,0.011017696629778,0.011017696629778,0.0110976965128603,0.0113186636484995,0.0116328573761311,0.0182251479260767,0.0211476509852606,0.0219794065719264,0.0225553806686097,0.0204716350674852,0.0240777685076969,0.0248540046308276,0.0265001282408933,0.0257576011847502,0.0163026410657639,0.0139809947161433,0.0125915876565788,0.0121925424174111,0.0119050790243269,0.0115597259687169,0.0113420627192677,commercial,4,spring,0,5,63471.61669,317358.08345000003,0
20,2021-04-28,0.0111114316309679,0.0111114316309679,0.011026762320163,0.011017696629778,0.011017696629778,0.0110976965128603,0.0113186493179914,0.0116748529345547,0.0169887681256466,0.0188808196469304,0.0206150800897185,0.0200200238181884,0.0184299927886304,0.0222094946617988,0.0227242300630206,0.0245558186873876,0.0241356867280076,0.0158832765796092,0.0131510246900316,0.0130819194576014,0.0117471029483545,0.0119549173447026,0.0114756466618633,0.0112700022210996,commercial,4,spring,0,5,63471.61669,317358.08345000003,0
20,2021-04-29,0.0111114316309679,0.0111114316309679,0.011017696629778,0.011017696629778,0.011017696629778,0.0110976965128603,0.0113186349997199,0.0117073605846703,0.0187691918315035,0.021372179174396,0.0220356832818106,0.0217260851991933,0.019805826142822,0.0227567238572945,0.0226834813182178,0.0238686608487527,0.0233889996100202,0.0143308302158015,0.0130619801535162,0.0120063208982339,0.0116463090332239,0.0115827120371733,0.0113678994337187,0.0112622485362864,commercial,4,spring,0,5,63471.61669,317358.08345000003,0
20,2021-04-30,0.011017696629778,0.011017696629778,0.011017696629778,0.011017696629778,0.011017696629778,0.0110976965128603,0.0113186206979253,0.0116512596312756,0.0177821667908844,0.0192263573961373,0.020348603983914,0.0209240381164024,0.0181498478424613,0.020963030493856,0.0219615326210385,0.0221953310322729,0.0218102668358305,0.0146864649748492,0.0119158081204331,0.0117965182139391,0.0116128558529071,0.0115516166285926,0.0113454735719194,0.0112473763690207,commercial,4,spring,0,5,63471.61669,317358.08345000003,0
20,2021-05-01,0.0105616272128434,0.0103725588090436,0.0101711314732419,0.0103204084089241,0.0102888193454735,0.0102909883263447,0.0112345597468361,0.0107682485633698,0.0118709379278089,0.0118709379278089,0.0119646729289988,0.0119139733035239,0.0114355705445645,0.0114451085014408,0.0112414502054995,0.0113288265687718,0.0113288265687718,0.0109541568336608,0.0109414395578258,0.0107869415864206,0.0107869415864206,0.010795090569684,0.0108019954974128,0.0108104786249389,commercial,5,spring,1,5,63471.61669,317358.08345000003,0
20,2021-05-02,0.0108126885249317,0.0108174068907683,0.0108274405607869,0.0108252141824227,0.0108276949178982,0.0108345289734818,0.0113090603136004,0.0113090603136004,0.0118709297814426,0.0118709297814426,0.0119646647826325,0.0120004504026693,0.0113351729871399,0.0114450901721167,0.0114355583250151,0.0123486070130902,0.0117388395857696,0.0110478836884844,0.0112448234749273,0.0109810619254856,0.0107869415864206,0.0108806765876104,0.0108806765876104,0.0107878800333296,commercial,5,spring,1,5,63471.61669,317358.08345000003,0
20,2021-05-03,0.0108897514903436,0.0108007199726549,0.0108091910721078,0.0108104599622453,0.0109038954600092,0.0108186425778763,0.0114027871850886,0.0114027871850886,0.0120140369248586,0.0126616188853545,0.0126860361202727,0.013223932100501,0.0128457082468066,0.0131917404652183,0.012983214490501,0.0128510564545846,0.0128563408640005,0.0126043259015759,0.0120868300642265,0.0115617353239582,0.0113790507988133,0.0115323220683045,0.0115310493872576,0.0111805319474792,commercial,5,spring,0,5,63471.61669,317358.08345000003,0
20,2021-05-04,0.0115178351320468,0.0115205767676243,0.0110463544805304,0.0115149991030406,0.0112397460930055,0.0110474537381044,0.0121315624725232,0.0125138514416281,0.0127979658613336,0.0138052896647403,0.013829439213708,0.0138318001493348,0.0137066701055992,0.0137214656129338,0.013446443990928,0.0112350671808848,0.0112350671808848,0.0109541324469637,0.0109414395578258,0.0108806765876104,0.0107869415864206,0.0107869415864206,0.0107869415864206,0.0107869415864206,commercial,5,spring,0,5,63471.61669,317358.08345000003,0
20,2021-05-05,0.010790715349508,0.0107976383384408,0.0108051992867473,0.0108102471252439,0.0108134044815491,0.010815613389015,0.0113090359841143,0.0114027709853041,0.0118799711423415,0.0120650257910215,0.0125426346511352,0.0125965523073739,0.0120578849733793,0.0128285998930296,0.012499897396649,0.0131722117251199,0.0131892542681975,0.0130324048678938,0.012436115118536,0.0119139616803507,0.011523039021401,0.0115310280852757,0.0118778347303924,0.0112355311103376,commercial,5,spring,0,5,63471.61669,317358.08345000003,0
20,2021-05-06,0.0120956396520984,0.011757784766219,0.0115505929748305,0.0113838020255512,0.0113767578362697,0.0114873223700297,0.0118538270356394,0.0131480871303134,0.0215293012130627,0.0230266170889748,0.0247845592724102,0.0264090449764636,0.021915345206323,0.0277870152865787,0.0283829510512627,0.0294962636491127,0.0297288356176861,0.0193176244158884,0.0158352872183174,0.015019819700959,0.0144682442383357,0.0139718598299502,0.0142958659888965,0.0133627066730389,commercial,5,spring,0,5,63471.61669,317358.08345000003,0
20,2021-05-07,0.0128494723484588,0.0127374848141482,0.0121947695456487,0.0125855890470656,0.0125932474621743,0.0120004347606234,0.0135295170989578,0.0146083955903683,0.0253490912512283,0.0276636900564987,0.0289498900531438,0.0302721180382553,0.0255458232561864,0.0308183595333584,0.0310492719676645,0.0312648194976028,0.031171448447079,0.0199940824583808,0.0166334298683013,0.0156915343866748,0.0150444294831808,0.0121692117945207,0.0115347812174664,0.011482512169043,commercial,5,spring,0,5,63471.61669,317358.08345000003,0
20,2021-05-08,0.0110766861856878,0.0112924662462424,0.0108423677071504,0.0111855710439468,0.0111925499996406,0.0113675371347674,0.0126645904139871,0.0132833188910012,0.0162495517845215,0.0166921558383767,0.0167234044641797,0.0168617091657961,0.0158511382981266,0.0152611809582856,0.0144669837388546,0.0153860335356612,0.0151508799249138,0.013610095509965,0.0135050814415749,0.0127449945253132,0.0122632182924351,0.0127311607866378,0.0123494569505719,0.0121522192489722,commercial,5,spring,1,5,63471.61669,317358.08345000003,0
20,2021-05-09,0.0123312975038536,0.0123329754968803,0.0116889504600755,0.012248278733666,0.0119050949309771,0.0111478347903917,0.0121596974273426,0.0125426907111407,0.0122493298317089,0.013401496044603,0.0129192470980422,0.0129215211239402,0.0134209476762049,0.0134449904062412,0.0135952062959103,0.0138329820588217,0.0134481893890099,0.0128459245340994,0.0122914812695224,0.0127169202626574,0.0121194772462909,0.0126938337239933,0.0126992635921328,0.0119649950061784,commercial,5,spring,1,5,63471.61669,317358.08345000003,0
20,2021-05-10,0.0124641724853968,0.0124678961464653,0.0119711763140356,0.0121131478783287,0.0121131218124168,0.011758472251612,0.0126160098400539,0.013538980986011,0.0222535885956193,0.0248752477345017,0.0260491968836097,0.0262107940152612,0.0228448534539226,0.0289420625383411,0.0293747518746947,0.0299841100046345,0.0300482102543688,0.0191432579542935,0.0159610227820593,0.015618328367655,0.0145652990472372,0.014976000109643,0.0143926136575212,0.0133510742178643,commercial,5,spring,0,5,63471.61669,317358.08345000003,0
20,2021-05-11,0.0129052319265425,0.0127906569546974,0.0123166842267868,0.0126082107501764,0.0125909532320113,0.0122291742933753,0.011318465670972,0.0120843228519107,0.0196555291494667,0.0217264822087928,0.020301307077323,0.0216231520346813,0.0197561637958057,0.0236378389179373,0.0240359201767333,0.0251637731689141,0.0253196454888844,0.0169860614153136,0.0143826307230045,0.0140231879730246,0.0130889595500874,0.0129430537434119,0.0119936042037103,0.0119555228231549,commercial,5,spring,0,5,63471.61669,317358.08345000003,0
20,2021-05-12,0.0111114316309679,0.011017696629778,0.011017696629778,0.011017696629778,0.011017696629778,0.0110976965128603,0.0113184518946101,0.0116619374730451,0.017340425621819,0.0194440898940772,0.0211127665371926,0.0219136147836767,0.0197321264858529,0.0231729138924215,0.0258408368542426,0.0268694814726562,0.0261336923197945,0.0169436443396118,0.0138751659649664,0.0138642357378015,0.0120243637396312,0.0123496424261722,0.0114765238501291,0.0112690152703672,commercial,5,spring,0,5,63471.61669,317358.08345000003,0
20,2021-05-13,0.011017696629778,0.011017696629778,0.011017696629778,0.011017696629778,0.011017696629778,0.0110976965128603,0.0113262730238772,0.0117122833262205,0.0195349504430021,0.022718143935563,0.023934591143842,0.0240376005831311,0.0222457712017718,0.0262486590388227,0.0265101882997069,0.0269133824949731,0.0254726616099285,0.0167356079066918,0.0143189005891474,0.013915616160203,0.012380006691859,0.0130857523348454,0.0125060238752554,0.0113433569589432,commercial,5,spring,0,5,63471.61669,317358.08345000003,0
20,2021-05-14,0.011211816968843,0.011211816968843,0.0110637140553221,0.0111114316309679,0.0111114316309679,0.0111158970866765,0.01141215955924,0.012759863857371,0.0205951796587989,0.0233783281352434,0.0246142783505538,0.0239519738757688,0.0229618436793231,0.027126857796215,0.0261866445112479,0.0277316761552147,0.0272161309578627,0.0168460677993534,0.0146987553514911,0.0135221026345753,0.0127161361541716,0.0127619328658394,0.012187809417483,0.0115603365231127,commercial,5,spring,0,5,63471.61669,317358.08345000003,0
20,2021-05-15,0.0110877925881794,0.0109810619254856,0.0109002312853093,0.0109810619254856,0.0109810619254856,0.0108423677071504,0.0115566222719771,0.0119079849736921,0.0129648132143584,0.0146988054606044,0.0152648536498539,0.0149689607837887,0.0140434625643644,0.0136021500658414,0.0133452497725851,0.014167619083031,0.0135942724130797,0.0117336201359453,0.0119969144195371,0.0117301835443082,0.0110019103187,0.0110877925881794,0.0110877925881794,0.0109300568595381,commercial,5,spring,1,5,63471.61669,317358.08345000003,0
20,2021-05-16,0.0109810619254856,0.0109810619254856,0.0109002312853093,0.0108841428968824,0.0109876814666412,0.0108948678280522,0.0110543156991808,0.0117428276533046,0.0113247543030523,0.0120851330246729,0.0121010202490223,0.0130841836214901,0.0129212653039304,0.012948208941787,0.0129376812447551,0.0129444119139332,0.0129401867482845,0.0127978234491352,0.0122803897288582,0.0107869415864206,0.0107869415864206,0.0107869415864206,0.0107869415864206,0.0107869415864206,commercial,5,spring,1,5,63471.61669,317358.08345000003,0
20,2021-05-17,0.011017696629778,0.011017696629778,0.011017696629778,0.0108140624815912,0.0105148302268931,0.0109767031755495,0.0105967067979596,0.0109961714731243,0.0148399292090027,0.0150957996567474,0.0158328407972602,0.0173723876482127,0.016272759971404,0.0198088646998463,0.021646742475977,0.0220271227412836,0.022004935451889,0.0143014760111247,0.0122173775527504,0.0120425824739741,0.0117629202585682,0.0118222404507532,0.0115189908478294,0.0112985291934191,commercial,5,spring,0,5,63471.61669,317358.08345000003,0
20,2021-05-18,0.011211816968843,0.0111114316309679,0.011017696629778,0.0111114316309679,0.0111114316309679,0.0110976965128603,0.0113183708624323,0.0116320626710917,0.0173772376674089,0.0194594603481318,0.0201844231391135,0.0214202356744007,0.0189419259359297,0.0213163381375335,0.0217727775212575,0.0229540680293212,0.0230735334538238,0.0144528681808862,0.0128786164928063,0.0121872821145802,0.011609360609334,0.0115531119340576,0.0113456678927805,0.0112439798787457,commercial,5,spring,0,5,63471.61669,317358.08345000003,0
20,2021-05-19,0.011017696629778,0.011017696629778,0.011017696629778,0.011017696629778,0.011017696629778,0.0110976965128603,0.0113183576654006,0.0116320268505769,0.0180252078518544,0.0205390329997502,0.0218313539843396,0.0224897510422129,0.020101868570847,0.0242203951498031,0.0243160243498426,0.0264118847220696,0.0270467703779544,0.0151063783066275,0.0141476704180382,0.0130410673779336,0.0117023938624847,0.0119634309119679,0.0115725591423309,0.0112620774057714,commercial,5,spring,0,5,63471.61669,317358.08345000003,0
20,2021-05-20,0.0111114316309679,0.0111114316309679,0.011026762320163,0.0111114316309679,0.0111114316309679,0.0110976965128603,0.0114120795681655,0.0117632877786486,0.0191649041272865,0.0218481940340453,0.0239049189746484,0.0242311581423795,0.0218792330248743,0.0266250835139191,0.0264435829073872,0.0287367048906616,0.0286642419991924,0.0178608222712715,0.0155251738583081,0.0147020736587862,0.0127976592753793,0.0131436606274594,0.0125496350578179,0.0117263072773765,commercial,5,spring,0,5,63471.61669,317358.08345000003,0
20,2021-05-21,0.0115009313603273,0.0113731289812228,0.0111309863286667,0.011211816968843,0.011211816968843,0.0111817537782386,0.0117949649281975,0.0125266541743872,0.0207874659821103,0.0241007235040643,0.0248242729833089,0.0240926550705041,0.0223066229206832,0.0252373798643122,0.0240021732765104,0.0243313808612593,0.0253545244062602,0.0166432457678852,0.013998817245941,0.0136490198331462,0.0129618312632692,0.0129714102842164,0.0123740452619071,0.0116592965159186,commercial,5,spring,0,5,63471.61669,317358.08345000003,0
20,2021-05-22,0.0109856078495088,0.0108852032611739,0.0107869415864206,0.0108806765876104,0.0108806765876104,0.0107869415864206,0.0115921030988329,0.0116158534974252,0.0131752953948563,0.0138752023091832,0.0145529490024222,0.0144821494925322,0.0130368235526456,0.0134152644459422,0.0141281062972534,0.0144380738874887,0.0132941043192859,0.0121836413053168,0.0120949270771148,0.0118242444211841,0.0113356263055888,0.0111081989166695,0.0110944224811843,0.0109002312853093,commercial,5,spring,1,5,63471.61669,317358.08345000003,0
20,2021-05-23,0.0109810619254856,0.0111495399237996,0.0108970463908146,0.0108936178342057,0.0108970978359013,0.0108563358751845,0.0109605283353183,0.0111546486743833,0.0111238527971268,0.0113741431376449,0.0115783068581968,0.0114271394169939,0.0118970257036094,0.012324593055026,0.0114988934905914,0.0118612798936825,0.0123151491530067,0.0117613650234406,0.0116379479009877,0.0113202494194925,0.0111434401381896,0.0112005563887472,0.0112005563887472,0.010991454546988,commercial,5,spring,1,5,63471.61669,317358.08345000003,0
20,2021-05-24,0.0113185476315369,0.0113185476315369,0.0111408626862703,0.011211816968843,0.011211816968843,0.0111343732506578,0.0114120282376509,0.0118259723110919,0.0186520596365424,0.0208267719641047,0.0222712110947026,0.0238389014644788,0.0206007863951984,0.0254438388728759,0.0265903679820414,0.0284237206733086,0.0285974652067381,0.0179002600717693,0.0148366329404327,0.0145958687085553,0.012993345718314,0.0139949393552319,0.0134434148831514,0.0120456343720705,commercial,5,spring,0,5,63471.61669,317358.08345000003,0
20,2021-05-25,0.0120571474910585,0.0119542868010566,0.0111309863286667,0.0117954460365244,0.0118085436441606,0.0111817537782386,0.0126746202895106,0.0136873896714302,0.0230215253325927,0.0253466211268488,0.0268880637712145,0.0289499555293113,0.0240812358568689,0.0287211940101105,0.0299329258263053,0.0314778040632299,0.0292842553220332,0.0195884749305567,0.0162084234169899,0.0157539398160652,0.0144143193609414,0.0145289895769133,0.0143369443820322,0.0131393713831767,commercial,5,spring,0,5,63471.61669,317358.08345000003,0
20,2021-05-26,0.0127370100699259,0.0125829993160563,0.0117558826533407,0.0123526464059858,0.0118986615038706,0.0113883741749722,0.0131030785549316,0.0146724690597384,0.0246872803848101,0.0273181473809992,0.0281054878236014,0.0273916688085041,0.0243512712629295,0.0302844595878993,0.030949037536201,0.0319316879153731,0.0333570445973501,0.0200806932663361,0.0173179078277007,0.0153582236816022,0.0141153536829793,0.0140809131431034,0.0139321702821139,0.0128581154953726,commercial,5,spring,0,5,63471.61669,317358.08345000003,0
20,2021-05-27,0.0123703041718056,0.0122157004734838,0.0116891485550093,0.0119815320263737,0.0114986041171843,0.0113936866812502,0.012483273710292,0.013946133153788,0.0235970534884609,0.027260068835865,0.0289287584088096,0.0278407562038294,0.0258090879573676,0.0299134902849855,0.030202812801787,0.03406450032344,0.0343645232377549,0.0204440176668072,0.0178205201413262,0.0162884596305498,0.0150068068072869,0.0149625145431673,0.0143349976091473,0.0136837526697778,commercial,5,spring,0,5,63471.61669,317358.08345000003,0
20,2021-05-28,0.0135925314463892,0.0130479677072511,0.0126326664996559,0.0131782843953597,0.0127117207612964,0.0123467346220753,0.0136869041396375,0.0146730704625239,0.0233245735710827,0.0266966139668865,0.0286568259986832,0.0298977598452741,0.0256712598313912,0.0320667187189279,0.0281832730423449,0.0293675017064606,0.0314803593732033,0.0192497167757743,0.0166090341752425,0.0161747333877241,0.0148507122162894,0.0153818947283418,0.0143161406150612,0.0135315797039558,commercial,5,spring,0,5,63471.61669,317358.08345000003,0
20,2021-05-29,0.0126729026007648,0.0125120875830846,0.0119495937599327,0.0113025468785222,0.0115783087063378,0.0121213761674819,0.0137888541789208,0.0133795075236735,0.0156126569040854,0.015511611758058,0.0149137543933591,0.018173760134718,0.0137411122147864,0.0128048979736752,0.0154004682563476,0.0127053411330796,0.0118570694289866,0.0110433306692689,0.0114510918479654,0.0111985469023905,0.0109086988102505,0.0111884344480035,0.0115503851807192,0.0112986473923913,commercial,5,spring,1,5,63471.61669,317358.08345000003,0
20,2021-05-30,0.0118953562743384,0.0123088659450872,0.0114542443454044,0.0123049573972966,0.012818370796924,0.0116907682527526,0.0131088028120825,0.0134896521130668,0.013678369316784,0.0139503749061735,0.0143824699483307,0.014846139402051,0.0154451658424768,0.014426093325259,0.0147987589905712,0.0144048169909701,0.0144048809614546,0.0139952918774858,0.0132235086002541,0.0131991667090819,0.0130138070638643,0.0131728013592192,0.013171467195341,0.012906345614748,commercial,5,spring,1,5,63471.61669,317358.08345000003,0
20,2021-05-31,0.0133885328142372,0.0133977042625225,0.0128419580997554,0.0133887699162479,0.0133950369612071,0.0130873635381107,0.013968521949407,0.0145823977137394,0.0239683848513253,0.0272738050095085,0.0300640733417547,0.0289736677526077,0.0260762423952593,0.0322940179910117,0.0341096797275755,0.0338963031794275,0.0341478801268051,0.0209518322191259,0.0167916530621944,0.0164426618635111,0.0158385574994683,0.0156078005546414,0.0150080004373107,0.0140917809745286,commercial,5,spring,0,5,63471.61669,317358.08345000003,0
20,2021-06-01,0.013204545124051,0.0130817795393938,0.0125074279317065,0.0128191696299459,0.0130705231786701,0.0131653635356737,0.0146035918500434,0.016475502125295,0.0260973709377927,0.031853738643074,0.0335562858564144,0.0296129268978209,0.0267081494245719,0.0375859855172168,0.0322927618564694,0.0327290732855111,0.0362266597439609,0.0222692726229532,0.0179042415789794,0.0173880621061287,0.015891033173259,0.0160617928129638,0.0159430363499999,0.0145436693449302,commercial,6,summer,0,5,63471.61669,317358.08345000003,0
20,2021-06-02,0.0146417092345078,0.0144871899043115,0.0135270277098356,0.0142134938776282,0.0127438719630618,0.0122489555078451,0.0147771666048229,0.0150352149953446,0.0250387796870878,0.0305056825759683,0.033539327638274,0.0330349859425665,0.0261455078991192,0.0303812837309536,0.0321761035892331,0.0301733311572566,0.0303024569715046,0.0197249113096434,0.017898262067339,0.0174324732604356,0.0156441456595438,0.0165818729857649,0.0159212373165032,0.0145391146076508,commercial,6,summer,0,5,63471.61669,317358.08345000003,0
20,2021-06-03,0.0146202653645386,0.0141048584869176,0.0137140631066955,0.0137280495288316,0.0140915389683492,0.0129812431323535,0.0148174825778792,0.0166761629738116,0.0266410908608709,0.0320908439034835,0.0355986768766298,0.031638579782061,0.0293053602778815,0.0361096894509565,0.0334602353878835,0.0363424605548105,0.038101267525278,0.0218047899493013,0.0180790833594139,0.0180855634881099,0.016236704772729,0.0172081487768309,0.0154751655178662,0.014568200464295,commercial,6,summer,0,5,63471.61669,317358.08345000003,0
20,2021-06-04,0.0146771120470741,0.0145161455676021,0.0133609668268834,0.0137203607095265,0.0136151480296644,0.0133390628487669,0.0153700598286938,0.016765162166556,0.0266496006739683,0.0325950834708635,0.0323405602776312,0.0314119867170402,0.0268162407611332,0.0327281114832122,0.0311907079314829,0.0344797884946598,0.0348783606109441,0.0212825537229639,0.0187197998176866,0.0181102247142201,0.0162478246578995,0.01722083811494,0.0165455743861342,0.0146156066621024,commercial,6,summer,0,5,63471.61669,317358.08345000003,0
20,2021-06-05,0.0141798563618349,0.0136178649159826,0.0130140930457469,0.0131861645841675,0.0122995948490424,0.012422234726556,0.0148141853563239,0.0151580394423247,0.0169128225742604,0.0189853148639629,0.0196326542772094,0.0185061600978751,0.0171493557929474,0.0171824669800667,0.0160892768981479,0.016146025421233,0.0158856451694995,0.0133330865311052,0.0126872091641688,0.0120940457314817,0.012918111085905,0.01346904663468,0.0134763565955966,0.0128830445106263,commercial,6,summer,1,5,63471.61669,317358.08345000003,0
20,2021-06-06,0.0126148825666517,0.0130294280164076,0.0125383615041848,0.0125960324915557,0.0125913653212433,0.0125594475662499,0.012884640908389,0.012905673325685,0.0129914389577684,0.0138658520346704,0.0148890230935625,0.0138943246586491,0.0148737598806312,0.0144071549459004,0.01385809147967,0.0143937412247077,0.0140143356291399,0.0133620266983091,0.0140626044258012,0.0140603625916311,0.0130651605373983,0.013612612322268,0.0136168811027913,0.0130127847978384,commercial,6,summer,1,5,63471.61669,317358.08345000003,0
20,2021-06-07,0.0142433833932298,0.0137340552070783,0.0131461719615961,0.0133280108716794,0.0129484755349332,0.0112208625693526,0.0134569757990598,0.0150366127401947,0.0224092338905001,0.027093672588061,0.0232967308147855,0.0240801839864705,0.0253608160659016,0.0293528219537278,0.0290855527714008,0.0335395558053548,0.0325838744576729,0.0196943401053987,0.0175824788757487,0.0172355091266284,0.0159203306536261,0.0127965973525057,0.0122002820134842,0.0124862221022944,commercial,6,summer,0,5,63471.61669,317358.08345000003,0
20,2021-06-08,0.0123892216714171,0.0140951209899908,0.0134298293061824,0.0139443067985023,0.0138812429858259,0.0133973169143443,0.0147805721965077,0.0157278181092095,0.0254686919769139,0.024819495729279,0.0219640949431331,0.0232408148382455,0.0220825979152602,0.030392044535369,0.0303580986104795,0.0252004137540502,0.0268994330486881,0.0161474160827355,0.0148269699356311,0.0149128688387922,0.0137647303416043,0.0142114199053184,0.0136051913216442,0.0128003313685048,commercial,6,summer,0,5,63471.61669,317358.08345000003,0
20,2021-06-09,0.0133876698457106,0.0126318575516162,0.0120031559349712,0.0139654523208549,0.0134654750340078,0.0129647937358566,0.0143337205369775,0.0157572257997917,0.0248776017338546,0.0290805041961487,0.0306295930488,0.0302869849422558,0.0265878008189094,0.0322000468889961,0.029580147180737,0.0253476118122194,0.0248851683257494,0.0162174904281925,0.0144793336327411,0.0140748895553781,0.0135722852529532,0.0146865694846971,0.0155771644290206,0.0129874036291258,commercial,6,summer,0,5,63471.61669,317358.08345000003,0
20,2021-06-10,0.0143861075515514,0.0142669039311975,0.0126685273907236,0.0119135996500811,0.0111319105273582,0.0110976965128603,0.0117598219248331,0.0128715507973637,0.0202827429055619,0.0230637949214545,0.0237546472230594,0.0225274091513787,0.0214897718652785,0.0257766575739925,0.0237728450405754,0.0243137385402222,0.024695294821719,0.0164779121047241,0.0152436360868603,0.0148869278941723,0.0136916307468978,0.0141914966751455,0.0135854479476132,0.0128728088149864,commercial,6,summer,0,5,63471.61669,317358.08345000003,0
20,2021-06-11,0.0125340589776474,0.0120317421356908,0.0115075992081117,0.0121989900080018,0.0121660753562584,0.0116278665536012,0.0132217315464682,0.0142465575409506,0.0234075146078242,0.0256024355860129,0.0270806571552371,0.0281070105819874,0.0249018577639955,0.029769100382521,0.0316756214772464,0.0324932029359266,0.0331020809184362,0.0196516969499175,0.017295206764589,0.0162427870837197,0.0152878218816416,0.0159839364524087,0.0153292632065016,0.0143351647864769,commercial,6,summer,0,5,63471.61669,317358.08345000003,0
20,2021-06-12,0.0118833070204145,0.0118936544037686,0.0119253631422424,0.0119341288245347,0.0115338731272808,0.0114182083461293,0.0129980146879545,0.0135725491046803,0.0148272180741873,0.0153686289100214,0.0154469477694438,0.0145486126289976,0.0139803622691861,0.0144766593903861,0.0136811565616483,0.0138935383908369,0.0137197406383803,0.0129104756023311,0.0133021363383338,0.0120381863134371,0.0109832647207518,0.0111908605500187,0.0111839496525285,0.0109002312853093,commercial,6,summer,1,5,63471.61669,317358.08345000003,0
20,2021-06-13,0.0118818307494094,0.0126902338505312,0.0122182200972105,0.0127013073030285,0.0127074756193528,0.0120090896094531,0.0133476857548304,0.0138553466194205,0.0141762642463458,0.015757377003548,0.0158817284191668,0.0150992360324645,0.0133669166179716,0.0142848927906149,0.0140749717112278,0.0143805515309568,0.014322377166663,0.0133232824084257,0.0138155007453993,0.0112541160220666,0.0109002312853093,0.0111734098553125,0.0111722648858219,0.010920049602301,commercial,6,summer,1,5,63471.61669,317358.08345000003,0
20,2021-06-14,0.0118721575501571,0.0114848022775403,0.0109604673682242,0.0109813781452077,0.0111466431621955,0.0108468808127729,0.0114178200169182,0.0117692150310129,0.0120111032208644,0.0131024617109528,0.0139426412744922,0.0125935038921873,0.0124946723819652,0.012141482240333,0.0117423825875299,0.0124764448647058,0.0121281123821617,0.0118246532126966,0.0110351745590156,0.0107869415864206,0.0108518441115796,0.0108806765876104,0.0108806765876104,0.0108889063372165,commercial,6,summer,0,5,63471.61669,317358.08345000003,0
20,2021-06-15,0.0113629963619371,0.0113715645777603,0.0111114316309679,0.0111114316309679,0.0111114316309679,0.0111625990380193,0.0114117855980882,0.0117249283801178,0.0185600586789436,0.021031759665505,0.0224263625813705,0.0222614233787295,0.0208636403203057,0.0270004275309013,0.026478907296372,0.030124485617507,0.027929939578416,0.0183789848484861,0.0152996397444806,0.014451035410409,0.0134239223874973,0.0138541060561076,0.0133108221940436,0.0126444056409935,commercial,6,summer,0,5,63471.61669,317358.08345000003,0
20,2021-06-16,0.0123715634542426,0.0122681093326375,0.0116328100973277,0.0116848955290516,0.011806846668326,0.0115641035998848,0.0131796303706197,0.0145276334110683,0.0235541522207332,0.0258349881236952,0.0273522149506098,0.0271704302590437,0.0254455821520387,0.0307160827655553,0.0314709825696631,0.0310455962006662,0.0296969398533075,0.0203120779784932,0.0167092723955229,0.0161983724312581,0.0147979647399622,0.0154114422667984,0.0142927502527268,0.0136658334013376,commercial,6,summer,0,5,63471.61669,317358.08345000003,0
20,2021-06-17,0.012711776227409,0.0129394512766723,0.0121496351010974,0.0123414473982307,0.0126693482412466,0.0118955274455171,0.0131743026859585,0.0152422511258773,0.023775997767366,0.0291204956007446,0.028031482274581,0.0289899534435266,0.0243107672880887,0.0278724507067134,0.0277040683219297,0.0291878227415631,0.0296781425510663,0.0190031501659301,0.0166450526468446,0.0156912951328565,0.0145981275593466,0.014900982321447,0.0142757952542451,0.012687335997653,commercial,6,summer,0,5,63471.61669,317358.08345000003,0
20,2021-06-18,0.0122761718322501,0.0121322345236621,0.0115618140456289,0.0119108818491182,0.011825674506321,0.0112814876895905,0.0124225693909165,0.0137075390518979,0.0237105072282504,0.0267110546348818,0.0296260514759591,0.0294752877414548,0.0266052401859203,0.0323550652731018,0.0330221125630464,0.031641002020092,0.0360869904943149,0.0203527493376246,0.0174330670796333,0.016841388499151,0.0150460992637401,0.0155066820765347,0.0143758620919741,0.0133180048778019,commercial,6,summer,0,5,63471.61669,317358.08345000003,0
20,2021-06-19,0.0126689950734982,0.0125008952619094,0.0116509788844398,0.0115201696740263,0.0115200331674409,0.0113616283903163,0.0133882063159315,0.0136705162484142,0.0163226740764074,0.0181881613107547,0.0183470771087746,0.0183919950073227,0.0160029192324482,0.016074226008256,0.0140769908120137,0.0162530334340287,0.0160281360868923,0.0149864563047512,0.0137277983456557,0.0131382619876128,0.012043567536976,0.0127208342457758,0.0127332748091634,0.0119504306546653,commercial,6,summer,1,5,63471.61669,317358.08345000003,0
20,2021-06-20,0.0125968532689207,0.0118254965313185,0.0117363507239829,0.0118024051486302,0.0114910752127318,0.0114662040952927,0.0121656926571891,0.0130102989783824,0.0126410401342006,0.0138528973642338,0.0134427180050678,0.0139775753762018,0.0143220461093978,0.0148905009791257,0.0136267405914961,0.0144606719673117,0.0144135363261541,0.0139727935539857,0.0135200591627994,0.0131252907348552,0.0121073134415155,0.0127058947664903,0.0127136057359623,0.0119173263722633,commercial,6,summer,1,5,63471.61669,317358.08345000003,0
20,2021-06-21,0.0129222501398897,0.0128254142421198,0.0120447244842716,0.0124728804281644,0.0124755567883751,0.0119065687585007,0.0125251983634306,0.0141280788389186,0.0229357066860059,0.0261084330214251,0.0271350199513712,0.0280491195743924,0.025217004007367,0.0326256162175367,0.032377273859661,0.033072557926846,0.035126413493232,0.0213961399803909,0.0175553993582866,0.0169787775282863,0.0154012410792053,0.0157569786810835,0.0151479403395982,0.0137346905291145,commercial,6,summer,0,5,63471.61669,317358.08345000003,0
20,2021-06-22,0.0139468736843654,0.0133134398448091,0.012308577658751,0.0126833773265658,0.0121678768740588,0.0123434797106981,0.0138871714062519,0.0159912051897279,0.0262920547446149,0.0284696421455164,0.0301278394108296,0.030209034487727,0.0278559645969658,0.0324710709030413,0.0330909972134358,0.0361499935992432,0.0366180337403007,0.0221257177507064,0.0181764893677324,0.0175048220236461,0.0156979017174632,0.016138895392287,0.0154827452216126,0.0142106848615967,commercial,6,summer,0,5,63471.61669,317358.08345000003,0
20,2021-06-23,0.0141776925976222,0.0135005537334786,0.0126259098856049,0.0128306893425702,0.0136020411174113,0.0123448089175728,0.0145745277018069,0.0164228822112331,0.0263922670060452,0.0295239659249517,0.0322298034444273,0.0297329327224412,0.0279602139252528,0.0343342597143756,0.0326485953542287,0.0377410517230803,0.0379330303691291,0.021915797859128,0.0192635604428241,0.0175356622764026,0.0162254446927361,0.0172520740133096,0.016581284007184,0.014911577939091,commercial,6,summer,0,5,63471.61669,317358.08345000003,0
20,2021-06-24,0.0147309169881335,0.0140405543066611,0.0131530183044243,0.0142423988743703,0.0141507217619879,0.0133560038840288,0.0148483612205572,0.0168130131230453,0.0279748473047378,0.0296036740036782,0.0323376208418262,0.0326731681551206,0.0271539557507712,0.0356820741776531,0.0332822047231945,0.0394534057219065,0.0381943984390392,0.0222891134825359,0.0193638310256612,0.0181775249076589,0.0165097451809396,0.0166605205109198,0.016583453612417,0.0150218508785398,commercial,6,summer,0,5,63471.61669,317358.08345000003,0
20,2021-06-25,0.0147318706645074,0.0150299377677959,0.0134574005213102,0.0137533862119505,0.0136415568842853,0.0135416975014408,0.0149444833085968,0.0161248018341879,0.0266317088409179,0.0306796569785957,0.032214836644667,0.0317020444974058,0.0292499547957471,0.0360360796640608,0.0344784177618326,0.0378099063165171,0.0363472719292559,0.0221922566533644,0.0187990568391133,0.0175168008614857,0.0161030609246782,0.0166227593159165,0.0159645654836147,0.0149960337551297,commercial,6,summer,0,5,63471.61669,317358.08345000003,0
20,2021-06-26,0.01368488460684,0.0139888638894957,0.0127702722768216,0.0127027470972617,0.0131138051402813,0.0118569682329652,0.0147978252824123,0.0150811946496205,0.0178679701407969,0.0188631450391146,0.0195081898534898,0.0193105651465242,0.0171393591286825,0.017210932975089,0.0149299011531017,0.0172109289075412,0.0170487731375602,0.0150487321658764,0.0146928000235276,0.0135259734639082,0.012818667745752,0.0134788816642453,0.0134860376013967,0.01256788585326,commercial,6,summer,1,5,63471.61669,317358.08345000003,0
20,2021-06-27,0.013102665526661,0.0131077642970013,0.0123750942275344,0.0130945495713386,0.013102326092468,0.01242415164981,0.0133958994828231,0.0129192110311871,0.0130463743300568,0.0134097441647842,0.0129540492749258,0.0138082884770614,0.0148228831495241,0.014372701397761,0.0136498689025533,0.0148825926222753,0.0143895855885605,0.013564534362717,0.0133793568029509,0.0133521020257649,0.0120831459150681,0.0130073570604598,0.0125885462934661,0.0124173207390604,commercial,6,summer,1,5,63471.61669,317358.08345000003,0
20,2021-06-28,0.0111114316309679,0.0117636498874343,0.0112596527555983,0.0121123651941965,0.0121225680276916,0.0111531226335901,0.0118563435144778,0.0120130313181033,0.0201564579231173,0.0214770125126481,0.0229076611456572,0.0229153719606131,0.0206798511567276,0.0249616714726872,0.0237963449976077,0.0257904806923183,0.0278198293346741,0.0169538381265007,0.0149033739421332,0.0145753164303474,0.0135855917108762,0.0139442165216403,0.013854785544743,0.0128081217441793,commercial,6,summer,0,5,63471.61669,317358.08345000003,0
20,2021-06-29,0.0128271823157287,0.0123419158411689,0.0116889116400874,0.0121569035803386,0.0121666600153133,0.0112011757591479,0.0120649755536238,0.012503754635603,0.0209768378592883,0.0256914130910516,0.0276531369645285,0.0263224948630629,0.0222445637848486,0.0280789557948356,0.0263519673161817,0.0278545026938842,0.028105320555365,0.0182061737005738,0.0158941984002966,0.0149796962913099,0.0140653942977304,0.0138498046681641,0.0132472691139479,0.012516446872446,commercial,6,summer,0,5,63471.61669,317358.08345000003,0
20,2021-06-30,0.0121749589589393,0.0120463526360364,0.0112716105006581,0.0118337156445404,0.0117615281834652,0.0112508840364107,0.0123712100338098,0.0137258501287333,0.0218999121722855,0.0264839020344789,0.0269641251020931,0.0279731723387424,0.0212781900373036,0.0264345459399075,0.0257723145453007,0.0283919191327758,0.0284716283979064,0.0169486708667807,0.0148952142140794,0.0144457512014921,0.0137477703367234,0.0140343621040898,0.0137603929564571,0.0135681341777075,commercial,6,summer,0,5,63471.61669,317358.08345000003,0
20,2021-07-01,0.013198173266469,0.0130478343577315,0.0126007649662999,0.0127233832059687,0.0126365861267266,0.0125676677334933,0.0140805817546698,0.0153318949431966,0.024703299566536,0.0286933903713042,0.0286442222856733,0.0277106386019231,0.0265419279000787,0.0319959169782113,0.0307590059805637,0.0339683887690424,0.0343847608985253,0.0210947162781448,0.017926434704975,0.0168851875707503,0.0155030003864861,0.0160388704355778,0.0153988882492713,0.0139197586837003,commercial,7,summer,0,5,63471.61669,317358.08345000003,0
20,2021-07-02,0.0141011459162083,0.0134504828543043,0.0127360934051378,0.0131761538388299,0.0125884169498992,0.012568331883498,0.0136883758598169,0.0148807153320701,0.0251231265697531,0.0291404515593028,0.0301779090914147,0.0284590860267691,0.027576326806087,0.0322321498371036,0.0305752733515481,0.0356517870265481,0.0323207540555257,0.0198542472105437,0.0173778467630305,0.0168714243225278,0.0153250040215114,0.0160229844343205,0.015391697430913,0.0139088542098681,commercial,7,summer,0,5,63471.61669,317358.08345000003,0
20,2021-07-03,0.0130972224613543,0.0133864007924246,0.0119695439425238,0.0126335035922508,0.012611375182033,0.012125331850154,0.0139607551832135,0.0141084204245712,0.0156544366874672,0.0167713670083871,0.0174031354478939,0.0165006051927035,0.0157410681606691,0.0152221313140971,0.0144059707112655,0.0151958036929866,0.0149488842741162,0.0125704095704243,0.0134596471894726,0.0130502370014962,0.0121629381667241,0.0130335937186197,0.0130381647994646,0.0122627702669463,commercial,7,summer,1,5,63471.61669,317358.08345000003,0
20,2021-07-04,0.0125941636484689,0.0125942986988838,0.0121006227710137,0.012580881664885,0.0125840676795476,0.0118718245080278,0.0128618813341577,0.0133869159739889,0.0123340579168082,0.012205963454415,0.0122076458110095,0.01232679329124,0.0118039121256929,0.0134171649680549,0.0122285750750605,0.0137840474651365,0.0138056402485141,0.011802086233617,0.0130984127520718,0.0126100776275057,0.0115883610225969,0.011171240159592,0.0108806765876104,0.010794224274719,commercial,7,summer,1,5,63471.61669,317358.08345000003,0
20,2021-07-05,0.0111114316309679,0.011017696629778,0.011017696629778,0.0111114316309679,0.0111114316309679,0.0110976965128603,0.0114116430060404,0.0119288117747783,0.0178402883085043,0.0215145562989719,0.023793740256318,0.0231076786843691,0.0222569637428995,0.0257261456622641,0.025456534519726,0.02185563175253,0.0227331123728723,0.0150642063164346,0.0133801541099079,0.0127524563572765,0.0120775418878184,0.0129036953569571,0.0120555860867286,0.0115965775345482,commercial,7,summer,0,5,63471.61669,317358.08345000003,0
20,2021-07-06,0.011211816968843,0.0111114316309679,0.0111017538951564,0.011211816968843,0.011211816968843,0.0110976965128603,0.0117886853653305,0.0130375172497264,0.021718794776558,0.0252700685850912,0.026951081744044,0.0277210416114842,0.0239631089599441,0.0301321754401828,0.0298987413376614,0.0329108468815078,0.031311795060056,0.0191025093333415,0.0170394112073006,0.0166111566503935,0.0147393660019366,0.0147358598303757,0.0146454947453794,0.0134827882815905,commercial,7,summer,0,5,63471.61669,317358.08345000003,0
20,2021-07-07,0.013456362112951,0.0129233666884357,0.0122616448271984,0.0126935384244271,0.0126121844467302,0.0119880225919373,0.0134459901229696,0.0150283253423295,0.0241214217121787,0.02756460775109,0.0292407717198301,0.0279391911058042,0.0260379833961097,0.0300783554506498,0.0304891920486056,0.0344467550905298,0.0331929463568259,0.0207556678730489,0.0180556572221831,0.0163750541512605,0.0154910270589899,0.0161002500446271,0.0149215406603712,0.0139156557943347,commercial,7,summer,0,5,63471.61669,317358.08345000003,0
20,2021-07-08,0.0136474812581628,0.0134690220421116,0.0124058639154793,0.012807532040241,0.0127180077995885,0.0119404501254145,0.0140188458151992,0.015655404910342,0.0254891465330349,0.0293942207377831,0.0292516277908828,0.0282105865034253,0.0269451845219826,0.032360496462647,0.0298013807565967,0.0331246915439426,0.0331669908830587,0.0193562999501639,0.0175926065110953,0.0170127287596401,0.014841513275239,0.0155813600294094,0.0149482314460853,0.0136750451559159,commercial,7,summer,0,5,63471.61669,317358.08345000003,0
20,2021-07-09,0.0136574431467929,0.0139827422173485,0.0123580078663305,0.0128252972390245,0.012732491909879,0.012019806437881,0.0139930947125161,0.0156938418736051,0.0252402644566287,0.0277544867328084,0.0294161611132638,0.0292425155561773,0.0255130187351015,0.0314019966911895,0.0323800938651069,0.0357299086318691,0.0363755370538243,0.0217069520882123,0.0182326494583406,0.0175786053136581,0.0160658357663787,0.0166929200482928,0.0155520810982528,0.0142927008467901,commercial,7,summer,0,5,63471.61669,317358.08345000003,0
20,2021-07-10,0.0137027777072848,0.0130039061498329,0.0122697114385197,0.0127001547431966,0.012276943799176,0.011884111531647,0.0138758473335861,0.0141662654147244,0.0166103443330266,0.0179031865118064,0.0177361395023252,0.0181952956685107,0.0165852517896393,0.0166306184373413,0.016094542272399,0.017636041937792,0.0174911954461194,0.0152721262730276,0.0152952394843139,0.0139962337049899,0.0135799475473137,0.0135005660780579,0.01396871480547,0.0132413264575497,commercial,7,summer,1,5,63471.61669,317358.08345000003,0
20,2021-07-11,0.0144222384446055,0.0133648345012828,0.0113190339651661,0.0117108181975546,0.0117089608016204,0.0114150861023735,0.0119635509985359,0.0127807850863263,0.0119631535896402,0.0133604379110233,0.0129540167741448,0.0124332720980098,0.0137756710814585,0.0138191007428176,0.0127495162768404,0.0145170535176756,0.0133896763769201,0.0115465587864303,0.0121214945133022,0.0121137041403542,0.0116175446357992,0.0120958319607235,0.0120958892418841,0.0115852597098543,commercial,7,summer,1,5,63471.61669,317358.08345000003,0
20,2021-07-12,0.0120172366151036,0.0115917361432882,0.0115474973266745,0.0119262804408167,0.0119266085396757,0.0116066784797494,0.0124093531858427,0.0131245465957158,0.0222406214362469,0.0269232053077192,0.0278652931099126,0.0276465482411302,0.0235555477026805,0.0297402983822938,0.0292474754377028,0.0354434013746776,0.032240191963934,0.0201985228723433,0.0182306705120346,0.0165304717965713,0.0147077140328138,0.0151732916724195,0.014140989049373,0.0134597298773363,commercial,7,summer,0,5,63471.61669,317358.08345000003,0
20,2021-07-13,0.0129568130125371,0.0128117986596864,0.0123206827173154,0.0126849398925015,0.0126127903533582,0.0118463820021378,0.0133999908984843,0.0155667374929877,0.0260537081910909,0.027668797073271,0.0293393130121639,0.028925868157313,0.0262013110497333,0.0311676394195388,0.0336372668595236,0.034795005082132,0.0345287373418441,0.0212108558867865,0.0188654412122997,0.0174949890962289,0.0157814595366472,0.0161964051229788,0.0160096848761802,0.0142828558437235,commercial,7,summer,0,5,63471.61669,317358.08345000003,0
20,2021-07-14,0.01421991831085,0.0140373229933309,0.0125243340774978,0.0128531089648369,0.0127514502577091,0.0124837583158092,0.0138840080050466,0.0150189533425218,0.0253003180116527,0.0277706710387163,0.0294491978655847,0.0280112601110026,0.0263141776211247,0.0311088835148856,0.0303140914257975,0.0335026763076606,0.0321153075022652,0.0200980249645865,0.0174097644561163,0.0169126720779777,0.015672054608055,0.0160521949906634,0.0154092972800343,0.0138499579417711,commercial,7,summer,0,5,63471.61669,317358.08345000003,0
20,2021-07-15,0.0135504750459851,0.0129324661458774,0.0124007178777619,0.0126717404968515,0.0125721606150861,0.0121097801630665,0.0135237876696941,0.0146512957883925,0.0240127888056389,0.0244437585859405,0.0288790580026674,0.0275239271705329,0.0266802456451531,0.0308723077967192,0.0305263971036252,0.0336665792760105,0.0340087593179118,0.0198249320234162,0.0180878590801932,0.0168737357379306,0.0154709485054883,0.0159540274586697,0.0148458747072881,0.0140389647447179,commercial,7,summer,0,5,63471.61669,317358.08345000003,0
20,2021-07-16,0.0141184957208507,0.0134625275285207,0.012465146751113,0.0126957606612366,0.0125899760527156,0.012207179145257,0.013854578102426,0.0146039229560274,0.0256820073009714,0.0294347240829126,0.0302255675225208,0.0289514927372899,0.0271324107038381,0.03321035477167,0.0305581375184245,0.0329974543260403,0.0341738029712023,0.0205316237566098,0.0181858166300433,0.0169060575798385,0.015252277491196,0.0155374843268448,0.0148967529615475,0.0138912078719654,commercial,7,summer,0,5,63471.61669,317358.08345000003,0
20,2021-07-17,0.0126606815627627,0.0124678390885393,0.0119787738303242,0.0118692163191892,0.0118198323642751,0.0116379166843139,0.0138688620188562,0.0146127850458867,0.0165398459446813,0.0190511378565963,0.0184682137414335,0.0173456045150567,0.0165387420294409,0.0159855422877457,0.0155571785192359,0.0153471140849432,0.0155886522863962,0.0134864608622311,0.0142035841455645,0.0129252495661612,0.0121177070816877,0.0133390560905581,0.0130313127269459,0.0122417966018602,commercial,7,summer,1,5,63471.61669,317358.08345000003,0
20,2021-07-18,0.0139988658635642,0.0134839090726869,0.0124438943608118,0.0130282243358705,0.0130296149676815,0.0120365305117213,0.013385600374859,0.0133705387075999,0.0130832196527265,0.014513052504849,0.0149149447454478,0.0133408877838624,0.0151672625709762,0.0147104933597234,0.0141556745128724,0.0152145049416674,0.0147739868312171,0.0120126203703418,0.0121113290933695,0.0115081555693374,0.0110551255666404,0.0117910662236687,0.0120914985923237,0.0110659537113074,commercial,7,summer,1,5,63471.61669,317358.08345000003,0
20,2021-07-19,0.0120128726202076,0.0117205074948116,0.011082599154937,0.0111114316309679,0.0111114316309679,0.0112308045287407,0.0126164577460941,0.0127790404775882,0.0195684158994168,0.0209151518300047,0.0219254319329671,0.0219123856224936,0.0187081537753472,0.0246035803183125,0.0240335235894516,0.0292893269998858,0.028748024477365,0.0176604243187097,0.0154825647831882,0.0145571557828766,0.012951910880578,0.0134679865732814,0.0125885082140718,0.0120976573322178,commercial,7,summer,0,5,63471.61669,317358.08345000003,0
20,2021-07-20,0.0119328340962633,0.0122536822968635,0.0112659077598997,0.0117889428148947,0.0121555663366926,0.0119249899762107,0.0130889494527643,0.0139702590746097,0.0248839036632282,0.0276311565947084,0.0284951347253388,0.0282827666170773,0.0247880960174479,0.0328743741561313,0.030855681495518,0.0352463971466418,0.0342409743044137,0.0202792312908935,0.0180162903145761,0.0162129357095066,0.0151629946963625,0.0149015746261334,0.0147616113126,0.0134937038298511,commercial,7,summer,0,5,63471.61669,317358.08345000003,0
20,2021-07-21,0.0130588341529809,0.0128893467948219,0.012289887233429,0.0123046043901324,0.012220964623448,0.0119282426750905,0.0129981596885395,0.0148978743629506,0.0253200769944428,0.0278630865882826,0.0284082357584596,0.0286605011588144,0.0269099177491418,0.031115094038128,0.0309469716466534,0.0345392150979507,0.0347481013690586,0.0215575106689497,0.018100546780296,0.0170101563890307,0.0151930169461835,0.0150410853748479,0.0143997410896163,0.0136285351261979,commercial,7,summer,0,5,63471.61669,317358.08345000003,0
20,2021-07-22,0.0131402981397049,0.0129608946607563,0.012208186559361,0.0123660634168296,0.0122690937981237,0.0117758431303917,0.0134809634786607,0.0150685167738431,0.0251428900476991,0.0268494942649233,0.0284608828815129,0.028888879307973,0.0269596941757535,0.0301269047722685,0.0307403115470499,0.0343490692917074,0.0347625935197676,0.021101563912377,0.0180661679117744,0.0170147079671384,0.0149981942248607,0.0150420624788754,0.0144144179658594,0.0134935590090825,commercial,7,summer,0,5,63471.61669,317358.08345000003,0
20,2021-07-23,0.0131504714047274,0.0126282970119052,0.0118274502729666,0.0123562958806445,0.0122736774713684,0.011959404460231,0.0133608093161612,0.0149166328988253,0.025053274386459,0.0283885454376735,0.0282868306480674,0.02796636198329,0.0267717335633825,0.0307705713343741,0.0302494290181628,0.0327740596109286,0.0325307419208188,0.0212512832676813,0.0187203045183266,0.016381129890646,0.0153681998843818,0.0155605196379935,0.0149160266834302,0.0142250897406576,commercial,7,summer,0,5,63471.61669,317358.08345000003,0
20,2021-07-24,0.0131549728725606,0.0134574596410717,0.0121707006454648,0.0126750366891962,0.011935612070302,0.0121813547375499,0.014573701097759,0.0144251754010786,0.0171484237998776,0.0180930784041449,0.0169922424457532,0.0177915361034794,0.0165018115499199,0.0159765230206812,0.0148773031426412,0.0159981633448764,0.0162545306860453,0.0134529906492762,0.0139868927711803,0.0140557534073547,0.0128105347657516,0.0131303607799689,0.0131296001112498,0.0127767063878076,commercial,7,summer,1,5,63471.61669,317358.08345000003,0
20,2021-07-25,0.0131102867826319,0.0131091908730652,0.0126034309330023,0.0130949944711452,0.0130977215706105,0.0123182870190528,0.0128869294305648,0.0134129524046731,0.0122254395071861,0.0138314468680279,0.0143584069845102,0.013717176349364,0.0148503047793892,0.0148939755756561,0.0140522907397849,0.0122685791364848,0.012617449800396,0.0132530199439232,0.0140500266930638,0.0135028938719354,0.0128958414728825,0.0131011235778278,0.0130973921559973,0.0126295321351731,commercial,7,summer,1,5,63471.61669,317358.08345000003,0
20,2021-07-26,0.0133114339357052,0.0133213741724588,0.0127704115615516,0.0133116580175267,0.0129409494218638,0.0121760006223747,0.0134684086029043,0.015044571429331,0.0227342246193153,0.0276192612320158,0.0292315872401481,0.0272052610632554,0.0260949954641436,0.032281510527881,0.0313808795764751,0.0343000783222174,0.0331050020727478,0.0189506877193581,0.0171469706469214,0.0163265728075442,0.0153570272854206,0.0156282136575661,0.0150289157600789,0.0144392623074722,commercial,7,summer,0,5,63471.61669,317358.08345000003,0
20,2021-07-27,0.0143154682522806,0.0137367837450203,0.0129335582870138,0.0135239634709211,0.0134501432167178,0.0126339516631066,0.0141071912082862,0.0152511910872264,0.0245230411545201,0.0279460249705184,0.0303125969460425,0.0305650529832947,0.0278850486142474,0.0325562014786578,0.032144639794695,0.0344555068188301,0.0347459538001649,0.0206136443571813,0.0179314496943976,0.0168779977213793,0.0157178076911634,0.0160447560194998,0.0148591444852507,0.0140916248965112,commercial,7,summer,0,5,63471.61669,317358.08345000003,0
20,2021-07-28,0.0140947258218396,0.0134385965472439,0.0127296761315332,0.0131682678248267,0.0130694945915222,0.0115521931880044,0.0136456284529172,0.0143255640008866,0.0222073258312063,0.0269485533924716,0.0268868888909945,0.0311009555127521,0.0267409423882841,0.0325640718515475,0.0325937813820638,0.0360930467339357,0.0364424159432296,0.0211424141693116,0.0186295736229038,0.0173948191533126,0.0160323439969906,0.016068311468666,0.0154097901099217,0.0143300755933131,commercial,7,summer,0,5,63471.61669,317358.08345000003,0
20,2021-07-29,0.0135978963232613,0.0134301123993771,0.0130833069056506,0.0131788405976867,0.0130774308201414,0.0125172669148165,0.0137283153163434,0.0152495312359579,0.0255063062317609,0.0302677461588335,0.0331486493436308,0.0317359245509617,0.0290899159078763,0.0313015676315347,0.0311825426475826,0.0326212425162202,0.0345304378729732,0.0209366513418573,0.018132992851985,0.0169239817091975,0.0156848874241425,0.016071931974557,0.0154266821465473,0.0140981950263817,commercial,7,summer,0,5,63471.61669,317358.08345000003,0
20,2021-07-30,0.0136292603150478,0.0134514234329544,0.0128297822469376,0.0131821035697291,0.0127183130470778,0.0125124648258147,0.0138783195541147,0.015078014099503,0.0249566499313722,0.0292431776155526,0.0264661771219361,0.0302212712724481,0.026835164800463,0.0317220229034365,0.0304465607717442,0.0336169034486679,0.0314496513819751,0.0199979752632758,0.0180175326654932,0.0173675551239626,0.0152953375897901,0.0151152698138397,0.0148988718671243,0.0139164103277893,commercial,7,summer,0,5,63471.61669,317358.08345000003,0
20,2021-07-31,0.0126356967333765,0.0129172014620611,0.0120416586708464,0.0122992052689811,0.0122820719944896,0.0117767211718053,0.0137451703358508,0.0139379309769244,0.015925034271417,0.0173457402944663,0.0195130786316441,0.0170797801865932,0.015758132813754,0.0164085178432663,0.0149659932195919,0.016042291951725,0.015351950936976,0.0129049056351227,0.0131522230399993,0.0123218796029101,0.0121573830663642,0.0125262390976785,0.0130104401372955,0.013171002089709,commercial,7,summer,1,5,63471.61669,317358.08345000003,0
20,2021-08-01,0.0136259241477323,0.0134101725547643,0.0132106987398403,0.0129476856676098,0.0129377984927916,0.0131037602045494,0.0127777233091478,0.013790648934433,0.0136747282364772,0.0145409066362957,0.0150205700880613,0.0151015654606161,0.0149327314597149,0.016043817921937,0.0162223516812174,0.017010367395614,0.0168587614475147,0.0159861211060997,0.013888264144011,0.0121367262855706,0.0112005563887472,0.0109810619254856,0.0111608338891449,0.0111317554436747,commercial,8,summer,1,5,63471.61669,317358.08345000003,0
20,2021-08-02,0.0121166640968571,0.0124790639250495,0.0115323978407347,0.0120358034406925,0.012034021958108,0.0118786690498922,0.0122089718396692,0.0130643879124317,0.0227147231670526,0.0251268839699974,0.027052298997065,0.0300910429179345,0.0254957505469402,0.032973705018261,0.0352781198684084,0.0386227385216857,0.0408969462777137,0.0225654227348565,0.0201115872427476,0.0189356153054435,0.01694184913249,0.0174537700246238,0.0130167526525966,0.0128127615393703,commercial,8,summer,0,5,63471.61669,317358.08345000003,0
20,2021-08-03,0.012673298722753,0.0121494997769347,0.0116257380462856,0.0123186727193584,0.0126163101749003,0.011647627875486,0.0137122625185327,0.0153817526488817,0.0252416054144633,0.0283779131671406,0.0293670238861842,0.0314489800220627,0.0269633588011631,0.0345015948902936,0.033305212946313,0.0363940205313882,0.0365164150462819,0.0226578118171629,0.018780353004855,0.0181190793414894,0.0171104778133128,0.017340190188657,0.0171942379379568,0.015436095671289,commercial,8,summer,0,5,63471.61669,317358.08345000003,0
20,2021-08-04,0.013724058884366,0.0139954971809861,0.0141971536275375,0.0133271160258378,0.0127634244958561,0.0125854855573822,0.0142550656554569,0.0158828787853014,0.026332504287939,0.0284140291404939,0.0306567709524245,0.0295083050146394,0.029243349398791,0.0326781990478635,0.03345439822802,0.0319126756309084,0.0350538612916679,0.0209997231563012,0.018618797520422,0.0180957801315966,0.0163303908982625,0.0172226923570719,0.0159678596088585,0.0149203565143018,commercial,8,summer,0,5,63471.61669,317358.08345000003,0
20,2021-08-05,0.014621807215505,0.0144218574775229,0.0132235113339993,0.0137274906036089,0.013634100297486,0.0131803005474433,0.0144432028362124,0.0162783693973471,0.0273138785262371,0.0295521047389572,0.0319260030374163,0.0298838132645064,0.0271455513391871,0.0324542723257663,0.0317460057250146,0.0358057564452551,0.0360529183867247,0.0222046646732536,0.0191839752182604,0.0181113143536949,0.0163014746108526,0.0166253674498553,0.0154915175735863,0.0147906603279194,commercial,8,summer,0,5,63471.61669,317358.08345000003,0
20,2021-08-06,0.0146099445200362,0.0144251665127327,0.0132775323887839,0.0141502190559955,0.0132152663411776,0.0122103335934142,0.0143005718024813,0.0157742801599999,0.0260718760245783,0.0315431337622261,0.030247832045118,0.0291285077835392,0.0245172531931348,0.0289314163872663,0.0329743738562319,0.0344224978543848,0.0330836915740666,0.0201971053012238,0.0178187207990398,0.0173311465669693,0.0156944620842567,0.0170999044356043,0.0164443740335919,0.0150732949015532,commercial,8,summer,0,5,63471.61669,317358.08345000003,0
20,2021-08-07,0.0145981756783745,0.0139394022461134,0.0129172059799268,0.0131559374390689,0.0136409525046576,0.0126348272948099,0.0143779293907607,0.0144846965701804,0.0160804828899078,0.0170987822979831,0.0173127262225742,0.018398676276832,0.0152811027102234,0.0158386186844771,0.0146595219454003,0.0153053103067575,0.0150276042777574,0.0139152710033532,0.0139025289572696,0.0134990367582792,0.0130276472195707,0.0134974500994241,0.0134950565647416,0.0130572007139978,commercial,8,summer,1,5,63471.61669,317358.08345000003,0
20,2021-08-08,0.013478419912831,0.0134752513188072,0.0128472149146591,0.0131024521314275,0.0131011932669464,0.0127720692324505,0.0134051030867901,0.0134278854308013,0.0137680014532003,0.0143771580298239,0.0143816954871578,0.0143007903442615,0.0148550110884003,0.0148850962963331,0.014456710851117,0.0143994778313337,0.0148970687911364,0.0138587114222697,0.0144732254231165,0.0140597780890169,0.0124368791501706,0.0134611061778126,0.013467544444195,0.0124929149900961,commercial,8,summer,1,5,63471.61669,317358.08345000003,0
20,2021-08-09,0.0136705502865778,0.0136861365554864,0.0132706305068278,0.0133246407255556,0.0136887332128104,0.013180551457317,0.0138859310175506,0.0149247342988378,0.0250572245109146,0.0276130688426695,0.0290888972855671,0.0303412523305158,0.0262614207824838,0.0322958998628108,0.0313259400727413,0.0301025195886298,0.0304852208807382,0.0202611015145769,0.0178412581490505,0.0174475218161083,0.0149618314521851,0.0166927154812506,0.0161018202772962,0.0144762611382684,commercial,8,summer,0,5,63471.61669,317358.08345000003,0
20,2021-08-10,0.0144079199286747,0.0142769772444494,0.0134521228681226,0.013542685290652,0.013453408701057,0.0135943507718675,0.0145504534693556,0.0162879196565637,0.0264760867596918,0.0292247139137455,0.0324411417186394,0.0287751529832899,0.0266054770817002,0.0357357977238282,0.0351726991162078,0.0357899037758597,0.0357600861169795,0.0211842637334158,0.0197202066900782,0.018002485465793,0.0161732012449548,0.0171243424180032,0.0164595997421295,0.0151416670268224,commercial,8,summer,0,5,63471.61669,317358.08345000003,0
20,2021-08-11,0.015694508668227,0.0155437644336296,0.0137375767915029,0.0141241544637124,0.0140089463542776,0.0134839969946932,0.0147739344202843,0.0164999552281086,0.027714345880545,0.0310661401013995,0.0356830918513437,0.0330932902013871,0.0307999199829548,0.032832507757105,0.0326788621887481,0.0389113946932442,0.0359405025711937,0.0210459398368387,0.0190702322127855,0.0180450281329988,0.0161453951338657,0.0171796592391334,0.0171143293287733,0.0150272320469869,commercial,8,summer,0,5,63471.61669,317358.08345000003,0
20,2021-08-12,0.0151957011138077,0.015571608920928,0.013713826941453,0.0147545241924554,0.0146670058676119,0.0138128134461674,0.0157744431004781,0.0169618416972044,0.0268950479326903,0.0303903228933602,0.0349315681934596,0.0336811040596707,0.0305649208581566,0.0360568198107635,0.0320237646341621,0.027869777782625,0.0288378847980551,0.0193142035066849,0.0171819452902594,0.0167370951360433,0.0154667417628408,0.0154695885706367,0.015827861211425,0.013893048074402,commercial,8,summer,0,5,63471.61669,317358.08345000003,0
20,2021-08-13,0.0150860091649081,0.0149486336368235,0.0141501735549021,0.0124230311984529,0.0116189343944891,0.0117523373727839,0.0126655679727812,0.0138399197240733,0.0223386735730046,0.0253854931412932,0.0243341702219462,0.0247737601812719,0.0229341198283877,0.0260009346911942,0.0250349887450898,0.0267224763326014,0.0270137290817603,0.0169695304348071,0.0153593047818039,0.0154445199132172,0.0135990893486375,0.0142557794327696,0.0136463042712318,0.0130820368146402,commercial,8,summer,0,5,63471.61669,317358.08345000003,0
20,2021-08-14,0.0121240432899447,0.0127877810196678,0.0115020133405762,0.0127265265124133,0.0127419048010191,0.0119283092896861,0.0137070743237847,0.0142215599895179,0.0157381456312661,0.0174731385782651,0.0177236931283555,0.0175328777560159,0.0150917634332916,0.0145708968312641,0.0140123118869135,0.0155631803704994,0.0149671815206792,0.0123381618492995,0.014350441516632,0.0135057637988471,0.0125120018584376,0.0136206267567839,0.0136329110734448,0.0125079867258657,commercial,8,summer,1,5,63471.61669,317358.08345000003,0
20,2021-08-15,0.0131047342331761,0.013606574518551,0.0119251629546338,0.0130795282296725,0.0121173430967758,0.0114421786703596,0.0121639394908392,0.0125452039297531,0.0129728122023621,0.0138073107227036,0.0138446435687189,0.0131983263851465,0.014824366230171,0.0148794793798872,0.0137986224134724,0.0148707057768997,0.0148893008550238,0.0138077486527682,0.0140559018065966,0.0140511841428308,0.0125527259196524,0.0140067080734418,0.0134741943475288,0.0128652529176545,commercial,8,summer,1,5,63471.61669,317358.08345000003,0
20,2021-08-16,0.0120507394963346,0.0124713156277467,0.0128275219161016,0.0129272241162769,0.012931698789198,0.012784626559683,0.0134841455843312,0.0145149534000546,0.0233174880047502,0.0265582545585701,0.0284205025694112,0.0278588971882315,0.0263687371004662,0.0308508117200933,0.0333945923876042,0.0346942644132248,0.0347854049192864,0.019263828379959,0.0183830428952596,0.0174527181208146,0.0154320925597351,0.015651909659985,0.0150476407737798,0.013848798709317,commercial,8,summer,0,5,63471.61669,317358.08345000003,0
20,2021-08-17,0.0133847454945188,0.0132369135490198,0.0123600862256672,0.0125274263720186,0.0124375374268905,0.0119309059012431,0.0132311437789778,0.0148287707904882,0.0255495512627952,0.0283882762480229,0.0290888543040827,0.0299404901223099,0.0267806572428842,0.03272149172228,0.0354390224968748,0.0378996006537043,0.0379497158441871,0.022539443463223,0.0191118039039573,0.0180626437526943,0.0160959209722838,0.0165637640442616,0.0159063875155786,0.0145577207932835,commercial,8,summer,0,5,63471.61669,317358.08345000003,0
20,2021-08-18,0.0145786472270089,0.0139779071368206,0.0130736843098791,0.0132051046326284,0.0135929307927184,0.0124581827795722,0.0142817362977386,0.0161163130989988,0.0252772056530337,0.0286052924560859,0.029470452733044,0.0291228238127177,0.0268688675221936,0.0328952733297924,0.0341591270334273,0.0350721523061377,0.036581881390609,0.02184725541414,0.0186213348142294,0.0181178807612563,0.0162387888827217,0.0172401184832462,0.0165776864555161,0.0147868082554084,commercial,8,summer,0,5,63471.61669,317358.08345000003,0
20,2021-08-19,0.0146380489025525,0.0150074937516885,0.013743323733677,0.0141757748918231,0.0140665956417556,0.0136307347997112,0.0141008887459887,0.0156239858792527,0.0245224657551801,0.028817861016083,0.0304468251185737,0.0304407078238215,0.0290939051557127,0.0323532763429938,0.0314791194981072,0.0275233505394225,0.0283822828095988,0.0179652542071435,0.0156246652269807,0.0152219276543608,0.013923983645072,0.0144627009026066,0.0134030738438631,0.0121364885480629,commercial,8,summer,0,5,63471.61669,317358.08345000003,0
20,2021-08-20,0.011912692091604,0.0121525490496851,0.011432653361361,0.0115746729761376,0.0118298193766018,0.0112802596245331,0.0122096021898118,0.0125517385999376,0.0196178257860164,0.0226398585824724,0.0232514366691538,0.0233792801809159,0.0215653468429532,0.0243708161222183,0.0251124809478108,0.0252315276620083,0.0254184757325871,0.0162671397764594,0.0139897272507476,0.0140447411450332,0.0129425753952596,0.0133571566957127,0.0127659057617265,0.0117871899731809,commercial,8,summer,0,5,63471.61669,317358.08345000003,0
20,2021-08-21,0.011329364328499,0.0112081085792523,0.0108613879263393,0.0111858169822934,0.0111902520247357,0.0108613879263393,0.0115215238144784,0.012681643131571,0.013596573449042,0.0157284017069361,0.0164958152693799,0.0167504406000528,0.0146022542292337,0.0149941024436236,0.0144793522138441,0.0152541016724311,0.0146252279419421,0.0130054873234964,0.0129170855563108,0.0131094579562814,0.0118310937994976,0.0127157119898425,0.0122792915267793,0.012266928563029,commercial,8,summer,1,5,63471.61669,317358.08345000003,0
20,2021-08-22,0.0122617890778626,0.0122572120872508,0.0122533317952104,0.0119052121834158,0.0118988219589297,0.01117923412267,0.0110996582613787,0.0117624281248967,0.0123389017531691,0.012564380717938,0.0129524699457434,0.0121958451888907,0.0129670429216999,0.0134378728225246,0.0143828153664378,0.0139032160639774,0.0138936570220054,0.0134210791803814,0.0131318261274673,0.0131161448653251,0.013106427071696,0.0130999394907519,0.0130948277083212,0.0130905998935855,commercial,8,summer,1,5,63471.61669,317358.08345000003,0
20,2021-08-23,0.012492505885311,0.0124818784426573,0.0124790349609094,0.0124747866109348,0.0121273449249694,0.0116206870899251,0.0126199790053756,0.0135432882587611,0.0218813827137648,0.0247583672238208,0.0269219916961231,0.0285963161176681,0.0240702402545779,0.032460625022046,0.0322569852356029,0.0346227163303351,0.0319282746653581,0.0206926193572558,0.0171810245262597,0.0162986918204952,0.0146211285179857,0.0155941082640976,0.0150049326874814,0.0132788698477225,commercial,8,summer,0,5,63471.61669,317358.08345000003,0
20,2021-08-24,0.0133431756215514,0.0132071497145934,0.0119095795577848,0.0126024641656413,0.0117659236189595,0.0115755247801994,0.0128789952014275,0.0148881382963676,0.0248114767790398,0.0273510688955901,0.0291214578049099,0.0272610276406943,0.0251423800709645,0.0298624933911736,0.0307411450650878,0.0343896235875623,0.0348638889471637,0.0209350056789529,0.0174023875080742,0.0169047818937813,0.0150563900026054,0.0155123210959914,0.015407381336798,0.0135233787351949,commercial,8,summer,0,5,63471.61669,317358.08345000003,0
20,2021-08-25,0.0131073144821604,0.0134222163352764,0.0119643500735918,0.012330049714265,0.0119112804914846,0.0118234222600968,0.0130052345379917,0.0140823666071456,0.0260436610119458,0.0284190548523785,0.0291666638037309,0.0297575003335073,0.0259405894577744,0.0340908144318994,0.0362319931230865,0.0347832710215883,0.0351181543824955,0.0224240450644367,0.018619157447353,0.0174244126812372,0.0152662742219242,0.0161033052265856,0.0148821608439148,0.0141302051146039,commercial,8,summer,0,5,63471.61669,317358.08345000003,0
20,2021-08-26,0.0131496799365998,0.0129587499202749,0.0126716898819647,0.0128075079390983,0.0127207297871435,0.0122986152090434,0.0134589195954672,0.0153442752638204,0.0257289048083708,0.029404627227737,0.032249578170358,0.0293304713251493,0.026871192837573,0.0327875399606174,0.0316388434595875,0.0377207953199394,0.0363399222151709,0.0209509090516209,0.0174428097791604,0.0169214093390786,0.0152015094987018,0.0154954448668447,0.0144234829852982,0.0139990152615958,commercial,8,summer,0,5,63471.61669,317358.08345000003,0
20,2021-08-27,0.0131388748061233,0.0134506860220887,0.0128934576632014,0.0131964088512223,0.0127277303038725,0.0121154602438343,0.0137267916281918,0.0145873098124163,0.0236322183053218,0.0269729491366452,0.0287203227051945,0.0280973509974801,0.02667260006357,0.0314523555548785,0.0299035818263575,0.0324981995148419,0.0327162463181639,0.0199863686165388,0.0178008953143037,0.0166932768230671,0.0154083411991659,0.0153807845443677,0.0147559623742046,0.0140393032828951,commercial,8,summer,0,5,63471.61669,317358.08345000003,0
20,2021-08-28,0.0131335387872843,0.0128843774497494,0.0122264444719819,0.0122730805175198,0.0122819907947781,0.0120832577573957,0.0130752730113735,0.0141585177581637,0.0162701053174151,0.0177947900592546,0.0178017222743743,0.0175086279383959,0.0162991434716288,0.015232539006334,0.015333410705447,0.0159018633373176,0.016186224999633,0.0133329709069147,0.0138995733671195,0.0134751306838898,0.0120833257434024,0.0125971875514321,0.012123280297821,0.0121690326316172,commercial,8,summer,1,5,63471.61669,317358.08345000003,0
20,2021-08-29,0.0125863583930053,0.0125904595755698,0.0118054803035952,0.0122404527020337,0.0122455390213105,0.0116406199565871,0.012521907675431,0.0125532321732164,0.0123937312648338,0.0133866596083831,0.0132690724534367,0.0134371904222112,0.014352356109554,0.0143935995855004,0.0130127636838976,0.0150165859041279,0.0143612728583008,0.0137226729096961,0.013961031206546,0.0134854889215143,0.0116060264519295,0.0134241167575703,0.0130874850695717,0.0114766160811843,commercial,8,summer,1,5,63471.61669,317358.08345000003,0
20,2021-08-30,0.0132780020835244,0.0138126578506045,0.0115707274919273,0.013284048359529,0.0129351313787112,0.0115664513226244,0.012058044060828,0.0135781498306547,0.021907055795797,0.0253122114699023,0.0278231935267158,0.0272036267185707,0.0252917343224544,0.0326598786660566,0.0290649023925342,0.0327595746400899,0.0348351081094573,0.0196209868329934,0.0179213204718361,0.0169456777743304,0.0149358196102518,0.0146589675226476,0.0145152046992479,0.0136223191627558,commercial,8,summer,0,5,63471.61669,317358.08345000003,0
20,2021-08-31,0.0129219746292499,0.0127737382567862,0.0126565078564614,0.0126713141536858,0.0124729750988558,0.0123239857487988,0.0132808617105758,0.0148264145924572,0.0255455700706879,0.0273977974244986,0.03162668090879,0.0297617957550984,0.0251880051428395,0.0280653826249311,0.0304446836583813,0.0301056761660552,0.0302491086013986,0.0199635201367869,0.0164754216765458,0.0159208292065852,0.0153189949053996,0.0146980392802031,0.0137348333580161,0.0131426704017497,commercial,8,summer,0,5,63471.61669,317358.08345000003,0
20,2021-09-01,0.0120111681504823,0.0118044421399009,0.0116538717728377,0.0114498388808325,0.0114197726064265,0.0114997724895088,0.0120332189645318,0.0128911755369478,0.0224362159573744,0.024670233866913,0.025102535772088,0.0261204966648939,0.022205924354901,0.0258366579338708,0.0264035884605383,0.0276274600183528,0.0279741991983242,0.0187551408314807,0.0151221221905491,0.0151375924956867,0.0147377063128268,0.0140356002116173,0.0138302448652314,0.013052934470044,commercial,9,autumn,0,5,63471.61669,317358.08345000003,0
20,2021-09-02,0.0122842291011261,0.0121341396000444,0.012216749581894,0.0119326340024354,0.0115045239408221,0.0121593391361428,0.0132421241530335,0.014306701964731,0.024874745647737,0.0269735447390646,0.027658647109559,0.0292589829398678,0.0250413428575729,0.0298553374002571,0.0313235343118405,0.0306111668797301,0.0315945823542314,0.0204532213490634,0.0160752185104715,0.0156112553713131,0.0154158429151885,0.0149675480140244,0.014754300371222,0.0140957677583488,commercial,9,autumn,0,5,63471.61669,317358.08345000003,0
20,2021-09-03,0.0126848482886455,0.0128479248236072,0.0125766235338449,0.0122844336608935,0.0121891508357289,0.0119029203480509,0.0128673987254215,0.0139187375848772,0.0235266903769001,0.0271201948745987,0.0239262657177976,0.0256686932078438,0.0234551790473726,0.026859651581408,0.0312010160404889,0.0339150881227302,0.032497419810916,0.0212521970810757,0.0166485005553274,0.016198129672479,0.0153323075550255,0.0154197592113515,0.0142664600473901,0.0137135844508612,commercial,9,autumn,0,5,63471.61669,317358.08345000003,0
20,2021-09-04,0.012215662934069,0.01203578382357,0.0121808965278922,0.0118358031901927,0.0119245991550644,0.0119722597664754,0.0127551082346416,0.0133694761192351,0.0162128974785764,0.0179277508127861,0.0169950245531582,0.0175810631568551,0.0154086136164213,0.0158909410929963,0.0164574121008829,0.0153017800074253,0.0150193024784961,0.0120949144196634,0.0129308689764952,0.0125147985237742,0.0123456236432241,0.0118371093906158,0.0125960366421542,0.0124364702152395,commercial,9,autumn,1,5,63471.61669,317358.08345000003,0
20,2021-09-05,0.0126030109631071,0.0125981507696372,0.0125194589460467,0.0125966979990568,0.0118158933276307,0.0124293774698113,0.0117727714213974,0.0125409993766915,0.013164194904987,0.0137542529751276,0.0134336881054599,0.0137316684333227,0.0148386986576204,0.0143418990624316,0.013906612783514,0.0147513310803585,0.0137922845484014,0.0135358923252046,0.0133617002416171,0.012880712902641,0.0125248227033263,0.0117301877070905,0.0124588245186709,0.0122607367998449,commercial,9,autumn,1,5,63471.61669,317358.08345000003,0
20,2021-09-06,0.0123165333275011,0.0120222843040114,0.0123822077787439,0.0120291683979494,0.0120195106945017,0.0125640034725444,0.0125298167574817,0.0139317144536696,0.0236394773547431,0.0257501418911166,0.026621954930231,0.0233274148063183,0.0243451976258676,0.0291768030060087,0.0301094863840297,0.0307738828540996,0.0320941497338879,0.0195902483839173,0.0166635987557487,0.0158099864283369,0.01458757128734,0.0150155049956222,0.0135698211170283,0.013178516701887,commercial,9,autumn,0,5,63471.61669,317358.08345000003,0
20,2021-09-07,0.0124714922867863,0.0119309887596283,0.012092198081659,0.0121725946794871,0.0120991904999863,0.0122697758979979,0.0135983370033407,0.0148544729887153,0.0250953223618552,0.0275652218324044,0.0282623642078818,0.0289094298521061,0.0260450821914073,0.031132925176855,0.0317045219495564,0.0337378969644263,0.033543917702947,0.0202351468069699,0.016914829107013,0.0158668375446219,0.0151009664122914,0.0149758074718695,0.0143610769899077,0.0139302438048846,commercial,9,autumn,0,5,63471.61669,317358.08345000003,0
20,2021-09-08,0.012711320575652,0.0129148217350001,0.0125936680698647,0.0123375226275457,0.0122456047118028,0.0123807270192822,0.0134314486465443,0.014548868773989,0.0254507183222157,0.028519517139401,0.0291034536120446,0.0302235100622226,0.0264208778671353,0.0311734878831147,0.0323551098395053,0.0335164541374965,0.030527424223376,0.0201326299435213,0.016302699226707,0.0158182814178534,0.0154608827549132,0.0149914289801715,0.0143496127859422,0.0140194899319394,commercial,9,autumn,0,5,63471.61669,317358.08345000003,0
20,2021-09-09,0.0131149509198151,0.0129338149119961,0.012317406308986,0.0119036912498933,0.0118027773139729,0.0118372486207902,0.0128889743881238,0.0144777517293574,0.0247957652164815,0.028561894853626,0.0285247832755665,0.0282034410824314,0.0257765761269314,0.0297353413746934,0.0306178119874614,0.0311177612784667,0.0325739813319705,0.0195380237810292,0.0164064814358112,0.0159123799095334,0.0155064920100382,0.0156159025173257,0.0139906299926778,0.0140792535074011,commercial,9,autumn,0,5,63471.61669,317358.08345000003,0
20,2021-09-10,0.0131653309027585,0.0129637776014239,0.0128906045962723,0.0127060059363213,0.0126036745998745,0.0119887000369954,0.0125387011403188,0.014012907102038,0.0233866065003066,0.0258554396258224,0.0275930452270717,0.0292646460374708,0.0251632723496175,0.0299349834285758,0.0292109323594629,0.0309389628187611,0.0300917271163704,0.0197619178657167,0.0169566943119192,0.015049963651363,0.0149982548743271,0.0145708941194991,0.0139533044576387,0.0138785280894768,commercial,9,autumn,0,5,63471.61669,317358.08345000003,0
20,2021-09-11,0.0118602646657288,0.0113072967861482,0.0114877822671867,0.0112005563887472,0.0110877925881794,0.011121002641097,0.0119783234975895,0.0126218394731309,0.0147559632878019,0.0157260603208911,0.0164204378888157,0.0159319079414599,0.0149034627482563,0.014898213698823,0.0139471222847075,0.0138204290546934,0.0142185272942859,0.0125590209560043,0.0125122157618341,0.011627327430139,0.0118001421180162,0.0120540239836994,0.0120521963866033,0.0119978665273378,commercial,9,autumn,1,5,63471.61669,317358.08345000003,0
20,2021-09-12,0.0120540580923932,0.0117079670090453,0.0117780015152322,0.0117022380722128,0.0113502331653635,0.011342477103478,0.0113740438394931,0.0113740438394931,0.0115998944794409,0.0116163862310809,0.012294168446806,0.0122988817710813,0.0126982621916697,0.0132689035173241,0.0133674223808229,0.0138315405183977,0.013690395427969,0.0124240497529334,0.0125134882236551,0.0115718171220748,0.011739807309255,0.0116932360195912,0.0116882506914426,0.0116833718873709,commercial,9,autumn,1,5,63471.61669,317358.08345000003,0
20,2021-09-13,0.0119196394205718,0.011920880038903,0.0119576636232697,0.0115797934650495,0.0115706815385046,0.0114609503687079,0.0117667408922371,0.0126494397548154,0.0213335629487269,0.02353961040204,0.0251585259335939,0.0251274571293453,0.0223127620981533,0.0283088683018957,0.0287025332162425,0.030260356842398,0.0301512489960494,0.0180649369325509,0.0157120179674678,0.0148194136328835,0.0143543976128164,0.0141376579383556,0.0135788052156481,0.0130487666610577,commercial,9,autumn,0,5,63471.61669,317358.08345000003,0
20,2021-09-14,0.0120995210538915,0.0119499777693028,0.0117474872302215,0.0114313114321047,0.0114313114321047,0.0114443458540092,0.0124024207348512,0.0139144675345499,0.0247137437647095,0.0268588276434711,0.0275453029898318,0.0279494983542631,0.0246949974092117,0.0310977266723214,0.0305588326333684,0.030034574025087,0.0316298935797339,0.0172237963570608,0.0154003580673848,0.0153034552999025,0.0146095967680055,0.014109087064003,0.0134965869730927,0.013063939101156,commercial,9,autumn,0,5,63471.61669,317358.08345000003,0
20,2021-09-15,0.0122992268791444,0.0121274725804847,0.0121234900356347,0.0122630788628154,0.0121663356218581,0.0112508840364107,0.0125079531192619,0.0139767125677727,0.0236148511997396,0.0276997228908491,0.0292962900930539,0.0291871102913591,0.025675213875857,0.0305341484453632,0.029640877828748,0.0304826805405514,0.0313652601727882,0.019677003259318,0.0169012620984826,0.0158621022238327,0.0149612796311945,0.0149784114866065,0.0139164918869869,0.0139431522201972,commercial,9,autumn,0,5,63471.61669,317358.08345000003,0
20,2021-09-16,0.0127087456856085,0.0129046408902659,0.0125872537188843,0.012338539531706,0.0122461292000429,0.0121291552230477,0.0129629507446118,0.0145036862693663,0.0248759308023908,0.0268099296120149,0.0285788387294336,0.0290431859155248,0.0248675251057149,0.0304799535589696,0.0275758774882649,0.0324203167989631,0.0324915892418714,0.0201941705335439,0.0168849221873999,0.0158083988849668,0.0146627600277983,0.0145306127708031,0.0139031381597015,0.0136023011759162,commercial,9,autumn,0,5,63471.61669,317358.08345000003,0
20,2021-09-17,0.0122956456077596,0.0125584109678792,0.0123697764349404,0.0123306612703981,0.0122416790273966,0.0119037496100709,0.0129007193261603,0.0144270588303562,0.0242525321539968,0.0263126791905232,0.0281531900132223,0.0280586812190736,0.0255759599893579,0.0312542310647196,0.0318403992787692,0.0329242384109492,0.0294258763219275,0.0204967642613028,0.017254776010427,0.0167749098077021,0.0152594689912381,0.0154514473795295,0.0148142098616052,0.014050039411008,commercial,9,autumn,0,5,63471.61669,317358.08345000003,0
20,2021-09-18,0.0122215129980645,0.0120175490178997,0.0119944499724297,0.011827375246936,0.0118203433353045,0.011774676465428,0.0123940278134346,0.0130011697197551,0.0158147917564236,0.0164665849836395,0.0170852793220398,0.0165680002621746,0.014978332451461,0.0144745293525326,0.0140339640816483,0.0141090553576056,0.0131679252426663,0.0121771685296333,0.0117481627763903,0.011442898780335,0.0112121523581033,0.011442898780335,0.0113190339651661,0.0115537426901263,commercial,9,autumn,1,5,63471.61669,317358.08345000003,0
20,2021-09-19,0.0113219148070512,0.0113190339651661,0.0114829425069565,0.0112005563887472,0.0113335684155579,0.011425017979196,0.0116857629916798,0.0117233949099824,0.0131568675389774,0.014253909792464,0.0138667412326072,0.0143475880600346,0.0129367941488112,0.0131025773965741,0.0142038083380755,0.0141205129482001,0.013502905008939,0.0125642900147325,0.0110414781438017,0.0108806765876104,0.010933151439706,0.0110967490273445,0.0110886007598145,0.0109101076429129,commercial,9,autumn,1,5,63471.61669,317358.08345000003,0
20,2021-09-20,0.0109810619254856,0.0109810619254856,0.0108423677071504,0.0108822601814063,0.0108889130973441,0.0108292403103116,0.0113088489723428,0.0113088489723428,0.011870718440185,0.011870718440185,0.0119644534413749,0.0118769673342906,0.0114352413131287,0.011444614654287,0.0112685253290317,0.0115357230817169,0.0115357230817169,0.0110870453619174,0.0112422905595846,0.0110877925881794,0.0109101076429129,0.0109810619254856,0.0109810619254856,0.0108613879263393,commercial,9,autumn,0,5,63471.61669,317358.08345000003,0
20,2021-09-21,0.0107916965278606,0.0105838370502581,0.0103497347225345,0.009828880317497,0.0098118290349423,0.0098500995749066,0.0100484473469795,0.0100830064328029,0.0107211927387627,0.011234456057205,0.0116201677735988,0.0120710979016507,0.0116547460046854,0.0116641244599913,0.0115863814713514,0.0117669712775669,0.0116484937011481,0.011299194433893,0.0113550543601524,0.0112005563887472,0.0110443587033664,0.0112005563887472,0.0110877925881794,0.0109810619254856,commercial,9,autumn,0,5,63471.61669,317358.08345000003,0
20,2021-09-22,0.0106549843281058,0.0106326190666993,0.0103262609659222,0.0095664786474623,0.0095432340786973,0.0096945988599052,0.0090652486399472,0.0102685653634364,0.0143986014683733,0.015177259270426,0.0167346851079429,0.0182357219418216,0.0166677906086857,0.0196774261425084,0.021191707083032,0.0230300462079016,0.0231529684570603,0.0144060225865528,0.0123954597874162,0.0121465549018536,0.0117968498023898,0.0119291864973778,0.0117410457915324,0.0114063290777238,commercial,9,autumn,0,5,63471.61669,317358.08345000003,0
20,2021-09-23,0.0113185476315369,0.011211816968843,0.0111017538951564,0.0107724608426113,0.0107388947947465,0.0109369075448689,0.0112541776709384,0.0117254927276998,0.0166071211326962,0.0181087674544661,0.0192978236186572,0.0194407190355689,0.0178927826812867,0.0218156231841358,0.0209045957463662,0.0219039569113465,0.0226766453338788,0.0149273763492754,0.0129797487592306,0.0122727710682224,0.0119998452977854,0.0119940344238977,0.0115627551985273,0.0113745137327702,commercial,9,autumn,0,5,63471.61669,317358.08345000003,0
20,2021-09-24,0.011211816968843,0.0111114316309679,0.0110451009847461,0.0108939554120982,0.0107585876400479,0.0111067622032453,0.0113182708421473,0.0116469888902488,0.0172502961526734,0.0183852127102925,0.0186801683147527,0.0202034429032829,0.0182268920148689,0.0222316608651263,0.0219105679288525,0.0221085298372613,0.0223830674485714,0.0147444887830166,0.0122054265081639,0.0119024077416025,0.0116821596687335,0.0117646278217226,0.0116720036133127,0.0113833485953279,commercial,9,autumn,0,5,63471.61669,317358.08345000003,0
20,2021-09-25,0.0109810619254856,0.0109810619254856,0.0108613879263393,0.0109810619254856,0.0109810619254856,0.0108329590119647,0.0114120182953746,0.0114245509296907,0.011965134140401,0.0121603145491531,0.0121638111066927,0.0121271084428958,0.0115858884650862,0.0115827553065071,0.0113060484082297,0.011563956355033,0.0114603588509182,0.0110766613667676,0.0111574920069439,0.0109810619254856,0.0108143459413886,0.0108806765876104,0.0107869415864206,0.0108015097967633,commercial,9,autumn,1,5,63471.61669,317358.08345000003,0
20,2021-09-26,0.0107996145143366,0.0108091249349075,0.010811344819508,0.0108141944049812,0.0108167206872753,0.0108718191730161,0.0109605226009612,0.011054257602151,0.0110640018472488,0.01126137360272,0.0113741374032878,0.0113573871275493,0.0116227497042246,0.0117610729099881,0.0119501583654178,0.0122963538995603,0.011852255641487,0.0122976517802308,0.012033905754088,0.0116766046912756,0.0111587956720742,0.0113134264000559,0.0113099826808398,0.011023010073332,commercial,9,autumn,1,5,63471.61669,317358.08345000003,0
20,2021-09-27,0.0113185476315369,0.011211816968843,0.011251064301772,0.011211816968843,0.011211816968843,0.0112508840364107,0.0115124288954947,0.0118260138938639,0.0184112883566271,0.0202321186011536,0.0218361775648723,0.0231039131614783,0.0223760957512334,0.0245441462201964,0.0265620499083069,0.0274983723805872,0.0272919382819799,0.0174598887258894,0.0150242982819533,0.0143260662075129,0.0138171484061033,0.0137981304811708,0.0132544627113296,0.0123055863492467,commercial,9,autumn,0,5,63471.61669,317358.08345000003,0
20,2021-09-28,0.0119535725695686,0.0122545433082677,0.0112222095903455,0.0117439497096457,0.0114318981248212,0.0112712222946639,0.0116191723609149,0.0124724043741869,0.0213045939410293,0.0245259336681882,0.025328673492855,0.0255381135169785,0.0232194707574457,0.027395163009223,0.02873937246552,0.0287957304252565,0.028644725795284,0.0189547152319727,0.0161316793042476,0.0156342878933616,0.0145446470931605,0.0148517459893694,0.013807255516277,0.0131190393459703,commercial,9,autumn,0,5,63471.61669,317358.08345000003,0
20,2021-09-29,0.0122207943832878,0.0124623790480362,0.0118582410354427,0.0122263347886747,0.0121369944010299,0.012047700407983,0.0117758296984327,0.0128990115252206,0.0217292418611957,0.0234051299281062,0.0235990563548658,0.0247641736324453,0.02249865809047,0.0271912081842376,0.0261664300464576,0.0245344945585305,0.0266687248229993,0.0175485650677731,0.0145674194679059,0.0145380521714972,0.0142238991975958,0.0138394941031776,0.0136446370813576,0.0132063110343048,commercial,9,autumn,0,5,63471.61669,317358.08345000003,0
20,2021-09-30,0.0125675151049412,0.0119825199043383,0.0120519018801916,0.0117691226056953,0.0116796139437525,0.0121007556913922,0.0130063983619086,0.0138947353658698,0.0244339382438392,0.0263609987155587,0.0279886121412085,0.0275673632725375,0.0242572520036189,0.028568785778852,0.0291075955181559,0.0284283534767782,0.0267972463452882,0.0189854754360188,0.015557571634901,0.0151394757143037,0.0146950994662804,0.0144581871407349,0.0136845563042707,0.0131955778693041,commercial,9,autumn,0,5,63471.61669,317358.08345000003,0
20,2021-10-01,0.0116382375895879,0.0112829100359855,0.0112121523581033,0.0112121523581033,0.0111890175630691,0.0112005563887472,0.0117463967546213,0.0123820475211469,0.0136603735746095,0.0144007835772944,0.0146628001221811,0.0144352175349604,0.0135019354419566,0.0146955408330511,0.0144310639332567,0.0147636149733144,0.0149910418242606,0.012395629991024,0.0132292667295438,0.0130395434454188,0.0118169564511989,0.0125886749276916,0.0125987882819555,0.0115130792848174,commercial,10,autumn,0,5,63471.61669,317358.08345000003,0
20,2021-10-02,0.0122393204873442,0.0125836749495165,0.0118042069881802,0.0120936998899292,0.0117970568400505,0.0121380229278106,0.0119832331202129,0.0124743857869396,0.0140191996433888,0.0143421103733524,0.014891754426712,0.0145108063451616,0.0138317513465703,0.0136548033408883,0.0128523985418056,0.0141385577367363,0.014483525055235,0.0127729476903104,0.0132039043250498,0.0126145529055673,0.0120858482860194,0.0121107783867087,0.0121020025297752,0.0116402465240529,commercial,10,autumn,1,5,63471.61669,317358.08345000003,0
20,2021-10-03,0.0125684171892344,0.0123388928779163,0.0120264175492957,0.0117952712683775,0.0117872775079951,0.0110905801751086,0.0116839198868006,0.0119786612337345,0.0128897029886229,0.0135727968735227,0.0140245513623554,0.01346868043036,0.0128123014201107,0.0135053407415155,0.013048346236504,0.0139929133996504,0.0135576844604664,0.011966129849133,0.0118273405471885,0.0117135871402714,0.0111547471704229,0.0116888540595491,0.0116945161163823,0.0110336534347483,commercial,10,autumn,1,5,63471.61669,317358.08345000003,0
20,2021-10-04,0.0113360284723616,0.0113381531984483,0.010991454546988,0.0113241597871474,0.0113284747251163,0.010953432620049,0.0116655689225547,0.0116953464036732,0.0125918999624232,0.0134293547217475,0.0134841101867741,0.0134995243458395,0.0120261491014094,0.0120927296662313,0.0128313460060654,0.0126125033761565,0.0129302949142559,0.0119225249440738,0.0118748480995255,0.0117149969519252,0.0111321918554132,0.0116940154316073,0.0116950349768432,0.0110443587033664,commercial,10,autumn,0,5,63471.61669,317358.08345000003,0
20,2021-10-05,0.0113355565363449,0.0113364893894804,0.0109810619254856,0.0113193396813788,0.0110877925881794,0.0109180261345127,0.0116675405363391,0.0116945319225716,0.0128182364970535,0.0134465592369254,0.0138562940138172,0.0138935630376412,0.0127248717119313,0.012775356835965,0.0133999547356468,0.0127342291467677,0.0122914835892822,0.0115848159472655,0.0117603564591154,0.011624487810108,0.0112948969182739,0.0116721937542072,0.011442898780335,0.0112005563887472,commercial,10,autumn,0,5,63471.61669,317358.08345000003,0
20,2021-10-06,0.0113190339651661,0.0112005563887472,0.0112192476778313,0.0112005563887472,0.0112005563887472,0.0110988026902706,0.0117225809628875,0.0117225809628875,0.0122729116050516,0.0124834883736933,0.0129198086921622,0.0123553694297015,0.012026172292045,0.012035633524367,0.0118595485628123,0.0118960996619181,0.0116486040705028,0.010954054534255,0.0111355598968908,0.0109810619254856,0.0108143459413886,0.0109810619254856,0.0109810619254856,0.0107869415864206,commercial,10,autumn,0,5,63471.61669,317358.08345000003,0
20,2021-10-07,0.0108806765876104,0.0107920109266656,0.0108046892172301,0.0108024757583121,0.0108062855096859,0.0108113615657026,0.0114027089599315,0.0114027089599315,0.0118890440004001,0.0120649637656489,0.0122794269023563,0.0129422113071824,0.01309793772602,0.0126413045534901,0.0121943065898177,0.0126282547738151,0.0126312737215687,0.011659311273592,0.0115008984594529,0.0113255911111929,0.0110877925881794,0.0113269176861513,0.0113275926211093,0.0110336534347483,commercial,10,autumn,0,5,63471.61669,317358.08345000003,0
20,2021-10-08,0.0113185476315369,0.0113185476315369,0.0112014878065082,0.0113185476315369,0.0113185476315369,0.0112308045287407,0.0115125750994969,0.0122450046536431,0.0197682255998169,0.0216550436103845,0.0238469149461469,0.0235356328357392,0.0222876809795101,0.0285752542716123,0.0267167923728255,0.0278899978361056,0.0281928776890114,0.017404067413101,0.0152576486484109,0.0149485473368974,0.0134687798524476,0.0134718559087179,0.0129314150780424,0.0121678119584458,commercial,10,autumn,0,5,63471.61669,317358.08345000003,0
20,2021-10-09,0.011472763054802,0.0113884410265844,0.011023010073332,0.0110976195745122,0.0109810619254856,0.0109502660482291,0.0117146905829183,0.0115692263590524,0.013508831268029,0.0145023321616017,0.0150506567321148,0.0151805545198001,0.0131839876810914,0.0129064664378859,0.0126563185004737,0.0136062178246262,0.0133913285231116,0.0114595253742768,0.0114956493034573,0.0113190339651661,0.0110768428233865,0.0112005563887472,0.0110877925881794,0.011023010073332,commercial,10,autumn,1,5,63471.61669,317358.08345000003,0
20,2021-10-10,0.0110877925881794,0.0110877925881794,0.010991454546988,0.0109810619254856,0.0110877925881794,0.0109777107968039,0.0111547495346086,0.0111547495346086,0.0111755979278229,0.0113742439978702,0.0116029802027195,0.0121613011654191,0.0123648860031317,0.012387135134653,0.0126621162435723,0.0123851275584112,0.0127966498073086,0.0119729538156703,0.0121090738414832,0.0113725985629305,0.0110659537113074,0.0117699995371599,0.0117757626049897,0.0110124289309457,commercial,10,autumn,1,5,63471.61669,317358.08345000003,0
20,2021-10-11,0.0119885591428184,0.011698393684356,0.0111608119028956,0.0116851609463151,0.0113185476315369,0.0112109862117489,0.0117544243862988,0.0126922045385313,0.0205060594068482,0.0219311130617076,0.0233087320487183,0.0243268900822614,0.021602209913734,0.0269045469332992,0.0296857852508809,0.0302219147131469,0.0306086220974977,0.0180526438527223,0.0163945133491301,0.0160804061448491,0.0145263287803067,0.0148994833103295,0.0143270657699756,0.0132441290984698,commercial,10,autumn,0,5,63471.61669,317358.08345000003,0
20,2021-10-12,0.0128678637505888,0.0127422436226312,0.0120572431823317,0.0121155285137217,0.0125023259254215,0.0114611597595493,0.012963200672513,0.0141758982095779,0.0237377340263695,0.0254201247961256,0.0277696504843656,0.0281471305227612,0.025007140941587,0.030625240026688,0.0313511649696462,0.0336173395569229,0.0337364154873398,0.0203074330102978,0.0165936516127569,0.0161450571675574,0.0152511637730778,0.0154096329699709,0.0147720841296219,0.013677985953971,commercial,10,autumn,0,5,63471.61669,317358.08345000003,0
20,2021-10-13,0.013534091951057,0.0133768259088765,0.0123110420822116,0.011017696629778,0.0111114316309679,0.0110976965128603,0.011318524329927,0.0121910267006406,0.0209411373401265,0.0223587721994354,0.0234676614576786,0.0243705193316615,0.0220932831248407,0.0266672969604076,0.0271523075152282,0.0272305953797308,0.0274845740459677,0.018030287631707,0.0149666109544869,0.0145668595074271,0.0135236310941094,0.0134758206625055,0.0128774456386041,0.0122146074647306,commercial,10,autumn,0,5,63471.61669,317358.08345000003,0
20,2021-10-14,0.01180484208729,0.0113185476315369,0.0111508046456585,0.011211816968843,0.011211816968843,0.0110976965128603,0.0114122734093371,0.0117368432348192,0.0198323593200479,0.0214365429219129,0.0213800382887607,0.0223160922871408,0.0206246395968046,0.0247607306981126,0.0243192369614505,0.0256719584410307,0.0250623521989093,0.0160891072779713,0.0140286281108238,0.0132812922830509,0.0124332008842882,0.0125849756551953,0.0117088939411095,0.0114055990424932,commercial,10,autumn,0,5,63471.61669,317358.08345000003,0
20,2021-10-15,0.011211816968843,0.011211816968843,0.0110637140553221,0.0111114316309679,0.0111114316309679,0.0110976965128603,0.0114122875326389,0.0117644472972025,0.0186280317177729,0.0217841699791175,0.0224212726997623,0.0223342854182143,0.0205228164227667,0.0241478130540612,0.0249442583493279,0.0258382819155093,0.0248505006501958,0.0158031117178869,0.0137794408560617,0.0134091993972598,0.0122224143420893,0.0123491528880389,0.0117895856575965,0.0113666164146498,commercial,10,autumn,0,5,63471.61669,317358.08345000003,0
20,2021-10-16,0.0109810619254856,0.0109810619254856,0.0108709988517989,0.0108806765876104,0.0108806765876104,0.0107869415864206,0.01131856669565,0.0113312612736605,0.0121343889391227,0.0123358539035473,0.0124259526165542,0.0123840719779424,0.0116996617310085,0.0118302624632633,0.011740821501648,0.0119195888641954,0.0117988976935291,0.0113542496865833,0.0114957474480896,0.0112005563887472,0.010940129109971,0.0110877925881794,0.0109810619254856,0.0108423677071504,commercial,10,autumn,1,5,63471.61669,317358.08345000003,0
20,2021-10-17,0.0108806765876104,0.0108806765876104,0.010798681144669,0.0108914679749917,0.0108059901891705,0.0108148770473043,0.0108022107554923,0.0108136969386185,0.0108568359145059,0.0111548058141416,0.0112615364768354,0.0111925241660085,0.0114991292002288,0.011508656219839,0.0114156096689613,0.011616642668991,0.011616642668991,0.0113627614517251,0.0112005563887472,0.0110877925881794,0.0110019103187,0.0110877925881794,0.0109810619254856,0.0108913730342596,commercial,10,autumn,1,5,63471.61669,317358.08345000003,0
20,2021-10-18,0.011211816968843,0.0111114316309679,0.0110637140553221,0.0106789550474199,0.0102389927246322,0.0111158970866765,0.0101436517488478,0.0105185218540137,0.0143719010835833,0.0159110851958414,0.0174590532895323,0.0173570716600349,0.0169955440569017,0.0199526672694409,0.0202878747556677,0.0223313575496505,0.0222858655946075,0.0138561610685318,0.0121855126388257,0.0120193134763978,0.011775137626243,0.0118040738121986,0.0114059747180558,0.0112799305074846,commercial,10,autumn,0,5,63471.61669,317358.08345000003,0
20,2021-10-19,0.011211816968843,0.011211816968843,0.0110358972035942,0.0111114316309679,0.0103953120395707,0.0103483346092942,0.0105873606879386,0.0116194150158453,0.0161533624231806,0.01829908749453,0.0199136098254738,0.0198889005832764,0.0189461608906801,0.0231094237347092,0.0233892380157065,0.0244901452436846,0.0245497735930486,0.0151564413585118,0.0126908876851423,0.0121384417527678,0.0119148991617636,0.011887537304014,0.0115687403492889,0.0113294671327869,commercial,10,autumn,0,5,63471.61669,317358.08345000003,0
20,2021-10-20,0.011211816968843,0.0111114316309679,0.0110358972035942,0.0111114316309679,0.011017696629778,0.0110976965128603,0.0113186236773967,0.0116768124865048,0.0192277042705023,0.0212842455832706,0.0214122168211607,0.0209668806666456,0.0196264272592915,0.0225977442296887,0.0245335167837096,0.0241369991130801,0.0241166454255087,0.0157540000015909,0.0134543674467031,0.0130790803544385,0.0117013844646015,0.0116839861949827,0.0114702434022875,0.0112661642163038,commercial,10,autumn,0,5,63471.61669,317358.08345000003,0
20,2021-10-21,0.011017696629778,0.011017696629778,0.011017696629778,0.011017696629778,0.011017696629778,0.0110976965128603,0.0113186379829753,0.0116943125567477,0.0186523489109774,0.0207981320377547,0.0213873573446587,0.0209964072547638,0.0199618738883161,0.0241047784302269,0.0232255697055315,0.0239858694826113,0.0240417584314122,0.0154418032925423,0.0130791811928566,0.0127098119731997,0.0116675264957732,0.0116803786286618,0.0114674849427792,0.0112619066524642,commercial,10,autumn,0,5,63471.61669,317358.08345000003,0
20,2021-10-22,0.011017696629778,0.011017696629778,0.011017696629778,0.011017696629778,0.011017696629778,0.0110799572950872,0.0113186523041472,0.0116901348827433,0.0182801913216734,0.0205340048475589,0.0213530766284412,0.0215748806807081,0.0198786470892612,0.022991445238807,0.0225294154720828,0.0223667209835932,0.0238055476727655,0.013778828873404,0.012318751112989,0.0119286817468515,0.0116412187362733,0.0116739728860896,0.0114625848509455,0.0112586310457908,commercial,10,autumn,0,5,63471.61669,317358.08345000003,0
20,2021-10-23,0.0107869415864206,0.0106879456879178,0.0107869415864206,0.0107869415864206,0.0107869415864206,0.0107869415864206,0.0113186666366715,0.0113314183238372,0.0120358849581622,0.0121848160846177,0.0125285367040747,0.0123431254643325,0.0116997475299019,0.0115837958075427,0.0118282268473754,0.011677432077362,0.0116806199991534,0.0112319389905856,0.0112646060121246,0.0109810619254856,0.0108518441115796,0.0109810619254856,0.0109810619254856,0.0108236183242181,commercial,10,autumn,1,5,63471.61669,317358.08345000003,0
20,2021-10-24,0.0108806765876104,0.0108806765876104,0.0108093406301534,0.0108921088766794,0.0108971946037247,0.0108204680106943,0.0110544776646941,0.0110544776646941,0.0109789432373204,0.0111548630025692,0.0112615936652631,0.0112679736058837,0.0114992149828703,0.0115087848938012,0.0113807374064515,0.0116166998574186,0.0116166998574186,0.0112506439004701,0.0112005563887472,0.0110877925881794,0.0109002312853093,0.0110877925881794,0.0109810619254856,0.0109009049559823,commercial,10,autumn,1,5,63471.61669,317358.08345000003,0
20,2021-10-25,0.0111114316309679,0.0111114316309679,0.011017696629778,0.011017696629778,0.011017696629778,0.0110976965128603,0.0113186953187972,0.0116329433383679,0.0155073415142536,0.0171070766199282,0.0188405268745407,0.0198633429291962,0.0179752106435726,0.0220497770030672,0.0218714886304145,0.0232801493298323,0.0241969500352538,0.0139522192505728,0.0124689454651336,0.0119971053544461,0.0116013422724431,0.0116776909935734,0.0115064316193863,0.01128000207094,commercial,10,autumn,0,5,63471.61669,317358.08345000003,0
20,2021-10-26,0.0111114316309679,0.0111114316309679,0.0110451009847461,0.0111114316309679,0.0110637140553221,0.0110976965128603,0.0113647270854488,0.0117267172654208,0.0193197790682998,0.0213897471465742,0.0222055515272015,0.0221053166572117,0.0206566445177109,0.024152288484607,0.0240240959015782,0.0243218919088441,0.0252469576295697,0.0151996792491632,0.0136343817942663,0.0132840763244316,0.0118171733890264,0.0116645087219906,0.0114551359642251,0.0112534531484607,commercial,10,autumn,0,5,63471.61669,317358.08345000003,0
20,2021-10-27,0.011017696629778,0.011017696629778,0.011017696629778,0.011017696629778,0.011017696629778,0.0110976965128603,0.0113187239953791,0.0116567520326744,0.0172635413190098,0.0188688169911004,0.0204879372283395,0.0206047484483012,0.0193842679988453,0.022730533343708,0.0241998380235012,0.0246650288242801,0.024680576147047,0.015794595277625,0.0133931224565152,0.0126712375983811,0.0119622220623937,0.0117795565208822,0.0115704217545519,0.0113197952906315,commercial,10,autumn,0,5,63471.61669,317358.08345000003,0
20,2021-10-28,0.011211816968843,0.0111114316309679,0.011017696629778,0.0111114316309679,0.0111114316309679,0.0110976965128603,0.011412473322165,0.0117427276366475,0.0195732286188315,0.0213918416232078,0.0232014569694272,0.0234941401308767,0.019774650759432,0.0223385185622733,0.0235956263792877,0.0211193407366394,0.0200002193400119,0.0135353415127831,0.0118619846557516,0.0117909688784102,0.0116038395162575,0.011543358764906,0.0113354764105589,0.010961777842443,commercial,10,autumn,0,5,63471.61669,317358.08345000003,0
20,2021-10-29,0.0095700789232536,0.0084742595273927,0.00828772761531,0.0083246240479354,0.007930180675981,0.0078974682422799,0.0078435451743905,0.0090300471291767,0.0149602451138071,0.0156116081501133,0.0165710633011694,0.0170178922798052,0.0162611046814572,0.0188501274344336,0.0184493996062966,0.0193794442752584,0.0194242463769795,0.0127273815644007,0.0119422636377099,0.0118754088874151,0.0115940304452458,0.0116365953913953,0.0113371124366836,0.0097978493656774,commercial,10,autumn,0,5,63471.61669,317358.08345000003,0
20,2021-10-30,0.0081482708006638,0.0078625083145966,0.0075844340889839,0.0075681917919264,0.0075605338557477,0.0074232326524263,0.0077495301065534,0.008255953562347,0.0101607454429797,0.0107592247649958,0.0110868647667757,0.0110840063223507,0.010355414376469,0.010784487541189,0.011225238829357,0.011137991035629,0.0105309476574323,0.0096208086362048,0.0093633138206714,0.0087878008191792,0.0086984572778936,0.0083471290635207,0.0083339245452033,0.0083922008754005,commercial,10,autumn,1,5,63471.61669,317358.08345000003,0
20,2021-10-31,0.0086776185264122,0.0086793111553942,0.0080773091643335,0.0080639274155905,0.0080599095430995,0.0078947344412084,0.0081746800856494,0.0081799351195956,0.0079466421600192,0.0084533862658127,0.0091839815774942,0.0088660495674846,0.0100904381394758,0.0101250679994986,0.0102278369817655,0.0114928923106998,0.0110134160703996,0.0107606930476124,0.0098067706802091,0.0097649976951159,0.0096694807919307,0.0099456610220401,0.0104222431762074,0.0107838725734392,commercial,10,autumn,1,5,63471.61669,317358.08345000003,0
20,2021-11-01,0.011017696629778,0.0110180131213132,0.0110202287775589,0.0110218121369703,0.0110224464089344,0.0110976965128603,0.0113187954397981,0.0116332150953703,0.014533242119122,0.0158366858911399,0.0170461835365843,0.0173906451879235,0.0163108501761074,0.0209396240593757,0.0204232810702617,0.0209486642723183,0.021201854928042,0.0136425604410774,0.0117639973927948,0.0122414957835815,0.0115348479820806,0.0116540939954588,0.0114061177965118,0.0112615974219593,commercial,11,autumn,0,5,63471.61669,317358.08345000003,0
20,2021-11-02,0.0111114316309679,0.0111114316309679,0.011017696629778,0.0111114316309679,0.011017696629778,0.0110976965128603,0.011318809652469,0.0116362566504137,0.0179583926709483,0.0202542965863242,0.0213600562582427,0.0209612961511261,0.0196790120769471,0.023158019415686,0.0238388407867609,0.0240512752805927,0.0246315310000639,0.0151808581168216,0.0134886769485133,0.0131566230660052,0.0116562777381861,0.0121190533597704,0.0114407338462633,0.0112442687047672,commercial,11,autumn,0,5,63471.61669,317358.08345000003,0
20,2021-11-03,0.011017696629778,0.011017696629778,0.011017696629778,0.011017696629778,0.011017696629778,0.0110976965128603,0.0113188238298949,0.0116332921542045,0.0180423511639728,0.0204557386189174,0.0218627502591562,0.0227289079227347,0.0207071562377201,0.0240257438319011,0.0230823834474031,0.0240629740451943,0.0241127400230644,0.0150260226368199,0.0136152222719358,0.012514183416886,0.0116229731514751,0.0116580628632167,0.0114493840593055,0.0112492298661816,commercial,11,autumn,0,5,63471.61669,317358.08345000003,0
20,2021-11-04,0.0111114316309679,0.011017696629778,0.011017696629778,0.011017696629778,0.011017696629778,0.0110976965128603,0.0113188379678775,0.0116426394673879,0.0187499233402374,0.0207979855237122,0.0225009342789671,0.0224987055274973,0.020167683563344,0.0242524617636777,0.0257221229803755,0.0259679083631236,0.025866853007315,0.0165479446804352,0.0140898190081185,0.0137283318386196,0.0117381518048132,0.0122234184818123,0.0114549684392277,0.0112737411496734,commercial,11,autumn,0,5,63471.61669,317358.08345000003,0
20,2021-11-05,0.0111114316309679,0.0111114316309679,0.0110637140553221,0.0111114316309679,0.0111114316309679,0.0110976965128603,0.0113188520622298,0.0116618372326207,0.0197310274162642,0.0225172126099295,0.0231732893299833,0.024941231851513,0.0218160416779187,0.0265527004863879,0.0271276357639131,0.0266653725278962,0.0265437005788908,0.0170189185048876,0.0145140012154961,0.0137649063692642,0.0124510100483146,0.0126721590886584,0.0124445220693435,0.0112671176245451,commercial,11,autumn,0,5,63471.61669,317358.08345000003,0
20,2021-11-06,0.0107869415864206,0.0108806765876104,0.0107869415864206,0.0107869415864206,0.0107869415864206,0.0107869415864206,0.0113188661087779,0.0113317317800044,0.0124758973223993,0.0138852827704939,0.0139622420548513,0.0140319015855242,0.0126656550863938,0.0123117758520473,0.0123546905450842,0.0125441856206344,0.0120131661650218,0.0113891652541548,0.0113446418116892,0.0114974104887282,0.0109810619254856,0.0111547750846328,0.0111690236538201,0.0108806765876104,commercial,11,autumn,1,5,63471.61669,317358.08345000003,0
20,2021-11-07,0.0109810619254856,0.0111494004352248,0.0108472128763427,0.0108968368920746,0.0108990607113214,0.0108132516227213,0.0110545914515847,0.0110545914515847,0.0110545914515847,0.0113366577171721,0.0113496685154599,0.0114041568458691,0.0116222726930043,0.0113627952106059,0.0115237382226085,0.011621335301299,0.0120712147207714,0.0112617074521536,0.0110877925881794,0.0110877925881794,0.0108806765876104,0.0109810619254856,0.0108844805542912,0.0108469107571431,commercial,11,autumn,1,5,63471.61669,317358.08345000003,0
20,2021-11-08,0.011017696629778,0.0094413751943457,0.0100405333232593,0.0079284146093488,0.007624774405371,0.0070052689265072,0.0073497739742625,0.0071353227772933,0.0117665019316735,0.013168927408906,0.014437205631432,0.0145600757248428,0.0140528600150125,0.014867281440668,0.0150398506051775,0.015090300677363,0.0151757792029843,0.0107999971512806,0.0090042518089387,0.0084869342075047,0.0078341562668289,0.0079548019662025,0.0071035799871639,0.0067049121852435,commercial,11,autumn,0,5,63471.61669,317358.08345000003,0
20,2021-11-09,0.0064737327589284,0.0064520952934552,0.0064430705238161,0.0064348582494499,0.0064274740080481,0.0063970467596105,0.0063254444351756,0.0065158147038261,0.0130284322009683,0.0147579002503087,0.0149060791422534,0.0150376192501313,0.0144024770272588,0.0154064323657473,0.0156928955220164,0.0160105139898889,0.015778757999924,0.0125723822328901,0.0102939375152234,0.009939890823917,0.0090182685757654,0.0088893503598122,0.0082830475842653,0.0075213189672115,commercial,11,autumn,0,5,63471.61669,317358.08345000003,0
20,2021-11-10,0.0070137356754449,0.0069989713318364,0.0067321377032988,0.0069776426002313,0.0069740476156251,0.0068139054646155,0.0071656846972308,0.0072962521225576,0.0144153638040122,0.0149001135356345,0.0150247397949029,0.0151549473236205,0.0144863762577555,0.0156703052616239,0.0161469403199949,0.0165854505244954,0.0165366716875483,0.0126253754732553,0.0111307518163755,0.0104564414648725,0.0095064877980817,0.0093660307534067,0.0084199093015918,0.0080750542024906,commercial,11,autumn,0,5,63471.61669,317358.08345000003,0
20,2021-11-11,0.0072886423214052,0.0072710282084182,0.0069005153491654,0.0069874723223409,0.0072390995281795,0.0068526593410058,0.0071710976610548,0.0079167379467853,0.0147422876711013,0.0150222704041513,0.0151676951464199,0.015293345796662,0.0145603948054013,0.0160742496336677,0.0166693330738362,0.0166711197977783,0.0166298834885619,0.0126634931267352,0.0112935424963167,0.0105906135329585,0.0100893038050183,0.0100979156558676,0.0088559518083496,0.0084863639896201,commercial,11,autumn,0,5,63471.61669,317358.08345000003,0
20,2021-11-12,0.0076365325376634,0.0075486568257035,0.0073351190496646,0.0075309035120474,0.0075237031890085,0.0074677690100959,0.0074632455885361,0.0081649202400954,0.0147559439676644,0.0150444178898711,0.0152209104467692,0.0153221893507549,0.0145694726342816,0.0166007326527017,0.0171081027021418,0.0171462188512686,0.0167171918295806,0.0126765354604307,0.0116757844296395,0.0112834284303855,0.0104137298411712,0.0102127064392489,0.0095598778360219,0.008766933545077,commercial,11,autumn,0,5,63471.61669,317358.08345000003,0
20,2021-11-13,0.0075965739233114,0.0075812593652179,0.0071765813222311,0.0070269541362777,0.0070142252546939,0.0069508785132229,0.0077259153398299,0.00753860687737,0.0094100165579268,0.010296610371867,0.010590708098275,0.0106848674252709,0.0092005331886621,0.0096910128799689,0.0097461834320231,0.0097162320047559,0.0094363794329251,0.0081501374823515,0.0082487199808452,0.0078164037984612,0.0073012898275109,0.0075303960053032,0.0072735313688982,0.0073960318824312,commercial,11,autumn,1,5,63471.61669,317358.08345000003,0
20,2021-11-14,0.0072705468712037,0.0072668085662075,0.007033864667697,0.0072542042529818,0.0069987119445623,0.0068626848976512,0.0068086433737403,0.0067917260776687,0.0070791636604034,0.0076225068982834,0.0079033045759196,0.0079675839660083,0.0084411557087925,0.0088275083944518,0.0085379187334277,0.009219226725074,0.0088352071796207,0.0083167345922051,0.0079890754795301,0.0079937505790906,0.0072728164335224,0.0077105688071819,0.0074741355624495,0.0075086207914684,commercial,11,autumn,1,5,63471.61669,317358.08345000003,0
20,2021-11-15,0.0075346967302301,0.0080024641666802,0.0078401993825128,0.0081011485913437,0.0081171260855441,0.0076295499364472,0.0076921545839374,0.008001460374649,0.0129030448035426,0.0136449846540016,0.0143196841880001,0.0144245178983027,0.0139638276727817,0.0147130016589498,0.0152247375986543,0.0157554467374622,0.0157906088258325,0.0123515258753983,0.0103701752492804,0.0094694651199558,0.0088668910531485,0.0087148138053097,0.0082313797165361,0.0079542134076747,commercial,11,autumn,0,5,63471.61669,317358.08345000003,0
20,2021-11-16,0.0078147462834687,0.0075382747247937,0.0074471494744235,0.0072552615745643,0.0075055738885491,0.0077110032249618,0.0077310258684477,0.0080983000175424,0.014545822563119,0.0148071330949459,0.0156918752621763,0.0170899864548088,0.0158188850143482,0.0184064245400714,0.0208418631309252,0.0194245303865282,0.0202434785255777,0.0127599560471853,0.0117875085678466,0.0117302575728221,0.0115577705575164,0.0115073666448539,0.0112566584342735,0.0107558782700669,commercial,11,autumn,0,5,63471.61669,317358.08345000003,0
20,2021-11-17,0.0093151682639175,0.0091550015795189,0.0087621205225455,0.0092782994902982,0.008843818985691,0.0089874297037513,0.0095524119921849,0.0107997485300346,0.0155502240990926,0.0164620177807655,0.0175162751503087,0.0189888473000274,0.016849136084758,0.0200587938647696,0.0201493746713582,0.0201853206649757,0.0201895406715377,0.0131976664399905,0.0118341929748384,0.0117633110033417,0.0115832181128223,0.0115261484206539,0.0108188700350704,0.0099212633046211,commercial,11,autumn,0,5,63471.61669,317358.08345000003,0
20,2021-11-18,0.0086204918819962,0.0083592581043873,0.0084130398781459,0.0083196534136698,0.0083025884345411,0.0080651919564596,0.0083133855101053,0.0093716977807411,0.0148829410547252,0.0154517332067574,0.0158838907099914,0.016712368306394,0.0156279832550268,0.0182304547259942,0.0195321300930242,0.0192243984999582,0.019165688619712,0.01303083418396,0.0118280165661622,0.0117568882811977,0.0115802288428202,0.011522937455919,0.011316045463515,0.0112435639928073,commercial,11,autumn,0,5,63471.61669,317358.08345000003,0
20,2021-11-19,0.0094637246310478,0.0088664499305846,0.0093055147754106,0.0091275008078396,0.0083309386199583,0.0086882598315123,0.0085531517281936,0.0095528312157845,0.0151566457781692,0.0166981140649513,0.0178423006804988,0.0188589470916193,0.0169876999239368,0.0202389127815477,0.0200908643486823,0.0201895008616308,0.0203137200062962,0.0136737175572089,0.0118323933854024,0.0117672752332775,0.0115855040338697,0.0115302660672158,0.0113303808878756,0.0112435733166472,commercial,11,autumn,0,5,63471.61669,317358.08345000003,0
20,2021-11-20,0.010239634317421,0.0104071935325166,0.0107869415864206,0.010382696529699,0.0107869415864206,0.0107869415864206,0.0113190554448804,0.0113320293081655,0.0119796396726047,0.0120239387194963,0.0122212151693523,0.0121716504886809,0.0117008584104988,0.0118160925210964,0.0115392102592857,0.0114586596864883,0.0114619031523096,0.0110101612441187,0.0110578788197645,0.0108806765876104,0.0107869415864206,0.0107869415864206,0.0107869415864206,0.0107988247446025,commercial,11,autumn,1,5,63471.61669,317358.08345000003,0
20,2021-11-21,0.010801963575043,0.0108075325694827,0.0108195282529085,0.0107922913073723,0.0108261066915343,0.0108313922235724,0.010740055115365,0.0104786810123046,0.0109609639833439,0.0110546989845338,0.0111550843224089,0.011070933830172,0.0110611895850742,0.0110709254858848,0.0111307790456928,0.0110546989845338,0.0110546989845338,0.0111040792564614,0.0107869415864206,0.0107869415864206,0.0108066585945632,0.0108057345777023,0.0108070025734435,0.0108195533435532,commercial,11,autumn,1,5,63471.61669,317358.08345000003,0
20,2021-11-22,0.011017696629778,0.011017696629778,0.011017696629778,0.011017696629778,0.0108002634007393,0.011098010178057,0.0094726117751982,0.0097839479812451,0.013225991151373,0.013897657490003,0.0142792746098662,0.0143988547528363,0.0133785574018696,0.0146383619204125,0.0147741809249653,0.0148378845120002,0.0149389423742756,0.0098126897132817,0.0080159008084985,0.0078307687401599,0.0072337846372185,0.0070608675016324,0.0067256468798962,0.005974725066949,commercial,11,autumn,0,5,63471.61669,317358.08345000003,0
20,2021-11-23,0.0061929179862574,0.0059203265253315,0.0060344421634944,0.0059000715459998,0.0058886187553256,0.0059593380631829,0.006034903463844,0.006214969104921,0.0113975706446884,0.0129926966059444,0.0137227275117712,0.0140086658380177,0.0130238817341589,0.0149941145691805,0.0150529049995284,0.0150860545137249,0.0151789872821184,0.0102201878504359,0.0084903683171597,0.0081957684932231,0.0076576100411357,0.00756783866267,0.0069923419002038,0.0065974258414613,commercial,11,autumn,0,5,63471.61669,317358.08345000003,0
20,2021-11-24,0.0064754160943966,0.0064584640712844,0.0063189961999472,0.0064376049580488,0.0064316950658443,0.0062701117712697,0.0063250611655833,0.0065190776194111,0.0131933849796526,0.0147203403301625,0.0149173729673878,0.0150325001913853,0.0143908444716557,0.0153832427940547,0.0155769349335483,0.0155578179596454,0.0157541911289083,0.0125618527361231,0.0102766673292981,0.0093052195845063,0.0089846599700642,0.0085626166631061,0.0079637464021294,0.0073216434738937,commercial,11,autumn,0,5,63471.61669,317358.08345000003,0
20,2021-11-25,0.0067596189604093,0.006743452623263,0.0065254482568632,0.0064614261692273,0.0064521631266563,0.0067044163705823,0.00689961626326,0.0073911775274072,0.0145787635195728,0.0149840366921603,0.0151036919785704,0.0151982056237672,0.0145200956620587,0.0165052215966856,0.0172323175138151,0.0175346509732982,0.017174705487364,0.0126362928822789,0.0115060655011227,0.0105355117346604,0.0099089075182385,0.0091332176610827,0.0087819095596286,0.0081431418866346,commercial,11,autumn,0,5,63471.61669,317358.08345000003,0
20,2021-11-26,0.0073014127968951,0.0067632107858008,0.0070545661458518,0.0067429552285004,0.0069871448038964,0.0068564953473083,0.0069019083185626,0.0077667128189888,0.0148219487250035,0.0150652521203733,0.0151765287835887,0.0152993761789437,0.0145767467604661,0.0166217745054755,0.0172457029923984,0.0176215706011692,0.0177174355717896,0.0126782876673869,0.0118126866695843,0.0109748145362737,0.0102204934119892,0.0101643527941185,0.0088958213380096,0.0085478644521843,commercial,11,autumn,0,5,63471.61669,317358.08345000003,0
20,2021-11-27,0.0070728870359027,0.0070444975778241,0.0070846141905921,0.0070207493330079,0.0067709788255565,0.0067527532608419,0.0071665418862194,0.0069917187625806,0.0090754619046851,0.0099581992935196,0.0102727156983749,0.0102181153145967,0.0091217066461125,0.0096367275779105,0.0094608295685827,0.0100987611330859,0.0093919887274387,0.0082863603025344,0.0082549128765457,0.0078213043283005,0.0074081634546507,0.0070164627573016,0.0072640294610282,0.0070180233413521,commercial,11,autumn,1,5,63471.61669,317358.08345000003,0
20,2021-11-28,0.0070125722113284,0.0070087370783098,0.0073268004085877,0.0070053652102323,0.006738575040074,0.0066015146412743,0.0068028521584025,0.0065157439806738,0.0068536582524729,0.0076172216053993,0.0078985857100336,0.0080512496167064,0.0088171579264864,0.0088384018268135,0.0086500649135553,0.0092271451131528,0.0092350071491259,0.0086700573520723,0.0082652999400164,0.0080090425091895,0.0079100905005017,0.0081239125160516,0.0078068248471639,0.0076520816748672,commercial,11,autumn,1,5,63471.61669,317358.08345000003,0
20,2021-11-29,0.0074662850153624,0.0074636329242077,0.0076161329982705,0.0071400293350749,0.0071282559884573,0.0071216108658072,0.0070622759344087,0.0073269311642337,0.0124567227640178,0.0139258693177136,0.0143567140227472,0.0144621797277702,0.0140685837844412,0.015482895266163,0.0163084408512398,0.0170554677229867,0.0172009445588289,0.012435943669867,0.010369875157383,0.0098600299773904,0.0096985024505565,0.0097828283226259,0.009722456212614,0.0086363341067203,commercial,11,autumn,0,5,63471.61669,317358.08345000003,0
20,2021-11-30,0.0083792422088066,0.0083325092248428,0.008009789254177,0.0081497717652027,0.0081348518974524,0.0075400688166216,0.0078029924128952,0.008364548712124,0.0146606249566601,0.0149098241790231,0.0154018370457516,0.0156929536128536,0.0145047705298356,0.0171445045295732,0.0174955436558754,0.0173137571200372,0.0168721006697608,0.0126074732315672,0.0102963692930404,0.0097517310026667,0.0089517216905727,0.0089387938606366,0.0084650304024527,0.0090826428915101,commercial,11,autumn,0,5,63471.61669,317358.08345000003,0
20,2021-12-01,0.0095623248764318,0.0091873635890278,0.0090624860013353,0.0086257538059663,0.0083587843651877,0.0081846460081429,0.0083114972142432,0.0089597592474664,0.0147324302721554,0.0151871326233836,0.0156731377012083,0.0163300944519479,0.015070316205215,0.0177837573970232,0.0183952614447676,0.0181774364272836,0.0185331336009003,0.0126594349114492,0.0117899035816978,0.0114091463617312,0.0104637474254506,0.0101326740904941,0.0093755453939247,0.0083152678627313,commercial,12,winter,0,5,63471.61669,317358.08345000003,0
20,2021-12-02,0.0070486488678727,0.0070258067620004,0.0070176771424047,0.0067495121786061,0.0067352326147754,0.0067013075521519,0.0066374919547714,0.0069558697777284,0.0141093651855685,0.0148457077321119,0.0150273206713102,0.0151936989542894,0.0144962272123182,0.0166093885132995,0.0177263222303538,0.0181523347947159,0.0177890133407546,0.0126298577298435,0.0117746875911377,0.0117079220175866,0.0104056635246156,0.0100569329992945,0.0093346741921996,0.0095480269327793,commercial,12,winter,0,5,63471.61669,317358.08345000003,0
20,2021-12-03,0.0080597067362415,0.0076937165651269,0.007672738575164,0.0076354967727637,0.0070142431537182,0.0069691420915229,0.0069131414590194,0.0074935584065055,0.0146507648342151,0.0149722816977344,0.0151065319472218,0.0160927975379245,0.0146423549479315,0.0173852795215789,0.0186598740025984,0.0182502255806892,0.0182598759051923,0.0126442576768349,0.0117860035613446,0.011728122135331,0.0111210929291127,0.0110211020015129,0.0102538043571284,0.0094880376515109,commercial,12,winter,0,5,63471.61669,317358.08345000003,0
20,2021-12-04,0.0081627035144506,0.0079165879523354,0.008203534794394,0.0078629119961867,0.007852194516038,0.0075396852582206,0.0076001782200819,0.0069449301277673,0.0084521087832911,0.0091283519122225,0.009568833173739,0.0100588400404936,0.0084508622478173,0.0084014094121212,0.0090088207551678,0.0087698125811554,0.0082950910197793,0.0077712582213734,0.0077071927485198,0.0072812489336942,0.0071360290641747,0.0070216414964694,0.0067503083211471,0.0067468673405843,commercial,12,winter,1,5,63471.61669,317358.08345000003,0
20,2021-12-05,0.0067435125530515,0.0067415352580628,0.0066596705271802,0.0064726644726764,0.0062065266110408,0.0064748186167694,0.0065275311964377,0.0065021478849477,0.0065344245102243,0.0067789057004948,0.0070535492983536,0.0069327864914924,0.0073312405652124,0.0076118005169747,0.007395255309511,0.007607163756968,0.0073401489138194,0.0070523696621328,0.0069344000350787,0.0066787757570002,0.0062988739874304,0.0061389018874034,0.0061320400087389,0.0061003746356683,commercial,12,winter,1,5,63471.61669,317358.08345000003,0
20,2021-12-06,0.006310660416612,0.0065708637314529,0.0063478371556079,0.0063103503818246,0.0063056567787982,0.0063543706171211,0.0064680580402744,0.0067085639771797,0.0096342196632426,0.0109678189794284,0.0120152793264868,0.0131213874499527,0.0126537308166853,0.0145178620671225,0.0147055810304289,0.0147301552414261,0.0148346941324525,0.0117644448938235,0.0092441335306782,0.0087116695736484,0.0079556762588075,0.0079539287593035,0.0078051232149688,0.0074516382963548,commercial,12,winter,0,5,63471.61669,317358.08345000003,0
20,2021-12-07,0.0071365095639864,0.0070846389737917,0.0071767280050035,0.0070356234111282,0.0070158247235079,0.0071461912608393,0.0072133563115164,0.0074662366015899,0.0139518362713713,0.0146395760190442,0.0147862404942656,0.0148856970884245,0.0142844812727038,0.0152100285172995,0.0158707439152754,0.01591397218785,0.0159867426463874,0.012514651697135,0.0098543471501269,0.0098085167274463,0.0089231464152551,0.0084293496441533,0.0075295122602005,0.0076385096269721,commercial,12,winter,0,5,63471.61669,317358.08345000003,0
20,2021-12-08,0.0070297527832059,0.0067475628943929,0.0066508667487909,0.0067178896095468,0.0064522334363554,0.0065427786834118,0.0066123311432892,0.0069662360437609,0.0138976860272816,0.0148744853838076,0.0149775681311988,0.0150991523247844,0.0144104579064371,0.015400896990475,0.0155906320425925,0.015586335765124,0.0156024734740185,0.012136914106339,0.0100316363999088,0.0093631185580282,0.0084066271460843,0.0079468817475146,0.0073190101301937,0.0066455420611873,commercial,12,winter,0,5,63471.61669,317358.08345000003,0
20,2021-12-09,0.0059540506537952,0.0059300584730079,0.0057650302853933,0.0056501490729872,0.0056454250514155,0.0054400940680974,0.0054888419234487,0.0056958181535026,0.0120527255096097,0.0137944099799829,0.0147352520789107,0.0150422404980548,0.014382043626673,0.015348167263451,0.0155603537810114,0.0155513639328726,0.015535202455483,0.0116793294062353,0.0093436166063494,0.0086713003692683,0.0080542721757703,0.0075974476906099,0.0069641701794605,0.0064808165346178,commercial,12,winter,0,5,63471.61669,317358.08345000003,0
20,2021-12-10,0.0059540732313346,0.0061926352267367,0.0059816321226359,0.0059172738429537,0.0059064890815105,0.0057311366295992,0.006043331615032,0.0060894183547721,0.0130352406878794,0.0149019061569781,0.0150107451791494,0.0151125278915787,0.0144315600139745,0.0153930828899004,0.0155888657832088,0.0155934835484063,0.0155857455799387,0.0125786278498986,0.0100521563341457,0.009981495413999,0.0091964569679951,0.0089162015471092,0.008294318505456,0.0079581599130296,commercial,12,winter,0,5,63471.61669,317358.08345000003,0
20,2021-12-11,0.0070474462247852,0.0070261078554739,0.0067745408835799,0.0067621205611032,0.006489587498267,0.0064564790001118,0.0068715317134368,0.0069070174942397,0.0078555352397661,0.0084988077461419,0.0092288088068652,0.0093414630310837,0.0080196154909504,0.008304235297881,0.0085411628521515,0.0079943053572453,0.0079947861252793,0.0075510893863559,0.0076811646119598,0.0075211407591902,0.0070039970656807,0.007257597269923,0.0069980970476671,0.0067482431624692,commercial,12,winter,1,5,63471.61669,317358.08345000003,0
20,2021-12-12,0.0067408728031569,0.0067387177458172,0.0066625678737222,0.0067261161466088,0.0067220954697606,0.0063608802963021,0.0065208313142589,0.006508393766713,0.0063537762365663,0.0067601731952442,0.0067602755839884,0.0067913120774894,0.0072908238305006,0.0075765965882123,0.0073075134031474,0.0075599629261387,0.0075635730088802,0.0073536012987633,0.0071874768584108,0.0069216550234714,0.0066312138809816,0.0068998652420534,0.0069056453574775,0.0066474967236769,commercial,12,winter,1,5,63471.61669,317358.08345000003,0
20,2021-12-13,0.006826628139901,0.0068280405582761,0.0067779154470369,0.0071115124828888,0.0068248452571402,0.0070549714227559,0.0070273281447197,0.007287912595421,0.0101612595714586,0.0115274003668169,0.0116522239967557,0.0125085399893034,0.0117596800590198,0.0143456617432176,0.0143993647543918,0.0144799757396729,0.0146169995333498,0.01050013015236,0.0087875406958071,0.0087167901891365,0.0087655692511265,0.0081951084419113,0.008037101841483,0.0086104010319924,commercial,12,winter,0,5,63471.61669,317358.08345000003,0
20,2021-12-14,0.0086034801401276,0.0082942682075568,0.0080981980576164,0.0080513344543912,0.007701527262329,0.0078813362324774,0.0079232097517288,0.008204976180464,0.014006856897128,0.0145416374884359,0.0146789625876282,0.0148020371169997,0.0142339150046937,0.015822553728715,0.0163941119704174,0.0171795663448175,0.0171183771319662,0.0124966732612491,0.0117033221505205,0.0116483394180797,0.010654928340825,0.0105201049740736,0.0098522466630343,0.0094994829753414,commercial,12,winter,0,5,63471.61669,317358.08345000003,0
20,2021-12-15,0.0090830442531892,0.008158433992657,0.0088032627976232,0.0081086943182727,0.0077497981685243,0.008611877130503,0.0079667558958085,0.0083365883296645,0.014589193873222,0.0148392149605659,0.0155820904664789,0.0159670154003166,0.014796293370153,0.0169141946925521,0.0175091966802711,0.0178751105761564,0.0180119994912402,0.0125933182120585,0.0117546478778407,0.011021740287954,0.0107992295555375,0.0093497861902377,0.0082123755248561,0.0084068401792534,commercial,12,winter,0,5,63471.61669,317358.08345000003,0
20,2021-12-16,0.0067851133217179,0.0064891096314351,0.0068156607880974,0.0062132093722039,0.0061919569540673,0.0063131390165522,0.0063453898192867,0.0066146258344267,0.0132362755590714,0.0140317808874104,0.014866840827386,0.0150189813476654,0.0143085714423359,0.0152446705644725,0.0153551855862381,0.0153620940699497,0.0153932629823961,0.0100894200746933,0.007926756719197,0.007560868395095,0.0067921264338266,0.0065082342227693,0.0058565967850818,0.0053510776792095,commercial,12,winter,0,5,63471.61669,317358.08345000003,0
20,2021-12-17,0.0054116452903089,0.0051350445469599,0.0051185966089564,0.0051213518949527,0.0051211601476907,0.0051149972703323,0.0052028441364996,0.0053438641441742,0.0106396314913884,0.0117499576929279,0.0123603082341121,0.0133115938517968,0.0122033032290787,0.0142122922144618,0.014912373512819,0.0148380788054799,0.0150256943210165,0.0088696017463628,0.0069262632941891,0.0066072673444515,0.005958944033179,0.0056268261614507,0.0050915781540942,0.0048490809350521,commercial,12,winter,0,5,63471.61669,317358.08345000003,0
20,2021-12-18,0.0043678955729522,0.004367502139663,0.0042859167013933,0.001719463412755,0.0017873851552402,0.0018981003348447,0.0031493425396739,0.0030091538347879,0.0038069659574532,0.0036364535481863,0.0059404269242488,0.0059347629652905,0.006033017288087,0.0062909260939862,0.0060913895873112,0.0065463962844319,0.0065576762006343,0.0058739796213804,0.005735777512736,0.0053801532249533,0.0052798481816951,0.0054176111605274,0.0054425902087632,0.0051001347901313,commercial,12,winter,1,5,63471.61669,317358.08345000003,0
20,2021-12-19,0.0050619590123038,0.005085947646062,0.0047842181935489,0.0049000893214298,0.0049093073920565,0.0020898399379559,0.0022068852884205,0.0020914554484321,0.0020288981918568,0.005002883063245,0.0052494116243776,0.0053529384285432,0.0059904992456522,0.0062268460381133,0.0059640483647135,0.0064586224837679,0.0064919381229193,0.006229161360008,0.0062630831509709,0.0062573354419036,0.0060275711711151,0.0060193098213429,0.0060199488403431,0.0057217770714778,commercial,12,winter,1,5,63471.61669,317358.08345000003,0
20,2021-12-20,0.0059297744463959,0.0057070112155808,0.0056615995692769,0.0054764430716578,0.0052506608444231,0.0054630876540039,0.0051137795487352,0.0052059269977843,0.0062201429388468,0.0085377331898442,0.0094508362327712,0.0099354372238839,0.0097803394749791,0.0123476476599513,0.0131863799818813,0.0144389468902843,0.0145187262634166,0.008493687095882,0.007248514979301,0.0069382369597677,0.0066883678407855,0.0064856235416431,0.0061257622656491,0.0063610989508303,commercial,12,winter,0,5,63471.61669,317358.08345000003,0
20,2021-12-21,0.0058816897256376,0.0055945620332445,0.0056825057436195,0.0053217009693387,0.0053169385020068,0.0054122417327209,0.0051571354809942,0.0053078750006188,0.0102574733913441,0.0116770952658536,0.0131461252698084,0.0141792205198114,0.0134589860930101,0.0149481552678378,0.0151566896626301,0.0151605547178412,0.0151876547963223,0.0107612969421568,0.008576086347106,0.0079947282014436,0.0072553804446906,0.0071155742006695,0.0065457315122268,0.0062387782348655,commercial,12,winter,0,5,63471.61669,317358.08345000003,0
20,2021-12-22,0.0062024344923568,0.006134328994344,0.0060452684629114,0.0061663186752274,0.0058997594534351,0.0058930327416021,0.0060382324792394,0.0062222493506712,0.0122035023682292,0.0145193513055689,0.0148603637437906,0.0149586360263522,0.0143391526963258,0.0152910141814778,0.015501445169247,0.0158268861134583,0.0155269564801103,0.0125452405947868,0.0098706673237535,0.0089003781149789,0.0085970570814488,0.0078918202659212,0.0075810327120919,0.0069868580109966,commercial,12,winter,0,5,63471.61669,317358.08345000003,0
20,2021-12-23,0.0067488428541115,0.0067363839032712,0.0065501536120432,0.0064589230507973,0.006711095014913,0.0067117110535544,0.0069000419469694,0.0071182837668089,0.0141535803456691,0.0148035468366728,0.0149496697147427,0.0150901548749062,0.0144190613367236,0.0154452015595757,0.0165335339982137,0.016134904436659,0.0168389725353366,0.0125718644482965,0.0109851008089796,0.0109671209471234,0.0105291294206847,0.0102115583800063,0.0088207579104748,0.0083935437499226,commercial,12,winter,0,5,63471.61669,317358.08345000003,0
20,2021-12-24,0.0075679396268297,0.0080957851912002,0.0074887214207019,0.0070590037676494,0.006469817076339,0.0068179912447065,0.0066327504708562,0.0074618487184651,0.0146361868402421,0.0149840636880068,0.0154630233219724,0.0155872072656338,0.0145078536278872,0.0163830481106015,0.0169706814711497,0.0177150076383733,0.0174182075594646,0.0126431715544777,0.011502989474365,0.0108176091073303,0.0097339467918545,0.0094015354174469,0.0087545136120424,0.0080405194937357,commercial,12,winter,0,5,63471.61669,317358.08345000003,0
20,2021-12-25,0.0067874365788175,0.0064964554881701,0.006611368037449,0.0062289936243393,0.0062317293215155,0.0063390055063018,0.0063262765606226,0.0060804212375662,0.007740874226915,0.0082306537278255,0.0085051649297075,0.0087144224300318,0.0077289630683254,0.0080410121798402,0.0084191719614225,0.0083830071379922,0.0079842347839712,0.0074058222015033,0.0071380992322797,0.0067227248666457,0.0065678160104852,0.0062077224416375,0.0061927342057356,0.0063541528092228,commercial,12,winter,1,5,63471.61669,317358.08345000003,0
20,2021-12-26,0.0062028857203499,0.0061998865087374,0.0063271900659709,0.0064538294381025,0.006450338462725,0.0062176865054345,0.0062546482146049,0.0062225653988569,0.0063387958179532,0.0065061338279896,0.006774790922211,0.0071262902700065,0.008114244217396,0.0084101684664069,0.0082288825008901,0.0078881381322283,0.0076066727560113,0.0076902121236313,0.0071853865336237,0.0069235716903242,0.0065602937492722,0.0063923491209972,0.0071035401199517,0.0061717354493961,commercial,12,winter,1,5,63471.61669,317358.08345000003,0
20,2021-12-27,0.0063147125421973,0.00631683029279,0.0065350095408,0.0063179817583737,0.0063345702460642,0.0065465947726815,0.0061944243161902,0.0064197005040608,0.0100895570729886,0.0115118842222311,0.0133226932633216,0.0134907986228924,0.0134953699703736,0.0145283334815756,0.0147081476552661,0.0147521944982104,0.0148690358612761,0.0110998560106463,0.0089729804608232,0.0083945534185888,0.0077035170905412,0.0088925388754766,0.0086740998306992,0.0074262733680183,commercial,12,winter,0,5,63471.61669,317358.08345000003,0
20,2021-12-28,0.0074709888103149,0.0074242828068176,0.0071985996301222,0.0073683514880864,0.0073547664325592,0.0070159757734908,0.0072164782157877,0.0078284645411679,0.0137565620162158,0.0145454216039304,0.0146977297869616,0.0148620259238757,0.0142546318551607,0.0151217163073313,0.0153344513180968,0.015730266230141,0.0162941644749111,0.012496080274913,0.0112463429553418,0.010416369171101,0.0089842549286088,0.008862482986176,0.0085605590932741,0.0076874477872833,commercial,12,winter,0,5,63471.61669,317358.08345000003,0
20,2021-12-29,0.0074772528044937,0.0074399034205433,0.0073859099513797,0.0073948799354582,0.0073798215728857,0.0073559192557141,0.0075870323048891,0.0076656058697508,0.0145926479786877,0.0149263807578041,0.0154710654987691,0.0157078087543337,0.0146136940018817,0.0172943520328357,0.0180482968347745,0.0182108168812562,0.0184554113598643,0.0126315381097157,0.0117660612508334,0.011708950145634,0.0104465304706193,0.0101557910962151,0.0090179917637033,0.0083592111958413,commercial,12,winter,0,5,63471.61669,317358.08345000003,0
20,2021-12-30,0.0078310723530607,0.0077972175424239,0.0074998836223399,0.0074799458944557,0.0074632694550525,0.0071464899673253,0.00794769930284,0.0083897378028531,0.0145846923914705,0.0148259087313441,0.0152041346204477,0.0156900193835971,0.0150751705449232,0.0172832787871644,0.0177020363063184,0.0182722739716679,0.0188450472651456,0.0126265027862237,0.0117762311190595,0.0117158878070983,0.0104605811959351,0.0098654514798772,0.0087212049542289,0.0080155811775359,commercial,12,winter,0,5,63471.61669,317358.08345000003,0
20,2021-12-31,0.0070380301376413,0.0070163626110866,0.0068243044930919,0.0067351682571184,0.0064634766991197,0.0065550785368599,0.0066248577031589,0.0070729971745835,0.0140207720693717,0.0149216806071532,0.0150584059287703,0.0151790905020327,0.0144617142382714,0.0154897207763628,0.0156574096287723,0.0158168455353869,0.0159305422419164,0.0126128263199709,0.010184535853365,0.0097991149455653,0.0089219429330237,0.0087048340467503,0.0074612407185777,0.0070683422476986,commercial,12,winter,0,5,63471.61669,317358.08345000003,0
